offset2,cue-loc-int,refi,radius,ntrials,ms-st-cue,npractice,resp-h-pos,ms-stimon,actualStimOn,version,bars-or-spot,nitems,resp-h-hv,resp-v-hv,offset,cue-length,resp-v-pos,cue-loc-x,cue-loc-y,ms-precue
0,4,6,5.3,400.0,400.0,10.0,1,100.0,0.11092209815979004,-1,1,22.0,1,2,0,3.1,0,4.821049575378947,2.201699568909998,0.0
0,21,1,5.3,400.0,400.0,10.0,1,100.0,0.11214900016784668,-1,1,22.0,2,2,0,3.1,-2,-1.4931825512595778,5.085312760156836,0.0
0,13,15,5.3,400.0,400.0,10.0,-1,100.0,0.11266613006591797,-1,1,22.0,2,2,0,3.1,1,-2.865396332514667,-4.4586437240052605,0.0
0,8,10,5.3,400.0,400.0,10.0,1,100.0,0.1121358871459961,-1,1,22.0,2,2,0,3.1,0,4.005472744077569,-3.47076188991001,0.0
0,12,14,5.3,400.0,400.0,10.0,1,100.0,0.1126251220703125,-1,1,22.0,1,2,0,3.1,0,-1.4931825512595758,-5.085312760156836,0.0
0,11,13,5.3,400.0,400.0,10.0,-2,100.0,0.11168503761291504,-1,1,22.0,1,2,0,3.1,2,6.490628035480972e-16,-5.3,0.0
0,14,16,5.3,400.0,400.0,10.0,2,100.0,0.11268305778503418,-1,1,22.0,1,1,0,3.1,-2,-4.005472744077568,-3.4707618899100114,0.0
0,6,8,5.3,400.0,400.0,10.0,0,100.0,0.11216402053833008,-1,1,22.0,1,2,0,3.1,1,5.246053641968944,-0.7542686428484106,0.0
0,19,21,5.3,400.0,400.0,10.0,-1,100.0,0.11077713966369629,-1,1,22.0,2,1,0,3.1,-2,-4.005472744077568,3.470761889910012,0.0
0,20,0,5.3,400.0,400.0,10.0,0,100.0,0.11155486106872559,-1,1,22.0,2,1,0,3.1,-2,-2.8653963325146705,4.458643724005258,0.0
0,14,16,5.3,400.0,400.0,10.0,0,100.0,0.1119990348815918,-1,1,22.0,2,1,0,3.1,-2,-4.005472744077568,-3.4707618899100114,0.0
0,5,7,5.3,400.0,400.0,10.0,2,100.0,0.1121060848236084,-1,1,22.0,2,2,0,3.1,-1,5.246053641968943,0.7542686428484122,0.0
0,0,2,5.3,400.0,400.0,10.0,-1,100.0,0.11200404167175293,-1,1,22.0,2,1,0,3.1,0,0.0,5.3,0.0
0,14,16,5.3,400.0,400.0,10.0,-1,100.0,0.11192798614501953,-1,1,22.0,2,1,0,3.1,2,-4.005472744077568,-3.4707618899100114,0.0
0,8,10,5.3,400.0,400.0,10.0,-1,100.0,0.11095309257507324,-1,1,22.0,2,2,0,3.1,2,4.005472744077569,-3.47076188991001,0.0
0,19,21,5.3,400.0,400.0,10.0,-2,100.0,0.1110389232635498,-1,1,22.0,1,1,0,3.1,1,-4.005472744077568,3.470761889910012,0.0
0,18,20,5.3,400.0,400.0,10.0,-1,100.0,0.11127090454101562,-1,1,22.0,2,1,0,3.1,-2,-4.821049575378947,2.20169956891,0.0
0,14,16,5.3,400.0,400.0,10.0,1,100.0,0.11210799217224121,-1,1,22.0,2,2,0,3.1,0,-4.005472744077568,-3.4707618899100114,0.0
0,11,13,5.3,400.0,400.0,10.0,2,100.0,0.11266303062438965,-1,1,22.0,1,1,0,3.1,0,6.490628035480972e-16,-5.3,0.0
0,1,3,5.3,400.0,400.0,10.0,0,100.0,0.11095094680786133,-1,1,22.0,1,2,0,3.1,2,1.493182551259577,5.085312760156836,0.0
0,13,15,5.3,400.0,400.0,10.0,2,100.0,0.1115570068359375,-1,1,22.0,1,1,0,3.1,-2,-2.865396332514667,-4.4586437240052605,0.0
0,18,20,5.3,400.0,400.0,10.0,2,100.0,0.11194300651550293,-1,1,22.0,1,2,0,3.1,-2,-4.821049575378947,2.20169956891,0.0
0,0,2,5.3,400.0,400.0,10.0,2,100.0,0.11266899108886719,-1,1,22.0,2,1,0,3.1,2,0.0,5.3,0.0
0,14,16,5.3,400.0,400.0,10.0,-2,100.0,0.11264395713806152,-1,1,22.0,1,2,0,3.1,-1,-4.005472744077568,-3.4707618899100114,0.0
0,17,19,5.3,400.0,400.0,10.0,0,100.0,0.11226701736450195,-1,1,22.0,2,1,0,3.1,-2,-5.246053641968944,0.7542686428484098,0.0
0,21,1,5.3,400.0,400.0,10.0,2,100.0,0.11217999458312988,-1,1,22.0,2,1,0,3.1,-2,-1.4931825512595778,5.085312760156836,0.0
0,7,9,5.3,400.0,400.0,10.0,2,100.0,0.11206197738647461,-1,1,22.0,2,2,0,3.1,-1,4.8210495753789475,-2.2016995689099974,0.0
0,11,13,5.3,400.0,400.0,10.0,-2,100.0,0.11100101470947266,-1,1,22.0,1,2,0,3.1,-1,6.490628035480972e-16,-5.3,0.0
0,14,16,5.3,400.0,400.0,10.0,1,100.0,0.1128230094909668,-1,1,22.0,1,2,0,3.1,0,-4.005472744077568,-3.4707618899100114,0.0
0,15,17,5.3,400.0,400.0,10.0,1,100.0,0.11275601387023926,-1,1,22.0,1,1,0,3.1,-1,-4.821049575378945,-2.201699568910002,0.0
0,20,0,5.3,400.0,400.0,10.0,-1,100.0,0.11284899711608887,-1,1,22.0,1,1,0,3.1,-2,-2.8653963325146705,4.458643724005258,0.0
0,21,1,5.3,400.0,400.0,10.0,0,100.0,0.11193203926086426,-1,1,22.0,2,2,0,3.1,2,-1.4931825512595778,5.085312760156836,0.0
0,4,6,5.3,400.0,400.0,10.0,2,100.0,0.11260986328125,-1,1,22.0,1,2,0,3.1,-1,4.821049575378947,2.201699568909998,0.0
0,16,18,5.3,400.0,400.0,10.0,1,100.0,0.11196708679199219,-1,1,22.0,1,1,0,3.1,-1,-5.246053641968943,-0.7542686428484117,0.0
0,19,21,5.3,400.0,400.0,10.0,0,100.0,0.1120600700378418,-1,1,22.0,2,2,0,3.1,-2,-4.005472744077568,3.470761889910012,0.0
0,1,3,5.3,400.0,400.0,10.0,-2,100.0,0.11205911636352539,-1,1,22.0,2,2,0,3.1,2,1.493182551259577,5.085312760156836,0.0
0,8,10,5.3,400.0,400.0,10.0,1,100.0,0.11104989051818848,-1,1,22.0,2,1,0,3.1,-1,4.005472744077569,-3.47076188991001,0.0
0,17,19,5.3,400.0,400.0,10.0,2,100.0,0.11267209053039551,-1,1,22.0,1,1,0,3.1,0,-5.246053641968944,0.7542686428484098,0.0
0,13,15,5.3,400.0,400.0,10.0,-1,100.0,0.1110379695892334,-1,1,22.0,2,1,0,3.1,0,-2.865396332514667,-4.4586437240052605,0.0
0,17,19,5.3,400.0,400.0,10.0,-1,100.0,0.11170411109924316,-1,1,22.0,1,1,0,3.1,0,-5.246053641968944,0.7542686428484098,0.0
0,4,6,5.3,400.0,400.0,10.0,-2,100.0,0.11267900466918945,-1,1,22.0,1,1,0,3.1,0,4.821049575378947,2.201699568909998,0.0
0,9,11,5.3,400.0,400.0,10.0,0,100.0,0.11270499229431152,-1,1,22.0,1,2,0,3.1,1,2.8653963325146665,-4.4586437240052605,0.0
0,15,17,5.3,400.0,400.0,10.0,2,100.0,0.11200904846191406,-1,1,22.0,2,1,0,3.1,-2,-4.821049575378945,-2.201699568910002,0.0
0,16,18,5.3,400.0,400.0,10.0,-2,100.0,0.11098718643188477,-1,1,22.0,2,2,0,3.1,0,-5.246053641968943,-0.7542686428484117,0.0
0,21,1,5.3,400.0,400.0,10.0,1,100.0,0.11203384399414062,-1,1,22.0,2,1,0,3.1,-1,-1.4931825512595778,5.085312760156836,0.0
0,12,14,5.3,400.0,400.0,10.0,1,100.0,0.11156892776489258,-1,1,22.0,2,2,0,3.1,-2,-1.4931825512595758,-5.085312760156836,0.0
0,14,16,5.3,400.0,400.0,10.0,0,100.0,0.11266183853149414,-1,1,22.0,2,1,0,3.1,0,-4.005472744077568,-3.4707618899100114,0.0
0,0,2,5.3,400.0,400.0,10.0,0,100.0,0.11302495002746582,-1,1,22.0,1,2,0,3.1,1,0.0,5.3,0.0
0,11,13,5.3,400.0,400.0,10.0,2,100.0,0.11168813705444336,-1,1,22.0,2,2,0,3.1,-1,6.490628035480972e-16,-5.3,0.0
0,6,8,5.3,400.0,400.0,10.0,1,100.0,0.11195898056030273,-1,1,22.0,1,1,0,3.1,2,5.246053641968944,-0.7542686428484106,0.0
0,14,16,5.3,400.0,400.0,10.0,0,100.0,0.1120309829711914,-1,1,22.0,2,2,0,3.1,2,-4.005472744077568,-3.4707618899100114,0.0
0,7,9,5.3,400.0,400.0,10.0,-2,100.0,0.11168193817138672,-1,1,22.0,1,1,0,3.1,0,4.8210495753789475,-2.2016995689099974,0.0
0,1,3,5.3,400.0,400.0,10.0,1,100.0,0.11107516288757324,-1,1,22.0,2,2,0,3.1,2,1.493182551259577,5.085312760156836,0.0
0,21,1,5.3,400.0,400.0,10.0,1,100.0,0.11167097091674805,-1,1,22.0,2,1,0,3.1,1,-1.4931825512595778,5.085312760156836,0.0
0,5,7,5.3,400.0,400.0,10.0,2,100.0,0.11265778541564941,-1,1,22.0,1,1,0,3.1,0,5.246053641968943,0.7542686428484122,0.0
0,1,3,5.3,400.0,400.0,10.0,-1,100.0,0.11285185813903809,-1,1,22.0,1,1,0,3.1,1,1.493182551259577,5.085312760156836,0.0
0,11,13,5.3,400.0,400.0,10.0,-1,100.0,0.11231684684753418,-1,1,22.0,1,2,0,3.1,1,6.490628035480972e-16,-5.3,0.0
0,16,18,5.3,400.0,400.0,10.0,1,100.0,0.11266088485717773,-1,1,22.0,1,2,0,3.1,0,-5.246053641968943,-0.7542686428484117,0.0
0,2,4,5.3,400.0,400.0,10.0,-2,100.0,0.11098694801330566,-1,1,22.0,1,1,0,3.1,0,2.865396332514667,4.4586437240052605,0.0
0,21,1,5.3,400.0,400.0,10.0,-1,100.0,0.11273312568664551,-1,1,22.0,1,1,0,3.1,0,-1.4931825512595778,5.085312760156836,0.0
0,5,7,5.3,400.0,400.0,10.0,0,100.0,0.11114001274108887,-1,1,22.0,1,1,0,3.1,2,5.246053641968943,0.7542686428484122,0.0
0,17,19,5.3,400.0,400.0,10.0,-2,100.0,0.11242890357971191,-1,1,22.0,1,1,0,3.1,-1,-5.246053641968944,0.7542686428484098,0.0
0,16,18,5.3,400.0,400.0,10.0,-1,100.0,0.11271905899047852,-1,1,22.0,1,2,0,3.1,2,-5.246053641968943,-0.7542686428484117,0.0
0,0,2,5.3,400.0,400.0,10.0,0,100.0,0.11288809776306152,-1,1,22.0,2,2,0,3.1,1,0.0,5.3,0.0
0,12,14,5.3,400.0,400.0,10.0,-1,100.0,0.11102604866027832,-1,1,22.0,1,2,0,3.1,2,-1.4931825512595758,-5.085312760156836,0.0
0,2,4,5.3,400.0,400.0,10.0,-1,100.0,0.11168384552001953,-1,1,22.0,2,1,0,3.1,2,2.865396332514667,4.4586437240052605,0.0
0,10,12,5.3,400.0,400.0,10.0,-1,100.0,0.11168599128723145,-1,1,22.0,2,1,0,3.1,1,1.4931825512595793,-5.085312760156835,0.0
0,19,21,5.3,400.0,400.0,10.0,0,100.0,0.11210107803344727,-1,1,22.0,2,1,0,3.1,-1,-4.005472744077568,3.470761889910012,0.0
0,20,0,5.3,400.0,400.0,10.0,1,100.0,0.11099886894226074,-1,1,22.0,2,1,0,3.1,1,-2.8653963325146705,4.458643724005258,0.0
0,0,2,5.3,400.0,400.0,10.0,-1,100.0,0.11112809181213379,-1,1,22.0,2,1,0,3.1,0,0.0,5.3,0.0
0,15,17,5.3,400.0,400.0,10.0,0,100.0,0.11168694496154785,-1,1,22.0,1,1,0,3.1,2,-4.821049575378945,-2.201699568910002,0.0
0,16,18,5.3,400.0,400.0,10.0,0,100.0,0.11212897300720215,-1,1,22.0,2,1,0,3.1,2,-5.246053641968943,-0.7542686428484117,0.0
0,3,5,5.3,400.0,400.0,10.0,-2,100.0,0.11280393600463867,-1,1,22.0,1,2,0,3.1,2,4.005472744077569,3.470761889910011,0.0
0,4,6,5.3,400.0,400.0,10.0,-1,100.0,0.1120309829711914,-1,1,22.0,2,2,0,3.1,0,4.821049575378947,2.201699568909998,0.0
0,9,11,5.3,400.0,400.0,10.0,2,100.0,0.1119389533996582,-1,1,22.0,2,2,0,3.1,-1,2.8653963325146665,-4.4586437240052605,0.0
0,5,7,5.3,400.0,400.0,10.0,2,100.0,0.11459994316101074,-1,1,22.0,1,1,0,3.1,0,5.246053641968943,0.7542686428484122,0.0
0,20,0,5.3,400.0,400.0,10.0,1,100.0,0.11109614372253418,-1,1,22.0,2,1,0,3.1,-2,-2.8653963325146705,4.458643724005258,0.0
0,19,21,5.3,400.0,400.0,10.0,1,100.0,0.11105799674987793,-1,1,22.0,2,1,0,3.1,-1,-4.005472744077568,3.470761889910012,0.0
0,21,1,5.3,400.0,400.0,10.0,2,100.0,0.11279511451721191,-1,1,22.0,2,1,0,3.1,0,-1.4931825512595778,5.085312760156836,0.0
0,12,14,5.3,400.0,400.0,10.0,0,100.0,0.11165690422058105,-1,1,22.0,2,2,0,3.1,-1,-1.4931825512595758,-5.085312760156836,0.0
0,11,13,5.3,400.0,400.0,10.0,1,100.0,0.11275291442871094,-1,1,22.0,2,1,0,3.1,-1,6.490628035480972e-16,-5.3,0.0
0,3,5,5.3,400.0,400.0,10.0,1,100.0,0.11293601989746094,-1,1,22.0,2,1,0,3.1,2,4.005472744077569,3.470761889910011,0.0
0,14,16,5.3,400.0,400.0,10.0,-2,100.0,0.11170005798339844,-1,1,22.0,2,1,0,3.1,-1,-4.005472744077568,-3.4707618899100114,0.0
0,13,15,5.3,400.0,400.0,10.0,0,100.0,0.11102414131164551,-1,1,22.0,2,1,0,3.1,-1,-2.865396332514667,-4.4586437240052605,0.0
0,19,21,5.3,400.0,400.0,10.0,-1,100.0,0.11199021339416504,-1,1,22.0,2,1,0,3.1,2,-4.005472744077568,3.470761889910012,0.0
0,0,2,5.3,400.0,400.0,10.0,1,100.0,0.11232709884643555,-1,1,22.0,1,1,0,3.1,2,0.0,5.3,0.0
0,16,18,5.3,400.0,400.0,10.0,-1,100.0,0.11086106300354004,-1,1,22.0,1,1,0,3.1,2,-5.246053641968943,-0.7542686428484117,0.0
0,11,13,5.3,400.0,400.0,10.0,1,100.0,0.11226797103881836,-1,1,22.0,2,2,0,3.1,-2,6.490628035480972e-16,-5.3,0.0
0,15,17,5.3,400.0,400.0,10.0,-1,100.0,0.11245894432067871,-1,1,22.0,2,1,0,3.1,-1,-4.821049575378945,-2.201699568910002,0.0
0,8,10,5.3,400.0,400.0,10.0,-2,100.0,0.11205101013183594,-1,1,22.0,2,1,0,3.1,0,4.005472744077569,-3.47076188991001,0.0
0,3,5,5.3,400.0,400.0,10.0,0,100.0,0.11084604263305664,-1,1,22.0,2,2,0,3.1,1,4.005472744077569,3.470761889910011,0.0
0,11,13,5.3,400.0,400.0,10.0,1,100.0,0.11204695701599121,-1,1,22.0,1,2,0,3.1,-1,6.490628035480972e-16,-5.3,0.0
0,4,6,5.3,400.0,400.0,10.0,0,100.0,0.11350893974304199,-1,1,22.0,2,1,0,3.1,-2,4.821049575378947,2.201699568909998,0.0
0,2,4,5.3,400.0,400.0,10.0,-1,100.0,0.11270689964294434,-1,1,22.0,2,1,0,3.1,0,2.865396332514667,4.4586437240052605,0.0
0,5,7,5.3,400.0,400.0,10.0,2,100.0,0.11276483535766602,-1,1,22.0,1,1,0,3.1,0,5.246053641968943,0.7542686428484122,0.0
0,8,10,5.3,400.0,400.0,10.0,1,100.0,0.11170315742492676,-1,1,22.0,1,2,0,3.1,-2,4.005472744077569,-3.47076188991001,0.0
0,21,1,5.3,400.0,400.0,10.0,0,100.0,0.11170005798339844,-1,1,22.0,1,2,0,3.1,2,-1.4931825512595778,5.085312760156836,0.0
0,18,20,5.3,400.0,400.0,10.0,2,100.0,0.11197710037231445,-1,1,22.0,2,1,0,3.1,-1,-4.821049575378947,2.20169956891,0.0
0,10,12,5.3,400.0,400.0,10.0,0,100.0,0.11207389831542969,-1,1,22.0,2,1,0,3.1,2,1.4931825512595793,-5.085312760156835,0.0
0,5,7,5.3,400.0,400.0,10.0,1,100.0,0.11210107803344727,-1,1,22.0,2,1,0,3.1,1,5.246053641968943,0.7542686428484122,0.0
0,19,21,5.3,400.0,400.0,10.0,2,100.0,0.1120600700378418,-1,1,22.0,2,1,0,3.1,-2,-4.005472744077568,3.470761889910012,0.0
0,14,16,5.3,400.0,400.0,10.0,-2,100.0,0.11272192001342773,-1,1,22.0,2,1,0,3.1,-1,-4.005472744077568,-3.4707618899100114,0.0
0,21,1,5.3,400.0,400.0,10.0,0,100.0,0.11280608177185059,-1,1,22.0,1,2,0,3.1,0,-1.4931825512595778,5.085312760156836,0.0
0,21,1,5.3,400.0,400.0,10.0,2,100.0,0.11114382743835449,-1,1,22.0,2,2,0,3.1,0,-1.4931825512595778,5.085312760156836,0.0
0,21,1,5.3,400.0,400.0,10.0,-2,100.0,0.11098408699035645,-1,1,22.0,2,2,0,3.1,0,-1.4931825512595778,5.085312760156836,0.0
0,0,2,5.3,400.0,400.0,10.0,-1,100.0,0.11101818084716797,-1,1,22.0,1,1,0,3.1,0,0.0,5.3,0.0
0,12,14,5.3,400.0,400.0,10.0,-1,100.0,0.1122288703918457,-1,1,22.0,2,1,0,3.1,2,-1.4931825512595758,-5.085312760156836,0.0
0,9,11,5.3,400.0,400.0,10.0,2,100.0,0.11199378967285156,-1,1,22.0,2,2,0,3.1,0,2.8653963325146665,-4.4586437240052605,0.0
0,5,7,5.3,400.0,400.0,10.0,0,100.0,0.11153697967529297,-1,1,22.0,2,1,0,3.1,0,5.246053641968943,0.7542686428484122,0.0
0,15,17,5.3,400.0,400.0,10.0,1,100.0,0.11142182350158691,-1,1,22.0,1,2,0,3.1,2,-4.821049575378945,-2.201699568910002,0.0
0,1,3,5.3,400.0,400.0,10.0,2,100.0,0.1128079891204834,-1,1,22.0,2,1,0,3.1,-2,1.493182551259577,5.085312760156836,0.0
0,5,7,5.3,400.0,400.0,10.0,-1,100.0,0.11097598075866699,-1,1,22.0,1,1,0,3.1,1,5.246053641968943,0.7542686428484122,0.0
0,6,8,5.3,400.0,400.0,10.0,2,100.0,0.11287999153137207,-1,1,22.0,2,1,0,3.1,2,5.246053641968944,-0.7542686428484106,0.0
0,12,14,5.3,400.0,400.0,10.0,2,100.0,0.11285209655761719,-1,1,22.0,2,1,0,3.1,-1,-1.4931825512595758,-5.085312760156836,0.0
0,20,0,5.3,400.0,400.0,10.0,2,100.0,0.11268401145935059,-1,1,22.0,2,2,0,3.1,1,-2.8653963325146705,4.458643724005258,0.0
0,10,12,5.3,400.0,400.0,10.0,1,100.0,0.11280107498168945,-1,1,22.0,2,1,0,3.1,-1,1.4931825512595793,-5.085312760156835,0.0
0,3,5,5.3,400.0,400.0,10.0,1,100.0,0.11266207695007324,-1,1,22.0,1,2,0,3.1,2,4.005472744077569,3.470761889910011,0.0
0,3,5,5.3,400.0,400.0,10.0,2,100.0,0.11175203323364258,-1,1,22.0,1,1,0,3.1,-2,4.005472744077569,3.470761889910011,0.0
0,1,3,5.3,400.0,400.0,10.0,-1,100.0,0.1126549243927002,-1,1,22.0,2,1,0,3.1,0,1.493182551259577,5.085312760156836,0.0
0,3,5,5.3,400.0,400.0,10.0,-1,100.0,0.11167407035827637,-1,1,22.0,1,1,0,3.1,0,4.005472744077569,3.470761889910011,0.0
0,14,16,5.3,400.0,400.0,10.0,0,100.0,0.1126711368560791,-1,1,22.0,1,1,0,3.1,-2,-4.005472744077568,-3.4707618899100114,0.0
0,21,1,5.3,400.0,400.0,10.0,-1,100.0,0.11315584182739258,-1,1,22.0,2,2,0,3.1,1,-1.4931825512595778,5.085312760156836,0.0
0,3,5,5.3,400.0,400.0,10.0,2,100.0,0.11219406127929688,-1,1,22.0,1,1,0,3.1,-1,4.005472744077569,3.470761889910011,0.0
0,5,7,5.3,400.0,400.0,10.0,0,100.0,0.11107897758483887,-1,1,22.0,2,1,0,3.1,-1,5.246053641968943,0.7542686428484122,0.0
0,17,19,5.3,400.0,400.0,10.0,0,100.0,0.11274194717407227,-1,1,22.0,2,2,0,3.1,2,-5.246053641968944,0.7542686428484098,0.0
0,9,11,5.3,400.0,400.0,10.0,-1,100.0,0.11165690422058105,-1,1,22.0,2,2,0,3.1,1,2.8653963325146665,-4.4586437240052605,0.0
0,1,3,5.3,400.0,400.0,10.0,1,100.0,0.11277294158935547,-1,1,22.0,2,2,0,3.1,0,1.493182551259577,5.085312760156836,0.0
0,6,8,5.3,400.0,400.0,10.0,-1,100.0,0.11100006103515625,-1,1,22.0,1,2,0,3.1,0,5.246053641968944,-0.7542686428484106,0.0
0,15,17,5.3,400.0,400.0,10.0,2,100.0,0.11171388626098633,-1,1,22.0,2,2,0,3.1,0,-4.821049575378945,-2.201699568910002,0.0
0,19,21,5.3,400.0,400.0,10.0,1,100.0,0.11233091354370117,-1,1,22.0,2,2,0,3.1,0,-4.005472744077568,3.470761889910012,0.0
0,15,17,5.3,400.0,400.0,10.0,1,100.0,0.11102104187011719,-1,1,22.0,2,2,0,3.1,0,-4.821049575378945,-2.201699568910002,0.0
0,14,16,5.3,400.0,400.0,10.0,-1,100.0,0.1127159595489502,-1,1,22.0,2,1,0,3.1,1,-4.005472744077568,-3.4707618899100114,0.0
0,11,13,5.3,400.0,400.0,10.0,0,100.0,0.11102581024169922,-1,1,22.0,2,1,0,3.1,0,6.490628035480972e-16,-5.3,0.0
0,21,1,5.3,400.0,400.0,10.0,-2,100.0,0.11275696754455566,-1,1,22.0,1,2,0,3.1,-2,-1.4931825512595778,5.085312760156836,0.0
0,17,19,5.3,400.0,400.0,10.0,-1,100.0,0.11253786087036133,-1,1,22.0,2,1,0,3.1,0,-5.246053641968944,0.7542686428484098,0.0
0,15,17,5.3,400.0,400.0,10.0,-1,100.0,0.11103415489196777,-1,1,22.0,1,1,0,3.1,-2,-4.821049575378945,-2.201699568910002,0.0
0,1,3,5.3,400.0,400.0,10.0,1,100.0,0.11312985420227051,-1,1,22.0,1,1,0,3.1,0,1.493182551259577,5.085312760156836,0.0
0,16,18,5.3,400.0,400.0,10.0,0,100.0,0.11265301704406738,-1,1,22.0,1,2,0,3.1,1,-5.246053641968943,-0.7542686428484117,0.0
0,15,17,5.3,400.0,400.0,10.0,-1,100.0,0.11211299896240234,-1,1,22.0,1,1,0,3.1,0,-4.821049575378945,-2.201699568910002,0.0
0,7,9,5.3,400.0,400.0,10.0,-2,100.0,0.11171913146972656,-1,1,22.0,2,2,0,3.1,-1,4.8210495753789475,-2.2016995689099974,0.0
0,5,7,5.3,400.0,400.0,10.0,-1,100.0,0.11298990249633789,-1,1,22.0,1,2,0,3.1,1,5.246053641968943,0.7542686428484122,0.0
0,15,17,5.3,400.0,400.0,10.0,1,100.0,0.11265993118286133,-1,1,22.0,2,2,0,3.1,2,-4.821049575378945,-2.201699568910002,0.0
0,1,3,5.3,400.0,400.0,10.0,1,100.0,0.1124730110168457,-1,1,22.0,2,1,0,3.1,0,1.493182551259577,5.085312760156836,0.0
0,6,8,5.3,400.0,400.0,10.0,0,100.0,0.11099910736083984,-1,1,22.0,1,1,0,3.1,2,5.246053641968944,-0.7542686428484106,0.0
0,10,12,5.3,400.0,400.0,10.0,0,100.0,0.11200284957885742,-1,1,22.0,1,1,0,3.1,1,1.4931825512595793,-5.085312760156835,0.0
0,18,20,5.3,400.0,400.0,10.0,0,100.0,0.11082005500793457,-1,1,22.0,2,1,0,3.1,-2,-4.821049575378947,2.20169956891,0.0
0,9,11,5.3,400.0,400.0,10.0,2,100.0,0.11168789863586426,-1,1,22.0,1,2,0,3.1,-1,2.8653963325146665,-4.4586437240052605,0.0
0,1,3,5.3,400.0,400.0,10.0,2,100.0,0.1121070384979248,-1,1,22.0,1,2,0,3.1,0,1.493182551259577,5.085312760156836,0.0
0,11,13,5.3,400.0,400.0,10.0,-2,100.0,0.11208391189575195,-1,1,22.0,1,1,0,3.1,1,6.490628035480972e-16,-5.3,0.0
0,8,10,5.3,400.0,400.0,10.0,-1,100.0,0.11276483535766602,-1,1,22.0,2,1,0,3.1,-1,4.005472744077569,-3.47076188991001,0.0
0,11,13,5.3,400.0,400.0,10.0,2,100.0,0.1110239028930664,-1,1,22.0,2,2,0,3.1,-1,6.490628035480972e-16,-5.3,0.0
0,2,4,5.3,400.0,400.0,10.0,0,100.0,0.1117241382598877,-1,1,22.0,1,1,0,3.1,-2,2.865396332514667,4.4586437240052605,0.0
0,1,3,5.3,400.0,400.0,10.0,0,100.0,0.11525821685791016,-1,1,22.0,2,2,0,3.1,-1,1.493182551259577,5.085312760156836,0.0
0,19,21,5.3,400.0,400.0,10.0,2,100.0,0.11994695663452148,-1,1,22.0,1,1,0,3.1,-1,-4.005472744077568,3.470761889910012,0.0
0,7,9,5.3,400.0,400.0,10.0,0,100.0,0.11109614372253418,-1,1,22.0,2,2,0,3.1,-1,4.8210495753789475,-2.2016995689099974,0.0
0,8,10,5.3,400.0,400.0,10.0,-2,100.0,0.11399722099304199,-1,1,22.0,2,1,0,3.1,-2,4.005472744077569,-3.47076188991001,0.0
0,16,18,5.3,400.0,400.0,10.0,-1,100.0,0.1127309799194336,-1,1,22.0,2,2,0,3.1,0,-5.246053641968943,-0.7542686428484117,0.0
0,17,19,5.3,400.0,400.0,10.0,0,100.0,0.1128849983215332,-1,1,22.0,1,2,0,3.1,1,-5.246053641968944,0.7542686428484098,0.0
0,10,12,5.3,400.0,400.0,10.0,-1,100.0,0.11171698570251465,-1,1,22.0,1,1,0,3.1,1,1.4931825512595793,-5.085312760156835,0.0
0,16,18,5.3,400.0,400.0,10.0,2,100.0,0.11212706565856934,-1,1,22.0,2,2,0,3.1,1,-5.246053641968943,-0.7542686428484117,0.0
0,19,21,5.3,400.0,400.0,10.0,-2,100.0,0.11175203323364258,-1,1,22.0,2,1,0,3.1,0,-4.005472744077568,3.470761889910012,0.0
0,20,0,5.3,400.0,400.0,10.0,-2,100.0,0.11206698417663574,-1,1,22.0,2,1,0,3.1,0,-2.8653963325146705,4.458643724005258,0.0
0,8,10,5.3,400.0,400.0,10.0,1,100.0,0.11106395721435547,-1,1,22.0,2,1,0,3.1,-2,4.005472744077569,-3.47076188991001,0.0
0,15,17,5.3,400.0,400.0,10.0,1,100.0,0.11104106903076172,-1,1,22.0,1,1,0,3.1,-1,-4.821049575378945,-2.201699568910002,0.0
0,3,5,5.3,400.0,400.0,10.0,1,100.0,0.11115503311157227,-1,1,22.0,2,1,0,3.1,-1,4.005472744077569,3.470761889910011,0.0
0,19,21,5.3,400.0,400.0,10.0,2,100.0,0.11297798156738281,-1,1,22.0,1,1,0,3.1,-1,-4.005472744077568,3.470761889910012,0.0
0,14,16,5.3,400.0,400.0,10.0,-1,100.0,0.11273813247680664,-1,1,22.0,1,2,0,3.1,-2,-4.005472744077568,-3.4707618899100114,0.0
0,19,21,5.3,400.0,400.0,10.0,-2,100.0,0.11102890968322754,-1,1,22.0,2,1,0,3.1,1,-4.005472744077568,3.470761889910012,0.0
0,11,13,5.3,400.0,400.0,10.0,-1,100.0,0.11269402503967285,-1,1,22.0,2,1,0,3.1,-2,6.490628035480972e-16,-5.3,0.0
0,13,15,5.3,400.0,400.0,10.0,-2,100.0,0.1120450496673584,-1,1,22.0,2,2,0,3.1,-1,-2.865396332514667,-4.4586437240052605,0.0
0,20,0,5.3,400.0,400.0,10.0,0,100.0,0.11109399795532227,-1,1,22.0,2,2,0,3.1,2,-2.8653963325146705,4.458643724005258,0.0
0,19,21,5.3,400.0,400.0,10.0,1,100.0,0.11286497116088867,-1,1,22.0,2,2,0,3.1,2,-4.005472744077568,3.470761889910012,0.0
0,15,17,5.3,400.0,400.0,10.0,1,100.0,0.11107993125915527,-1,1,22.0,2,1,0,3.1,0,-4.821049575378945,-2.201699568910002,0.0
0,16,18,5.3,400.0,400.0,10.0,0,100.0,0.11290812492370605,-1,1,22.0,2,1,0,3.1,0,-5.246053641968943,-0.7542686428484117,0.0
0,18,20,5.3,400.0,400.0,10.0,-1,100.0,0.11115503311157227,-1,1,22.0,2,1,0,3.1,-1,-4.821049575378947,2.20169956891,0.0
0,7,9,5.3,400.0,400.0,10.0,-2,100.0,0.11288595199584961,-1,1,22.0,2,2,0,3.1,-1,4.8210495753789475,-2.2016995689099974,0.0
0,16,18,5.3,400.0,400.0,10.0,1,100.0,0.1120150089263916,-1,1,22.0,1,2,0,3.1,0,-5.246053641968943,-0.7542686428484117,0.0
0,13,15,5.3,400.0,400.0,10.0,1,100.0,0.11203193664550781,-1,1,22.0,1,2,0,3.1,-2,-2.865396332514667,-4.4586437240052605,0.0
0,0,2,5.3,400.0,400.0,10.0,-1,100.0,0.11206412315368652,-1,1,22.0,2,2,0,3.1,-2,0.0,5.3,0.0
0,15,17,5.3,400.0,400.0,10.0,2,100.0,0.11270999908447266,-1,1,22.0,2,1,0,3.1,1,-4.821049575378945,-2.201699568910002,0.0
0,12,14,5.3,400.0,400.0,10.0,1,100.0,0.11265397071838379,-1,1,22.0,1,1,0,3.1,0,-1.4931825512595758,-5.085312760156836,0.0
0,11,13,5.3,400.0,400.0,10.0,0,100.0,0.11203694343566895,-1,1,22.0,1,1,0,3.1,-1,6.490628035480972e-16,-5.3,0.0
0,12,14,5.3,400.0,400.0,10.0,1,100.0,0.1124410629272461,-1,1,22.0,2,2,0,3.1,-1,-1.4931825512595758,-5.085312760156836,0.0
0,20,0,5.3,400.0,400.0,10.0,2,100.0,0.11146211624145508,-1,1,22.0,2,2,0,3.1,1,-2.8653963325146705,4.458643724005258,0.0
0,2,4,5.3,400.0,400.0,10.0,0,100.0,0.11454200744628906,-1,1,22.0,1,1,0,3.1,-1,2.865396332514667,4.4586437240052605,0.0
0,2,4,5.3,400.0,400.0,10.0,2,100.0,0.11279988288879395,-1,1,22.0,1,1,0,3.1,1,2.865396332514667,4.4586437240052605,0.0
0,8,10,5.3,400.0,400.0,10.0,-1,100.0,0.11241602897644043,-1,1,22.0,1,2,0,3.1,-2,4.005472744077569,-3.47076188991001,0.0
0,17,19,5.3,400.0,400.0,10.0,-1,100.0,0.11264991760253906,-1,1,22.0,2,2,0,3.1,0,-5.246053641968944,0.7542686428484098,0.0
0,9,11,5.3,400.0,400.0,10.0,-1,100.0,0.111907958984375,-1,1,22.0,1,2,0,3.1,0,2.8653963325146665,-4.4586437240052605,0.0
0,21,1,5.3,400.0,400.0,10.0,0,100.0,0.11107897758483887,-1,1,22.0,1,2,0,3.1,0,-1.4931825512595778,5.085312760156836,0.0
0,7,9,5.3,400.0,400.0,10.0,-1,100.0,0.11258220672607422,-1,1,22.0,2,1,0,3.1,0,4.8210495753789475,-2.2016995689099974,0.0
0,19,21,5.3,400.0,400.0,10.0,-1,100.0,0.1109931468963623,-1,1,22.0,1,1,0,3.1,1,-4.005472744077568,3.470761889910012,0.0
0,5,7,5.3,400.0,400.0,10.0,-1,100.0,0.11266493797302246,-1,1,22.0,1,1,0,3.1,0,5.246053641968943,0.7542686428484122,0.0
0,21,1,5.3,400.0,400.0,10.0,1,100.0,0.11275696754455566,-1,1,22.0,2,2,0,3.1,2,-1.4931825512595778,5.085312760156836,0.0
0,10,12,5.3,400.0,400.0,10.0,0,100.0,0.1110079288482666,-1,1,22.0,2,2,0,3.1,-2,1.4931825512595793,-5.085312760156835,0.0
0,15,17,5.3,400.0,400.0,10.0,-1,100.0,0.1119680404663086,-1,1,22.0,1,1,0,3.1,2,-4.821049575378945,-2.201699568910002,0.0
0,13,15,5.3,400.0,400.0,10.0,-1,100.0,0.11269998550415039,-1,1,22.0,2,2,0,3.1,0,-2.865396332514667,-4.4586437240052605,0.0
0,3,5,5.3,400.0,400.0,10.0,1,100.0,0.11097002029418945,-1,1,22.0,2,1,0,3.1,1,4.005472744077569,3.470761889910011,0.0
0,10,12,5.3,400.0,400.0,10.0,0,100.0,0.11103987693786621,-1,1,22.0,2,2,0,3.1,1,1.4931825512595793,-5.085312760156835,0.0
0,14,16,5.3,400.0,400.0,10.0,-2,100.0,0.1110391616821289,-1,1,22.0,1,1,0,3.1,-1,-4.005472744077568,-3.4707618899100114,0.0
0,13,15,5.3,400.0,400.0,10.0,-1,100.0,0.1126861572265625,-1,1,22.0,2,1,0,3.1,0,-2.865396332514667,-4.4586437240052605,0.0
0,8,10,5.3,400.0,400.0,10.0,1,100.0,0.1126871109008789,-1,1,22.0,1,1,0,3.1,0,4.005472744077569,-3.47076188991001,0.0
0,9,11,5.3,400.0,400.0,10.0,1,100.0,0.11164689064025879,-1,1,22.0,1,1,0,3.1,2,2.8653963325146665,-4.4586437240052605,0.0
0,6,8,5.3,400.0,400.0,10.0,-2,100.0,0.1125798225402832,-1,1,22.0,2,1,0,3.1,2,5.246053641968944,-0.7542686428484106,0.0
0,4,6,5.3,400.0,400.0,10.0,1,100.0,0.11162590980529785,-1,1,22.0,1,2,0,3.1,0,4.821049575378947,2.201699568909998,0.0
0,10,12,5.3,400.0,400.0,10.0,1,100.0,0.11198711395263672,-1,1,22.0,2,2,0,3.1,2,1.4931825512595793,-5.085312760156835,0.0
0,17,19,5.3,400.0,400.0,10.0,-1,100.0,0.11232805252075195,-1,1,22.0,2,1,0,3.1,0,-5.246053641968944,0.7542686428484098,0.0
0,21,1,5.3,400.0,400.0,10.0,2,100.0,0.11271095275878906,-1,1,22.0,1,1,0,3.1,1,-1.4931825512595778,5.085312760156836,0.0
0,1,3,5.3,400.0,400.0,10.0,1,100.0,0.11156797409057617,-1,1,22.0,2,1,0,3.1,1,1.493182551259577,5.085312760156836,0.0
0,19,21,5.3,400.0,400.0,10.0,-1,100.0,0.1122598648071289,-1,1,22.0,1,1,0,3.1,0,-4.005472744077568,3.470761889910012,0.0
0,6,8,5.3,400.0,400.0,10.0,-2,100.0,0.11109399795532227,-1,1,22.0,1,1,0,3.1,-1,5.246053641968944,-0.7542686428484106,0.0
0,5,7,5.3,400.0,400.0,10.0,0,100.0,0.11192584037780762,-1,1,22.0,1,1,0,3.1,1,5.246053641968943,0.7542686428484122,0.0
0,12,14,5.3,400.0,400.0,10.0,2,100.0,0.11282181739807129,-1,1,22.0,2,1,0,3.1,2,-1.4931825512595758,-5.085312760156836,0.0
0,15,17,5.3,400.0,400.0,10.0,2,100.0,0.11174392700195312,-1,1,22.0,2,2,0,3.1,-1,-4.821049575378945,-2.201699568910002,0.0
0,0,2,5.3,400.0,400.0,10.0,1,100.0,0.11192512512207031,-1,1,22.0,2,1,0,3.1,0,0.0,5.3,0.0
0,0,2,5.3,400.0,400.0,10.0,-2,100.0,0.11176204681396484,-1,1,22.0,2,1,0,3.1,0,0.0,5.3,0.0
0,15,17,5.3,400.0,400.0,10.0,-1,100.0,0.11099505424499512,-1,1,22.0,2,2,0,3.1,-2,-4.821049575378945,-2.201699568910002,0.0
0,20,0,5.3,400.0,400.0,10.0,1,100.0,0.11168909072875977,-1,1,22.0,2,1,0,3.1,2,-2.8653963325146705,4.458643724005258,0.0
0,19,21,5.3,400.0,400.0,10.0,-1,100.0,0.1127471923828125,-1,1,22.0,1,2,0,3.1,-1,-4.005472744077568,3.470761889910012,0.0
0,20,0,5.3,400.0,400.0,10.0,1,100.0,0.11259603500366211,-1,1,22.0,2,2,0,3.1,0,-2.8653963325146705,4.458643724005258,0.0
0,6,8,5.3,400.0,400.0,10.0,0,100.0,0.11268091201782227,-1,1,22.0,2,2,0,3.1,-2,5.246053641968944,-0.7542686428484106,0.0
0,0,2,5.3,400.0,400.0,10.0,0,100.0,0.1110389232635498,-1,1,22.0,2,1,0,3.1,-1,0.0,5.3,0.0
0,16,18,5.3,400.0,400.0,10.0,1,100.0,0.11207914352416992,-1,1,22.0,2,1,0,3.1,0,-5.246053641968943,-0.7542686428484117,0.0
0,14,16,5.3,400.0,400.0,10.0,-2,100.0,0.11415815353393555,-1,1,22.0,2,1,0,3.1,-1,-4.005472744077568,-3.4707618899100114,0.0
0,14,16,5.3,400.0,400.0,10.0,-2,100.0,0.1123189926147461,-1,1,22.0,2,1,0,3.1,0,-4.005472744077568,-3.4707618899100114,0.0
0,19,21,5.3,400.0,400.0,10.0,1,100.0,0.11103296279907227,-1,1,22.0,2,1,0,3.1,-1,-4.005472744077568,3.470761889910012,0.0
0,17,19,5.3,400.0,400.0,10.0,-1,100.0,0.11203980445861816,-1,1,22.0,1,1,0,3.1,0,-5.246053641968944,0.7542686428484098,0.0
0,14,16,5.3,400.0,400.0,10.0,1,100.0,0.11201810836791992,-1,1,22.0,1,2,0,3.1,-2,-4.005472744077568,-3.4707618899100114,0.0
0,9,11,5.3,400.0,400.0,10.0,-1,100.0,0.11275196075439453,-1,1,22.0,1,1,0,3.1,1,2.8653963325146665,-4.4586437240052605,0.0
0,4,6,5.3,400.0,400.0,10.0,-2,100.0,0.11276888847351074,-1,1,22.0,1,1,0,3.1,0,4.821049575378947,2.201699568909998,0.0
0,0,2,5.3,400.0,400.0,10.0,0,100.0,0.11106085777282715,-1,1,22.0,1,2,0,3.1,0,0.0,5.3,0.0
0,6,8,5.3,400.0,400.0,10.0,0,100.0,0.11264705657958984,-1,1,22.0,1,1,0,3.1,-2,5.246053641968944,-0.7542686428484106,0.0
0,6,8,5.3,400.0,400.0,10.0,0,100.0,0.11272096633911133,-1,1,22.0,1,2,0,3.1,1,5.246053641968944,-0.7542686428484106,0.0
0,11,13,5.3,400.0,400.0,10.0,2,100.0,0.11203694343566895,-1,1,22.0,1,2,0,3.1,0,6.490628035480972e-16,-5.3,0.0
0,13,15,5.3,400.0,400.0,10.0,-1,100.0,0.11173796653747559,-1,1,22.0,1,2,0,3.1,0,-2.865396332514667,-4.4586437240052605,0.0
0,14,16,5.3,400.0,400.0,10.0,0,100.0,0.1110529899597168,-1,1,22.0,2,1,0,3.1,-1,-4.005472744077568,-3.4707618899100114,0.0
0,14,16,5.3,400.0,400.0,10.0,0,100.0,0.11100292205810547,-1,1,22.0,1,2,0,3.1,2,-4.005472744077568,-3.4707618899100114,0.0
0,0,2,5.3,400.0,400.0,10.0,0,100.0,0.11099815368652344,-1,1,22.0,1,2,0,3.1,-1,0.0,5.3,0.0
0,13,15,5.3,400.0,400.0,10.0,-2,100.0,0.11286211013793945,-1,1,22.0,2,1,0,3.1,0,-2.865396332514667,-4.4586437240052605,0.0
0,5,7,5.3,400.0,400.0,10.0,1,100.0,0.11102890968322754,-1,1,22.0,1,1,0,3.1,0,5.246053641968943,0.7542686428484122,0.0
0,0,2,5.3,400.0,400.0,10.0,-1,100.0,0.11223602294921875,-1,1,22.0,1,1,0,3.1,-2,0.0,5.3,0.0
0,9,11,5.3,400.0,400.0,10.0,0,100.0,0.11287307739257812,-1,1,22.0,2,1,0,3.1,-1,2.8653963325146665,-4.4586437240052605,0.0
0,13,15,5.3,400.0,400.0,10.0,-1,100.0,0.11275506019592285,-1,1,22.0,1,1,0,3.1,0,-2.865396332514667,-4.4586437240052605,0.0
0,1,3,5.3,400.0,400.0,10.0,0,100.0,0.11199307441711426,-1,1,22.0,1,2,0,3.1,2,1.493182551259577,5.085312760156836,0.0
0,12,14,5.3,400.0,400.0,10.0,2,100.0,0.1111598014831543,-1,1,22.0,2,2,0,3.1,-2,-1.4931825512595758,-5.085312760156836,0.0
0,6,8,5.3,400.0,400.0,10.0,1,100.0,0.11220312118530273,-1,1,22.0,2,1,0,3.1,1,5.246053641968944,-0.7542686428484106,0.0
0,7,9,5.3,400.0,400.0,10.0,-1,100.0,0.11263895034790039,-1,1,22.0,1,2,0,3.1,-1,4.8210495753789475,-2.2016995689099974,0.0
0,5,7,5.3,400.0,400.0,10.0,0,100.0,0.11211013793945312,-1,1,22.0,2,2,0,3.1,2,5.246053641968943,0.7542686428484122,0.0
0,20,0,5.3,400.0,400.0,10.0,1,100.0,0.11097598075866699,-1,1,22.0,1,1,0,3.1,0,-2.8653963325146705,4.458643724005258,0.0
0,3,5,5.3,400.0,400.0,10.0,-1,100.0,0.11101913452148438,-1,1,22.0,2,2,0,3.1,-2,4.005472744077569,3.470761889910011,0.0
0,11,13,5.3,400.0,400.0,10.0,0,100.0,0.11202597618103027,-1,1,22.0,1,1,0,3.1,2,6.490628035480972e-16,-5.3,0.0
0,5,7,5.3,400.0,400.0,10.0,1,100.0,0.11100292205810547,-1,1,22.0,1,1,0,3.1,0,5.246053641968943,0.7542686428484122,0.0
0,16,18,5.3,400.0,400.0,10.0,0,100.0,0.11098885536193848,-1,1,22.0,2,2,0,3.1,1,-5.246053641968943,-0.7542686428484117,0.0
0,6,8,5.3,400.0,400.0,10.0,2,100.0,0.11205005645751953,-1,1,22.0,2,1,0,3.1,-2,5.246053641968944,-0.7542686428484106,0.0
0,2,4,5.3,400.0,400.0,10.0,0,100.0,0.11145806312561035,-1,1,22.0,2,2,0,3.1,1,2.865396332514667,4.4586437240052605,0.0
0,16,18,5.3,400.0,400.0,10.0,-2,100.0,0.11217689514160156,-1,1,22.0,1,2,0,3.1,2,-5.246053641968943,-0.7542686428484117,0.0
0,15,17,5.3,400.0,400.0,10.0,0,100.0,0.11265993118286133,-1,1,22.0,1,1,0,3.1,-1,-4.821049575378945,-2.201699568910002,0.0
0,12,14,5.3,400.0,400.0,10.0,-2,100.0,0.11106204986572266,-1,1,22.0,2,2,0,3.1,2,-1.4931825512595758,-5.085312760156836,0.0
0,7,9,5.3,400.0,400.0,10.0,-1,100.0,0.11165499687194824,-1,1,22.0,1,2,0,3.1,1,4.8210495753789475,-2.2016995689099974,0.0
0,19,21,5.3,400.0,400.0,10.0,-2,100.0,0.11265707015991211,-1,1,22.0,2,1,0,3.1,-1,-4.005472744077568,3.470761889910012,0.0
0,2,4,5.3,400.0,400.0,10.0,-1,100.0,0.1110830307006836,-1,1,22.0,2,1,0,3.1,0,2.865396332514667,4.4586437240052605,0.0
0,15,17,5.3,400.0,400.0,10.0,2,100.0,0.11112308502197266,-1,1,22.0,2,1,0,3.1,-2,-4.821049575378945,-2.201699568910002,0.0
0,20,0,5.3,400.0,400.0,10.0,1,100.0,0.11258697509765625,-1,1,22.0,1,2,0,3.1,-2,-2.8653963325146705,4.458643724005258,0.0
0,6,8,5.3,400.0,400.0,10.0,1,100.0,0.11110210418701172,-1,1,22.0,1,1,0,3.1,0,5.246053641968944,-0.7542686428484106,0.0
0,19,21,5.3,400.0,400.0,10.0,0,100.0,0.11171793937683105,-1,1,22.0,1,2,0,3.1,1,-4.005472744077568,3.470761889910012,0.0
0,13,15,5.3,400.0,400.0,10.0,1,100.0,0.11143898963928223,-1,1,22.0,2,1,0,3.1,-2,-2.865396332514667,-4.4586437240052605,0.0
0,20,0,5.3,400.0,400.0,10.0,2,100.0,0.11170697212219238,-1,1,22.0,1,1,0,3.1,-1,-2.8653963325146705,4.458643724005258,0.0
0,20,0,5.3,400.0,400.0,10.0,-1,100.0,0.11286091804504395,-1,1,22.0,2,1,0,3.1,-2,-2.8653963325146705,4.458643724005258,0.0
0,13,15,5.3,400.0,400.0,10.0,1,100.0,0.11106085777282715,-1,1,22.0,1,2,0,3.1,0,-2.865396332514667,-4.4586437240052605,0.0
0,16,18,5.3,400.0,400.0,10.0,-1,100.0,0.11205387115478516,-1,1,22.0,2,1,0,3.1,-1,-5.246053641968943,-0.7542686428484117,0.0
0,18,20,5.3,400.0,400.0,10.0,-1,100.0,0.11288595199584961,-1,1,22.0,2,1,0,3.1,-1,-4.821049575378947,2.20169956891,0.0
0,10,12,5.3,400.0,400.0,10.0,2,100.0,0.11197614669799805,-1,1,22.0,2,1,0,3.1,0,1.4931825512595793,-5.085312760156835,0.0
0,3,5,5.3,400.0,400.0,10.0,1,100.0,0.11102104187011719,-1,1,22.0,2,1,0,3.1,-1,4.005472744077569,3.470761889910011,0.0
0,12,14,5.3,400.0,400.0,10.0,2,100.0,0.11169815063476562,-1,1,22.0,2,1,0,3.1,2,-1.4931825512595758,-5.085312760156836,0.0
0,9,11,5.3,400.0,400.0,10.0,-2,100.0,0.11233687400817871,-1,1,22.0,1,2,0,3.1,1,2.8653963325146665,-4.4586437240052605,0.0
0,12,14,5.3,400.0,400.0,10.0,-2,100.0,0.11100602149963379,-1,1,22.0,2,1,0,3.1,0,-1.4931825512595758,-5.085312760156836,0.0
0,21,1,5.3,400.0,400.0,10.0,-2,100.0,0.11232709884643555,-1,1,22.0,2,1,0,3.1,-1,-1.4931825512595778,5.085312760156836,0.0
0,9,11,5.3,400.0,400.0,10.0,1,100.0,0.11099481582641602,-1,1,22.0,1,1,0,3.1,-2,2.8653963325146665,-4.4586437240052605,0.0
0,1,3,5.3,400.0,400.0,10.0,-2,100.0,0.11242508888244629,-1,1,22.0,1,2,0,3.1,0,1.493182551259577,5.085312760156836,0.0
0,0,2,5.3,400.0,400.0,10.0,-1,100.0,0.11284399032592773,-1,1,22.0,1,1,0,3.1,0,0.0,5.3,0.0
0,16,18,5.3,400.0,400.0,10.0,-1,100.0,0.11101198196411133,-1,1,22.0,2,1,0,3.1,0,-5.246053641968943,-0.7542686428484117,0.0
0,6,8,5.3,400.0,400.0,10.0,-1,100.0,0.11097598075866699,-1,1,22.0,2,1,0,3.1,1,5.246053641968944,-0.7542686428484106,0.0
0,15,17,5.3,400.0,400.0,10.0,0,100.0,0.11262297630310059,-1,1,22.0,2,1,0,3.1,0,-4.821049575378945,-2.201699568910002,0.0
0,8,10,5.3,400.0,400.0,10.0,-1,100.0,0.11236691474914551,-1,1,22.0,1,1,0,3.1,1,4.005472744077569,-3.47076188991001,0.0
0,2,4,5.3,400.0,400.0,10.0,0,100.0,0.11268091201782227,-1,1,22.0,2,1,0,3.1,-2,2.865396332514667,4.4586437240052605,0.0
0,0,2,5.3,400.0,400.0,10.0,-1,100.0,0.11218690872192383,-1,1,22.0,1,1,0,3.1,0,0.0,5.3,0.0
0,6,8,5.3,400.0,400.0,10.0,-1,100.0,0.11255002021789551,-1,1,22.0,2,2,0,3.1,0,5.246053641968944,-0.7542686428484106,0.0
0,16,18,5.3,400.0,400.0,10.0,0,100.0,0.1128389835357666,-1,1,22.0,1,1,0,3.1,2,-5.246053641968943,-0.7542686428484117,0.0
0,13,15,5.3,400.0,400.0,10.0,1,100.0,0.11202502250671387,-1,1,22.0,1,2,0,3.1,0,-2.865396332514667,-4.4586437240052605,0.0
0,20,0,5.3,400.0,400.0,10.0,1,100.0,0.11101508140563965,-1,1,22.0,1,2,0,3.1,-2,-2.8653963325146705,4.458643724005258,0.0
0,12,14,5.3,400.0,400.0,10.0,0,100.0,0.11099505424499512,-1,1,22.0,1,2,0,3.1,-2,-1.4931825512595758,-5.085312760156836,0.0
0,9,11,5.3,400.0,400.0,10.0,-1,100.0,0.11249399185180664,-1,1,22.0,2,1,0,3.1,2,2.8653963325146665,-4.4586437240052605,0.0
0,8,10,5.3,400.0,400.0,10.0,-1,100.0,0.11209297180175781,-1,1,22.0,2,2,0,3.1,0,4.005472744077569,-3.47076188991001,0.0
0,1,3,5.3,400.0,400.0,10.0,2,100.0,0.11266398429870605,-1,1,22.0,2,1,0,3.1,-2,1.493182551259577,5.085312760156836,0.0
0,2,4,5.3,400.0,400.0,10.0,2,100.0,0.1109929084777832,-1,1,22.0,2,1,0,3.1,0,2.865396332514667,4.4586437240052605,0.0
0,4,6,5.3,400.0,400.0,10.0,1,100.0,0.11254215240478516,-1,1,22.0,1,1,0,3.1,-2,4.821049575378947,2.201699568909998,0.0
0,20,0,5.3,400.0,400.0,10.0,-1,100.0,0.112091064453125,-1,1,22.0,2,1,0,3.1,-2,-2.8653963325146705,4.458643724005258,0.0
0,6,8,5.3,400.0,400.0,10.0,0,100.0,0.1121058464050293,-1,1,22.0,2,2,0,3.1,2,5.246053641968944,-0.7542686428484106,0.0
0,4,6,5.3,400.0,400.0,10.0,2,100.0,0.11245512962341309,-1,1,22.0,2,1,0,3.1,1,4.821049575378947,2.201699568909998,0.0
0,16,18,5.3,400.0,400.0,10.0,0,100.0,0.11176490783691406,-1,1,22.0,1,1,0,3.1,1,-5.246053641968943,-0.7542686428484117,0.0
0,13,15,5.3,400.0,400.0,10.0,0,100.0,0.11249423027038574,-1,1,22.0,1,1,0,3.1,1,-2.865396332514667,-4.4586437240052605,0.0
0,13,15,5.3,400.0,400.0,10.0,-1,100.0,0.11108684539794922,-1,1,22.0,2,2,0,3.1,0,-2.865396332514667,-4.4586437240052605,0.0
0,21,1,5.3,400.0,400.0,10.0,2,100.0,0.1121070384979248,-1,1,22.0,1,2,0,3.1,2,-1.4931825512595778,5.085312760156836,0.0
0,1,3,5.3,400.0,400.0,10.0,1,100.0,0.1125330924987793,-1,1,22.0,1,2,0,3.1,2,1.493182551259577,5.085312760156836,0.0
0,13,15,5.3,400.0,400.0,10.0,1,100.0,0.11168789863586426,-1,1,22.0,2,2,0,3.1,0,-2.865396332514667,-4.4586437240052605,0.0
0,8,10,5.3,400.0,400.0,10.0,-1,100.0,0.11171793937683105,-1,1,22.0,2,2,0,3.1,0,4.005472744077569,-3.47076188991001,0.0
0,13,15,5.3,400.0,400.0,10.0,0,100.0,0.1110379695892334,-1,1,22.0,2,1,0,3.1,-1,-2.865396332514667,-4.4586437240052605,0.0
0,15,17,5.3,400.0,400.0,10.0,0,100.0,0.1117398738861084,-1,1,22.0,1,2,0,3.1,1,-4.821049575378945,-2.201699568910002,0.0
0,9,11,5.3,400.0,400.0,10.0,0,100.0,0.11103987693786621,-1,1,22.0,1,1,0,3.1,1,2.8653963325146665,-4.4586437240052605,0.0
0,9,11,5.3,400.0,400.0,10.0,1,100.0,0.1120309829711914,-1,1,22.0,2,1,0,3.1,1,2.8653963325146665,-4.4586437240052605,0.0
0,1,3,5.3,400.0,400.0,10.0,2,100.0,0.11174988746643066,-1,1,22.0,2,1,0,3.1,-2,1.493182551259577,5.085312760156836,0.0
0,20,0,5.3,400.0,400.0,10.0,0,100.0,0.11172890663146973,-1,1,22.0,1,2,0,3.1,0,-2.8653963325146705,4.458643724005258,0.0
0,19,21,5.3,400.0,400.0,10.0,1,100.0,0.11200499534606934,-1,1,22.0,2,1,0,3.1,-2,-4.005472744077568,3.470761889910012,0.0
0,11,13,5.3,400.0,400.0,10.0,0,100.0,0.11101889610290527,-1,1,22.0,1,2,0,3.1,0,6.490628035480972e-16,-5.3,0.0
0,0,2,5.3,400.0,400.0,10.0,1,100.0,0.11277508735656738,-1,1,22.0,2,1,0,3.1,-2,0.0,5.3,0.0
0,1,3,5.3,400.0,400.0,10.0,-2,100.0,0.11269092559814453,-1,1,22.0,2,1,0,3.1,1,1.493182551259577,5.085312760156836,0.0
0,10,12,5.3,400.0,400.0,10.0,2,100.0,0.11108613014221191,-1,1,22.0,1,1,0,3.1,0,1.4931825512595793,-5.085312760156835,0.0
0,16,18,5.3,400.0,400.0,10.0,0,100.0,0.11139798164367676,-1,1,22.0,1,2,0,3.1,-1,-5.246053641968943,-0.7542686428484117,0.0
0,12,14,5.3,400.0,400.0,10.0,2,100.0,0.11180400848388672,-1,1,22.0,1,2,0,3.1,-1,-1.4931825512595758,-5.085312760156836,0.0
0,2,4,5.3,400.0,400.0,10.0,-1,100.0,0.11089015007019043,-1,1,22.0,1,2,0,3.1,2,2.865396332514667,4.4586437240052605,0.0
0,12,14,5.3,400.0,400.0,10.0,1,100.0,0.11102294921875,-1,1,22.0,2,2,0,3.1,0,-1.4931825512595758,-5.085312760156836,0.0
0,4,6,5.3,400.0,400.0,10.0,1,100.0,0.11104893684387207,-1,1,22.0,2,1,0,3.1,-1,4.821049575378947,2.201699568909998,0.0
0,17,19,5.3,400.0,400.0,10.0,0,100.0,0.11278009414672852,-1,1,22.0,1,2,0,3.1,-2,-5.246053641968944,0.7542686428484098,0.0
0,15,17,5.3,400.0,400.0,10.0,-2,100.0,0.11207795143127441,-1,1,22.0,1,2,0,3.1,-2,-4.821049575378945,-2.201699568910002,0.0
0,7,9,5.3,400.0,400.0,10.0,2,100.0,0.11204695701599121,-1,1,22.0,2,1,0,3.1,0,4.8210495753789475,-2.2016995689099974,0.0
0,3,5,5.3,400.0,400.0,10.0,1,100.0,0.11218905448913574,-1,1,22.0,2,1,0,3.1,1,4.005472744077569,3.470761889910011,0.0
0,14,16,5.3,400.0,400.0,10.0,-1,100.0,0.11197280883789062,-1,1,22.0,1,2,0,3.1,-2,-4.005472744077568,-3.4707618899100114,0.0
0,12,14,5.3,400.0,400.0,10.0,1,100.0,0.11199808120727539,-1,1,22.0,1,1,0,3.1,0,-1.4931825512595758,-5.085312760156836,0.0
0,7,9,5.3,400.0,400.0,10.0,-1,100.0,0.11184906959533691,-1,1,22.0,1,2,0,3.1,0,4.8210495753789475,-2.2016995689099974,0.0
0,8,10,5.3,400.0,400.0,10.0,-2,100.0,0.11194801330566406,-1,1,22.0,1,2,0,3.1,0,4.005472744077569,-3.47076188991001,0.0
0,6,8,5.3,400.0,400.0,10.0,-1,100.0,0.11216998100280762,-1,1,22.0,1,2,0,3.1,-2,5.246053641968944,-0.7542686428484106,0.0
0,19,21,5.3,400.0,400.0,10.0,-2,100.0,0.11217594146728516,-1,1,22.0,2,2,0,3.1,-1,-4.005472744077568,3.470761889910012,0.0
0,13,15,5.3,400.0,400.0,10.0,-2,100.0,0.11168193817138672,-1,1,22.0,2,1,0,3.1,1,-2.865396332514667,-4.4586437240052605,0.0
0,6,8,5.3,400.0,400.0,10.0,-1,100.0,0.11209416389465332,-1,1,22.0,2,1,0,3.1,0,5.246053641968944,-0.7542686428484106,0.0
0,19,21,5.3,400.0,400.0,10.0,-2,100.0,0.1116490364074707,-1,1,22.0,2,1,0,3.1,0,-4.005472744077568,3.470761889910012,0.0
0,20,0,5.3,400.0,400.0,10.0,-1,100.0,0.1110541820526123,-1,1,22.0,1,1,0,3.1,0,-2.8653963325146705,4.458643724005258,0.0
0,3,5,5.3,400.0,400.0,10.0,2,100.0,0.1131291389465332,-1,1,22.0,1,2,0,3.1,2,4.005472744077569,3.470761889910011,0.0
0,8,10,5.3,400.0,400.0,10.0,1,100.0,0.11238908767700195,-1,1,22.0,2,1,0,3.1,2,4.005472744077569,-3.47076188991001,0.0
0,10,12,5.3,400.0,400.0,10.0,0,100.0,0.11198711395263672,-1,1,22.0,1,2,0,3.1,1,1.4931825512595793,-5.085312760156835,0.0
0,5,7,5.3,400.0,400.0,10.0,0,100.0,0.11233210563659668,-1,1,22.0,2,2,0,3.1,1,5.246053641968943,0.7542686428484122,0.0
0,19,21,5.3,400.0,400.0,10.0,2,100.0,0.1109929084777832,-1,1,22.0,2,1,0,3.1,-1,-4.005472744077568,3.470761889910012,0.0
0,2,4,5.3,400.0,400.0,10.0,2,100.0,0.11273694038391113,-1,1,22.0,2,2,0,3.1,-1,2.865396332514667,4.4586437240052605,0.0
0,7,9,5.3,400.0,400.0,10.0,-2,100.0,0.11453890800476074,-1,1,22.0,2,1,0,3.1,-1,4.8210495753789475,-2.2016995689099974,0.0
0,4,6,5.3,400.0,400.0,10.0,1,100.0,0.11090707778930664,-1,1,22.0,1,1,0,3.1,-1,4.821049575378947,2.201699568909998,0.0
0,0,2,5.3,400.0,400.0,10.0,0,100.0,0.11246585845947266,-1,1,22.0,2,2,0,3.1,1,0.0,5.3,0.0
0,2,4,5.3,400.0,400.0,10.0,-2,100.0,0.11278009414672852,-1,1,22.0,2,1,0,3.1,0,2.865396332514667,4.4586437240052605,0.0
0,1,3,5.3,400.0,400.0,10.0,-2,100.0,0.11102986335754395,-1,1,22.0,2,2,0,3.1,0,1.493182551259577,5.085312760156836,0.0
0,15,17,5.3,400.0,400.0,10.0,-1,100.0,0.11269187927246094,-1,1,22.0,2,1,0,3.1,-1,-4.821049575378945,-2.201699568910002,0.0
0,10,12,5.3,400.0,400.0,10.0,2,100.0,0.11268091201782227,-1,1,22.0,2,1,0,3.1,2,1.4931825512595793,-5.085312760156835,0.0
0,3,5,5.3,400.0,400.0,10.0,1,100.0,0.11264395713806152,-1,1,22.0,1,1,0,3.1,2,4.005472744077569,3.470761889910011,0.0
0,1,3,5.3,400.0,400.0,10.0,0,100.0,0.11214303970336914,-1,1,22.0,2,1,0,3.1,-1,1.493182551259577,5.085312760156836,0.0
0,7,9,5.3,400.0,400.0,10.0,-1,100.0,0.11103701591491699,-1,1,22.0,1,1,0,3.1,0,4.8210495753789475,-2.2016995689099974,0.0
0,11,13,5.3,400.0,400.0,10.0,1,100.0,0.11270904541015625,-1,1,22.0,1,2,0,3.1,-2,6.490628035480972e-16,-5.3,0.0
0,5,7,5.3,400.0,400.0,10.0,-2,100.0,0.1125028133392334,-1,1,22.0,2,2,0,3.1,0,5.246053641968943,0.7542686428484122,0.0
0,9,11,5.3,400.0,400.0,10.0,-1,100.0,0.11216497421264648,-1,1,22.0,2,1,0,3.1,2,2.8653963325146665,-4.4586437240052605,0.0
0,2,4,5.3,400.0,400.0,10.0,0,100.0,0.11269307136535645,-1,1,22.0,2,2,0,3.1,1,2.865396332514667,4.4586437240052605,0.0
0,12,14,5.3,400.0,400.0,10.0,2,100.0,0.11200809478759766,-1,1,22.0,2,2,0,3.1,0,-1.4931825512595758,-5.085312760156836,0.0
0,7,9,5.3,400.0,400.0,10.0,0,100.0,0.11200308799743652,-1,1,22.0,2,2,0,3.1,2,4.8210495753789475,-2.2016995689099974,0.0
0,12,14,5.3,400.0,400.0,10.0,-2,100.0,0.11293387413024902,-1,1,22.0,1,1,0,3.1,1,-1.4931825512595758,-5.085312760156836,0.0
0,14,16,5.3,400.0,400.0,10.0,-2,100.0,0.11138010025024414,-1,1,22.0,1,1,0,3.1,0,-4.005472744077568,-3.4707618899100114,0.0
0,16,18,5.3,400.0,400.0,10.0,0,100.0,0.1121981143951416,-1,1,22.0,2,1,0,3.1,2,-5.246053641968943,-0.7542686428484117,0.0
0,15,17,5.3,400.0,400.0,10.0,2,100.0,0.1121060848236084,-1,1,22.0,2,1,0,3.1,2,-4.821049575378945,-2.201699568910002,0.0
0,19,21,5.3,400.0,400.0,10.0,2,100.0,0.11193108558654785,-1,1,22.0,2,2,0,3.1,-2,-4.005472744077568,3.470761889910012,0.0
0,12,14,5.3,400.0,400.0,10.0,0,100.0,0.11228179931640625,-1,1,22.0,1,2,0,3.1,1,-1.4931825512595758,-5.085312760156836,0.0
0,8,10,5.3,400.0,400.0,10.0,2,100.0,0.11162185668945312,-1,1,22.0,2,2,0,3.1,1,4.005472744077569,-3.47076188991001,0.0
0,17,19,5.3,400.0,400.0,10.0,0,100.0,0.11165595054626465,-1,1,22.0,1,2,0,3.1,-1,-5.246053641968944,0.7542686428484098,0.0
0,7,9,5.3,400.0,400.0,10.0,1,100.0,0.11085104942321777,-1,1,22.0,1,2,0,3.1,0,4.8210495753789475,-2.2016995689099974,0.0
0,13,15,5.3,400.0,400.0,10.0,-2,100.0,0.11262297630310059,-1,1,22.0,1,1,0,3.1,-1,-2.865396332514667,-4.4586437240052605,0.0
0,15,17,5.3,400.0,400.0,10.0,1,100.0,0.11161398887634277,-1,1,22.0,2,2,0,3.1,0,-4.821049575378945,-2.201699568910002,0.0
0,9,11,5.3,400.0,400.0,10.0,1,100.0,0.1116189956665039,-1,1,22.0,2,2,0,3.1,-1,2.8653963325146665,-4.4586437240052605,0.0
0,13,15,5.3,400.0,400.0,10.0,2,100.0,0.11264586448669434,-1,1,22.0,2,1,0,3.1,2,-2.865396332514667,-4.4586437240052605,0.0
0,18,20,5.3,400.0,400.0,10.0,-2,100.0,0.11271214485168457,-1,1,22.0,2,1,0,3.1,-1,-4.821049575378947,2.20169956891,0.0
0,16,18,5.3,400.0,400.0,10.0,2,100.0,0.11264920234680176,-1,1,22.0,2,1,0,3.1,0,-5.246053641968943,-0.7542686428484117,0.0
0,20,0,5.3,400.0,400.0,10.0,1,100.0,0.1122281551361084,-1,1,22.0,2,2,0,3.1,-1,-2.8653963325146705,4.458643724005258,0.0
0,1,3,5.3,400.0,400.0,10.0,2,100.0,0.1129601001739502,-1,1,22.0,1,2,0,3.1,1,1.493182551259577,5.085312760156836,0.0
0,5,7,5.3,400.0,400.0,10.0,1,100.0,0.11131596565246582,-1,1,22.0,2,1,0,3.1,1,5.246053641968943,0.7542686428484122,0.0
0,7,9,5.3,400.0,400.0,10.0,-1,100.0,0.11213302612304688,-1,1,22.0,1,2,0,3.1,2,4.8210495753789475,-2.2016995689099974,0.0
0,14,16,5.3,400.0,400.0,10.0,1,100.0,0.11173892021179199,-1,1,22.0,2,2,0,3.1,-1,-4.005472744077568,-3.4707618899100114,0.0
0,3,5,5.3,400.0,400.0,10.0,1,100.0,0.11108112335205078,-1,1,22.0,1,1,0,3.1,2,4.005472744077569,3.470761889910011,0.0
0,9,11,5.3,400.0,400.0,10.0,0,100.0,0.11277914047241211,-1,1,22.0,2,1,0,3.1,-1,2.8653963325146665,-4.4586437240052605,0.0
0,21,1,5.3,400.0,400.0,10.0,0,100.0,0.11233305931091309,-1,1,22.0,1,2,0,3.1,2,-1.4931825512595778,5.085312760156836,0.0
0,6,8,5.3,400.0,400.0,10.0,0,100.0,0.11235690116882324,-1,1,22.0,1,1,0,3.1,-1,5.246053641968944,-0.7542686428484106,0.0
0,20,0,5.3,400.0,400.0,10.0,-2,100.0,0.11170291900634766,-1,1,22.0,1,2,0,3.1,-2,-2.8653963325146705,4.458643724005258,0.0
0,1,3,5.3,400.0,400.0,10.0,1,100.0,0.11102414131164551,-1,1,22.0,1,2,0,3.1,1,1.493182551259577,5.085312760156836,0.0
0,6,8,5.3,400.0,400.0,10.0,2,100.0,0.11176204681396484,-1,1,22.0,2,2,0,3.1,0,5.246053641968944,-0.7542686428484106,0.0
0,17,19,5.3,400.0,400.0,10.0,2,100.0,0.11281704902648926,-1,1,22.0,2,1,0,3.1,-1,-5.246053641968944,0.7542686428484098,0.0
0,0,2,5.3,400.0,400.0,10.0,1,100.0,0.11310100555419922,-1,1,22.0,1,2,0,3.1,0,0.0,5.3,0.0
0,20,0,5.3,400.0,400.0,10.0,2,100.0,0.11288785934448242,-1,1,22.0,2,1,0,3.1,-2,-2.8653963325146705,4.458643724005258,0.0
0,6,8,5.3,400.0,400.0,10.0,0,100.0,0.11245584487915039,-1,1,22.0,2,1,0,3.1,1,5.246053641968944,-0.7542686428484106,0.0
0,13,15,5.3,400.0,400.0,10.0,0,100.0,0.11210203170776367,-1,1,22.0,1,1,0,3.1,2,-2.865396332514667,-4.4586437240052605,0.0
0,14,16,5.3,400.0,400.0,10.0,1,100.0,0.11152410507202148,-1,1,22.0,1,1,0,3.1,0,-4.005472744077568,-3.4707618899100114,0.0
0,16,18,5.3,400.0,400.0,10.0,0,100.0,0.11198019981384277,-1,1,22.0,1,1,0,3.1,-1,-5.246053641968943,-0.7542686428484117,0.0
0,8,10,5.3,400.0,400.0,10.0,-2,100.0,0.11123085021972656,-1,1,22.0,1,2,0,3.1,2,4.005472744077569,-3.47076188991001,0.0
0,12,14,5.3,400.0,400.0,10.0,1,100.0,0.11202788352966309,-1,1,22.0,1,2,0,3.1,0,-1.4931825512595758,-5.085312760156836,0.0
0,13,15,5.3,400.0,400.0,10.0,0,100.0,0.11101794242858887,-1,1,22.0,2,1,0,3.1,0,-2.865396332514667,-4.4586437240052605,0.0
0,15,17,5.3,400.0,400.0,10.0,0,100.0,0.11271095275878906,-1,1,22.0,2,1,0,3.1,1,-4.821049575378945,-2.201699568910002,0.0
0,8,10,5.3,400.0,400.0,10.0,0,100.0,0.11295199394226074,-1,1,22.0,2,1,0,3.1,1,4.005472744077569,-3.47076188991001,0.0
0,1,3,5.3,400.0,400.0,10.0,2,100.0,0.11265301704406738,-1,1,22.0,1,2,0,3.1,2,1.493182551259577,5.085312760156836,0.0
0,20,0,5.3,400.0,400.0,10.0,-2,100.0,0.11232399940490723,-1,1,22.0,1,2,0,3.1,-1,-2.8653963325146705,4.458643724005258,0.0
0,12,14,5.3,400.0,400.0,10.0,-2,100.0,0.11289691925048828,-1,1,22.0,2,2,0,3.1,1,-1.4931825512595758,-5.085312760156836,0.0
