offset2,cue-loc-int,refi,radius,ntrials,ms-st-cue,npractice,resp-h-pos,ms-stimon,actualStimOn,version,bars-or-spot,nitems,resp-h-hv,resp-v-hv,offset,cue-length,resp-v-pos,cue-loc-x,cue-loc-y,ms-precue
0,2,4,5.3,400.0,400.0,10.0,2,100.0,0.1032710075378418,-1,1,22.0,1,1,0,3.1,0,2.865396332514667,4.4586437240052605,0.0
0,10,12,5.3,400.0,400.0,10.0,-1,100.0,0.10332989692687988,-1,1,22.0,2,2,0,3.1,1,1.4931825512595793,-5.085312760156835,0.0
0,16,18,5.3,400.0,400.0,10.0,0,100.0,0.10331010818481445,-1,1,22.0,1,1,0,3.1,2,-5.246053641968943,-0.7542686428484117,0.0
0,0,2,5.3,400.0,400.0,10.0,-1,100.0,0.10327506065368652,-1,1,22.0,2,2,0,3.1,1,0.0,5.3,0.0
0,0,2,5.3,400.0,400.0,10.0,2,100.0,0.10337114334106445,-1,1,22.0,2,1,0,3.1,0,0.0,5.3,0.0
0,17,19,5.3,400.0,400.0,10.0,0,100.0,0.1040959358215332,-1,1,22.0,1,1,0,3.1,1,-5.246053641968944,0.7542686428484098,0.0
0,15,17,5.3,400.0,400.0,10.0,-2,100.0,0.1032710075378418,-1,1,22.0,1,2,0,3.1,-1,-4.821049575378945,-2.201699568910002,0.0
0,4,6,5.3,400.0,400.0,10.0,1,100.0,0.10307598114013672,-1,1,22.0,2,1,0,3.1,1,4.821049575378947,2.201699568909998,0.0
0,21,1,5.3,400.0,400.0,10.0,1,100.0,0.10325407981872559,-1,1,22.0,2,2,0,3.1,-1,-1.4931825512595778,5.085312760156836,0.0
0,19,21,5.3,400.0,400.0,10.0,-2,100.0,0.10327792167663574,-1,1,22.0,1,1,0,3.1,-1,-4.005472744077568,3.470761889910012,0.0
0,11,13,5.3,400.0,400.0,10.0,0,100.0,0.10330510139465332,-1,1,22.0,2,1,0,3.1,-1,6.490413675258599e-16,-5.3,0.0
0,19,21,5.3,400.0,400.0,10.0,0,100.0,0.10326695442199707,-1,1,22.0,1,1,0,3.1,1,-4.005472744077568,3.470761889910012,0.0
0,1,3,5.3,400.0,400.0,10.0,-1,100.0,0.10328388214111328,-1,1,22.0,1,2,0,3.1,2,1.493182551259577,5.085312760156836,0.0
0,4,6,5.3,400.0,400.0,10.0,0,100.0,0.10325908660888672,-1,1,22.0,1,2,0,3.1,0,4.821049575378947,2.201699568909998,0.0
0,21,1,5.3,400.0,400.0,10.0,2,100.0,0.1032571792602539,-1,1,22.0,1,1,0,3.1,-2,-1.4931825512595778,5.085312760156836,0.0
0,8,10,5.3,400.0,400.0,10.0,1,100.0,0.10326099395751953,-1,1,22.0,2,1,0,3.1,-2,4.005472744077569,-3.47076188991001,0.0
0,14,16,5.3,400.0,400.0,10.0,2,100.0,0.10327005386352539,-1,1,22.0,2,2,0,3.1,-1,-4.005472744077568,-3.4707618899100114,0.0
0,2,4,5.3,400.0,400.0,10.0,-2,100.0,0.10327386856079102,-1,1,22.0,1,1,0,3.1,-1,2.865396332514667,4.4586437240052605,0.0
0,13,15,5.3,400.0,400.0,10.0,2,100.0,0.10329794883728027,-1,1,22.0,2,2,0,3.1,0,-2.865396332514667,-4.4586437240052605,0.0
0,17,19,5.3,400.0,400.0,10.0,0,100.0,0.1032559871673584,-1,1,22.0,1,2,0,3.1,0,-5.246053641968944,0.7542686428484098,0.0
0,7,9,5.3,400.0,400.0,10.0,0,100.0,0.1032099723815918,-1,1,22.0,2,1,0,3.1,-2,4.8210495753789475,-2.2016995689099974,0.0
0,16,18,5.3,400.0,400.0,10.0,0,100.0,0.10326480865478516,-1,1,22.0,1,1,0,3.1,2,-5.246053641968943,-0.7542686428484117,0.0
0,6,8,5.3,400.0,400.0,10.0,0,100.0,0.1032109260559082,-1,1,22.0,1,2,0,3.1,1,5.246053641968944,-0.7542686428484106,0.0
0,21,1,5.3,400.0,400.0,10.0,0,100.0,0.10321307182312012,-1,1,22.0,2,1,0,3.1,0,-1.4931825512595778,5.085312760156836,0.0
0,19,21,5.3,400.0,400.0,10.0,1,100.0,0.10327482223510742,-1,1,22.0,1,1,0,3.1,0,-4.005472744077568,3.470761889910012,0.0
0,9,11,5.3,400.0,400.0,10.0,0,100.0,0.10326409339904785,-1,1,22.0,2,1,0,3.1,0,2.8653963325146665,-4.4586437240052605,0.0
0,20,0,5.3,400.0,400.0,10.0,2,100.0,0.10326814651489258,-1,1,22.0,1,1,0,3.1,-1,-2.8653963325146705,4.458643724005258,0.0
0,15,17,5.3,400.0,400.0,10.0,-2,100.0,0.10326409339904785,-1,1,22.0,2,1,0,3.1,0,-4.821049575378945,-2.201699568910002,0.0
0,0,2,5.3,400.0,400.0,10.0,-1,100.0,0.10327601432800293,-1,1,22.0,2,2,0,3.1,2,0.0,5.3,0.0
0,7,9,5.3,400.0,400.0,10.0,-2,100.0,0.10326290130615234,-1,1,22.0,2,2,0,3.1,0,4.8210495753789475,-2.2016995689099974,0.0
0,3,5,5.3,400.0,400.0,10.0,-1,100.0,0.10326814651489258,-1,1,22.0,1,2,0,3.1,0,4.005472744077569,3.470761889910011,0.0
0,4,6,5.3,400.0,400.0,10.0,0,100.0,0.10341405868530273,-1,1,22.0,1,1,0,3.1,-2,4.821049575378947,2.201699568909998,0.0
0,17,19,5.3,400.0,400.0,10.0,0,100.0,0.10333395004272461,-1,1,22.0,1,2,0,3.1,1,-5.246053641968944,0.7542686428484098,0.0
0,6,8,5.3,400.0,400.0,10.0,1,100.0,0.10334014892578125,-1,1,22.0,1,1,0,3.1,0,5.246053641968944,-0.7542686428484106,0.0
0,8,10,5.3,400.0,400.0,10.0,0,100.0,0.10315108299255371,-1,1,22.0,2,1,0,3.1,0,4.005472744077569,-3.47076188991001,0.0
0,15,17,5.3,400.0,400.0,10.0,-1,100.0,0.10309386253356934,-1,1,22.0,1,2,0,3.1,-1,-4.821049575378945,-2.201699568910002,0.0
0,4,6,5.3,400.0,400.0,10.0,0,100.0,0.10327005386352539,-1,1,22.0,2,1,0,3.1,-2,4.821049575378947,2.201699568909998,0.0
0,3,5,5.3,400.0,400.0,10.0,-2,100.0,0.10327982902526855,-1,1,22.0,2,2,0,3.1,0,4.005472744077569,3.470761889910011,0.0
0,20,0,5.3,400.0,400.0,10.0,-2,100.0,0.1032559871673584,-1,1,22.0,2,2,0,3.1,1,-2.8653963325146705,4.458643724005258,0.0
0,0,2,5.3,400.0,400.0,10.0,0,100.0,0.1032259464263916,-1,1,22.0,2,2,0,3.1,2,0.0,5.3,0.0
0,14,16,5.3,400.0,400.0,10.0,2,100.0,0.1032400131225586,-1,1,22.0,1,2,0,3.1,-1,-4.005472744077568,-3.4707618899100114,0.0
0,4,6,5.3,400.0,400.0,10.0,0,100.0,0.10321307182312012,-1,1,22.0,1,2,0,3.1,-1,4.821049575378947,2.201699568909998,0.0
0,9,11,5.3,400.0,400.0,10.0,2,100.0,0.10323500633239746,-1,1,22.0,1,2,0,3.1,-1,2.8653963325146665,-4.4586437240052605,0.0
0,13,15,5.3,400.0,400.0,10.0,1,100.0,0.10330891609191895,-1,1,22.0,1,2,0,3.1,0,-2.865396332514667,-4.4586437240052605,0.0
0,4,6,5.3,400.0,400.0,10.0,1,100.0,0.10329699516296387,-1,1,22.0,1,1,0,3.1,0,4.821049575378947,2.201699568909998,0.0
0,13,15,5.3,400.0,400.0,10.0,0,100.0,0.1032872200012207,-1,1,22.0,1,2,0,3.1,0,-2.865396332514667,-4.4586437240052605,0.0
0,11,13,5.3,400.0,400.0,10.0,0,100.0,0.10329103469848633,-1,1,22.0,1,2,0,3.1,0,6.490413675258599e-16,-5.3,0.0
0,15,17,5.3,400.0,400.0,10.0,-2,100.0,0.10325217247009277,-1,1,22.0,2,1,0,3.1,0,-4.821049575378945,-2.201699568910002,0.0
0,1,3,5.3,400.0,400.0,10.0,-1,100.0,0.1032111644744873,-1,1,22.0,1,2,0,3.1,0,1.493182551259577,5.085312760156836,0.0
0,6,8,5.3,400.0,400.0,10.0,0,100.0,0.10326004028320312,-1,1,22.0,1,2,0,3.1,0,5.246053641968944,-0.7542686428484106,0.0
0,14,16,5.3,400.0,400.0,10.0,2,100.0,0.10329699516296387,-1,1,22.0,1,2,0,3.1,0,-4.005472744077568,-3.4707618899100114,0.0
0,10,12,5.3,400.0,400.0,10.0,-1,100.0,0.1032719612121582,-1,1,22.0,1,2,0,3.1,-2,1.4931825512595793,-5.085312760156835,0.0
0,17,19,5.3,400.0,400.0,10.0,0,100.0,0.10326814651489258,-1,1,22.0,1,2,0,3.1,0,-5.246053641968944,0.7542686428484098,0.0
0,2,4,5.3,400.0,400.0,10.0,1,100.0,0.10328006744384766,-1,1,22.0,1,2,0,3.1,1,2.865396332514667,4.4586437240052605,0.0
0,3,5,5.3,400.0,400.0,10.0,2,100.0,0.10326814651489258,-1,1,22.0,1,1,0,3.1,-2,4.005472744077569,3.470761889910011,0.0
0,19,21,5.3,400.0,400.0,10.0,2,100.0,0.10327696800231934,-1,1,22.0,2,1,0,3.1,1,-4.005472744077568,3.470761889910012,0.0
0,9,11,5.3,400.0,400.0,10.0,2,100.0,0.1032719612121582,-1,1,22.0,1,2,0,3.1,1,2.8653963325146665,-4.4586437240052605,0.0
0,7,9,5.3,400.0,400.0,10.0,2,100.0,0.10326981544494629,-1,1,22.0,2,1,0,3.1,0,4.8210495753789475,-2.2016995689099974,0.0
0,17,19,5.3,400.0,400.0,10.0,0,100.0,0.10330510139465332,-1,1,22.0,1,2,0,3.1,-2,-5.246053641968944,0.7542686428484098,0.0
0,0,2,5.3,400.0,400.0,10.0,-2,100.0,0.1033329963684082,-1,1,22.0,1,1,0,3.1,1,0.0,5.3,0.0
0,1,3,5.3,400.0,400.0,10.0,-2,100.0,0.10535693168640137,-1,1,22.0,2,2,0,3.1,0,1.493182551259577,5.085312760156836,0.0
0,17,19,5.3,400.0,400.0,10.0,0,100.0,0.10337686538696289,-1,1,22.0,1,1,0,3.1,1,-5.246053641968944,0.7542686428484098,0.0
0,17,19,5.3,400.0,400.0,10.0,0,100.0,0.1032869815826416,-1,1,22.0,2,2,0,3.1,-1,-5.246053641968944,0.7542686428484098,0.0
0,13,15,5.3,400.0,400.0,10.0,2,100.0,0.10326886177062988,-1,1,22.0,1,2,0,3.1,0,-2.865396332514667,-4.4586437240052605,0.0
0,15,17,5.3,400.0,400.0,10.0,1,100.0,0.10312294960021973,-1,1,22.0,2,1,0,3.1,1,-4.821049575378945,-2.201699568910002,0.0
0,16,18,5.3,400.0,400.0,10.0,0,100.0,0.10326814651489258,-1,1,22.0,2,1,0,3.1,0,-5.246053641968943,-0.7542686428484117,0.0
0,21,1,5.3,400.0,400.0,10.0,1,100.0,0.10328793525695801,-1,1,22.0,2,1,0,3.1,-2,-1.4931825512595778,5.085312760156836,0.0
0,14,16,5.3,400.0,400.0,10.0,0,100.0,0.10322999954223633,-1,1,22.0,2,1,0,3.1,0,-4.005472744077568,-3.4707618899100114,0.0
0,9,11,5.3,400.0,400.0,10.0,2,100.0,0.10326504707336426,-1,1,22.0,2,2,0,3.1,0,2.8653963325146665,-4.4586437240052605,0.0
0,4,6,5.3,400.0,400.0,10.0,-1,100.0,0.10333895683288574,-1,1,22.0,1,2,0,3.1,2,4.821049575378947,2.201699568909998,0.0
0,19,21,5.3,400.0,400.0,10.0,-1,100.0,0.10312199592590332,-1,1,22.0,1,2,0,3.1,1,-4.005472744077568,3.470761889910012,0.0
0,3,5,5.3,400.0,400.0,10.0,-1,100.0,0.10310792922973633,-1,1,22.0,2,2,0,3.1,1,4.005472744077569,3.470761889910011,0.0
0,2,4,5.3,400.0,400.0,10.0,-1,100.0,0.10334515571594238,-1,1,22.0,2,2,0,3.1,0,2.865396332514667,4.4586437240052605,0.0
0,0,2,5.3,400.0,400.0,10.0,2,100.0,0.10319399833679199,-1,1,22.0,1,1,0,3.1,0,0.0,5.3,0.0
0,5,7,5.3,400.0,400.0,10.0,-2,100.0,0.10325193405151367,-1,1,22.0,1,2,0,3.1,-1,5.246053641968943,0.7542686428484122,0.0
0,1,3,5.3,400.0,400.0,10.0,0,100.0,0.10334897041320801,-1,1,22.0,2,1,0,3.1,-1,1.493182551259577,5.085312760156836,0.0
0,20,0,5.3,400.0,400.0,10.0,1,100.0,0.10332703590393066,-1,1,22.0,1,1,0,3.1,-2,-2.8653963325146705,4.458643724005258,0.0
0,15,17,5.3,400.0,400.0,10.0,1,100.0,0.10327315330505371,-1,1,22.0,1,1,0,3.1,0,-4.821049575378945,-2.201699568910002,0.0
0,11,13,5.3,400.0,400.0,10.0,0,100.0,0.10327005386352539,-1,1,22.0,2,1,0,3.1,-1,6.490413675258599e-16,-5.3,0.0
0,19,21,5.3,400.0,400.0,10.0,-1,100.0,0.10319209098815918,-1,1,22.0,2,1,0,3.1,-2,-4.005472744077568,3.470761889910012,0.0
0,4,6,5.3,400.0,400.0,10.0,0,100.0,0.10318803787231445,-1,1,22.0,1,2,0,3.1,0,4.821049575378947,2.201699568909998,0.0
0,3,5,5.3,400.0,400.0,10.0,0,100.0,0.10323405265808105,-1,1,22.0,1,1,0,3.1,-1,4.005472744077569,3.470761889910011,0.0
0,0,2,5.3,400.0,400.0,10.0,1,100.0,0.10330581665039062,-1,1,22.0,1,1,0,3.1,2,0.0,5.3,0.0
0,15,17,5.3,400.0,400.0,10.0,0,100.0,0.10313796997070312,-1,1,22.0,2,1,0,3.1,0,-4.821049575378945,-2.201699568910002,0.0
0,10,12,5.3,400.0,400.0,10.0,0,100.0,0.10306811332702637,-1,1,22.0,2,1,0,3.1,0,1.4931825512595793,-5.085312760156835,0.0
0,10,12,5.3,400.0,400.0,10.0,0,100.0,0.10322093963623047,-1,1,22.0,2,1,0,3.1,0,1.4931825512595793,-5.085312760156835,0.0
0,6,8,5.3,400.0,400.0,10.0,0,100.0,0.10327315330505371,-1,1,22.0,2,1,0,3.1,1,5.246053641968944,-0.7542686428484106,0.0
0,2,4,5.3,400.0,400.0,10.0,0,100.0,0.10325789451599121,-1,1,22.0,1,2,0,3.1,1,2.865396332514667,4.4586437240052605,0.0
0,3,5,5.3,400.0,400.0,10.0,-1,100.0,0.1032419204711914,-1,1,22.0,1,2,0,3.1,2,4.005472744077569,3.470761889910011,0.0
0,18,20,5.3,400.0,400.0,10.0,-1,100.0,0.10325908660888672,-1,1,22.0,2,1,0,3.1,2,-4.821049575378947,2.20169956891,0.0
0,1,3,5.3,400.0,400.0,10.0,0,100.0,0.10332894325256348,-1,1,22.0,1,2,0,3.1,0,1.493182551259577,5.085312760156836,0.0
0,16,18,5.3,400.0,400.0,10.0,0,100.0,0.10328412055969238,-1,1,22.0,2,2,0,3.1,-1,-5.246053641968943,-0.7542686428484117,0.0
0,13,15,5.3,400.0,400.0,10.0,-1,100.0,0.10326719284057617,-1,1,22.0,2,1,0,3.1,0,-2.865396332514667,-4.4586437240052605,0.0
0,11,13,5.3,400.0,400.0,10.0,-1,100.0,0.10327005386352539,-1,1,22.0,2,2,0,3.1,0,6.490413675258599e-16,-5.3,0.0
0,9,11,5.3,400.0,400.0,10.0,2,100.0,0.1032860279083252,-1,1,22.0,2,2,0,3.1,0,2.8653963325146665,-4.4586437240052605,0.0
0,19,21,5.3,400.0,400.0,10.0,1,100.0,0.10327506065368652,-1,1,22.0,1,2,0,3.1,1,-4.005472744077568,3.470761889910012,0.0
0,13,15,5.3,400.0,400.0,10.0,0,100.0,0.10326385498046875,-1,1,22.0,2,2,0,3.1,-1,-2.865396332514667,-4.4586437240052605,0.0
0,15,17,5.3,400.0,400.0,10.0,0,100.0,0.10414385795593262,-1,1,22.0,1,2,0,3.1,2,-4.821049575378945,-2.201699568910002,0.0
0,11,13,5.3,400.0,400.0,10.0,0,100.0,0.10326313972473145,-1,1,22.0,2,2,0,3.1,1,6.490413675258599e-16,-5.3,0.0
0,4,6,5.3,400.0,400.0,10.0,0,100.0,0.10327005386352539,-1,1,22.0,2,1,0,3.1,-1,4.821049575378947,2.201699568909998,0.0
0,10,12,5.3,400.0,400.0,10.0,0,100.0,0.10328507423400879,-1,1,22.0,2,2,0,3.1,-1,1.4931825512595793,-5.085312760156835,0.0
0,5,7,5.3,400.0,400.0,10.0,0,100.0,0.10329008102416992,-1,1,22.0,1,2,0,3.1,0,5.246053641968943,0.7542686428484122,0.0
0,19,21,5.3,400.0,400.0,10.0,-2,100.0,0.10334610939025879,-1,1,22.0,1,1,0,3.1,-1,-4.005472744077568,3.470761889910012,0.0
0,10,12,5.3,400.0,400.0,10.0,0,100.0,0.10327005386352539,-1,1,22.0,1,2,0,3.1,-1,1.4931825512595793,-5.085312760156835,0.0
0,10,12,5.3,400.0,400.0,10.0,1,100.0,0.10326790809631348,-1,1,22.0,2,2,0,3.1,0,1.4931825512595793,-5.085312760156835,0.0
0,1,3,5.3,400.0,400.0,10.0,1,100.0,0.10313200950622559,-1,1,22.0,1,1,0,3.1,0,1.493182551259577,5.085312760156836,0.0
0,9,11,5.3,400.0,400.0,10.0,0,100.0,0.10324907302856445,-1,1,22.0,1,2,0,3.1,1,2.8653963325146665,-4.4586437240052605,0.0
0,18,20,5.3,400.0,400.0,10.0,-1,100.0,0.10327696800231934,-1,1,22.0,1,1,0,3.1,0,-4.821049575378947,2.20169956891,0.0
0,15,17,5.3,400.0,400.0,10.0,-1,100.0,0.10327601432800293,-1,1,22.0,1,2,0,3.1,-2,-4.821049575378945,-2.201699568910002,0.0
0,7,9,5.3,400.0,400.0,10.0,-1,100.0,0.10326099395751953,-1,1,22.0,1,2,0,3.1,2,4.8210495753789475,-2.2016995689099974,0.0
0,6,8,5.3,400.0,400.0,10.0,0,100.0,0.10326194763183594,-1,1,22.0,1,2,0,3.1,-2,5.246053641968944,-0.7542686428484106,0.0
0,13,15,5.3,400.0,400.0,10.0,-2,100.0,0.10328006744384766,-1,1,22.0,1,2,0,3.1,0,-2.865396332514667,-4.4586437240052605,0.0
0,0,2,5.3,400.0,400.0,10.0,-1,100.0,0.10326313972473145,-1,1,22.0,1,2,0,3.1,-2,0.0,5.3,0.0
0,17,19,5.3,400.0,400.0,10.0,-1,100.0,0.1031029224395752,-1,1,22.0,1,2,0,3.1,-1,-5.246053641968944,0.7542686428484098,0.0
0,2,4,5.3,400.0,400.0,10.0,1,100.0,0.1033620834350586,-1,1,22.0,2,1,0,3.1,-2,2.865396332514667,4.4586437240052605,0.0
0,12,14,5.3,400.0,400.0,10.0,0,100.0,0.10330700874328613,-1,1,22.0,1,2,0,3.1,-2,-1.4931825512595758,-5.085312760156836,0.0
0,7,9,5.3,400.0,400.0,10.0,1,100.0,0.10327005386352539,-1,1,22.0,2,1,0,3.1,1,4.8210495753789475,-2.2016995689099974,0.0
0,3,5,5.3,400.0,400.0,10.0,1,100.0,0.10329198837280273,-1,1,22.0,2,2,0,3.1,0,4.005472744077569,3.470761889910011,0.0
0,8,10,5.3,400.0,400.0,10.0,0,100.0,0.10326004028320312,-1,1,22.0,2,2,0,3.1,-1,4.005472744077569,-3.47076188991001,0.0
0,5,7,5.3,400.0,400.0,10.0,1,100.0,0.1032559871673584,-1,1,22.0,1,1,0,3.1,0,5.246053641968943,0.7542686428484122,0.0
0,1,3,5.3,400.0,400.0,10.0,1,100.0,0.10327601432800293,-1,1,22.0,1,2,0,3.1,0,1.493182551259577,5.085312760156836,0.0
0,8,10,5.3,400.0,400.0,10.0,0,100.0,0.10340094566345215,-1,1,22.0,1,2,0,3.1,1,4.005472744077569,-3.47076188991001,0.0
0,5,7,5.3,400.0,400.0,10.0,0,100.0,0.10324311256408691,-1,1,22.0,2,2,0,3.1,2,5.246053641968943,0.7542686428484122,0.0
0,6,8,5.3,400.0,400.0,10.0,0,100.0,0.10329389572143555,-1,1,22.0,1,2,0,3.1,1,5.246053641968944,-0.7542686428484106,0.0
0,7,9,5.3,400.0,400.0,10.0,0,100.0,0.10330510139465332,-1,1,22.0,2,1,0,3.1,0,4.8210495753789475,-2.2016995689099974,0.0
0,19,21,5.3,400.0,400.0,10.0,-1,100.0,0.10334181785583496,-1,1,22.0,2,2,0,3.1,2,-4.005472744077568,3.470761889910012,0.0
0,2,4,5.3,400.0,400.0,10.0,0,100.0,0.10310888290405273,-1,1,22.0,1,2,0,3.1,0,2.865396332514667,4.4586437240052605,0.0
0,18,20,5.3,400.0,400.0,10.0,-1,100.0,0.10326385498046875,-1,1,22.0,1,1,0,3.1,1,-4.821049575378947,2.20169956891,0.0
0,19,21,5.3,400.0,400.0,10.0,0,100.0,0.10327005386352539,-1,1,22.0,2,1,0,3.1,0,-4.005472744077568,3.470761889910012,0.0
0,21,1,5.3,400.0,400.0,10.0,0,100.0,0.1032562255859375,-1,1,22.0,1,2,0,3.1,1,-1.4931825512595778,5.085312760156836,0.0
0,0,2,5.3,400.0,400.0,10.0,0,100.0,0.10327386856079102,-1,1,22.0,2,1,0,3.1,-1,0.0,5.3,0.0
0,2,4,5.3,400.0,400.0,10.0,2,100.0,0.1032719612121582,-1,1,22.0,1,1,0,3.1,-1,2.865396332514667,4.4586437240052605,0.0
0,18,20,5.3,400.0,400.0,10.0,0,100.0,0.10327315330505371,-1,1,22.0,2,2,0,3.1,2,-4.821049575378947,2.20169956891,0.0
0,6,8,5.3,400.0,400.0,10.0,0,100.0,0.10338997840881348,-1,1,22.0,1,2,0,3.1,0,5.246053641968944,-0.7542686428484106,0.0
0,18,20,5.3,400.0,400.0,10.0,-1,100.0,0.10326290130615234,-1,1,22.0,2,2,0,3.1,2,-4.821049575378947,2.20169956891,0.0
0,0,2,5.3,400.0,400.0,10.0,1,100.0,0.10331106185913086,-1,1,22.0,1,1,0,3.1,0,0.0,5.3,0.0
0,17,19,5.3,400.0,400.0,10.0,-1,100.0,0.1032710075378418,-1,1,22.0,1,2,0,3.1,0,-5.246053641968944,0.7542686428484098,0.0
0,21,1,5.3,400.0,400.0,10.0,1,100.0,0.10325789451599121,-1,1,22.0,2,1,0,3.1,2,-1.4931825512595778,5.085312760156836,0.0
0,3,5,5.3,400.0,400.0,10.0,-1,100.0,0.1032710075378418,-1,1,22.0,2,1,0,3.1,0,4.005472744077569,3.470761889910011,0.0
0,16,18,5.3,400.0,400.0,10.0,0,100.0,0.10326194763183594,-1,1,22.0,2,1,0,3.1,2,-5.246053641968943,-0.7542686428484117,0.0
0,10,12,5.3,400.0,400.0,10.0,1,100.0,0.10326099395751953,-1,1,22.0,1,2,0,3.1,-1,1.4931825512595793,-5.085312760156835,0.0
0,9,11,5.3,400.0,400.0,10.0,-1,100.0,0.1032719612121582,-1,1,22.0,2,1,0,3.1,2,2.8653963325146665,-4.4586437240052605,0.0
0,4,6,5.3,400.0,400.0,10.0,0,100.0,0.10326004028320312,-1,1,22.0,1,1,0,3.1,2,4.821049575378947,2.201699568909998,0.0
0,16,18,5.3,400.0,400.0,10.0,1,100.0,0.10326290130615234,-1,1,22.0,1,2,0,3.1,0,-5.246053641968943,-0.7542686428484117,0.0
0,6,8,5.3,400.0,400.0,10.0,0,100.0,0.10330700874328613,-1,1,22.0,1,2,0,3.1,0,5.246053641968944,-0.7542686428484106,0.0
0,20,0,5.3,400.0,400.0,10.0,0,100.0,0.1032710075378418,-1,1,22.0,1,1,0,3.1,-1,-2.8653963325146705,4.458643724005258,0.0
0,9,11,5.3,400.0,400.0,10.0,0,100.0,0.10328102111816406,-1,1,22.0,1,1,0,3.1,-1,2.8653963325146665,-4.4586437240052605,0.0
0,12,14,5.3,400.0,400.0,10.0,0,100.0,0.10333490371704102,-1,1,22.0,2,2,0,3.1,2,-1.4931825512595758,-5.085312760156836,0.0
0,8,10,5.3,400.0,400.0,10.0,0,100.0,0.1033480167388916,-1,1,22.0,2,2,0,3.1,-1,4.005472744077569,-3.47076188991001,0.0
0,1,3,5.3,400.0,400.0,10.0,0,100.0,0.1032710075378418,-1,1,22.0,2,1,0,3.1,-2,1.493182551259577,5.085312760156836,0.0
0,8,10,5.3,400.0,400.0,10.0,-2,100.0,0.10327982902526855,-1,1,22.0,2,2,0,3.1,-1,4.005472744077569,-3.47076188991001,0.0
0,11,13,5.3,400.0,400.0,10.0,0,100.0,0.10334610939025879,-1,1,22.0,2,1,0,3.1,2,6.490413675258599e-16,-5.3,0.0
0,6,8,5.3,400.0,400.0,10.0,2,100.0,0.10329985618591309,-1,1,22.0,1,1,0,3.1,-1,5.246053641968944,-0.7542686428484106,0.0
0,21,1,5.3,400.0,400.0,10.0,-2,100.0,0.10333395004272461,-1,1,22.0,2,1,0,3.1,-1,-1.4931825512595778,5.085312760156836,0.0
0,14,16,5.3,400.0,400.0,10.0,0,100.0,0.10336494445800781,-1,1,22.0,1,2,0,3.1,2,-4.005472744077568,-3.4707618899100114,0.0
0,11,13,5.3,400.0,400.0,10.0,0,100.0,0.10328793525695801,-1,1,22.0,2,2,0,3.1,-2,6.490413675258599e-16,-5.3,0.0
0,8,10,5.3,400.0,400.0,10.0,0,100.0,0.10324287414550781,-1,1,22.0,1,1,0,3.1,-2,4.005472744077569,-3.47076188991001,0.0
0,13,15,5.3,400.0,400.0,10.0,1,100.0,0.1032419204711914,-1,1,22.0,2,2,0,3.1,0,-2.865396332514667,-4.4586437240052605,0.0
0,16,18,5.3,400.0,400.0,10.0,0,100.0,0.10327005386352539,-1,1,22.0,1,1,0,3.1,-2,-5.246053641968943,-0.7542686428484117,0.0
0,7,9,5.3,400.0,400.0,10.0,2,100.0,0.10327482223510742,-1,1,22.0,1,1,0,3.1,1,4.8210495753789475,-2.2016995689099974,0.0
0,4,6,5.3,400.0,400.0,10.0,0,100.0,0.10327601432800293,-1,1,22.0,1,1,0,3.1,1,4.821049575378947,2.201699568909998,0.0
0,9,11,5.3,400.0,400.0,10.0,0,100.0,0.10308694839477539,-1,1,22.0,1,2,0,3.1,-2,2.8653963325146665,-4.4586437240052605,0.0
0,4,6,5.3,400.0,400.0,10.0,-1,100.0,0.10328507423400879,-1,1,22.0,1,2,0,3.1,0,4.821049575378947,2.201699568909998,0.0
0,16,18,5.3,400.0,400.0,10.0,0,100.0,0.10326600074768066,-1,1,22.0,2,1,0,3.1,2,-5.246053641968943,-0.7542686428484117,0.0
0,21,1,5.3,400.0,400.0,10.0,1,100.0,0.10329699516296387,-1,1,22.0,1,1,0,3.1,2,-1.4931825512595778,5.085312760156836,0.0
0,3,5,5.3,400.0,400.0,10.0,1,100.0,0.10313987731933594,-1,1,22.0,2,1,0,3.1,1,4.005472744077569,3.470761889910011,0.0
0,6,8,5.3,400.0,400.0,10.0,0,100.0,0.10336089134216309,-1,1,22.0,1,1,0,3.1,-2,5.246053641968944,-0.7542686428484106,0.0
0,14,16,5.3,400.0,400.0,10.0,0,100.0,0.10360503196716309,-1,1,22.0,2,2,0,3.1,-1,-4.005472744077568,-3.4707618899100114,0.0
0,1,3,5.3,400.0,400.0,10.0,2,100.0,0.10320711135864258,-1,1,22.0,1,1,0,3.1,0,1.493182551259577,5.085312760156836,0.0
0,17,19,5.3,400.0,400.0,10.0,0,100.0,0.1032569408416748,-1,1,22.0,1,2,0,3.1,1,-5.246053641968944,0.7542686428484098,0.0
0,9,11,5.3,400.0,400.0,10.0,0,100.0,0.10327601432800293,-1,1,22.0,1,2,0,3.1,-2,2.8653963325146665,-4.4586437240052605,0.0
0,2,4,5.3,400.0,400.0,10.0,1,100.0,0.10328292846679688,-1,1,22.0,1,2,0,3.1,2,2.865396332514667,4.4586437240052605,0.0
0,0,2,5.3,400.0,400.0,10.0,-2,100.0,0.1032719612121582,-1,1,22.0,1,2,0,3.1,1,0.0,5.3,0.0
0,7,9,5.3,400.0,400.0,10.0,0,100.0,0.10328292846679688,-1,1,22.0,1,1,0,3.1,1,4.8210495753789475,-2.2016995689099974,0.0
0,15,17,5.3,400.0,400.0,10.0,0,100.0,0.10325193405151367,-1,1,22.0,1,2,0,3.1,-1,-4.821049575378945,-2.201699568910002,0.0
0,0,2,5.3,400.0,400.0,10.0,2,100.0,0.10327291488647461,-1,1,22.0,1,1,0,3.1,-1,0.0,5.3,0.0
0,5,7,5.3,400.0,400.0,10.0,0,100.0,0.10328078269958496,-1,1,22.0,1,1,0,3.1,-2,5.246053641968943,0.7542686428484122,0.0
0,2,4,5.3,400.0,400.0,10.0,0,100.0,0.10325193405151367,-1,1,22.0,2,2,0,3.1,-1,2.865396332514667,4.4586437240052605,0.0
0,4,6,5.3,400.0,400.0,10.0,-1,100.0,0.10327911376953125,-1,1,22.0,1,2,0,3.1,1,4.821049575378947,2.201699568909998,0.0
0,7,9,5.3,400.0,400.0,10.0,0,100.0,0.10326409339904785,-1,1,22.0,1,2,0,3.1,1,4.8210495753789475,-2.2016995689099974,0.0
0,21,1,5.3,400.0,400.0,10.0,-2,100.0,0.10327386856079102,-1,1,22.0,1,1,0,3.1,-1,-1.4931825512595778,5.085312760156836,0.0
0,4,6,5.3,400.0,400.0,10.0,2,100.0,0.10328984260559082,-1,1,22.0,1,1,0,3.1,1,4.821049575378947,2.201699568909998,0.0
0,12,14,5.3,400.0,400.0,10.0,2,100.0,0.10327482223510742,-1,1,22.0,1,2,0,3.1,1,-1.4931825512595758,-5.085312760156836,0.0
0,21,1,5.3,400.0,400.0,10.0,-2,100.0,0.10326695442199707,-1,1,22.0,1,1,0,3.1,1,-1.4931825512595778,5.085312760156836,0.0
0,21,1,5.3,400.0,400.0,10.0,2,100.0,0.10328102111816406,-1,1,22.0,1,1,0,3.1,1,-1.4931825512595778,5.085312760156836,0.0
0,13,15,5.3,400.0,400.0,10.0,1,100.0,0.10327792167663574,-1,1,22.0,2,2,0,3.1,-2,-2.865396332514667,-4.4586437240052605,0.0
0,15,17,5.3,400.0,400.0,10.0,0,100.0,0.10325384140014648,-1,1,22.0,1,2,0,3.1,2,-4.821049575378945,-2.201699568910002,0.0
0,11,13,5.3,400.0,400.0,10.0,2,100.0,0.10326695442199707,-1,1,22.0,2,2,0,3.1,0,6.490413675258599e-16,-5.3,0.0
0,1,3,5.3,400.0,400.0,10.0,-1,100.0,0.10326600074768066,-1,1,22.0,1,1,0,3.1,1,1.493182551259577,5.085312760156836,0.0
0,8,10,5.3,400.0,400.0,10.0,0,100.0,0.10326385498046875,-1,1,22.0,1,2,0,3.1,0,4.005472744077569,-3.47076188991001,0.0
0,4,6,5.3,400.0,400.0,10.0,1,100.0,0.10330700874328613,-1,1,22.0,2,1,0,3.1,1,4.821049575378947,2.201699568909998,0.0
0,20,0,5.3,400.0,400.0,10.0,0,100.0,0.1032710075378418,-1,1,22.0,2,2,0,3.1,1,-2.8653963325146705,4.458643724005258,0.0
0,1,3,5.3,400.0,400.0,10.0,1,100.0,0.10326600074768066,-1,1,22.0,1,2,0,3.1,1,1.493182551259577,5.085312760156836,0.0
0,1,3,5.3,400.0,400.0,10.0,1,100.0,0.10326504707336426,-1,1,22.0,1,2,0,3.1,0,1.493182551259577,5.085312760156836,0.0
0,11,13,5.3,400.0,400.0,10.0,2,100.0,0.10333609580993652,-1,1,22.0,2,1,0,3.1,0,6.490413675258599e-16,-5.3,0.0
0,14,16,5.3,400.0,400.0,10.0,-2,100.0,0.10326004028320312,-1,1,22.0,2,2,0,3.1,0,-4.005472744077568,-3.4707618899100114,0.0
0,8,10,5.3,400.0,400.0,10.0,-2,100.0,0.10326695442199707,-1,1,22.0,2,2,0,3.1,0,4.005472744077569,-3.47076188991001,0.0
0,16,18,5.3,400.0,400.0,10.0,0,100.0,0.10325503349304199,-1,1,22.0,1,1,0,3.1,-2,-5.246053641968943,-0.7542686428484117,0.0
0,9,11,5.3,400.0,400.0,10.0,-2,100.0,0.10326385498046875,-1,1,22.0,1,2,0,3.1,0,2.8653963325146665,-4.4586437240052605,0.0
0,0,2,5.3,400.0,400.0,10.0,2,100.0,0.10325312614440918,-1,1,22.0,2,1,0,3.1,1,0.0,5.3,0.0
0,1,3,5.3,400.0,400.0,10.0,0,100.0,0.1033010482788086,-1,1,22.0,1,2,0,3.1,2,1.493182551259577,5.085312760156836,0.0
0,18,20,5.3,400.0,400.0,10.0,1,100.0,0.10327792167663574,-1,1,22.0,2,2,0,3.1,0,-4.821049575378947,2.20169956891,0.0
0,11,13,5.3,400.0,400.0,10.0,1,100.0,0.10326600074768066,-1,1,22.0,1,2,0,3.1,0,6.490413675258599e-16,-5.3,0.0
0,6,8,5.3,400.0,400.0,10.0,0,100.0,0.103118896484375,-1,1,22.0,2,2,0,3.1,2,5.246053641968944,-0.7542686428484106,0.0
0,17,19,5.3,400.0,400.0,10.0,2,100.0,0.10329294204711914,-1,1,22.0,1,2,0,3.1,1,-5.246053641968944,0.7542686428484098,0.0
0,13,15,5.3,400.0,400.0,10.0,-1,100.0,0.10326790809631348,-1,1,22.0,1,2,0,3.1,0,-2.865396332514667,-4.4586437240052605,0.0
0,2,4,5.3,400.0,400.0,10.0,1,100.0,0.10335183143615723,-1,1,22.0,2,1,0,3.1,-2,2.865396332514667,4.4586437240052605,0.0
0,16,18,5.3,400.0,400.0,10.0,-2,100.0,0.10325407981872559,-1,1,22.0,1,1,0,3.1,-1,-5.246053641968943,-0.7542686428484117,0.0
0,6,8,5.3,400.0,400.0,10.0,0,100.0,0.10332393646240234,-1,1,22.0,1,2,0,3.1,2,5.246053641968944,-0.7542686428484106,0.0
0,13,15,5.3,400.0,400.0,10.0,-2,100.0,0.10337996482849121,-1,1,22.0,2,1,0,3.1,2,-2.865396332514667,-4.4586437240052605,0.0
0,6,8,5.3,400.0,400.0,10.0,-1,100.0,0.10325789451599121,-1,1,22.0,2,1,0,3.1,0,5.246053641968944,-0.7542686428484106,0.0
0,4,6,5.3,400.0,400.0,10.0,0,100.0,0.10322403907775879,-1,1,22.0,1,2,0,3.1,-1,4.821049575378947,2.201699568909998,0.0
0,16,18,5.3,400.0,400.0,10.0,2,100.0,0.10328292846679688,-1,1,22.0,2,2,0,3.1,0,-5.246053641968943,-0.7542686428484117,0.0
0,4,6,5.3,400.0,400.0,10.0,1,100.0,0.10327696800231934,-1,1,22.0,1,2,0,3.1,0,4.821049575378947,2.201699568909998,0.0
0,13,15,5.3,400.0,400.0,10.0,-1,100.0,0.10307908058166504,-1,1,22.0,1,2,0,3.1,0,-2.865396332514667,-4.4586437240052605,0.0
0,12,14,5.3,400.0,400.0,10.0,-2,100.0,0.10313081741333008,-1,1,22.0,2,1,0,3.1,0,-1.4931825512595758,-5.085312760156836,0.0
0,8,10,5.3,400.0,400.0,10.0,0,100.0,0.10326600074768066,-1,1,22.0,2,1,0,3.1,1,4.005472744077569,-3.47076188991001,0.0
0,16,18,5.3,400.0,400.0,10.0,-1,100.0,0.10326480865478516,-1,1,22.0,2,1,0,3.1,1,-5.246053641968943,-0.7542686428484117,0.0
0,1,3,5.3,400.0,400.0,10.0,2,100.0,0.10326194763183594,-1,1,22.0,1,1,0,3.1,0,1.493182551259577,5.085312760156836,0.0
0,3,5,5.3,400.0,400.0,10.0,0,100.0,0.1031351089477539,-1,1,22.0,2,1,0,3.1,-1,4.005472744077569,3.470761889910011,0.0
0,5,7,5.3,400.0,400.0,10.0,0,100.0,0.10334014892578125,-1,1,22.0,1,1,0,3.1,-1,5.246053641968943,0.7542686428484122,0.0
0,7,9,5.3,400.0,400.0,10.0,0,100.0,0.10327386856079102,-1,1,22.0,1,2,0,3.1,0,4.8210495753789475,-2.2016995689099974,0.0
0,21,1,5.3,400.0,400.0,10.0,0,100.0,0.10313200950622559,-1,1,22.0,1,1,0,3.1,-2,-1.4931825512595778,5.085312760156836,0.0
0,8,10,5.3,400.0,400.0,10.0,2,100.0,0.10326099395751953,-1,1,22.0,2,1,0,3.1,-1,4.005472744077569,-3.47076188991001,0.0
0,18,20,5.3,400.0,400.0,10.0,-1,100.0,0.10326099395751953,-1,1,22.0,2,1,0,3.1,-2,-4.821049575378947,2.20169956891,0.0
0,13,15,5.3,400.0,400.0,10.0,2,100.0,0.10334515571594238,-1,1,22.0,1,2,0,3.1,0,-2.865396332514667,-4.4586437240052605,0.0
0,12,14,5.3,400.0,400.0,10.0,2,100.0,0.1032419204711914,-1,1,22.0,1,2,0,3.1,2,-1.4931825512595758,-5.085312760156836,0.0
0,4,6,5.3,400.0,400.0,10.0,0,100.0,0.10403704643249512,-1,1,22.0,2,1,0,3.1,2,4.821049575378947,2.201699568909998,0.0
0,13,15,5.3,400.0,400.0,10.0,-2,100.0,0.10326099395751953,-1,1,22.0,1,2,0,3.1,1,-2.865396332514667,-4.4586437240052605,0.0
0,3,5,5.3,400.0,400.0,10.0,0,100.0,0.10326600074768066,-1,1,22.0,1,2,0,3.1,0,4.005472744077569,3.470761889910011,0.0
0,3,5,5.3,400.0,400.0,10.0,0,100.0,0.10327386856079102,-1,1,22.0,1,1,0,3.1,1,4.005472744077569,3.470761889910011,0.0
0,20,0,5.3,400.0,400.0,10.0,1,100.0,0.10325312614440918,-1,1,22.0,1,1,0,3.1,2,-2.8653963325146705,4.458643724005258,0.0
0,3,5,5.3,400.0,400.0,10.0,0,100.0,0.10331392288208008,-1,1,22.0,2,2,0,3.1,-1,4.005472744077569,3.470761889910011,0.0
0,18,20,5.3,400.0,400.0,10.0,-1,100.0,0.10325503349304199,-1,1,22.0,2,1,0,3.1,-1,-4.821049575378947,2.20169956891,0.0
0,17,19,5.3,400.0,400.0,10.0,0,100.0,0.1032571792602539,-1,1,22.0,1,2,0,3.1,2,-5.246053641968944,0.7542686428484098,0.0
0,8,10,5.3,400.0,400.0,10.0,-1,100.0,0.10331201553344727,-1,1,22.0,1,1,0,3.1,0,4.005472744077569,-3.47076188991001,0.0
0,21,1,5.3,400.0,400.0,10.0,0,100.0,0.10327577590942383,-1,1,22.0,2,1,0,3.1,1,-1.4931825512595778,5.085312760156836,0.0
0,20,0,5.3,400.0,400.0,10.0,2,100.0,0.1032719612121582,-1,1,22.0,2,2,0,3.1,-1,-2.8653963325146705,4.458643724005258,0.0
0,13,15,5.3,400.0,400.0,10.0,0,100.0,0.1032710075378418,-1,1,22.0,1,2,0,3.1,-1,-2.865396332514667,-4.4586437240052605,0.0
0,9,11,5.3,400.0,400.0,10.0,-1,100.0,0.10329413414001465,-1,1,22.0,2,2,0,3.1,2,2.8653963325146665,-4.4586437240052605,0.0
0,14,16,5.3,400.0,400.0,10.0,1,100.0,0.10327506065368652,-1,1,22.0,2,1,0,3.1,0,-4.005472744077568,-3.4707618899100114,0.0
0,17,19,5.3,400.0,400.0,10.0,0,100.0,0.10323977470397949,-1,1,22.0,2,1,0,3.1,0,-5.246053641968944,0.7542686428484098,0.0
0,21,1,5.3,400.0,400.0,10.0,0,100.0,0.10319781303405762,-1,1,22.0,2,1,0,3.1,1,-1.4931825512595778,5.085312760156836,0.0
0,7,9,5.3,400.0,400.0,10.0,0,100.0,0.10332608222961426,-1,1,22.0,1,1,0,3.1,2,4.8210495753789475,-2.2016995689099974,0.0
0,12,14,5.3,400.0,400.0,10.0,0,100.0,0.10323095321655273,-1,1,22.0,1,1,0,3.1,-1,-1.4931825512595758,-5.085312760156836,0.0
0,19,21,5.3,400.0,400.0,10.0,1,100.0,0.10328102111816406,-1,1,22.0,1,2,0,3.1,1,-4.005472744077568,3.470761889910012,0.0
0,16,18,5.3,400.0,400.0,10.0,0,100.0,0.10310196876525879,-1,1,22.0,1,2,0,3.1,0,-5.246053641968943,-0.7542686428484117,0.0
0,6,8,5.3,400.0,400.0,10.0,0,100.0,0.10328006744384766,-1,1,22.0,1,2,0,3.1,0,5.246053641968944,-0.7542686428484106,0.0
0,19,21,5.3,400.0,400.0,10.0,1,100.0,0.10326480865478516,-1,1,22.0,1,1,0,3.1,0,-4.005472744077568,3.470761889910012,0.0
0,17,19,5.3,400.0,400.0,10.0,1,100.0,0.10332798957824707,-1,1,22.0,1,1,0,3.1,0,-5.246053641968944,0.7542686428484098,0.0
0,8,10,5.3,400.0,400.0,10.0,-1,100.0,0.10327386856079102,-1,1,22.0,1,2,0,3.1,1,4.005472744077569,-3.47076188991001,0.0
0,15,17,5.3,400.0,400.0,10.0,1,100.0,0.10329389572143555,-1,1,22.0,2,2,0,3.1,-1,-4.821049575378945,-2.201699568910002,0.0
0,14,16,5.3,400.0,400.0,10.0,-2,100.0,0.10309791564941406,-1,1,22.0,1,2,0,3.1,0,-4.005472744077568,-3.4707618899100114,0.0
0,5,7,5.3,400.0,400.0,10.0,1,100.0,0.10326099395751953,-1,1,22.0,1,2,0,3.1,-1,5.246053641968943,0.7542686428484122,0.0
0,17,19,5.3,400.0,400.0,10.0,0,100.0,0.10332489013671875,-1,1,22.0,1,2,0,3.1,0,-5.246053641968944,0.7542686428484098,0.0
0,2,4,5.3,400.0,400.0,10.0,-2,100.0,0.10332202911376953,-1,1,22.0,2,1,0,3.1,-2,2.865396332514667,4.4586437240052605,0.0
0,14,16,5.3,400.0,400.0,10.0,-2,100.0,0.10326886177062988,-1,1,22.0,2,1,0,3.1,1,-4.005472744077568,-3.4707618899100114,0.0
0,14,16,5.3,400.0,400.0,10.0,1,100.0,0.10326814651489258,-1,1,22.0,1,1,0,3.1,0,-4.005472744077568,-3.4707618899100114,0.0
0,18,20,5.3,400.0,400.0,10.0,-2,100.0,0.10325407981872559,-1,1,22.0,2,1,0,3.1,0,-4.821049575378947,2.20169956891,0.0
0,15,17,5.3,400.0,400.0,10.0,0,100.0,0.1032710075378418,-1,1,22.0,2,1,0,3.1,1,-4.821049575378945,-2.201699568910002,0.0
0,3,5,5.3,400.0,400.0,10.0,1,100.0,0.10326814651489258,-1,1,22.0,2,1,0,3.1,-1,4.005472744077569,3.470761889910011,0.0
0,18,20,5.3,400.0,400.0,10.0,1,100.0,0.10323715209960938,-1,1,22.0,2,2,0,3.1,0,-4.821049575378947,2.20169956891,0.0
0,10,12,5.3,400.0,400.0,10.0,-1,100.0,0.10325908660888672,-1,1,22.0,2,2,0,3.1,1,1.4931825512595793,-5.085312760156835,0.0
0,10,12,5.3,400.0,400.0,10.0,0,100.0,0.10311508178710938,-1,1,22.0,2,2,0,3.1,1,1.4931825512595793,-5.085312760156835,0.0
0,4,6,5.3,400.0,400.0,10.0,0,100.0,0.10326290130615234,-1,1,22.0,1,2,0,3.1,2,4.821049575378947,2.201699568909998,0.0
0,15,17,5.3,400.0,400.0,10.0,-2,100.0,0.1031041145324707,-1,1,22.0,1,2,0,3.1,0,-4.821049575378945,-2.201699568910002,0.0
0,10,12,5.3,400.0,400.0,10.0,-2,100.0,0.10310602188110352,-1,1,22.0,1,2,0,3.1,0,1.4931825512595793,-5.085312760156835,0.0
0,16,18,5.3,400.0,400.0,10.0,0,100.0,0.1032869815826416,-1,1,22.0,1,1,0,3.1,2,-5.246053641968943,-0.7542686428484117,0.0
0,0,2,5.3,400.0,400.0,10.0,-2,100.0,0.10327386856079102,-1,1,22.0,1,2,0,3.1,1,0.0,5.3,0.0
0,19,21,5.3,400.0,400.0,10.0,-1,100.0,0.1032721996307373,-1,1,22.0,1,2,0,3.1,1,-4.005472744077568,3.470761889910012,0.0
0,21,1,5.3,400.0,400.0,10.0,-2,100.0,0.10326600074768066,-1,1,22.0,1,2,0,3.1,0,-1.4931825512595778,5.085312760156836,0.0
0,14,16,5.3,400.0,400.0,10.0,-1,100.0,0.10341286659240723,-1,1,22.0,1,2,0,3.1,1,-4.005472744077568,-3.4707618899100114,0.0
0,10,12,5.3,400.0,400.0,10.0,0,100.0,0.10372018814086914,-1,1,22.0,1,2,0,3.1,0,1.4931825512595793,-5.085312760156835,0.0
0,15,17,5.3,400.0,400.0,10.0,2,100.0,0.10327410697937012,-1,1,22.0,1,1,0,3.1,-1,-4.821049575378945,-2.201699568910002,0.0
0,15,17,5.3,400.0,400.0,10.0,0,100.0,0.10384392738342285,-1,1,22.0,2,2,0,3.1,1,-4.821049575378945,-2.201699568910002,0.0
0,5,7,5.3,400.0,400.0,10.0,0,100.0,0.10328388214111328,-1,1,22.0,2,1,0,3.1,1,5.246053641968943,0.7542686428484122,0.0
0,14,16,5.3,400.0,400.0,10.0,-2,100.0,0.10326695442199707,-1,1,22.0,1,1,0,3.1,2,-4.005472744077568,-3.4707618899100114,0.0
0,7,9,5.3,400.0,400.0,10.0,-2,100.0,0.10325288772583008,-1,1,22.0,2,2,0,3.1,0,4.8210495753789475,-2.2016995689099974,0.0
0,8,10,5.3,400.0,400.0,10.0,0,100.0,0.10328388214111328,-1,1,22.0,2,1,0,3.1,-1,4.005472744077569,-3.47076188991001,0.0
0,9,11,5.3,400.0,400.0,10.0,-1,100.0,0.1032569408416748,-1,1,22.0,2,1,0,3.1,-1,2.8653963325146665,-4.4586437240052605,0.0
0,8,10,5.3,400.0,400.0,10.0,2,100.0,0.10326313972473145,-1,1,22.0,1,1,0,3.1,1,4.005472744077569,-3.47076188991001,0.0
0,16,18,5.3,400.0,400.0,10.0,0,100.0,0.10326004028320312,-1,1,22.0,1,2,0,3.1,1,-5.246053641968943,-0.7542686428484117,0.0
0,14,16,5.3,400.0,400.0,10.0,2,100.0,0.10327410697937012,-1,1,22.0,2,1,0,3.1,1,-4.005472744077568,-3.4707618899100114,0.0
0,15,17,5.3,400.0,400.0,10.0,0,100.0,0.1032721996307373,-1,1,22.0,1,2,0,3.1,0,-4.821049575378945,-2.201699568910002,0.0
0,3,5,5.3,400.0,400.0,10.0,0,100.0,0.10327887535095215,-1,1,22.0,1,2,0,3.1,0,4.005472744077569,3.470761889910011,0.0
0,14,16,5.3,400.0,400.0,10.0,-1,100.0,0.10335111618041992,-1,1,22.0,1,1,0,3.1,0,-4.005472744077568,-3.4707618899100114,0.0
0,16,18,5.3,400.0,400.0,10.0,1,100.0,0.1033329963684082,-1,1,22.0,1,2,0,3.1,2,-5.246053641968943,-0.7542686428484117,0.0
0,14,16,5.3,400.0,400.0,10.0,2,100.0,0.10328197479248047,-1,1,22.0,1,1,0,3.1,-1,-4.005472744077568,-3.4707618899100114,0.0
0,17,19,5.3,400.0,400.0,10.0,0,100.0,0.10325813293457031,-1,1,22.0,1,1,0,3.1,2,-5.246053641968944,0.7542686428484098,0.0
0,9,11,5.3,400.0,400.0,10.0,0,100.0,0.10310196876525879,-1,1,22.0,2,1,0,3.1,1,2.8653963325146665,-4.4586437240052605,0.0
0,5,7,5.3,400.0,400.0,10.0,2,100.0,0.1032719612121582,-1,1,22.0,1,1,0,3.1,-2,5.246053641968943,0.7542686428484122,0.0
0,0,2,5.3,400.0,400.0,10.0,-1,100.0,0.10327005386352539,-1,1,22.0,2,1,0,3.1,-2,0.0,5.3,0.0
0,14,16,5.3,400.0,400.0,10.0,1,100.0,0.10328102111816406,-1,1,22.0,2,2,0,3.1,2,-4.005472744077568,-3.4707618899100114,0.0
0,15,17,5.3,400.0,400.0,10.0,0,100.0,0.10327291488647461,-1,1,22.0,1,1,0,3.1,-2,-4.821049575378945,-2.201699568910002,0.0
0,10,12,5.3,400.0,400.0,10.0,0,100.0,0.10327005386352539,-1,1,22.0,1,2,0,3.1,-1,1.4931825512595793,-5.085312760156835,0.0
0,9,11,5.3,400.0,400.0,10.0,0,100.0,0.10328412055969238,-1,1,22.0,2,2,0,3.1,1,2.8653963325146665,-4.4586437240052605,0.0
0,4,6,5.3,400.0,400.0,10.0,0,100.0,0.10327792167663574,-1,1,22.0,1,2,0,3.1,0,4.821049575378947,2.201699568909998,0.0
0,1,3,5.3,400.0,400.0,10.0,2,100.0,0.10328984260559082,-1,1,22.0,1,2,0,3.1,-1,1.493182551259577,5.085312760156836,0.0
0,20,0,5.3,400.0,400.0,10.0,0,100.0,0.10330605506896973,-1,1,22.0,1,1,0,3.1,1,-2.8653963325146705,4.458643724005258,0.0
0,21,1,5.3,400.0,400.0,10.0,-1,100.0,0.10327601432800293,-1,1,22.0,2,1,0,3.1,1,-1.4931825512595778,5.085312760156836,0.0
0,7,9,5.3,400.0,400.0,10.0,-1,100.0,0.10326910018920898,-1,1,22.0,1,2,0,3.1,2,4.8210495753789475,-2.2016995689099974,0.0
0,15,17,5.3,400.0,400.0,10.0,2,100.0,0.10328507423400879,-1,1,22.0,2,2,0,3.1,1,-4.821049575378945,-2.201699568910002,0.0
0,11,13,5.3,400.0,400.0,10.0,2,100.0,0.1032571792602539,-1,1,22.0,2,2,0,3.1,-2,6.490413675258599e-16,-5.3,0.0
0,7,9,5.3,400.0,400.0,10.0,2,100.0,0.1031029224395752,-1,1,22.0,1,2,0,3.1,-1,4.8210495753789475,-2.2016995689099974,0.0
0,12,14,5.3,400.0,400.0,10.0,2,100.0,0.10327696800231934,-1,1,22.0,2,1,0,3.1,0,-1.4931825512595758,-5.085312760156836,0.0
0,6,8,5.3,400.0,400.0,10.0,0,100.0,0.10326886177062988,-1,1,22.0,2,1,0,3.1,0,5.246053641968944,-0.7542686428484106,0.0
0,3,5,5.3,400.0,400.0,10.0,2,100.0,0.10329008102416992,-1,1,22.0,2,1,0,3.1,0,4.005472744077569,3.470761889910011,0.0
0,6,8,5.3,400.0,400.0,10.0,1,100.0,0.10326600074768066,-1,1,22.0,1,1,0,3.1,-2,5.246053641968944,-0.7542686428484106,0.0
0,4,6,5.3,400.0,400.0,10.0,1,100.0,0.10327506065368652,-1,1,22.0,1,2,0,3.1,0,4.821049575378947,2.201699568909998,0.0
0,8,10,5.3,400.0,400.0,10.0,0,100.0,0.10326099395751953,-1,1,22.0,1,1,0,3.1,2,4.005472744077569,-3.47076188991001,0.0
0,4,6,5.3,400.0,400.0,10.0,-1,100.0,0.10329103469848633,-1,1,22.0,2,1,0,3.1,-2,4.821049575378947,2.201699568909998,0.0
0,13,15,5.3,400.0,400.0,10.0,-1,100.0,0.10326290130615234,-1,1,22.0,1,2,0,3.1,-2,-2.865396332514667,-4.4586437240052605,0.0
0,11,13,5.3,400.0,400.0,10.0,1,100.0,0.10328412055969238,-1,1,22.0,2,2,0,3.1,-1,6.490413675258599e-16,-5.3,0.0
0,6,8,5.3,400.0,400.0,10.0,0,100.0,0.10329389572143555,-1,1,22.0,1,2,0,3.1,-2,5.246053641968944,-0.7542686428484106,0.0
0,5,7,5.3,400.0,400.0,10.0,-2,100.0,0.10331296920776367,-1,1,22.0,2,2,0,3.1,0,5.246053641968943,0.7542686428484122,0.0
0,1,3,5.3,400.0,400.0,10.0,-2,100.0,0.10687398910522461,-1,1,22.0,2,2,0,3.1,2,1.493182551259577,5.085312760156836,0.0
0,5,7,5.3,400.0,400.0,10.0,1,100.0,0.10386085510253906,-1,1,22.0,1,1,0,3.1,-1,5.246053641968943,0.7542686428484122,0.0
0,20,0,5.3,400.0,400.0,10.0,2,100.0,0.10326790809631348,-1,1,22.0,1,1,0,3.1,0,-2.8653963325146705,4.458643724005258,0.0
0,16,18,5.3,400.0,400.0,10.0,0,100.0,0.10326981544494629,-1,1,22.0,1,2,0,3.1,-2,-5.246053641968943,-0.7542686428484117,0.0
0,0,2,5.3,400.0,400.0,10.0,-1,100.0,0.10328316688537598,-1,1,22.0,1,2,0,3.1,2,0.0,5.3,0.0
0,20,0,5.3,400.0,400.0,10.0,1,100.0,0.10326480865478516,-1,1,22.0,1,1,0,3.1,0,-2.8653963325146705,4.458643724005258,0.0
0,10,12,5.3,400.0,400.0,10.0,0,100.0,0.10328412055969238,-1,1,22.0,2,2,0,3.1,-2,1.4931825512595793,-5.085312760156835,0.0
0,16,18,5.3,400.0,400.0,10.0,0,100.0,0.10329413414001465,-1,1,22.0,1,1,0,3.1,-2,-5.246053641968943,-0.7542686428484117,0.0
0,15,17,5.3,400.0,400.0,10.0,0,100.0,0.10311198234558105,-1,1,22.0,1,1,0,3.1,-2,-4.821049575378945,-2.201699568910002,0.0
0,18,20,5.3,400.0,400.0,10.0,-2,100.0,0.10325407981872559,-1,1,22.0,2,2,0,3.1,0,-4.821049575378947,2.20169956891,0.0
0,11,13,5.3,400.0,400.0,10.0,-1,100.0,0.1032719612121582,-1,1,22.0,2,1,0,3.1,2,6.490413675258599e-16,-5.3,0.0
0,19,21,5.3,400.0,400.0,10.0,-1,100.0,0.10326409339904785,-1,1,22.0,1,2,0,3.1,0,-4.005472744077568,3.470761889910012,0.0
0,6,8,5.3,400.0,400.0,10.0,0,100.0,0.10328006744384766,-1,1,22.0,1,2,0,3.1,1,5.246053641968944,-0.7542686428484106,0.0
0,4,6,5.3,400.0,400.0,10.0,1,100.0,0.10327291488647461,-1,1,22.0,1,1,0,3.1,2,4.821049575378947,2.201699568909998,0.0
0,17,19,5.3,400.0,400.0,10.0,0,100.0,0.10401201248168945,-1,1,22.0,1,2,0,3.1,0,-5.246053641968944,0.7542686428484098,0.0
0,20,0,5.3,400.0,400.0,10.0,2,100.0,0.10717487335205078,-1,1,22.0,2,1,0,3.1,0,-2.8653963325146705,4.458643724005258,0.0
0,9,11,5.3,400.0,400.0,10.0,1,100.0,0.10324597358703613,-1,1,22.0,2,1,0,3.1,1,2.8653963325146665,-4.4586437240052605,0.0
0,18,20,5.3,400.0,400.0,10.0,0,100.0,0.10326910018920898,-1,1,22.0,1,1,0,3.1,-1,-4.821049575378947,2.20169956891,0.0
0,17,19,5.3,400.0,400.0,10.0,0,100.0,0.10328912734985352,-1,1,22.0,2,1,0,3.1,1,-5.246053641968944,0.7542686428484098,0.0
0,7,9,5.3,400.0,400.0,10.0,2,100.0,0.10326719284057617,-1,1,22.0,2,1,0,3.1,2,4.8210495753789475,-2.2016995689099974,0.0
0,16,18,5.3,400.0,400.0,10.0,0,100.0,0.10336589813232422,-1,1,22.0,1,1,0,3.1,-2,-5.246053641968943,-0.7542686428484117,0.0
0,9,11,5.3,400.0,400.0,10.0,0,100.0,0.10327696800231934,-1,1,22.0,1,1,0,3.1,-2,2.8653963325146665,-4.4586437240052605,0.0
0,15,17,5.3,400.0,400.0,10.0,1,100.0,0.10309100151062012,-1,1,22.0,1,2,0,3.1,2,-4.821049575378945,-2.201699568910002,0.0
0,10,12,5.3,400.0,400.0,10.0,2,100.0,0.10325288772583008,-1,1,22.0,1,2,0,3.1,-1,1.4931825512595793,-5.085312760156835,0.0
0,13,15,5.3,400.0,400.0,10.0,-1,100.0,0.10323596000671387,-1,1,22.0,2,2,0,3.1,0,-2.865396332514667,-4.4586437240052605,0.0
0,21,1,5.3,400.0,400.0,10.0,-2,100.0,0.1032860279083252,-1,1,22.0,1,2,0,3.1,0,-1.4931825512595778,5.085312760156836,0.0
0,1,3,5.3,400.0,400.0,10.0,0,100.0,0.10332798957824707,-1,1,22.0,1,2,0,3.1,-1,1.493182551259577,5.085312760156836,0.0
0,17,19,5.3,400.0,400.0,10.0,0,100.0,0.10326695442199707,-1,1,22.0,1,1,0,3.1,-2,-5.246053641968944,0.7542686428484098,0.0
0,1,3,5.3,400.0,400.0,10.0,1,100.0,0.10310602188110352,-1,1,22.0,1,2,0,3.1,0,1.493182551259577,5.085312760156836,0.0
0,20,0,5.3,400.0,400.0,10.0,-1,100.0,0.10329890251159668,-1,1,22.0,2,1,0,3.1,0,-2.8653963325146705,4.458643724005258,0.0
0,2,4,5.3,400.0,400.0,10.0,0,100.0,0.10327601432800293,-1,1,22.0,1,2,0,3.1,0,2.865396332514667,4.4586437240052605,0.0
0,8,10,5.3,400.0,400.0,10.0,1,100.0,0.10326409339904785,-1,1,22.0,1,2,0,3.1,0,4.005472744077569,-3.47076188991001,0.0
0,13,15,5.3,400.0,400.0,10.0,1,100.0,0.10316300392150879,-1,1,22.0,2,2,0,3.1,-1,-2.865396332514667,-4.4586437240052605,0.0
0,9,11,5.3,400.0,400.0,10.0,1,100.0,0.10325884819030762,-1,1,22.0,1,2,0,3.1,0,2.8653963325146665,-4.4586437240052605,0.0
0,5,7,5.3,400.0,400.0,10.0,0,100.0,0.10322093963623047,-1,1,22.0,1,2,0,3.1,2,5.246053641968943,0.7542686428484122,0.0
0,3,5,5.3,400.0,400.0,10.0,1,100.0,0.10329103469848633,-1,1,22.0,1,2,0,3.1,-2,4.005472744077569,3.470761889910011,0.0
0,20,0,5.3,400.0,400.0,10.0,-2,100.0,0.10327291488647461,-1,1,22.0,2,2,0,3.1,1,-2.8653963325146705,4.458643724005258,0.0
0,4,6,5.3,400.0,400.0,10.0,0,100.0,0.10328888893127441,-1,1,22.0,1,2,0,3.1,1,4.821049575378947,2.201699568909998,0.0
0,10,12,5.3,400.0,400.0,10.0,-1,100.0,0.10327982902526855,-1,1,22.0,1,1,0,3.1,-2,1.4931825512595793,-5.085312760156835,0.0
0,17,19,5.3,400.0,400.0,10.0,0,100.0,0.10309910774230957,-1,1,22.0,1,2,0,3.1,1,-5.246053641968944,0.7542686428484098,0.0
0,3,5,5.3,400.0,400.0,10.0,-1,100.0,0.10327005386352539,-1,1,22.0,2,2,0,3.1,0,4.005472744077569,3.470761889910011,0.0
0,19,21,5.3,400.0,400.0,10.0,0,100.0,0.10327792167663574,-1,1,22.0,2,1,0,3.1,2,-4.005472744077568,3.470761889910012,0.0
0,4,6,5.3,400.0,400.0,10.0,0,100.0,0.10327315330505371,-1,1,22.0,1,1,0,3.1,2,4.821049575378947,2.201699568909998,0.0
0,17,19,5.3,400.0,400.0,10.0,0,100.0,0.10328388214111328,-1,1,22.0,2,1,0,3.1,-1,-5.246053641968944,0.7542686428484098,0.0
0,10,12,5.3,400.0,400.0,10.0,1,100.0,0.10333800315856934,-1,1,22.0,2,1,0,3.1,1,1.4931825512595793,-5.085312760156835,0.0
0,21,1,5.3,400.0,400.0,10.0,0,100.0,0.10376191139221191,-1,1,22.0,2,2,0,3.1,-2,-1.4931825512595778,5.085312760156836,0.0
0,12,14,5.3,400.0,400.0,10.0,-2,100.0,0.10326886177062988,-1,1,22.0,1,2,0,3.1,0,-1.4931825512595758,-5.085312760156836,0.0
0,7,9,5.3,400.0,400.0,10.0,0,100.0,0.10325908660888672,-1,1,22.0,1,2,0,3.1,-1,4.8210495753789475,-2.2016995689099974,0.0
0,10,12,5.3,400.0,400.0,10.0,0,100.0,0.10327386856079102,-1,1,22.0,1,1,0,3.1,2,1.4931825512595793,-5.085312760156835,0.0
0,3,5,5.3,400.0,400.0,10.0,0,100.0,0.1032719612121582,-1,1,22.0,1,2,0,3.1,0,4.005472744077569,3.470761889910011,0.0
0,0,2,5.3,400.0,400.0,10.0,1,100.0,0.10327291488647461,-1,1,22.0,2,2,0,3.1,0,0.0,5.3,0.0
0,17,19,5.3,400.0,400.0,10.0,0,100.0,0.10326194763183594,-1,1,22.0,1,2,0,3.1,-1,-5.246053641968944,0.7542686428484098,0.0
0,9,11,5.3,400.0,400.0,10.0,0,100.0,0.1033029556274414,-1,1,22.0,2,1,0,3.1,2,2.8653963325146665,-4.4586437240052605,0.0
0,10,12,5.3,400.0,400.0,10.0,-2,100.0,0.10326814651489258,-1,1,22.0,2,2,0,3.1,0,1.4931825512595793,-5.085312760156835,0.0
0,1,3,5.3,400.0,400.0,10.0,-1,100.0,0.10326504707336426,-1,1,22.0,1,1,0,3.1,2,1.493182551259577,5.085312760156836,0.0
0,5,7,5.3,400.0,400.0,10.0,0,100.0,0.10326695442199707,-1,1,22.0,1,1,0,3.1,-1,5.246053641968943,0.7542686428484122,0.0
0,14,16,5.3,400.0,400.0,10.0,-2,100.0,0.10337305068969727,-1,1,22.0,1,1,0,3.1,1,-4.005472744077568,-3.4707618899100114,0.0
0,11,13,5.3,400.0,400.0,10.0,-2,100.0,0.1032569408416748,-1,1,22.0,1,2,0,3.1,0,6.490413675258599e-16,-5.3,0.0
0,11,13,5.3,400.0,400.0,10.0,0,100.0,0.10326600074768066,-1,1,22.0,1,2,0,3.1,0,6.490413675258599e-16,-5.3,0.0
0,20,0,5.3,400.0,400.0,10.0,-1,100.0,0.10318613052368164,-1,1,22.0,1,1,0,3.1,2,-2.8653963325146705,4.458643724005258,0.0
0,15,17,5.3,400.0,400.0,10.0,1,100.0,0.10327696800231934,-1,1,22.0,2,2,0,3.1,-2,-4.821049575378945,-2.201699568910002,0.0
0,21,1,5.3,400.0,400.0,10.0,-1,100.0,0.10324406623840332,-1,1,22.0,1,2,0,3.1,0,-1.4931825512595778,5.085312760156836,0.0
0,5,7,5.3,400.0,400.0,10.0,0,100.0,0.10326290130615234,-1,1,22.0,1,2,0,3.1,-2,5.246053641968943,0.7542686428484122,0.0
0,18,20,5.3,400.0,400.0,10.0,-1,100.0,0.10326004028320312,-1,1,22.0,1,2,0,3.1,2,-4.821049575378947,2.20169956891,0.0
0,14,16,5.3,400.0,400.0,10.0,0,100.0,0.10324597358703613,-1,1,22.0,2,2,0,3.1,-1,-4.005472744077568,-3.4707618899100114,0.0
0,5,7,5.3,400.0,400.0,10.0,1,100.0,0.1032419204711914,-1,1,22.0,1,2,0,3.1,1,5.246053641968943,0.7542686428484122,0.0
0,21,1,5.3,400.0,400.0,10.0,0,100.0,0.10329794883728027,-1,1,22.0,2,2,0,3.1,-1,-1.4931825512595778,5.085312760156836,0.0
0,2,4,5.3,400.0,400.0,10.0,2,100.0,0.10328102111816406,-1,1,22.0,1,1,0,3.1,-2,2.865396332514667,4.4586437240052605,0.0
0,6,8,5.3,400.0,400.0,10.0,0,100.0,0.10327696800231934,-1,1,22.0,1,2,0,3.1,-2,5.246053641968944,-0.7542686428484106,0.0
0,19,21,5.3,400.0,400.0,10.0,-1,100.0,0.10312318801879883,-1,1,22.0,1,1,0,3.1,0,-4.005472744077568,3.470761889910012,0.0
0,15,17,5.3,400.0,400.0,10.0,0,100.0,0.10326790809631348,-1,1,22.0,1,2,0,3.1,-2,-4.821049575378945,-2.201699568910002,0.0
0,17,19,5.3,400.0,400.0,10.0,-1,100.0,0.10309481620788574,-1,1,22.0,2,1,0,3.1,2,-5.246053641968944,0.7542686428484098,0.0
0,3,5,5.3,400.0,400.0,10.0,1,100.0,0.10325908660888672,-1,1,22.0,2,1,0,3.1,0,4.005472744077569,3.470761889910011,0.0
0,19,21,5.3,400.0,400.0,10.0,1,100.0,0.1033928394317627,-1,1,22.0,1,2,0,3.1,0,-4.005472744077568,3.470761889910012,0.0
0,21,1,5.3,400.0,400.0,10.0,-1,100.0,0.10397696495056152,-1,1,22.0,2,2,0,3.1,0,-1.4931825512595778,5.085312760156836,0.0
0,13,15,5.3,400.0,400.0,10.0,2,100.0,0.10333395004272461,-1,1,22.0,2,2,0,3.1,1,-2.865396332514667,-4.4586437240052605,0.0
0,15,17,5.3,400.0,400.0,10.0,0,100.0,0.1032719612121582,-1,1,22.0,2,1,0,3.1,0,-4.821049575378945,-2.201699568910002,0.0
0,19,21,5.3,400.0,400.0,10.0,2,100.0,0.10328197479248047,-1,1,22.0,2,1,0,3.1,-1,-4.005472744077568,3.470761889910012,0.0
0,21,1,5.3,400.0,400.0,10.0,0,100.0,0.10313200950622559,-1,1,22.0,2,1,0,3.1,1,-1.4931825512595778,5.085312760156836,0.0
0,16,18,5.3,400.0,400.0,10.0,1,100.0,0.10309314727783203,-1,1,22.0,1,1,0,3.1,-2,-5.246053641968943,-0.7542686428484117,0.0
0,2,4,5.3,400.0,400.0,10.0,1,100.0,0.10328197479248047,-1,1,22.0,1,2,0,3.1,0,2.865396332514667,4.4586437240052605,0.0
0,7,9,5.3,400.0,400.0,10.0,2,100.0,0.10327887535095215,-1,1,22.0,1,2,0,3.1,0,4.8210495753789475,-2.2016995689099974,0.0
0,10,12,5.3,400.0,400.0,10.0,-2,100.0,0.10326004028320312,-1,1,22.0,2,2,0,3.1,1,1.4931825512595793,-5.085312760156835,0.0
0,17,19,5.3,400.0,400.0,10.0,1,100.0,0.10327410697937012,-1,1,22.0,1,2,0,3.1,1,-5.246053641968944,0.7542686428484098,0.0
0,16,18,5.3,400.0,400.0,10.0,0,100.0,0.10326504707336426,-1,1,22.0,2,1,0,3.1,0,-5.246053641968943,-0.7542686428484117,0.0
