offset2,cue-loc-int,refi,radius,ntrials,ms-st-cue,npractice,resp-h-pos,ms-stimon,actualStimOn,version,bars-or-spot,nitems,resp-h-hv,resp-v-hv,offset,cue-length,resp-v-pos,cue-loc-x,cue-loc-y,ms-precue
0,20,0,5.3,400.0,400.0,10.0,0,100.0,0.10325217247009277,0,2,22.0,1,2,0,3.1,1,-2.8653963325146705,4.458643724005258,0.0
0,15,17,5.3,400.0,400.0,10.0,0,100.0,0.10325193405151367,0,2,22.0,1,1,0,3.1,-1,-4.821049575378945,-2.201699568910002,0.0
0,16,18,5.3,400.0,400.0,10.0,-1,100.0,0.10329294204711914,0,2,22.0,1,2,0,3.1,0,-5.246053641968943,-0.7542686428484117,0.0
0,14,16,5.3,400.0,400.0,10.0,0,100.0,0.1031489372253418,0,2,22.0,1,2,0,3.1,-2,-4.005472744077568,-3.4707618899100114,0.0
0,8,10,5.3,400.0,400.0,10.0,-1,100.0,0.10327911376953125,0,2,22.0,1,2,0,3.1,-1,4.005472744077569,-3.47076188991001,0.0
0,15,17,5.3,400.0,400.0,10.0,0,100.0,0.10318207740783691,0,2,22.0,1,2,0,3.1,0,-4.821049575378945,-2.201699568910002,0.0
0,16,18,5.3,400.0,400.0,10.0,0,100.0,0.10307979583740234,0,2,22.0,1,1,0,3.1,2,-5.246053641968943,-0.7542686428484117,0.0
0,10,12,5.3,400.0,400.0,10.0,-2,100.0,0.10320591926574707,0,2,22.0,1,2,0,3.1,0,1.4931825512595793,-5.085312760156835,0.0
0,20,0,5.3,400.0,400.0,10.0,1,100.0,0.10320687294006348,0,2,22.0,2,1,0,3.1,-2,-2.8653963325146705,4.458643724005258,0.0
0,2,4,5.3,400.0,400.0,10.0,0,100.0,0.10328102111816406,0,2,22.0,1,2,0,3.1,0,2.865396332514667,4.4586437240052605,0.0
0,8,10,5.3,400.0,400.0,10.0,0,100.0,0.10314011573791504,0,2,22.0,2,2,0,3.1,-1,4.005472744077569,-3.47076188991001,0.0
0,12,14,5.3,400.0,400.0,10.0,-2,100.0,0.10325908660888672,0,2,22.0,1,1,0,3.1,0,-1.4931825512595758,-5.085312760156836,0.0
0,4,6,5.3,400.0,400.0,10.0,0,100.0,0.10324501991271973,0,2,22.0,1,2,0,3.1,0,4.821049575378947,2.201699568909998,0.0
0,16,18,5.3,400.0,400.0,10.0,0,100.0,0.10309910774230957,0,2,22.0,1,1,0,3.1,-1,-5.246053641968943,-0.7542686428484117,0.0
0,20,0,5.3,400.0,400.0,10.0,0,100.0,0.10324501991271973,0,2,22.0,2,1,0,3.1,-2,-2.8653963325146705,4.458643724005258,0.0
0,2,4,5.3,400.0,400.0,10.0,-1,100.0,0.10312390327453613,0,2,22.0,1,2,0,3.1,0,2.865396332514667,4.4586437240052605,0.0
0,4,6,5.3,400.0,400.0,10.0,1,100.0,0.10327696800231934,0,2,22.0,1,2,0,3.1,0,4.821049575378947,2.201699568909998,0.0
0,0,2,5.3,400.0,400.0,10.0,1,100.0,0.10313105583190918,0,2,22.0,2,2,0,3.1,0,0.0,5.3,0.0
0,13,15,5.3,400.0,400.0,10.0,1,100.0,0.10325407981872559,0,2,22.0,1,2,0,3.1,1,-2.865396332514667,-4.4586437240052605,0.0
0,3,5,5.3,400.0,400.0,10.0,0,100.0,0.10326004028320312,0,2,22.0,1,1,0,3.1,-2,4.005472744077569,3.470761889910011,0.0
0,14,16,5.3,400.0,400.0,10.0,0,100.0,0.10312795639038086,0,2,22.0,2,1,0,3.1,-1,-4.005472744077568,-3.4707618899100114,0.0
0,16,18,5.3,400.0,400.0,10.0,0,100.0,0.10313916206359863,0,2,22.0,1,2,0,3.1,0,-5.246053641968943,-0.7542686428484117,0.0
0,8,10,5.3,400.0,400.0,10.0,1,100.0,0.10321712493896484,0,2,22.0,2,1,0,3.1,0,4.005472744077569,-3.47076188991001,0.0
0,17,19,5.3,400.0,400.0,10.0,-1,100.0,0.10327696800231934,0,2,22.0,1,2,0,3.1,0,-5.246053641968944,0.7542686428484098,0.0
0,19,21,5.3,400.0,400.0,10.0,0,100.0,0.10331892967224121,0,2,22.0,2,1,0,3.1,-2,-4.005472744077568,3.470761889910012,0.0
0,15,17,5.3,400.0,400.0,10.0,0,100.0,0.10327386856079102,0,2,22.0,1,2,0,3.1,0,-4.821049575378945,-2.201699568910002,0.0
0,3,5,5.3,400.0,400.0,10.0,1,100.0,0.10327577590942383,0,2,22.0,1,1,0,3.1,-1,4.005472744077569,3.470761889910011,0.0
0,2,4,5.3,400.0,400.0,10.0,0,100.0,0.10319805145263672,0,2,22.0,1,2,0,3.1,0,2.865396332514667,4.4586437240052605,0.0
0,10,12,5.3,400.0,400.0,10.0,-2,100.0,0.10339093208312988,0,2,22.0,1,2,0,3.1,2,1.4931825512595793,-5.085312760156835,0.0
0,15,17,5.3,400.0,400.0,10.0,1,100.0,0.10307908058166504,0,2,22.0,1,2,0,3.1,0,-4.821049575378945,-2.201699568910002,0.0
0,13,15,5.3,400.0,400.0,10.0,-2,100.0,0.10334610939025879,0,2,22.0,1,2,0,3.1,2,-2.865396332514667,-4.4586437240052605,0.0
0,10,12,5.3,400.0,400.0,10.0,-1,100.0,0.10310888290405273,0,2,22.0,2,1,0,3.1,0,1.4931825512595793,-5.085312760156835,0.0
0,3,5,5.3,400.0,400.0,10.0,1,100.0,0.1031041145324707,0,2,22.0,2,1,0,3.1,-1,4.005472744077569,3.470761889910011,0.0
0,10,12,5.3,400.0,400.0,10.0,-1,100.0,0.10326600074768066,0,2,22.0,2,1,0,3.1,2,1.4931825512595793,-5.085312760156835,0.0
0,12,14,5.3,400.0,400.0,10.0,1,100.0,0.10308384895324707,0,2,22.0,1,2,0,3.1,1,-1.4931825512595758,-5.085312760156836,0.0
0,16,18,5.3,400.0,400.0,10.0,0,100.0,0.10314202308654785,0,2,22.0,1,2,0,3.1,0,-5.246053641968943,-0.7542686428484117,0.0
0,12,14,5.3,400.0,400.0,10.0,-1,100.0,0.10515594482421875,0,2,22.0,1,1,0,3.1,1,-1.4931825512595758,-5.085312760156836,0.0
0,21,1,5.3,400.0,400.0,10.0,0,100.0,0.10311222076416016,0,2,22.0,1,1,0,3.1,-1,-1.4931825512595778,5.085312760156836,0.0
0,7,9,5.3,400.0,400.0,10.0,0,100.0,0.10312485694885254,0,2,22.0,1,2,0,3.1,0,4.8210495753789475,-2.2016995689099974,0.0
0,5,7,5.3,400.0,400.0,10.0,-2,100.0,0.10328006744384766,0,2,22.0,1,2,0,3.1,0,5.246053641968943,0.7542686428484122,0.0
0,8,10,5.3,400.0,400.0,10.0,0,100.0,0.10327601432800293,0,2,22.0,1,1,0,3.1,-2,4.005472744077569,-3.47076188991001,0.0
0,10,12,5.3,400.0,400.0,10.0,2,100.0,0.10309600830078125,0,2,22.0,2,1,0,3.1,0,1.4931825512595793,-5.085312760156835,0.0
0,0,2,5.3,400.0,400.0,10.0,1,100.0,0.10310196876525879,0,2,22.0,2,2,0,3.1,-2,0.0,5.3,0.0
0,6,8,5.3,400.0,400.0,10.0,0,100.0,0.10310006141662598,0,2,22.0,1,2,0,3.1,0,5.246053641968944,-0.7542686428484106,0.0
0,14,16,5.3,400.0,400.0,10.0,-1,100.0,0.10328292846679688,0,2,22.0,2,2,0,3.1,2,-4.005472744077568,-3.4707618899100114,0.0
0,13,15,5.3,400.0,400.0,10.0,-1,100.0,0.10336494445800781,0,2,22.0,1,2,0,3.1,0,-2.865396332514667,-4.4586437240052605,0.0
0,13,15,5.3,400.0,400.0,10.0,0,100.0,0.10321402549743652,0,2,22.0,2,1,0,3.1,-1,-2.865396332514667,-4.4586437240052605,0.0
0,3,5,5.3,400.0,400.0,10.0,1,100.0,0.10321307182312012,0,2,22.0,2,1,0,3.1,1,4.005472744077569,3.470761889910011,0.0
0,0,2,5.3,400.0,400.0,10.0,0,100.0,0.10325098037719727,0,2,22.0,1,1,0,3.1,2,0.0,5.3,0.0
0,21,1,5.3,400.0,400.0,10.0,-2,100.0,0.1032860279083252,0,2,22.0,1,2,0,3.1,-1,-1.4931825512595778,5.085312760156836,0.0
0,6,8,5.3,400.0,400.0,10.0,0,100.0,0.10321998596191406,0,2,22.0,1,2,0,3.1,0,5.246053641968944,-0.7542686428484106,0.0
0,8,10,5.3,400.0,400.0,10.0,-1,100.0,0.10325503349304199,0,2,22.0,1,2,0,3.1,-1,4.005472744077569,-3.47076188991001,0.0
0,10,12,5.3,400.0,400.0,10.0,-1,100.0,0.10312390327453613,0,2,22.0,1,1,0,3.1,-2,1.4931825512595793,-5.085312760156835,0.0
0,16,18,5.3,400.0,400.0,10.0,0,100.0,0.10337591171264648,0,2,22.0,1,2,0,3.1,0,-5.246053641968943,-0.7542686428484117,0.0
0,12,14,5.3,400.0,400.0,10.0,0,100.0,0.10326910018920898,0,2,22.0,1,2,0,3.1,-2,-1.4931825512595758,-5.085312760156836,0.0
0,10,12,5.3,400.0,400.0,10.0,-1,100.0,0.10323500633239746,0,2,22.0,2,1,0,3.1,-1,1.4931825512595793,-5.085312760156835,0.0
0,8,10,5.3,400.0,400.0,10.0,0,100.0,0.10329294204711914,0,2,22.0,1,1,0,3.1,2,4.005472744077569,-3.47076188991001,0.0
0,19,21,5.3,400.0,400.0,10.0,1,100.0,0.10317182540893555,0,2,22.0,2,1,0,3.1,0,-4.005472744077568,3.470761889910012,0.0
0,18,20,5.3,400.0,400.0,10.0,2,100.0,0.10312080383300781,0,2,22.0,2,1,0,3.1,-2,-4.821049575378947,2.20169956891,0.0
0,7,9,5.3,400.0,400.0,10.0,2,100.0,0.10326600074768066,0,2,22.0,2,1,0,3.1,2,4.8210495753789475,-2.2016995689099974,0.0
0,12,14,5.3,400.0,400.0,10.0,-1,100.0,0.10307097434997559,0,2,22.0,1,2,0,3.1,-2,-1.4931825512595758,-5.085312760156836,0.0
0,11,13,5.3,400.0,400.0,10.0,-1,100.0,0.10327792167663574,0,2,22.0,1,2,0,3.1,0,6.490413675258599e-16,-5.3,0.0
0,19,21,5.3,400.0,400.0,10.0,0,100.0,0.10318708419799805,0,2,22.0,1,2,0,3.1,-2,-4.005472744077568,3.470761889910012,0.0
0,19,21,5.3,400.0,400.0,10.0,-1,100.0,0.10327291488647461,0,2,22.0,2,1,0,3.1,1,-4.005472744077568,3.470761889910012,0.0
0,2,4,5.3,400.0,400.0,10.0,2,100.0,0.10310816764831543,0,2,22.0,1,2,0,3.1,-1,2.865396332514667,4.4586437240052605,0.0
0,20,0,5.3,400.0,400.0,10.0,-1,100.0,0.10310006141662598,0,2,22.0,2,1,0,3.1,2,-2.8653963325146705,4.458643724005258,0.0
0,13,15,5.3,400.0,400.0,10.0,-1,100.0,0.10309290885925293,0,2,22.0,2,1,0,3.1,-1,-2.865396332514667,-4.4586437240052605,0.0
0,0,2,5.3,400.0,400.0,10.0,0,100.0,0.10323214530944824,0,2,22.0,1,1,0,3.1,-2,0.0,5.3,0.0
0,7,9,5.3,400.0,400.0,10.0,2,100.0,0.10312604904174805,0,2,22.0,1,2,0,3.1,0,4.8210495753789475,-2.2016995689099974,0.0
0,19,21,5.3,400.0,400.0,10.0,-1,100.0,0.10313606262207031,0,2,22.0,1,1,0,3.1,2,-4.005472744077568,3.470761889910012,0.0
0,2,4,5.3,400.0,400.0,10.0,-2,100.0,0.10319185256958008,0,2,22.0,1,1,0,3.1,0,2.865396332514667,4.4586437240052605,0.0
0,0,2,5.3,400.0,400.0,10.0,0,100.0,0.10322904586791992,0,2,22.0,1,1,0,3.1,2,0.0,5.3,0.0
0,12,14,5.3,400.0,400.0,10.0,0,100.0,0.1031179428100586,0,2,22.0,1,1,0,3.1,-1,-1.4931825512595758,-5.085312760156836,0.0
0,20,0,5.3,400.0,400.0,10.0,2,100.0,0.10330796241760254,0,2,22.0,1,2,0,3.1,-2,-2.8653963325146705,4.458643724005258,0.0
0,1,3,5.3,400.0,400.0,10.0,0,100.0,0.10326600074768066,0,2,22.0,1,2,0,3.1,1,1.493182551259577,5.085312760156836,0.0
0,8,10,5.3,400.0,400.0,10.0,0,100.0,0.10320115089416504,0,2,22.0,1,1,0,3.1,2,4.005472744077569,-3.47076188991001,0.0
0,13,15,5.3,400.0,400.0,10.0,2,100.0,0.10370683670043945,0,2,22.0,1,2,0,3.1,2,-2.865396332514667,-4.4586437240052605,0.0
0,5,7,5.3,400.0,400.0,10.0,1,100.0,0.10309600830078125,0,2,22.0,2,1,0,3.1,1,5.246053641968943,0.7542686428484122,0.0
0,13,15,5.3,400.0,400.0,10.0,2,100.0,0.10325813293457031,0,2,22.0,1,2,0,3.1,2,-2.865396332514667,-4.4586437240052605,0.0
0,8,10,5.3,400.0,400.0,10.0,0,100.0,0.10328412055969238,0,2,22.0,1,1,0,3.1,2,4.005472744077569,-3.47076188991001,0.0
0,5,7,5.3,400.0,400.0,10.0,0,100.0,0.10311007499694824,0,2,22.0,2,1,0,3.1,2,5.246053641968943,0.7542686428484122,0.0
0,12,14,5.3,400.0,400.0,10.0,1,100.0,0.10317492485046387,0,2,22.0,2,1,0,3.1,-1,-1.4931825512595758,-5.085312760156836,0.0
0,5,7,5.3,400.0,400.0,10.0,1,100.0,0.10319209098815918,0,2,22.0,2,1,0,3.1,0,5.246053641968943,0.7542686428484122,0.0
0,17,19,5.3,400.0,400.0,10.0,0,100.0,0.10318994522094727,0,2,22.0,1,2,0,3.1,0,-5.246053641968944,0.7542686428484098,0.0
0,20,0,5.3,400.0,400.0,10.0,1,100.0,0.10327386856079102,0,2,22.0,1,2,0,3.1,2,-2.8653963325146705,4.458643724005258,0.0
0,11,13,5.3,400.0,400.0,10.0,0,100.0,0.10319805145263672,0,2,22.0,2,1,0,3.1,2,6.490413675258599e-16,-5.3,0.0
0,1,3,5.3,400.0,400.0,10.0,-2,100.0,0.1032719612121582,0,2,22.0,1,2,0,3.1,-2,1.493182551259577,5.085312760156836,0.0
0,18,20,5.3,400.0,400.0,10.0,1,100.0,0.10318899154663086,0,2,22.0,1,1,0,3.1,-2,-4.821049575378947,2.20169956891,0.0
0,14,16,5.3,400.0,400.0,10.0,2,100.0,0.10310792922973633,0,2,22.0,1,1,0,3.1,1,-4.005472744077568,-3.4707618899100114,0.0
0,7,9,5.3,400.0,400.0,10.0,-1,100.0,0.10325503349304199,0,2,22.0,1,2,0,3.1,-2,4.8210495753789475,-2.2016995689099974,0.0
0,1,3,5.3,400.0,400.0,10.0,2,100.0,0.10327482223510742,0,2,22.0,2,2,0,3.1,-1,1.493182551259577,5.085312760156836,0.0
0,0,2,5.3,400.0,400.0,10.0,2,100.0,0.10330700874328613,0,2,22.0,2,2,0,3.1,-1,0.0,5.3,0.0
0,0,2,5.3,400.0,400.0,10.0,0,100.0,0.10326504707336426,0,2,22.0,1,2,0,3.1,0,0.0,5.3,0.0
0,13,15,5.3,400.0,400.0,10.0,-2,100.0,0.10327601432800293,0,2,22.0,1,1,0,3.1,-1,-2.865396332514667,-4.4586437240052605,0.0
0,20,0,5.3,400.0,400.0,10.0,0,100.0,0.10311102867126465,0,2,22.0,1,1,0,3.1,-2,-2.8653963325146705,4.458643724005258,0.0
0,16,18,5.3,400.0,400.0,10.0,0,100.0,0.10326504707336426,0,2,22.0,2,1,0,3.1,2,-5.246053641968943,-0.7542686428484117,0.0
0,9,11,5.3,400.0,400.0,10.0,0,100.0,0.10329890251159668,0,2,22.0,1,2,0,3.1,-1,2.8653963325146665,-4.4586437240052605,0.0
0,11,13,5.3,400.0,400.0,10.0,0,100.0,0.1032872200012207,0,2,22.0,2,2,0,3.1,1,6.490413675258599e-16,-5.3,0.0
0,2,4,5.3,400.0,400.0,10.0,1,100.0,0.10309004783630371,0,2,22.0,1,2,0,3.1,0,2.865396332514667,4.4586437240052605,0.0
0,20,0,5.3,400.0,400.0,10.0,2,100.0,0.10328483581542969,0,2,22.0,1,2,0,3.1,-2,-2.8653963325146705,4.458643724005258,0.0
0,8,10,5.3,400.0,400.0,10.0,0,100.0,0.1032860279083252,0,2,22.0,1,1,0,3.1,-2,4.005472744077569,-3.47076188991001,0.0
0,20,0,5.3,400.0,400.0,10.0,2,100.0,0.10310602188110352,0,2,22.0,1,1,0,3.1,0,-2.8653963325146705,4.458643724005258,0.0
0,10,12,5.3,400.0,400.0,10.0,1,100.0,0.10330009460449219,0,2,22.0,2,2,0,3.1,0,1.4931825512595793,-5.085312760156835,0.0
0,15,17,5.3,400.0,400.0,10.0,0,100.0,0.10318684577941895,0,2,22.0,1,2,0,3.1,0,-4.821049575378945,-2.201699568910002,0.0
0,18,20,5.3,400.0,400.0,10.0,0,100.0,0.10317397117614746,0,2,22.0,1,1,0,3.1,1,-4.821049575378947,2.20169956891,0.0
0,3,5,5.3,400.0,400.0,10.0,-2,100.0,0.10335016250610352,0,2,22.0,1,1,0,3.1,1,4.005472744077569,3.470761889910011,0.0
0,14,16,5.3,400.0,400.0,10.0,-1,100.0,0.10309004783630371,0,2,22.0,1,1,0,3.1,1,-4.005472744077568,-3.4707618899100114,0.0
0,19,21,5.3,400.0,400.0,10.0,-1,100.0,0.10308718681335449,0,2,22.0,1,2,0,3.1,2,-4.005472744077568,3.470761889910012,0.0
0,11,13,5.3,400.0,400.0,10.0,-1,100.0,0.10315108299255371,0,2,22.0,1,2,0,3.1,-1,6.490413675258599e-16,-5.3,0.0
0,18,20,5.3,400.0,400.0,10.0,-2,100.0,0.10322403907775879,0,2,22.0,1,2,0,3.1,0,-4.821049575378947,2.20169956891,0.0
0,10,12,5.3,400.0,400.0,10.0,1,100.0,0.10326886177062988,0,2,22.0,1,1,0,3.1,2,1.4931825512595793,-5.085312760156835,0.0
0,1,3,5.3,400.0,400.0,10.0,0,100.0,0.10333704948425293,0,2,22.0,1,2,0,3.1,0,1.493182551259577,5.085312760156836,0.0
0,5,7,5.3,400.0,400.0,10.0,1,100.0,0.10349798202514648,0,2,22.0,2,1,0,3.1,0,5.246053641968943,0.7542686428484122,0.0
0,10,12,5.3,400.0,400.0,10.0,0,100.0,0.10312414169311523,0,2,22.0,1,1,0,3.1,2,1.4931825512595793,-5.085312760156835,0.0
0,7,9,5.3,400.0,400.0,10.0,1,100.0,0.10329413414001465,0,2,22.0,2,2,0,3.1,0,4.8210495753789475,-2.2016995689099974,0.0
0,17,19,5.3,400.0,400.0,10.0,-2,100.0,0.10326695442199707,0,2,22.0,2,1,0,3.1,-2,-5.246053641968944,0.7542686428484098,0.0
0,11,13,5.3,400.0,400.0,10.0,0,100.0,0.1032719612121582,0,2,22.0,1,1,0,3.1,-2,6.490413675258599e-16,-5.3,0.0
0,21,1,5.3,400.0,400.0,10.0,-2,100.0,0.10326194763183594,0,2,22.0,2,1,0,3.1,0,-1.4931825512595778,5.085312760156836,0.0
0,2,4,5.3,400.0,400.0,10.0,0,100.0,0.10309195518493652,0,2,22.0,1,1,0,3.1,-2,2.865396332514667,4.4586437240052605,0.0
0,12,14,5.3,400.0,400.0,10.0,-1,100.0,0.10316705703735352,0,2,22.0,2,1,0,3.1,2,-1.4931825512595758,-5.085312760156836,0.0
0,0,2,5.3,400.0,400.0,10.0,2,100.0,0.10325002670288086,0,2,22.0,2,2,0,3.1,0,0.0,5.3,0.0
0,6,8,5.3,400.0,400.0,10.0,0,100.0,0.10315895080566406,0,2,22.0,1,2,0,3.1,0,5.246053641968944,-0.7542686428484106,0.0
0,19,21,5.3,400.0,400.0,10.0,-1,100.0,0.1032719612121582,0,2,22.0,1,1,0,3.1,0,-4.005472744077568,3.470761889910012,0.0
0,6,8,5.3,400.0,400.0,10.0,0,100.0,0.10326695442199707,0,2,22.0,1,2,0,3.1,0,5.246053641968944,-0.7542686428484106,0.0
0,3,5,5.3,400.0,400.0,10.0,1,100.0,0.1032719612121582,0,2,22.0,1,2,0,3.1,0,4.005472744077569,3.470761889910011,0.0
0,11,13,5.3,400.0,400.0,10.0,-1,100.0,0.1032569408416748,0,2,22.0,1,1,0,3.1,2,6.490413675258599e-16,-5.3,0.0
0,5,7,5.3,400.0,400.0,10.0,1,100.0,0.10326790809631348,0,2,22.0,2,1,0,3.1,-1,5.246053641968943,0.7542686428484122,0.0
0,17,19,5.3,400.0,400.0,10.0,1,100.0,0.10309195518493652,0,2,22.0,2,2,0,3.1,0,-5.246053641968944,0.7542686428484098,0.0
0,10,12,5.3,400.0,400.0,10.0,2,100.0,0.10320401191711426,0,2,22.0,2,2,0,3.1,0,1.4931825512595793,-5.085312760156835,0.0
0,12,14,5.3,400.0,400.0,10.0,-1,100.0,0.10321497917175293,0,2,22.0,1,2,0,3.1,1,-1.4931825512595758,-5.085312760156836,0.0
0,19,21,5.3,400.0,400.0,10.0,1,100.0,0.10311293601989746,0,2,22.0,1,1,0,3.1,0,-4.005472744077568,3.470761889910012,0.0
0,2,4,5.3,400.0,400.0,10.0,1,100.0,0.10310506820678711,0,2,22.0,1,2,0,3.1,2,2.865396332514667,4.4586437240052605,0.0
0,9,11,5.3,400.0,400.0,10.0,0,100.0,0.10309505462646484,0,2,22.0,2,2,0,3.1,1,2.8653963325146665,-4.4586437240052605,0.0
0,3,5,5.3,400.0,400.0,10.0,0,100.0,0.10325384140014648,0,2,22.0,1,2,0,3.1,-2,4.005472744077569,3.470761889910011,0.0
0,10,12,5.3,400.0,400.0,10.0,2,100.0,0.10310006141662598,0,2,22.0,2,2,0,3.1,-1,1.4931825512595793,-5.085312760156835,0.0
0,14,16,5.3,400.0,400.0,10.0,-2,100.0,0.10354900360107422,0,2,22.0,1,2,0,3.1,-1,-4.005472744077568,-3.4707618899100114,0.0
0,9,11,5.3,400.0,400.0,10.0,0,100.0,0.1032860279083252,0,2,22.0,2,1,0,3.1,2,2.8653963325146665,-4.4586437240052605,0.0
0,18,20,5.3,400.0,400.0,10.0,0,100.0,0.10332012176513672,0,2,22.0,2,2,0,3.1,-1,-4.821049575378947,2.20169956891,0.0
0,12,14,5.3,400.0,400.0,10.0,1,100.0,0.10337400436401367,0,2,22.0,2,2,0,3.1,0,-1.4931825512595758,-5.085312760156836,0.0
0,4,6,5.3,400.0,400.0,10.0,0,100.0,0.10314607620239258,0,2,22.0,1,2,0,3.1,0,4.821049575378947,2.201699568909998,0.0
0,0,2,5.3,400.0,400.0,10.0,1,100.0,0.10326409339904785,0,2,22.0,1,1,0,3.1,2,0.0,5.3,0.0
0,2,4,5.3,400.0,400.0,10.0,0,100.0,0.10328793525695801,0,2,22.0,1,2,0,3.1,0,2.865396332514667,4.4586437240052605,0.0
0,19,21,5.3,400.0,400.0,10.0,0,100.0,0.10318398475646973,0,2,22.0,1,2,0,3.1,-1,-4.005472744077568,3.470761889910012,0.0
0,20,0,5.3,400.0,400.0,10.0,0,100.0,0.10327792167663574,0,2,22.0,1,1,0,3.1,-2,-2.8653963325146705,4.458643724005258,0.0
0,11,13,5.3,400.0,400.0,10.0,0,100.0,0.1032710075378418,0,2,22.0,1,1,0,3.1,1,6.490413675258599e-16,-5.3,0.0
0,5,7,5.3,400.0,400.0,10.0,0,100.0,0.10326504707336426,0,2,22.0,1,1,0,3.1,2,5.246053641968943,0.7542686428484122,0.0
0,15,17,5.3,400.0,400.0,10.0,-1,100.0,0.10322690010070801,0,2,22.0,2,2,0,3.1,0,-4.821049575378945,-2.201699568910002,0.0
0,15,17,5.3,400.0,400.0,10.0,0,100.0,0.10333490371704102,0,2,22.0,1,2,0,3.1,1,-4.821049575378945,-2.201699568910002,0.0
0,2,4,5.3,400.0,400.0,10.0,1,100.0,0.10329508781433105,0,2,22.0,2,1,0,3.1,-1,2.865396332514667,4.4586437240052605,0.0
0,9,11,5.3,400.0,400.0,10.0,-1,100.0,0.10335898399353027,0,2,22.0,2,2,0,3.1,-2,2.8653963325146665,-4.4586437240052605,0.0
0,6,8,5.3,400.0,400.0,10.0,0,100.0,0.10323691368103027,0,2,22.0,1,2,0,3.1,2,5.246053641968944,-0.7542686428484106,0.0
0,2,4,5.3,400.0,400.0,10.0,1,100.0,0.10309815406799316,0,2,22.0,1,1,0,3.1,2,2.865396332514667,4.4586437240052605,0.0
0,3,5,5.3,400.0,400.0,10.0,1,100.0,0.10308289527893066,0,2,22.0,1,2,0,3.1,0,4.005472744077569,3.470761889910011,0.0
0,4,6,5.3,400.0,400.0,10.0,0,100.0,0.10320806503295898,0,2,22.0,2,2,0,3.1,-1,4.821049575378947,2.201699568909998,0.0
0,13,15,5.3,400.0,400.0,10.0,2,100.0,0.10325503349304199,0,2,22.0,1,1,0,3.1,1,-2.865396332514667,-4.4586437240052605,0.0
0,1,3,5.3,400.0,400.0,10.0,0,100.0,0.10326504707336426,0,2,22.0,2,1,0,3.1,-1,1.493182551259577,5.085312760156836,0.0
0,0,2,5.3,400.0,400.0,10.0,0,100.0,0.10309696197509766,0,2,22.0,2,1,0,3.1,2,0.0,5.3,0.0
0,3,5,5.3,400.0,400.0,10.0,0,100.0,0.10307908058166504,0,2,22.0,2,1,0,3.1,2,4.005472744077569,3.470761889910011,0.0
0,13,15,5.3,400.0,400.0,10.0,1,100.0,0.103179931640625,0,2,22.0,1,1,0,3.1,-1,-2.865396332514667,-4.4586437240052605,0.0
0,6,8,5.3,400.0,400.0,10.0,0,100.0,0.10309910774230957,0,2,22.0,1,2,0,3.1,0,5.246053641968944,-0.7542686428484106,0.0
0,21,1,5.3,400.0,400.0,10.0,1,100.0,0.10329389572143555,0,2,22.0,1,2,0,3.1,-2,-1.4931825512595778,5.085312760156836,0.0
0,8,10,5.3,400.0,400.0,10.0,0,100.0,0.1032869815826416,0,2,22.0,2,2,0,3.1,1,4.005472744077569,-3.47076188991001,0.0
0,20,0,5.3,400.0,400.0,10.0,0,100.0,0.1033620834350586,0,2,22.0,1,1,0,3.1,-2,-2.8653963325146705,4.458643724005258,0.0
0,19,21,5.3,400.0,400.0,10.0,0,100.0,0.10331606864929199,0,2,22.0,1,2,0,3.1,0,-4.005472744077568,3.470761889910012,0.0
0,17,19,5.3,400.0,400.0,10.0,0,100.0,0.10328292846679688,0,2,22.0,1,2,0,3.1,-1,-5.246053641968944,0.7542686428484098,0.0
0,13,15,5.3,400.0,400.0,10.0,0,100.0,0.10311484336853027,0,2,22.0,1,2,0,3.1,1,-2.865396332514667,-4.4586437240052605,0.0
0,14,16,5.3,400.0,400.0,10.0,0,100.0,0.10315990447998047,0,2,22.0,1,2,0,3.1,1,-4.005472744077568,-3.4707618899100114,0.0
0,15,17,5.3,400.0,400.0,10.0,1,100.0,0.10329079627990723,0,2,22.0,2,1,0,3.1,1,-4.821049575378945,-2.201699568910002,0.0
0,5,7,5.3,400.0,400.0,10.0,-2,100.0,0.10310506820678711,0,2,22.0,1,2,0,3.1,0,5.246053641968943,0.7542686428484122,0.0
0,1,3,5.3,400.0,400.0,10.0,-1,100.0,0.10326290130615234,0,2,22.0,1,1,0,3.1,-2,1.493182551259577,5.085312760156836,0.0
0,21,1,5.3,400.0,400.0,10.0,1,100.0,0.10325098037719727,0,2,22.0,1,2,0,3.1,-1,-1.4931825512595778,5.085312760156836,0.0
0,18,20,5.3,400.0,400.0,10.0,-2,100.0,0.10326504707336426,0,2,22.0,2,1,0,3.1,2,-4.821049575378947,2.20169956891,0.0
0,6,8,5.3,400.0,400.0,10.0,0,100.0,0.10309100151062012,0,2,22.0,1,2,0,3.1,0,5.246053641968944,-0.7542686428484106,0.0
0,15,17,5.3,400.0,400.0,10.0,0,100.0,0.10310697555541992,0,2,22.0,2,2,0,3.1,-2,-4.821049575378945,-2.201699568910002,0.0
0,20,0,5.3,400.0,400.0,10.0,0,100.0,0.10321307182312012,0,2,22.0,1,2,0,3.1,0,-2.8653963325146705,4.458643724005258,0.0
0,12,14,5.3,400.0,400.0,10.0,0,100.0,0.10310101509094238,0,2,22.0,1,2,0,3.1,-1,-1.4931825512595758,-5.085312760156836,0.0
0,18,20,5.3,400.0,400.0,10.0,-1,100.0,0.10309696197509766,0,2,22.0,2,2,0,3.1,-2,-4.821049575378947,2.20169956891,0.0
0,14,16,5.3,400.0,400.0,10.0,2,100.0,0.10308003425598145,0,2,22.0,2,2,0,3.1,1,-4.005472744077568,-3.4707618899100114,0.0
0,1,3,5.3,400.0,400.0,10.0,-1,100.0,0.10325098037719727,0,2,22.0,2,1,0,3.1,1,1.493182551259577,5.085312760156836,0.0
0,0,2,5.3,400.0,400.0,10.0,0,100.0,0.10327911376953125,0,2,22.0,1,2,0,3.1,0,0.0,5.3,0.0
0,11,13,5.3,400.0,400.0,10.0,1,100.0,0.10327386856079102,0,2,22.0,1,1,0,3.1,2,6.490413675258599e-16,-5.3,0.0
0,12,14,5.3,400.0,400.0,10.0,1,100.0,0.10320186614990234,0,2,22.0,2,1,0,3.1,-1,-1.4931825512595758,-5.085312760156836,0.0
0,18,20,5.3,400.0,400.0,10.0,1,100.0,0.10317492485046387,0,2,22.0,1,1,0,3.1,0,-4.821049575378947,2.20169956891,0.0
0,1,3,5.3,400.0,400.0,10.0,0,100.0,0.10321617126464844,0,2,22.0,1,1,0,3.1,2,1.493182551259577,5.085312760156836,0.0
0,20,0,5.3,400.0,400.0,10.0,1,100.0,0.10330605506896973,0,2,22.0,1,2,0,3.1,0,-2.8653963325146705,4.458643724005258,0.0
0,9,11,5.3,400.0,400.0,10.0,0,100.0,0.10319304466247559,0,2,22.0,1,2,0,3.1,0,2.8653963325146665,-4.4586437240052605,0.0
0,9,11,5.3,400.0,400.0,10.0,0,100.0,0.10326290130615234,0,2,22.0,1,2,0,3.1,-1,2.8653963325146665,-4.4586437240052605,0.0
0,7,9,5.3,400.0,400.0,10.0,1,100.0,0.1032860279083252,0,2,22.0,2,1,0,3.1,0,4.8210495753789475,-2.2016995689099974,0.0
0,19,21,5.3,400.0,400.0,10.0,-1,100.0,0.10309481620788574,0,2,22.0,1,2,0,3.1,0,-4.005472744077568,3.470761889910012,0.0
0,4,6,5.3,400.0,400.0,10.0,-1,100.0,0.10309910774230957,0,2,22.0,2,1,0,3.1,1,4.821049575378947,2.201699568909998,0.0
0,4,6,5.3,400.0,400.0,10.0,0,100.0,0.10326504707336426,0,2,22.0,1,2,0,3.1,0,4.821049575378947,2.201699568909998,0.0
0,19,21,5.3,400.0,400.0,10.0,-1,100.0,0.10309386253356934,0,2,22.0,1,1,0,3.1,-2,-4.005472744077568,3.470761889910012,0.0
0,10,12,5.3,400.0,400.0,10.0,0,100.0,0.10320496559143066,0,2,22.0,2,1,0,3.1,2,1.4931825512595793,-5.085312760156835,0.0
0,19,21,5.3,400.0,400.0,10.0,-1,100.0,0.1032710075378418,0,2,22.0,1,1,0,3.1,2,-4.005472744077568,3.470761889910012,0.0
0,16,18,5.3,400.0,400.0,10.0,1,100.0,0.10319209098815918,0,2,22.0,2,2,0,3.1,-2,-5.246053641968943,-0.7542686428484117,0.0
0,15,17,5.3,400.0,400.0,10.0,-1,100.0,0.10318899154663086,0,2,22.0,2,1,0,3.1,0,-4.821049575378945,-2.201699568910002,0.0
0,17,19,5.3,400.0,400.0,10.0,-2,100.0,0.10326194763183594,0,2,22.0,2,2,0,3.1,0,-5.246053641968944,0.7542686428484098,0.0
0,6,8,5.3,400.0,400.0,10.0,1,100.0,0.10325407981872559,0,2,22.0,1,2,0,3.1,0,5.246053641968944,-0.7542686428484106,0.0
0,14,16,5.3,400.0,400.0,10.0,-2,100.0,0.1032721996307373,0,2,22.0,2,2,0,3.1,2,-4.005472744077568,-3.4707618899100114,0.0
0,5,7,5.3,400.0,400.0,10.0,0,100.0,0.10318803787231445,0,2,22.0,1,2,0,3.1,-1,5.246053641968943,0.7542686428484122,0.0
0,15,17,5.3,400.0,400.0,10.0,1,100.0,0.10317802429199219,0,2,22.0,2,2,0,3.1,-2,-4.821049575378945,-2.201699568910002,0.0
0,10,12,5.3,400.0,400.0,10.0,2,100.0,0.10308289527893066,0,2,22.0,1,2,0,3.1,2,1.4931825512595793,-5.085312760156835,0.0
0,13,15,5.3,400.0,400.0,10.0,1,100.0,0.10321784019470215,0,2,22.0,1,2,0,3.1,2,-2.865396332514667,-4.4586437240052605,0.0
0,19,21,5.3,400.0,400.0,10.0,0,100.0,0.10329794883728027,0,2,22.0,2,2,0,3.1,1,-4.005472744077568,3.470761889910012,0.0
0,15,17,5.3,400.0,400.0,10.0,1,100.0,0.10326790809631348,0,2,22.0,2,2,0,3.1,-1,-4.821049575378945,-2.201699568910002,0.0
0,12,14,5.3,400.0,400.0,10.0,0,100.0,0.10319805145263672,0,2,22.0,1,2,0,3.1,-1,-1.4931825512595758,-5.085312760156836,0.0
0,20,0,5.3,400.0,400.0,10.0,1,100.0,0.10326313972473145,0,2,22.0,1,1,0,3.1,2,-2.8653963325146705,4.458643724005258,0.0
0,17,19,5.3,400.0,400.0,10.0,2,100.0,0.10326409339904785,0,2,22.0,1,2,0,3.1,0,-5.246053641968944,0.7542686428484098,0.0
0,1,3,5.3,400.0,400.0,10.0,0,100.0,0.10325813293457031,0,2,22.0,1,2,0,3.1,0,1.493182551259577,5.085312760156836,0.0
0,9,11,5.3,400.0,400.0,10.0,2,100.0,0.10308194160461426,0,2,22.0,1,2,0,3.1,0,2.8653963325146665,-4.4586437240052605,0.0
0,5,7,5.3,400.0,400.0,10.0,0,100.0,0.10339593887329102,0,2,22.0,1,2,0,3.1,0,5.246053641968943,0.7542686428484122,0.0
0,12,14,5.3,400.0,400.0,10.0,1,100.0,0.10324501991271973,0,2,22.0,1,2,0,3.1,1,-1.4931825512595758,-5.085312760156836,0.0
0,1,3,5.3,400.0,400.0,10.0,-1,100.0,0.1032559871673584,0,2,22.0,2,2,0,3.1,0,1.493182551259577,5.085312760156836,0.0
0,18,20,5.3,400.0,400.0,10.0,-1,100.0,0.10325813293457031,0,2,22.0,2,1,0,3.1,1,-4.821049575378947,2.20169956891,0.0
0,3,5,5.3,400.0,400.0,10.0,0,100.0,0.10319209098815918,0,2,22.0,1,1,0,3.1,-1,4.005472744077569,3.470761889910011,0.0
0,10,12,5.3,400.0,400.0,10.0,2,100.0,0.1032569408416748,0,2,22.0,1,2,0,3.1,-1,1.4931825512595793,-5.085312760156835,0.0
0,2,4,5.3,400.0,400.0,10.0,0,100.0,0.10326790809631348,0,2,22.0,1,2,0,3.1,-1,2.865396332514667,4.4586437240052605,0.0
0,12,14,5.3,400.0,400.0,10.0,0,100.0,0.10365486145019531,0,2,22.0,1,2,0,3.1,0,-1.4931825512595758,-5.085312760156836,0.0
0,10,12,5.3,400.0,400.0,10.0,-1,100.0,0.10329198837280273,0,2,22.0,1,1,0,3.1,2,1.4931825512595793,-5.085312760156835,0.0
0,2,4,5.3,400.0,400.0,10.0,0,100.0,0.10309314727783203,0,2,22.0,1,2,0,3.1,0,2.865396332514667,4.4586437240052605,0.0
0,0,2,5.3,400.0,400.0,10.0,0,100.0,0.10321784019470215,0,2,22.0,1,1,0,3.1,1,0.0,5.3,0.0
0,7,9,5.3,400.0,400.0,10.0,0,100.0,0.10317301750183105,0,2,22.0,1,2,0,3.1,0,4.8210495753789475,-2.2016995689099974,0.0
0,21,1,5.3,400.0,400.0,10.0,1,100.0,0.10326313972473145,0,2,22.0,1,2,0,3.1,1,-1.4931825512595778,5.085312760156836,0.0
0,21,1,5.3,400.0,400.0,10.0,-1,100.0,0.1032569408416748,0,2,22.0,1,1,0,3.1,2,-1.4931825512595778,5.085312760156836,0.0
0,17,19,5.3,400.0,400.0,10.0,0,100.0,0.10326194763183594,0,2,22.0,1,2,0,3.1,0,-5.246053641968944,0.7542686428484098,0.0
0,16,18,5.3,400.0,400.0,10.0,0,100.0,0.10321402549743652,0,2,22.0,1,2,0,3.1,0,-5.246053641968943,-0.7542686428484117,0.0
0,9,11,5.3,400.0,400.0,10.0,1,100.0,0.10333991050720215,0,2,22.0,2,2,0,3.1,-1,2.8653963325146665,-4.4586437240052605,0.0
0,5,7,5.3,400.0,400.0,10.0,-1,100.0,0.10325908660888672,0,2,22.0,2,2,0,3.1,0,5.246053641968943,0.7542686428484122,0.0
0,12,14,5.3,400.0,400.0,10.0,0,100.0,0.1032559871673584,0,2,22.0,1,2,0,3.1,-1,-1.4931825512595758,-5.085312760156836,0.0
0,13,15,5.3,400.0,400.0,10.0,0,100.0,0.10327577590942383,0,2,22.0,1,2,0,3.1,0,-2.865396332514667,-4.4586437240052605,0.0
0,19,21,5.3,400.0,400.0,10.0,-2,100.0,0.1032569408416748,0,2,22.0,1,2,0,3.1,-1,-4.005472744077568,3.470761889910012,0.0
0,4,6,5.3,400.0,400.0,10.0,0,100.0,0.10321784019470215,0,2,22.0,1,2,0,3.1,0,4.821049575378947,2.201699568909998,0.0
0,14,16,5.3,400.0,400.0,10.0,2,100.0,0.1031949520111084,0,2,22.0,2,1,0,3.1,1,-4.005472744077568,-3.4707618899100114,0.0
0,6,8,5.3,400.0,400.0,10.0,0,100.0,0.10318303108215332,0,2,22.0,1,2,0,3.1,0,5.246053641968944,-0.7542686428484106,0.0
0,19,21,5.3,400.0,400.0,10.0,1,100.0,0.10326600074768066,0,2,22.0,1,2,0,3.1,-2,-4.005472744077568,3.470761889910012,0.0
0,15,17,5.3,400.0,400.0,10.0,0,100.0,0.10325503349304199,0,2,22.0,2,1,0,3.1,-2,-4.821049575378945,-2.201699568910002,0.0
0,1,3,5.3,400.0,400.0,10.0,0,100.0,0.10326409339904785,0,2,22.0,1,1,0,3.1,-2,1.493182551259577,5.085312760156836,0.0
0,4,6,5.3,400.0,400.0,10.0,0,100.0,0.10310816764831543,0,2,22.0,1,2,0,3.1,0,4.821049575378947,2.201699568909998,0.0
0,13,15,5.3,400.0,400.0,10.0,-2,100.0,0.10334587097167969,0,2,22.0,2,2,0,3.1,2,-2.865396332514667,-4.4586437240052605,0.0
0,19,21,5.3,400.0,400.0,10.0,0,100.0,0.10335993766784668,0,2,22.0,1,2,0,3.1,0,-4.005472744077568,3.470761889910012,0.0
0,9,11,5.3,400.0,400.0,10.0,-1,100.0,0.10324811935424805,0,2,22.0,2,2,0,3.1,0,2.8653963325146665,-4.4586437240052605,0.0
0,2,4,5.3,400.0,400.0,10.0,-1,100.0,0.10328912734985352,0,2,22.0,1,2,0,3.1,-1,2.865396332514667,4.4586437240052605,0.0
0,5,7,5.3,400.0,400.0,10.0,0,100.0,0.10326886177062988,0,2,22.0,1,2,0,3.1,-2,5.246053641968943,0.7542686428484122,0.0
0,16,18,5.3,400.0,400.0,10.0,0,100.0,0.10326790809631348,0,2,22.0,1,2,0,3.1,0,-5.246053641968943,-0.7542686428484117,0.0
0,14,16,5.3,400.0,400.0,10.0,-1,100.0,0.10308694839477539,0,2,22.0,2,2,0,3.1,0,-4.005472744077568,-3.4707618899100114,0.0
0,15,17,5.3,400.0,400.0,10.0,0,100.0,0.1032710075378418,0,2,22.0,2,1,0,3.1,2,-4.821049575378945,-2.201699568910002,0.0
0,13,15,5.3,400.0,400.0,10.0,0,100.0,0.10326480865478516,0,2,22.0,1,2,0,3.1,0,-2.865396332514667,-4.4586437240052605,0.0
0,3,5,5.3,400.0,400.0,10.0,0,100.0,0.10309386253356934,0,2,22.0,1,2,0,3.1,0,4.005472744077569,3.470761889910011,0.0
0,18,20,5.3,400.0,400.0,10.0,-2,100.0,0.10312390327453613,0,2,22.0,2,1,0,3.1,-1,-4.821049575378947,2.20169956891,0.0
0,18,20,5.3,400.0,400.0,10.0,-1,100.0,0.10326194763183594,0,2,22.0,1,2,0,3.1,0,-4.821049575378947,2.20169956891,0.0
0,7,9,5.3,400.0,400.0,10.0,0,100.0,0.10335922241210938,0,2,22.0,1,2,0,3.1,0,4.8210495753789475,-2.2016995689099974,0.0
0,7,9,5.3,400.0,400.0,10.0,0,100.0,0.10346102714538574,0,2,22.0,1,2,0,3.1,-1,4.8210495753789475,-2.2016995689099974,0.0
0,20,0,5.3,400.0,400.0,10.0,0,100.0,0.10327291488647461,0,2,22.0,1,1,0,3.1,2,-2.8653963325146705,4.458643724005258,0.0
0,1,3,5.3,400.0,400.0,10.0,0,100.0,0.10309791564941406,0,2,22.0,2,2,0,3.1,1,1.493182551259577,5.085312760156836,0.0
0,1,3,5.3,400.0,400.0,10.0,0,100.0,0.1033010482788086,0,2,22.0,1,2,0,3.1,0,1.493182551259577,5.085312760156836,0.0
0,14,16,5.3,400.0,400.0,10.0,1,100.0,0.10323095321655273,0,2,22.0,1,2,0,3.1,-1,-4.005472744077568,-3.4707618899100114,0.0
0,21,1,5.3,400.0,400.0,10.0,0,100.0,0.10326099395751953,0,2,22.0,1,2,0,3.1,0,-1.4931825512595778,5.085312760156836,0.0
0,4,6,5.3,400.0,400.0,10.0,0,100.0,0.10308384895324707,0,2,22.0,1,1,0,3.1,-1,4.821049575378947,2.201699568909998,0.0
0,10,12,5.3,400.0,400.0,10.0,0,100.0,0.10327911376953125,0,2,22.0,1,2,0,3.1,1,1.4931825512595793,-5.085312760156835,0.0
0,13,15,5.3,400.0,400.0,10.0,2,100.0,0.10318708419799805,0,2,22.0,1,2,0,3.1,0,-2.865396332514667,-4.4586437240052605,0.0
0,10,12,5.3,400.0,400.0,10.0,0,100.0,0.10309505462646484,0,2,22.0,1,2,0,3.1,1,1.4931825512595793,-5.085312760156835,0.0
0,4,6,5.3,400.0,400.0,10.0,-2,100.0,0.10311698913574219,0,2,22.0,1,2,0,3.1,-2,4.821049575378947,2.201699568909998,0.0
0,3,5,5.3,400.0,400.0,10.0,0,100.0,0.10318708419799805,0,2,22.0,1,1,0,3.1,2,4.005472744077569,3.470761889910011,0.0
0,7,9,5.3,400.0,400.0,10.0,1,100.0,0.10320115089416504,0,2,22.0,2,1,0,3.1,1,4.8210495753789475,-2.2016995689099974,0.0
0,19,21,5.3,400.0,400.0,10.0,0,100.0,0.10311293601989746,0,2,22.0,2,2,0,3.1,2,-4.005472744077568,3.470761889910012,0.0
0,15,17,5.3,400.0,400.0,10.0,0,100.0,0.10309410095214844,0,2,22.0,1,2,0,3.1,2,-4.821049575378945,-2.201699568910002,0.0
0,15,17,5.3,400.0,400.0,10.0,0,100.0,0.1031339168548584,0,2,22.0,1,2,0,3.1,0,-4.821049575378945,-2.201699568910002,0.0
0,21,1,5.3,400.0,400.0,10.0,0,100.0,0.10336995124816895,0,2,22.0,1,2,0,3.1,1,-1.4931825512595778,5.085312760156836,0.0
0,12,14,5.3,400.0,400.0,10.0,0,100.0,0.10322999954223633,0,2,22.0,2,2,0,3.1,-2,-1.4931825512595758,-5.085312760156836,0.0
0,21,1,5.3,400.0,400.0,10.0,0,100.0,0.1033780574798584,0,2,22.0,2,2,0,3.1,1,-1.4931825512595778,5.085312760156836,0.0
0,10,12,5.3,400.0,400.0,10.0,0,100.0,0.10328793525695801,0,2,22.0,1,2,0,3.1,-1,1.4931825512595793,-5.085312760156835,0.0
0,0,2,5.3,400.0,400.0,10.0,-2,100.0,0.10307192802429199,0,2,22.0,2,2,0,3.1,0,0.0,5.3,0.0
0,10,12,5.3,400.0,400.0,10.0,0,100.0,0.10318613052368164,0,2,22.0,2,1,0,3.1,0,1.4931825512595793,-5.085312760156835,0.0
0,16,18,5.3,400.0,400.0,10.0,0,100.0,0.1032562255859375,0,2,22.0,1,1,0,3.1,-1,-5.246053641968943,-0.7542686428484117,0.0
0,11,13,5.3,400.0,400.0,10.0,0,100.0,0.10311007499694824,0,2,22.0,1,1,0,3.1,-2,6.490413675258599e-16,-5.3,0.0
0,6,8,5.3,400.0,400.0,10.0,2,100.0,0.10318493843078613,0,2,22.0,2,1,0,3.1,0,5.246053641968944,-0.7542686428484106,0.0
0,4,6,5.3,400.0,400.0,10.0,2,100.0,0.1033170223236084,0,2,22.0,2,2,0,3.1,0,4.821049575378947,2.201699568909998,0.0
0,13,15,5.3,400.0,400.0,10.0,2,100.0,0.1033480167388916,0,2,22.0,2,1,0,3.1,2,-2.865396332514667,-4.4586437240052605,0.0
0,13,15,5.3,400.0,400.0,10.0,-1,100.0,0.10314393043518066,0,2,22.0,1,2,0,3.1,1,-2.865396332514667,-4.4586437240052605,0.0
0,0,2,5.3,400.0,400.0,10.0,0,100.0,0.10326409339904785,0,2,22.0,1,2,0,3.1,0,0.0,5.3,0.0
0,16,18,5.3,400.0,400.0,10.0,0,100.0,0.10327601432800293,0,2,22.0,1,2,0,3.1,0,-5.246053641968943,-0.7542686428484117,0.0
0,16,18,5.3,400.0,400.0,10.0,0,100.0,0.1031639575958252,0,2,22.0,1,2,0,3.1,0,-5.246053641968943,-0.7542686428484117,0.0
0,16,18,5.3,400.0,400.0,10.0,0,100.0,0.10322713851928711,0,2,22.0,2,1,0,3.1,0,-5.246053641968943,-0.7542686428484117,0.0
0,13,15,5.3,400.0,400.0,10.0,2,100.0,0.10308289527893066,0,2,22.0,1,1,0,3.1,1,-2.865396332514667,-4.4586437240052605,0.0
0,3,5,5.3,400.0,400.0,10.0,-1,100.0,0.10335206985473633,0,2,22.0,2,1,0,3.1,0,4.005472744077569,3.470761889910011,0.0
0,4,6,5.3,400.0,400.0,10.0,2,100.0,0.10311603546142578,0,2,22.0,1,2,0,3.1,2,4.821049575378947,2.201699568909998,0.0
0,7,9,5.3,400.0,400.0,10.0,2,100.0,0.10326504707336426,0,2,22.0,1,2,0,3.1,0,4.8210495753789475,-2.2016995689099974,0.0
0,13,15,5.3,400.0,400.0,10.0,2,100.0,0.10318303108215332,0,2,22.0,1,2,0,3.1,1,-2.865396332514667,-4.4586437240052605,0.0
0,19,21,5.3,400.0,400.0,10.0,0,100.0,0.1031038761138916,0,2,22.0,1,2,0,3.1,-2,-4.005472744077568,3.470761889910012,0.0
0,5,7,5.3,400.0,400.0,10.0,0,100.0,0.1032412052154541,0,2,22.0,1,1,0,3.1,1,5.246053641968943,0.7542686428484122,0.0
0,3,5,5.3,400.0,400.0,10.0,1,100.0,0.10310792922973633,0,2,22.0,1,2,0,3.1,0,4.005472744077569,3.470761889910011,0.0
0,8,10,5.3,400.0,400.0,10.0,0,100.0,0.10319304466247559,0,2,22.0,2,1,0,3.1,-2,4.005472744077569,-3.47076188991001,0.0
0,12,14,5.3,400.0,400.0,10.0,0,100.0,0.10308694839477539,0,2,22.0,2,1,0,3.1,1,-1.4931825512595758,-5.085312760156836,0.0
0,19,21,5.3,400.0,400.0,10.0,1,100.0,0.1030890941619873,0,2,22.0,2,2,0,3.1,0,-4.005472744077568,3.470761889910012,0.0
0,5,7,5.3,400.0,400.0,10.0,-1,100.0,0.10310697555541992,0,2,22.0,1,2,0,3.1,2,5.246053641968943,0.7542686428484122,0.0
0,11,13,5.3,400.0,400.0,10.0,1,100.0,0.10323905944824219,0,2,22.0,2,1,0,3.1,0,6.490413675258599e-16,-5.3,0.0
0,21,1,5.3,400.0,400.0,10.0,2,100.0,0.10327601432800293,0,2,22.0,2,1,0,3.1,0,-1.4931825512595778,5.085312760156836,0.0
0,8,10,5.3,400.0,400.0,10.0,0,100.0,0.10314178466796875,0,2,22.0,1,2,0,3.1,-2,4.005472744077569,-3.47076188991001,0.0
0,9,11,5.3,400.0,400.0,10.0,0,100.0,0.10327291488647461,0,2,22.0,2,1,0,3.1,-1,2.8653963325146665,-4.4586437240052605,0.0
0,2,4,5.3,400.0,400.0,10.0,0,100.0,0.10312795639038086,0,2,22.0,1,2,0,3.1,-1,2.865396332514667,4.4586437240052605,0.0
0,11,13,5.3,400.0,400.0,10.0,0,100.0,0.10332703590393066,0,2,22.0,2,1,0,3.1,-1,6.490413675258599e-16,-5.3,0.0
0,21,1,5.3,400.0,400.0,10.0,-2,100.0,0.10352802276611328,0,2,22.0,1,2,0,3.1,2,-1.4931825512595778,5.085312760156836,0.0
0,18,20,5.3,400.0,400.0,10.0,-1,100.0,0.10308218002319336,0,2,22.0,1,1,0,3.1,1,-4.821049575378947,2.20169956891,0.0
0,4,6,5.3,400.0,400.0,10.0,0,100.0,0.10318303108215332,0,2,22.0,1,2,0,3.1,0,4.821049575378947,2.201699568909998,0.0
0,13,15,5.3,400.0,400.0,10.0,0,100.0,0.10322403907775879,0,2,22.0,2,2,0,3.1,-1,-2.865396332514667,-4.4586437240052605,0.0
0,3,5,5.3,400.0,400.0,10.0,0,100.0,0.10324692726135254,0,2,22.0,1,2,0,3.1,1,4.005472744077569,3.470761889910011,0.0
0,5,7,5.3,400.0,400.0,10.0,0,100.0,0.10308694839477539,0,2,22.0,1,2,0,3.1,0,5.246053641968943,0.7542686428484122,0.0
0,6,8,5.3,400.0,400.0,10.0,0,100.0,0.10325098037719727,0,2,22.0,1,1,0,3.1,-2,5.246053641968944,-0.7542686428484106,0.0
0,8,10,5.3,400.0,400.0,10.0,-1,100.0,0.10329508781433105,0,2,22.0,1,2,0,3.1,-1,4.005472744077569,-3.47076188991001,0.0
0,8,10,5.3,400.0,400.0,10.0,0,100.0,0.10325908660888672,0,2,22.0,1,2,0,3.1,0,4.005472744077569,-3.47076188991001,0.0
0,16,18,5.3,400.0,400.0,10.0,0,100.0,0.10325312614440918,0,2,22.0,1,2,0,3.1,0,-5.246053641968943,-0.7542686428484117,0.0
0,15,17,5.3,400.0,400.0,10.0,0,100.0,0.10598015785217285,0,2,22.0,2,1,0,3.1,0,-4.821049575378945,-2.201699568910002,0.0
0,15,17,5.3,400.0,400.0,10.0,0,100.0,0.10325098037719727,0,2,22.0,1,2,0,3.1,2,-4.821049575378945,-2.201699568910002,0.0
0,16,18,5.3,400.0,400.0,10.0,0,100.0,0.10320401191711426,0,2,22.0,1,2,0,3.1,0,-5.246053641968943,-0.7542686428484117,0.0
0,7,9,5.3,400.0,400.0,10.0,-2,100.0,0.10317707061767578,0,2,22.0,1,2,0,3.1,2,4.8210495753789475,-2.2016995689099974,0.0
0,17,19,5.3,400.0,400.0,10.0,0,100.0,0.1032719612121582,0,2,22.0,1,2,0,3.1,0,-5.246053641968944,0.7542686428484098,0.0
0,14,16,5.3,400.0,400.0,10.0,0,100.0,0.10332894325256348,0,2,22.0,1,2,0,3.1,2,-4.005472744077568,-3.4707618899100114,0.0
0,14,16,5.3,400.0,400.0,10.0,0,100.0,0.10331392288208008,0,2,22.0,1,2,0,3.1,0,-4.005472744077568,-3.4707618899100114,0.0
0,0,2,5.3,400.0,400.0,10.0,0,100.0,0.10325193405151367,0,2,22.0,1,2,0,3.1,0,0.0,5.3,0.0
0,20,0,5.3,400.0,400.0,10.0,2,100.0,0.10314202308654785,0,2,22.0,1,2,0,3.1,0,-2.8653963325146705,4.458643724005258,0.0
0,0,2,5.3,400.0,400.0,10.0,0,100.0,0.10326600074768066,0,2,22.0,1,2,0,3.1,0,0.0,5.3,0.0
0,2,4,5.3,400.0,400.0,10.0,0,100.0,0.10319018363952637,0,2,22.0,1,2,0,3.1,0,2.865396332514667,4.4586437240052605,0.0
0,15,17,5.3,400.0,400.0,10.0,2,100.0,0.1030879020690918,0,2,22.0,1,1,0,3.1,1,-4.821049575378945,-2.201699568910002,0.0
0,1,3,5.3,400.0,400.0,10.0,0,100.0,0.10310697555541992,0,2,22.0,1,2,0,3.1,0,1.493182551259577,5.085312760156836,0.0
0,1,3,5.3,400.0,400.0,10.0,0,100.0,0.10320401191711426,0,2,22.0,2,2,0,3.1,-1,1.493182551259577,5.085312760156836,0.0
0,13,15,5.3,400.0,400.0,10.0,1,100.0,0.10318303108215332,0,2,22.0,1,1,0,3.1,-2,-2.865396332514667,-4.4586437240052605,0.0
0,6,8,5.3,400.0,400.0,10.0,0,100.0,0.10308194160461426,0,2,22.0,1,2,0,3.1,0,5.246053641968944,-0.7542686428484106,0.0
0,2,4,5.3,400.0,400.0,10.0,2,100.0,0.10315299034118652,0,2,22.0,1,2,0,3.1,0,2.865396332514667,4.4586437240052605,0.0
0,17,19,5.3,400.0,400.0,10.0,0,100.0,0.10331916809082031,0,2,22.0,1,2,0,3.1,0,-5.246053641968944,0.7542686428484098,0.0
0,12,14,5.3,400.0,400.0,10.0,0,100.0,0.10323309898376465,0,2,22.0,1,2,0,3.1,0,-1.4931825512595758,-5.085312760156836,0.0
0,8,10,5.3,400.0,400.0,10.0,0,100.0,0.10324692726135254,0,2,22.0,1,2,0,3.1,0,4.005472744077569,-3.47076188991001,0.0
0,16,18,5.3,400.0,400.0,10.0,-1,100.0,0.10325503349304199,0,2,22.0,1,2,0,3.1,0,-5.246053641968943,-0.7542686428484117,0.0
0,11,13,5.3,400.0,400.0,10.0,-2,100.0,0.10309386253356934,0,2,22.0,2,1,0,3.1,2,6.490413675258599e-16,-5.3,0.0
0,12,14,5.3,400.0,400.0,10.0,0,100.0,0.10328412055969238,0,2,22.0,1,2,0,3.1,0,-1.4931825512595758,-5.085312760156836,0.0
0,5,7,5.3,400.0,400.0,10.0,0,100.0,0.10307788848876953,0,2,22.0,1,1,0,3.1,-2,5.246053641968943,0.7542686428484122,0.0
0,21,1,5.3,400.0,400.0,10.0,2,100.0,0.10318279266357422,0,2,22.0,1,2,0,3.1,0,-1.4931825512595778,5.085312760156836,0.0
0,6,8,5.3,400.0,400.0,10.0,0,100.0,0.10327696800231934,0,2,22.0,1,2,0,3.1,1,5.246053641968944,-0.7542686428484106,0.0
0,17,19,5.3,400.0,400.0,10.0,0,100.0,0.10309004783630371,0,2,22.0,1,2,0,3.1,2,-5.246053641968944,0.7542686428484098,0.0
0,21,1,5.3,400.0,400.0,10.0,0,100.0,0.10319995880126953,0,2,22.0,1,1,0,3.1,-2,-1.4931825512595778,5.085312760156836,0.0
0,5,7,5.3,400.0,400.0,10.0,0,100.0,0.10309100151062012,0,2,22.0,1,2,0,3.1,0,5.246053641968943,0.7542686428484122,0.0
0,0,2,5.3,400.0,400.0,10.0,-1,100.0,0.10318803787231445,0,2,22.0,2,1,0,3.1,-1,0.0,5.3,0.0
0,15,17,5.3,400.0,400.0,10.0,1,100.0,0.1033170223236084,0,2,22.0,1,1,0,3.1,2,-4.821049575378945,-2.201699568910002,0.0
0,13,15,5.3,400.0,400.0,10.0,1,100.0,0.10307717323303223,0,2,22.0,1,1,0,3.1,2,-2.865396332514667,-4.4586437240052605,0.0
0,11,13,5.3,400.0,400.0,10.0,-1,100.0,0.10319995880126953,0,2,22.0,1,1,0,3.1,-2,6.490413675258599e-16,-5.3,0.0
0,12,14,5.3,400.0,400.0,10.0,0,100.0,0.103118896484375,0,2,22.0,2,2,0,3.1,-1,-1.4931825512595758,-5.085312760156836,0.0
0,2,4,5.3,400.0,400.0,10.0,-1,100.0,0.10316705703735352,0,2,22.0,1,2,0,3.1,-1,2.865396332514667,4.4586437240052605,0.0
0,19,21,5.3,400.0,400.0,10.0,1,100.0,0.10327291488647461,0,2,22.0,2,2,0,3.1,0,-4.005472744077568,3.470761889910012,0.0
0,0,2,5.3,400.0,400.0,10.0,1,100.0,0.10329699516296387,0,2,22.0,2,1,0,3.1,1,0.0,5.3,0.0
0,15,17,5.3,400.0,400.0,10.0,1,100.0,0.10326385498046875,0,2,22.0,2,1,0,3.1,-2,-4.821049575378945,-2.201699568910002,0.0
0,1,3,5.3,400.0,400.0,10.0,2,100.0,0.10325789451599121,0,2,22.0,1,2,0,3.1,0,1.493182551259577,5.085312760156836,0.0
0,2,4,5.3,400.0,400.0,10.0,0,100.0,0.10326504707336426,0,2,22.0,1,2,0,3.1,0,2.865396332514667,4.4586437240052605,0.0
0,0,2,5.3,400.0,400.0,10.0,0,100.0,0.10326004028320312,0,2,22.0,2,1,0,3.1,0,0.0,5.3,0.0
0,21,1,5.3,400.0,400.0,10.0,-1,100.0,0.10307097434997559,0,2,22.0,1,1,0,3.1,0,-1.4931825512595778,5.085312760156836,0.0
0,21,1,5.3,400.0,400.0,10.0,0,100.0,0.10308694839477539,0,2,22.0,1,1,0,3.1,-2,-1.4931825512595778,5.085312760156836,0.0
0,17,19,5.3,400.0,400.0,10.0,0,100.0,0.1033470630645752,0,2,22.0,1,1,0,3.1,-1,-5.246053641968944,0.7542686428484098,0.0
0,9,11,5.3,400.0,400.0,10.0,1,100.0,0.10334897041320801,0,2,22.0,2,1,0,3.1,-2,2.8653963325146665,-4.4586437240052605,0.0
0,13,15,5.3,400.0,400.0,10.0,2,100.0,0.10328102111816406,0,2,22.0,2,2,0,3.1,0,-2.865396332514667,-4.4586437240052605,0.0
0,15,17,5.3,400.0,400.0,10.0,0,100.0,0.10320186614990234,0,2,22.0,1,2,0,3.1,0,-4.821049575378945,-2.201699568910002,0.0
0,9,11,5.3,400.0,400.0,10.0,-1,100.0,0.1032111644744873,0,2,22.0,1,2,0,3.1,-1,2.8653963325146665,-4.4586437240052605,0.0
0,7,9,5.3,400.0,400.0,10.0,0,100.0,0.10317802429199219,0,2,22.0,1,2,0,3.1,1,4.8210495753789475,-2.2016995689099974,0.0
0,4,6,5.3,400.0,400.0,10.0,-2,100.0,0.10334181785583496,0,2,22.0,1,2,0,3.1,0,4.821049575378947,2.201699568909998,0.0
0,7,9,5.3,400.0,400.0,10.0,0,100.0,0.10324883460998535,0,2,22.0,1,2,0,3.1,0,4.8210495753789475,-2.2016995689099974,0.0
0,3,5,5.3,400.0,400.0,10.0,1,100.0,0.10326790809631348,0,2,22.0,2,2,0,3.1,2,4.005472744077569,3.470761889910011,0.0
0,11,13,5.3,400.0,400.0,10.0,2,100.0,0.10308504104614258,0,2,22.0,2,1,0,3.1,-2,6.490413675258599e-16,-5.3,0.0
0,20,0,5.3,400.0,400.0,10.0,-1,100.0,0.10327410697937012,0,2,22.0,1,2,0,3.1,2,-2.8653963325146705,4.458643724005258,0.0
0,14,16,5.3,400.0,400.0,10.0,-2,100.0,0.103179931640625,0,2,22.0,2,2,0,3.1,2,-4.005472744077568,-3.4707618899100114,0.0
0,15,17,5.3,400.0,400.0,10.0,1,100.0,0.10306406021118164,0,2,22.0,1,2,0,3.1,0,-4.821049575378945,-2.201699568910002,0.0
0,7,9,5.3,400.0,400.0,10.0,0,100.0,0.10319900512695312,0,2,22.0,2,2,0,3.1,1,4.8210495753789475,-2.2016995689099974,0.0
0,16,18,5.3,400.0,400.0,10.0,0,100.0,0.10319805145263672,0,2,22.0,1,2,0,3.1,0,-5.246053641968943,-0.7542686428484117,0.0
0,8,10,5.3,400.0,400.0,10.0,-1,100.0,0.10311007499694824,0,2,22.0,1,1,0,3.1,0,4.005472744077569,-3.47076188991001,0.0
0,16,18,5.3,400.0,400.0,10.0,0,100.0,0.10326099395751953,0,2,22.0,1,2,0,3.1,0,-5.246053641968943,-0.7542686428484117,0.0
0,15,17,5.3,400.0,400.0,10.0,-1,100.0,0.10329294204711914,0,2,22.0,2,1,0,3.1,0,-4.821049575378945,-2.201699568910002,0.0
0,6,8,5.3,400.0,400.0,10.0,0,100.0,0.10309600830078125,0,2,22.0,1,2,0,3.1,-2,5.246053641968944,-0.7542686428484106,0.0
0,8,10,5.3,400.0,400.0,10.0,-2,100.0,0.10307002067565918,0,2,22.0,1,2,0,3.1,-2,4.005472744077569,-3.47076188991001,0.0
0,15,17,5.3,400.0,400.0,10.0,0,100.0,0.10310697555541992,0,2,22.0,1,2,0,3.1,0,-4.821049575378945,-2.201699568910002,0.0
0,18,20,5.3,400.0,400.0,10.0,1,100.0,0.10326695442199707,0,2,22.0,1,1,0,3.1,0,-4.821049575378947,2.20169956891,0.0
0,13,15,5.3,400.0,400.0,10.0,-1,100.0,0.10318207740783691,0,2,22.0,1,2,0,3.1,0,-2.865396332514667,-4.4586437240052605,0.0
0,10,12,5.3,400.0,400.0,10.0,0,100.0,0.10308408737182617,0,2,22.0,1,2,0,3.1,0,1.4931825512595793,-5.085312760156835,0.0
0,16,18,5.3,400.0,400.0,10.0,-2,100.0,0.10326886177062988,0,2,22.0,2,2,0,3.1,0,-5.246053641968943,-0.7542686428484117,0.0
0,2,4,5.3,400.0,400.0,10.0,0,100.0,0.10325813293457031,0,2,22.0,2,1,0,3.1,-1,2.865396332514667,4.4586437240052605,0.0
0,17,19,5.3,400.0,400.0,10.0,0,100.0,0.10319209098815918,0,2,22.0,1,1,0,3.1,-1,-5.246053641968944,0.7542686428484098,0.0
0,9,11,5.3,400.0,400.0,10.0,-2,100.0,0.10307502746582031,0,2,22.0,2,1,0,3.1,-1,2.8653963325146665,-4.4586437240052605,0.0
0,18,20,5.3,400.0,400.0,10.0,0,100.0,0.10331392288208008,0,2,22.0,1,1,0,3.1,2,-4.821049575378947,2.20169956891,0.0
0,0,2,5.3,400.0,400.0,10.0,0,100.0,0.10327291488647461,0,2,22.0,1,2,0,3.1,0,0.0,5.3,0.0
0,10,12,5.3,400.0,400.0,10.0,2,100.0,0.10326695442199707,0,2,22.0,2,1,0,3.1,0,1.4931825512595793,-5.085312760156835,0.0
0,15,17,5.3,400.0,400.0,10.0,1,100.0,0.10323190689086914,0,2,22.0,1,2,0,3.1,1,-4.821049575378945,-2.201699568910002,0.0
0,9,11,5.3,400.0,400.0,10.0,2,100.0,0.10348010063171387,0,2,22.0,2,2,0,3.1,-1,2.8653963325146665,-4.4586437240052605,0.0
0,5,7,5.3,400.0,400.0,10.0,-2,100.0,0.10323286056518555,0,2,22.0,1,1,0,3.1,2,5.246053641968943,0.7542686428484122,0.0
0,20,0,5.3,400.0,400.0,10.0,0,100.0,0.10318708419799805,0,2,22.0,1,2,0,3.1,2,-2.8653963325146705,4.458643724005258,0.0
0,8,10,5.3,400.0,400.0,10.0,-1,100.0,0.10334515571594238,0,2,22.0,1,2,0,3.1,1,4.005472744077569,-3.47076188991001,0.0
0,3,5,5.3,400.0,400.0,10.0,0,100.0,0.10326099395751953,0,2,22.0,1,2,0,3.1,-2,4.005472744077569,3.470761889910011,0.0
0,5,7,5.3,400.0,400.0,10.0,-1,100.0,0.10308504104614258,0,2,22.0,2,2,0,3.1,0,5.246053641968943,0.7542686428484122,0.0
0,10,12,5.3,400.0,400.0,10.0,-2,100.0,0.10309791564941406,0,2,22.0,2,1,0,3.1,1,1.4931825512595793,-5.085312760156835,0.0
0,16,18,5.3,400.0,400.0,10.0,0,100.0,0.1031951904296875,0,2,22.0,1,2,0,3.1,0,-5.246053641968943,-0.7542686428484117,0.0
0,12,14,5.3,400.0,400.0,10.0,0,100.0,0.10309410095214844,0,2,22.0,1,2,0,3.1,-2,-1.4931825512595758,-5.085312760156836,0.0
0,14,16,5.3,400.0,400.0,10.0,1,100.0,0.10317015647888184,0,2,22.0,1,1,0,3.1,-1,-4.005472744077568,-3.4707618899100114,0.0
0,6,8,5.3,400.0,400.0,10.0,0,100.0,0.10319685935974121,0,2,22.0,1,1,0,3.1,1,5.246053641968944,-0.7542686428484106,0.0
0,20,0,5.3,400.0,400.0,10.0,-1,100.0,0.10318303108215332,0,2,22.0,2,1,0,3.1,0,-2.8653963325146705,4.458643724005258,0.0
0,1,3,5.3,400.0,400.0,10.0,1,100.0,0.10318207740783691,0,2,22.0,2,1,0,3.1,-1,1.493182551259577,5.085312760156836,0.0
0,17,19,5.3,400.0,400.0,10.0,0,100.0,0.1030881404876709,0,2,22.0,1,2,0,3.1,0,-5.246053641968944,0.7542686428484098,0.0
