offset2,cue-loc-int,refi,radius,ntrials,ms-st-cue,npractice,resp-h-pos,ms-stimon,actualStimOn,version,bars-or-spot,nitems,resp-h-hv,resp-v-hv,offset,cue-length,resp-v-pos,cue-loc-x,cue-loc-y,ms-precue
0,16,18,5.3,400.0,400.0,10.0,-1,100.0,0.1032860279083252,6,0,22.0,2,1,-9,3.1,0,-5.246053641968943,-0.7542686428484117,0.0
0,21,1,5.3,400.0,400.0,10.0,1,100.0,0.10326790809631348,6,0,22.0,2,2,-9,3.1,-2,-1.4931825512595778,5.085312760156836,0.0
0,1,3,5.3,400.0,400.0,10.0,1,100.0,0.10376214981079102,6,0,22.0,1,1,-9,3.1,0,1.493182551259577,5.085312760156836,0.0
0,13,15,5.3,400.0,400.0,10.0,-2,100.0,0.10336089134216309,6,0,22.0,2,1,-9,3.1,2,-2.865396332514667,-4.4586437240052605,0.0
0,16,18,5.3,400.0,400.0,10.0,0,100.0,0.10325503349304199,6,0,22.0,1,2,-9,3.1,-1,-5.246053641968943,-0.7542686428484117,0.0
0,7,9,5.3,400.0,400.0,10.0,2,100.0,0.10340690612792969,6,0,22.0,1,1,-9,3.1,1,4.8210495753789475,-2.2016995689099974,0.0
0,18,20,5.3,400.0,400.0,10.0,1,100.0,0.10326409339904785,6,0,22.0,2,1,-9,3.1,0,-4.821049575378947,2.20169956891,0.0
0,20,0,5.3,400.0,400.0,10.0,0,100.0,0.10328197479248047,6,0,22.0,2,1,-9,3.1,0,-2.8653963325146705,4.458643724005258,0.0
0,16,18,5.3,400.0,400.0,10.0,0,100.0,0.10309314727783203,6,0,22.0,1,1,-9,3.1,-1,-5.246053641968943,-0.7542686428484117,0.0
0,20,0,5.3,400.0,400.0,10.0,-2,100.0,0.10325789451599121,6,0,22.0,1,1,-9,3.1,2,-2.8653963325146705,4.458643724005258,0.0
0,10,12,5.3,400.0,400.0,10.0,1,100.0,0.103240966796875,6,0,22.0,2,2,-9,3.1,-1,1.4931825512595793,-5.085312760156835,0.0
0,13,15,5.3,400.0,400.0,10.0,-1,100.0,0.10400605201721191,6,0,22.0,1,1,-9,3.1,-2,-2.865396332514667,-4.4586437240052605,0.0
0,8,10,5.3,400.0,400.0,10.0,1,100.0,0.10332703590393066,6,0,22.0,1,1,-9,3.1,0,4.005472744077569,-3.47076188991001,0.0
0,9,11,5.3,400.0,400.0,10.0,-1,100.0,0.10319304466247559,6,0,22.0,1,2,-9,3.1,1,2.8653963325146665,-4.4586437240052605,0.0
0,4,6,5.3,400.0,400.0,10.0,0,100.0,0.10320901870727539,6,0,22.0,2,1,-9,3.1,0,4.821049575378947,2.201699568909998,0.0
0,17,19,5.3,400.0,400.0,10.0,1,100.0,0.10333800315856934,6,0,22.0,2,2,-9,3.1,-1,-5.246053641968944,0.7542686428484098,0.0
0,6,8,5.3,400.0,400.0,10.0,0,100.0,0.10329294204711914,6,0,22.0,1,1,-9,3.1,-1,5.246053641968944,-0.7542686428484106,0.0
0,19,21,5.3,400.0,400.0,10.0,2,100.0,0.10309505462646484,6,0,22.0,1,1,-9,3.1,-1,-4.005472744077568,3.470761889910012,0.0
0,11,13,5.3,400.0,400.0,10.0,1,100.0,0.10332298278808594,6,0,22.0,1,2,-9,3.1,0,6.490413675258599e-16,-5.3,0.0
0,18,20,5.3,400.0,400.0,10.0,1,100.0,0.10335898399353027,6,0,22.0,2,2,-9,3.1,0,-4.821049575378947,2.20169956891,0.0
0,17,19,5.3,400.0,400.0,10.0,-2,100.0,0.10325193405151367,6,0,22.0,1,1,-9,3.1,0,-5.246053641968944,0.7542686428484098,0.0
0,20,0,5.3,400.0,400.0,10.0,-2,100.0,0.10324597358703613,6,0,22.0,2,1,-9,3.1,0,-2.8653963325146705,4.458643724005258,0.0
0,12,14,5.3,400.0,400.0,10.0,0,100.0,0.10325288772583008,6,0,22.0,1,1,-9,3.1,-2,-1.4931825512595758,-5.085312760156836,0.0
0,4,6,5.3,400.0,400.0,10.0,-1,100.0,0.10307884216308594,6,0,22.0,2,1,-9,3.1,-2,4.821049575378947,2.201699568909998,0.0
0,10,12,5.3,400.0,400.0,10.0,1,100.0,0.10311388969421387,6,0,22.0,2,1,-9,3.1,0,1.4931825512595793,-5.085312760156835,0.0
0,0,2,5.3,400.0,400.0,10.0,2,100.0,0.10326600074768066,6,0,22.0,2,1,-9,3.1,-1,0.0,5.3,0.0
0,9,11,5.3,400.0,400.0,10.0,-1,100.0,0.1031031608581543,6,0,22.0,2,2,-9,3.1,-2,2.8653963325146665,-4.4586437240052605,0.0
0,18,20,5.3,400.0,400.0,10.0,0,100.0,0.10325503349304199,6,0,22.0,1,2,-9,3.1,-2,-4.821049575378947,2.20169956891,0.0
0,1,3,5.3,400.0,400.0,10.0,0,100.0,0.10331201553344727,6,0,22.0,1,2,-9,3.1,-1,1.493182551259577,5.085312760156836,0.0
0,21,1,5.3,400.0,400.0,10.0,0,100.0,0.10307598114013672,6,0,22.0,2,2,-9,3.1,1,-1.4931825512595778,5.085312760156836,0.0
0,21,1,5.3,400.0,400.0,10.0,1,100.0,0.1032710075378418,6,0,22.0,2,1,-9,3.1,0,-1.4931825512595778,5.085312760156836,0.0
0,19,21,5.3,400.0,400.0,10.0,2,100.0,0.10427403450012207,6,0,22.0,1,2,-9,3.1,0,-4.005472744077568,3.470761889910012,0.0
0,3,5,5.3,400.0,400.0,10.0,0,100.0,0.10325002670288086,6,0,22.0,2,1,-9,3.1,1,4.005472744077569,3.470761889910011,0.0
0,13,15,5.3,400.0,400.0,10.0,0,100.0,0.10346198081970215,6,0,22.0,1,2,-9,3.1,0,-2.865396332514667,-4.4586437240052605,0.0
0,13,15,5.3,400.0,400.0,10.0,0,100.0,0.10426092147827148,6,0,22.0,2,1,-9,3.1,-1,-2.865396332514667,-4.4586437240052605,0.0
0,20,0,5.3,400.0,400.0,10.0,2,100.0,0.10344099998474121,6,0,22.0,2,2,-9,3.1,0,-2.8653963325146705,4.458643724005258,0.0
0,18,20,5.3,400.0,400.0,10.0,-1,100.0,0.1032400131225586,6,0,22.0,1,2,-9,3.1,0,-4.821049575378947,2.20169956891,0.0
0,8,10,5.3,400.0,400.0,10.0,0,100.0,0.1032559871673584,6,0,22.0,1,2,-9,3.1,1,4.005472744077569,-3.47076188991001,0.0
0,5,7,5.3,400.0,400.0,10.0,0,100.0,0.10328197479248047,6,0,22.0,1,2,-9,3.1,0,5.246053641968943,0.7542686428484122,0.0
0,13,15,5.3,400.0,400.0,10.0,0,100.0,0.1030731201171875,6,0,22.0,2,2,-9,3.1,1,-2.865396332514667,-4.4586437240052605,0.0
0,9,11,5.3,400.0,400.0,10.0,1,100.0,0.10322690010070801,6,0,22.0,2,1,-9,3.1,0,2.8653963325146665,-4.4586437240052605,0.0
0,21,1,5.3,400.0,400.0,10.0,2,100.0,0.10306096076965332,6,0,22.0,2,1,-9,3.1,0,-1.4931825512595778,5.085312760156836,0.0
0,4,6,5.3,400.0,400.0,10.0,0,100.0,0.10328793525695801,6,0,22.0,2,2,-9,3.1,-1,4.821049575378947,2.201699568909998,0.0
0,8,10,5.3,400.0,400.0,10.0,0,100.0,0.10327601432800293,6,0,22.0,1,2,-9,3.1,0,4.005472744077569,-3.47076188991001,0.0
0,6,8,5.3,400.0,400.0,10.0,0,100.0,0.10341620445251465,6,0,22.0,1,2,-9,3.1,1,5.246053641968944,-0.7542686428484106,0.0
0,19,21,5.3,400.0,400.0,10.0,0,100.0,0.10342097282409668,6,0,22.0,1,1,-9,3.1,2,-4.005472744077568,3.470761889910012,0.0
0,6,8,5.3,400.0,400.0,10.0,0,100.0,0.10314607620239258,6,0,22.0,2,1,-9,3.1,0,5.246053641968944,-0.7542686428484106,0.0
0,3,5,5.3,400.0,400.0,10.0,-1,100.0,0.10323190689086914,6,0,22.0,1,2,-9,3.1,0,4.005472744077569,3.470761889910011,0.0
0,13,15,5.3,400.0,400.0,10.0,0,100.0,0.10324811935424805,6,0,22.0,1,1,-9,3.1,-2,-2.865396332514667,-4.4586437240052605,0.0
0,21,1,5.3,400.0,400.0,10.0,-1,100.0,0.10325789451599121,6,0,22.0,1,2,-9,3.1,1,-1.4931825512595778,5.085312760156836,0.0
0,5,7,5.3,400.0,400.0,10.0,0,100.0,0.10310006141662598,6,0,22.0,1,2,-9,3.1,0,5.246053641968943,0.7542686428484122,0.0
0,15,17,5.3,400.0,400.0,10.0,2,100.0,0.1032419204711914,6,0,22.0,2,2,-9,3.1,-1,-4.821049575378945,-2.201699568910002,0.0
0,7,9,5.3,400.0,400.0,10.0,-2,100.0,0.1032571792602539,6,0,22.0,1,2,-9,3.1,0,4.8210495753789475,-2.2016995689099974,0.0
0,14,16,5.3,400.0,400.0,10.0,0,100.0,0.10343003273010254,6,0,22.0,2,1,-9,3.1,2,-4.005472744077568,-3.4707618899100114,0.0
0,16,18,5.3,400.0,400.0,10.0,0,100.0,0.10324597358703613,6,0,22.0,2,1,-9,3.1,-1,-5.246053641968943,-0.7542686428484117,0.0
0,21,1,5.3,400.0,400.0,10.0,0,100.0,0.10322904586791992,6,0,22.0,2,1,-9,3.1,0,-1.4931825512595778,5.085312760156836,0.0
0,17,19,5.3,400.0,400.0,10.0,0,100.0,0.1032559871673584,6,0,22.0,2,1,-9,3.1,0,-5.246053641968944,0.7542686428484098,0.0
0,16,18,5.3,400.0,400.0,10.0,0,100.0,0.10326290130615234,6,0,22.0,1,1,-9,3.1,-2,-5.246053641968943,-0.7542686428484117,0.0
0,20,0,5.3,400.0,400.0,10.0,1,100.0,0.10324907302856445,6,0,22.0,2,1,-9,3.1,0,-2.8653963325146705,4.458643724005258,0.0
0,20,0,5.3,400.0,400.0,10.0,0,100.0,0.10323786735534668,6,0,22.0,1,2,-9,3.1,0,-2.8653963325146705,4.458643724005258,0.0
0,16,18,5.3,400.0,400.0,10.0,0,100.0,0.1030721664428711,6,0,22.0,1,1,-9,3.1,1,-5.246053641968943,-0.7542686428484117,0.0
0,17,19,5.3,400.0,400.0,10.0,0,100.0,0.10335707664489746,6,0,22.0,2,1,-9,3.1,0,-5.246053641968944,0.7542686428484098,0.0
0,7,9,5.3,400.0,400.0,10.0,2,100.0,0.10318708419799805,6,0,22.0,1,2,-9,3.1,0,4.8210495753789475,-2.2016995689099974,0.0
0,7,9,5.3,400.0,400.0,10.0,0,100.0,0.10321998596191406,6,0,22.0,2,1,-9,3.1,1,4.8210495753789475,-2.2016995689099974,0.0
0,15,17,5.3,400.0,400.0,10.0,0,100.0,0.10322690010070801,6,0,22.0,1,2,-9,3.1,0,-4.821049575378945,-2.201699568910002,0.0
0,19,21,5.3,400.0,400.0,10.0,0,100.0,0.10325002670288086,6,0,22.0,1,1,-9,3.1,1,-4.005472744077568,3.470761889910012,0.0
0,11,13,5.3,400.0,400.0,10.0,-2,100.0,0.103240966796875,6,0,22.0,1,1,-9,3.1,-1,6.490413675258599e-16,-5.3,0.0
0,10,12,5.3,400.0,400.0,10.0,0,100.0,0.10328197479248047,6,0,22.0,2,2,-9,3.1,-2,1.4931825512595793,-5.085312760156835,0.0
0,11,13,5.3,400.0,400.0,10.0,0,100.0,0.10327792167663574,6,0,22.0,2,2,-9,3.1,-2,6.490413675258599e-16,-5.3,0.0
0,10,12,5.3,400.0,400.0,10.0,0,100.0,0.1032559871673584,6,0,22.0,1,2,-9,3.1,0,1.4931825512595793,-5.085312760156835,0.0
0,20,0,5.3,400.0,400.0,10.0,1,100.0,0.10323095321655273,6,0,22.0,2,2,-9,3.1,0,-2.8653963325146705,4.458643724005258,0.0
0,13,15,5.3,400.0,400.0,10.0,2,100.0,0.10327315330505371,6,0,22.0,2,1,-9,3.1,0,-2.865396332514667,-4.4586437240052605,0.0
0,14,16,5.3,400.0,400.0,10.0,-1,100.0,0.10322904586791992,6,0,22.0,2,1,-9,3.1,2,-4.005472744077568,-3.4707618899100114,0.0
0,14,16,5.3,400.0,400.0,10.0,0,100.0,0.10323691368103027,6,0,22.0,2,2,-9,3.1,1,-4.005472744077568,-3.4707618899100114,0.0
0,11,13,5.3,400.0,400.0,10.0,0,100.0,0.10325503349304199,6,0,22.0,1,2,-9,3.1,0,6.490413675258599e-16,-5.3,0.0
0,14,16,5.3,400.0,400.0,10.0,0,100.0,0.10324907302856445,6,0,22.0,1,2,-9,3.1,0,-4.005472744077568,-3.4707618899100114,0.0
0,10,12,5.3,400.0,400.0,10.0,-2,100.0,0.10323905944824219,6,0,22.0,1,1,-9,3.1,2,1.4931825512595793,-5.085312760156835,0.0
0,16,18,5.3,400.0,400.0,10.0,-1,100.0,0.10324382781982422,6,0,22.0,1,2,-9,3.1,-2,-5.246053641968943,-0.7542686428484117,0.0
0,13,15,5.3,400.0,400.0,10.0,0,100.0,0.10326313972473145,6,0,22.0,1,2,-9,3.1,-1,-2.865396332514667,-4.4586437240052605,0.0
0,4,6,5.3,400.0,400.0,10.0,0,100.0,0.10325503349304199,6,0,22.0,1,1,-9,3.1,2,4.821049575378947,2.201699568909998,0.0
0,11,13,5.3,400.0,400.0,10.0,1,100.0,0.10305500030517578,6,0,22.0,2,2,-9,3.1,-2,6.490413675258599e-16,-5.3,0.0
0,10,12,5.3,400.0,400.0,10.0,2,100.0,0.10323810577392578,6,0,22.0,1,2,-9,3.1,0,1.4931825512595793,-5.085312760156835,0.0
0,15,17,5.3,400.0,400.0,10.0,0,100.0,0.10308003425598145,6,0,22.0,1,2,-9,3.1,0,-4.821049575378945,-2.201699568910002,0.0
0,12,14,5.3,400.0,400.0,10.0,-2,100.0,0.10305190086364746,6,0,22.0,1,1,-9,3.1,0,-1.4931825512595758,-5.085312760156836,0.0
0,17,19,5.3,400.0,400.0,10.0,2,100.0,0.10308003425598145,6,0,22.0,2,1,-9,3.1,-2,-5.246053641968944,0.7542686428484098,0.0
0,0,2,5.3,400.0,400.0,10.0,0,100.0,0.10326385498046875,6,0,22.0,2,1,-9,3.1,0,0.0,5.3,0.0
0,11,13,5.3,400.0,400.0,10.0,2,100.0,0.10317301750183105,6,0,22.0,2,2,-9,3.1,-2,6.490413675258599e-16,-5.3,0.0
0,14,16,5.3,400.0,400.0,10.0,-1,100.0,0.10326600074768066,6,0,22.0,2,2,-9,3.1,0,-4.005472744077568,-3.4707618899100114,0.0
0,13,15,5.3,400.0,400.0,10.0,1,100.0,0.10324597358703613,6,0,22.0,2,1,-9,3.1,2,-2.865396332514667,-4.4586437240052605,0.0
0,1,3,5.3,400.0,400.0,10.0,2,100.0,0.10321784019470215,6,0,22.0,2,1,-9,3.1,-1,1.493182551259577,5.085312760156836,0.0
0,21,1,5.3,400.0,400.0,10.0,0,100.0,0.10326790809631348,6,0,22.0,2,2,-9,3.1,-2,-1.4931825512595778,5.085312760156836,0.0
0,10,12,5.3,400.0,400.0,10.0,-1,100.0,0.10327720642089844,6,0,22.0,1,1,-9,3.1,0,1.4931825512595793,-5.085312760156835,0.0
0,18,20,5.3,400.0,400.0,10.0,2,100.0,0.10327506065368652,6,0,22.0,1,2,-9,3.1,0,-4.821049575378947,2.20169956891,0.0
0,10,12,5.3,400.0,400.0,10.0,2,100.0,0.1032559871673584,6,0,22.0,1,1,-9,3.1,-2,1.4931825512595793,-5.085312760156835,0.0
0,16,18,5.3,400.0,400.0,10.0,-1,100.0,0.10310506820678711,6,0,22.0,1,2,-9,3.1,1,-5.246053641968943,-0.7542686428484117,0.0
0,18,20,5.3,400.0,400.0,10.0,2,100.0,0.10341405868530273,6,0,22.0,2,2,-9,3.1,1,-4.821049575378947,2.20169956891,0.0
0,17,19,5.3,400.0,400.0,10.0,-1,100.0,0.10325503349304199,6,0,22.0,1,1,-9,3.1,0,-5.246053641968944,0.7542686428484098,0.0
0,17,19,5.3,400.0,400.0,10.0,0,100.0,0.10324311256408691,6,0,22.0,1,2,-9,3.1,-2,-5.246053641968944,0.7542686428484098,0.0
0,5,7,5.3,400.0,400.0,10.0,0,100.0,0.10322189331054688,6,0,22.0,1,2,-9,3.1,1,5.246053641968943,0.7542686428484122,0.0
0,19,21,5.3,400.0,400.0,10.0,-1,100.0,0.10304713249206543,6,0,22.0,1,2,-9,3.1,-1,-4.005472744077568,3.470761889910012,0.0
0,8,10,5.3,400.0,400.0,10.0,0,100.0,0.10325407981872559,6,0,22.0,1,2,-9,3.1,0,4.005472744077569,-3.47076188991001,0.0
0,7,9,5.3,400.0,400.0,10.0,0,100.0,0.10324311256408691,6,0,22.0,2,1,-9,3.1,1,4.8210495753789475,-2.2016995689099974,0.0
0,3,5,5.3,400.0,400.0,10.0,0,100.0,0.10328817367553711,6,0,22.0,1,2,-9,3.1,1,4.005472744077569,3.470761889910011,0.0
0,6,8,5.3,400.0,400.0,10.0,0,100.0,0.10323905944824219,6,0,22.0,2,2,-9,3.1,-2,5.246053641968944,-0.7542686428484106,0.0
0,14,16,5.3,400.0,400.0,10.0,1,100.0,0.10324382781982422,6,0,22.0,2,1,-9,3.1,-1,-4.005472744077568,-3.4707618899100114,0.0
0,16,18,5.3,400.0,400.0,10.0,0,100.0,0.10331416130065918,6,0,22.0,1,2,-9,3.1,0,-5.246053641968943,-0.7542686428484117,0.0
0,0,2,5.3,400.0,400.0,10.0,0,100.0,0.10336899757385254,6,0,22.0,1,2,-9,3.1,0,0.0,5.3,0.0
0,1,3,5.3,400.0,400.0,10.0,0,100.0,0.1032400131225586,6,0,22.0,2,2,-9,3.1,-1,1.493182551259577,5.085312760156836,0.0
0,8,10,5.3,400.0,400.0,10.0,-1,100.0,0.10324501991271973,6,0,22.0,1,2,-9,3.1,-1,4.005472744077569,-3.47076188991001,0.0
0,8,10,5.3,400.0,400.0,10.0,0,100.0,0.10326194763183594,6,0,22.0,1,2,-9,3.1,2,4.005472744077569,-3.47076188991001,0.0
0,11,13,5.3,400.0,400.0,10.0,0,100.0,0.10305118560791016,6,0,22.0,1,1,-9,3.1,2,6.490413675258599e-16,-5.3,0.0
0,10,12,5.3,400.0,400.0,10.0,0,100.0,0.10316586494445801,6,0,22.0,1,2,-9,3.1,0,1.4931825512595793,-5.085312760156835,0.0
0,20,0,5.3,400.0,400.0,10.0,0,100.0,0.10324406623840332,6,0,22.0,2,1,-9,3.1,0,-2.8653963325146705,4.458643724005258,0.0
0,14,16,5.3,400.0,400.0,10.0,1,100.0,0.10306119918823242,6,0,22.0,1,1,-9,3.1,2,-4.005472744077568,-3.4707618899100114,0.0
0,19,21,5.3,400.0,400.0,10.0,0,100.0,0.1030731201171875,6,0,22.0,1,1,-9,3.1,2,-4.005472744077568,3.470761889910012,0.0
0,8,10,5.3,400.0,400.0,10.0,2,100.0,0.10314607620239258,6,0,22.0,2,1,-9,3.1,2,4.005472744077569,-3.47076188991001,0.0
0,20,0,5.3,400.0,400.0,10.0,2,100.0,0.10308408737182617,6,0,22.0,1,2,-9,3.1,0,-2.8653963325146705,4.458643724005258,0.0
0,15,17,5.3,400.0,400.0,10.0,-1,100.0,0.10329699516296387,6,0,22.0,2,1,-9,3.1,-2,-4.821049575378945,-2.201699568910002,0.0
0,21,1,5.3,400.0,400.0,10.0,-2,100.0,0.10311508178710938,6,0,22.0,1,2,-9,3.1,0,-1.4931825512595778,5.085312760156836,0.0
0,1,3,5.3,400.0,400.0,10.0,0,100.0,0.10321307182312012,6,0,22.0,1,2,-9,3.1,0,1.493182551259577,5.085312760156836,0.0
0,13,15,5.3,400.0,400.0,10.0,1,100.0,0.10329103469848633,6,0,22.0,2,2,-9,3.1,0,-2.865396332514667,-4.4586437240052605,0.0
0,17,19,5.3,400.0,400.0,10.0,0,100.0,0.10310506820678711,6,0,22.0,1,1,-9,3.1,1,-5.246053641968944,0.7542686428484098,0.0
0,0,2,5.3,400.0,400.0,10.0,-1,100.0,0.10326910018920898,6,0,22.0,2,2,-9,3.1,0,0.0,5.3,0.0
0,12,14,5.3,400.0,400.0,10.0,0,100.0,0.10388803482055664,6,0,22.0,2,2,-9,3.1,2,-1.4931825512595758,-5.085312760156836,0.0
0,5,7,5.3,400.0,400.0,10.0,0,100.0,0.1032559871673584,6,0,22.0,1,1,-9,3.1,-1,5.246053641968943,0.7542686428484122,0.0
0,5,7,5.3,400.0,400.0,10.0,0,100.0,0.10331106185913086,6,0,22.0,2,1,-9,3.1,0,5.246053641968943,0.7542686428484122,0.0
0,7,9,5.3,400.0,400.0,10.0,-2,100.0,0.10324811935424805,6,0,22.0,2,2,-9,3.1,0,4.8210495753789475,-2.2016995689099974,0.0
0,18,20,5.3,400.0,400.0,10.0,0,100.0,0.10324501991271973,6,0,22.0,1,2,-9,3.1,0,-4.821049575378947,2.20169956891,0.0
0,2,4,5.3,400.0,400.0,10.0,0,100.0,0.10330605506896973,6,0,22.0,2,1,-9,3.1,0,2.865396332514667,4.4586437240052605,0.0
0,3,5,5.3,400.0,400.0,10.0,0,100.0,0.10306596755981445,6,0,22.0,2,1,-9,3.1,-1,4.005472744077569,3.470761889910011,0.0
0,15,17,5.3,400.0,400.0,10.0,0,100.0,0.10329580307006836,6,0,22.0,1,1,-9,3.1,-2,-4.821049575378945,-2.201699568910002,0.0
0,7,9,5.3,400.0,400.0,10.0,1,100.0,0.1039731502532959,6,0,22.0,1,1,-9,3.1,0,4.8210495753789475,-2.2016995689099974,0.0
0,17,19,5.3,400.0,400.0,10.0,-1,100.0,0.10324907302856445,6,0,22.0,1,1,-9,3.1,0,-5.246053641968944,0.7542686428484098,0.0
0,11,13,5.3,400.0,400.0,10.0,0,100.0,0.10325503349304199,6,0,22.0,1,2,-9,3.1,0,6.490413675258599e-16,-5.3,0.0
0,17,19,5.3,400.0,400.0,10.0,0,100.0,0.10330605506896973,6,0,22.0,2,2,-9,3.1,-2,-5.246053641968944,0.7542686428484098,0.0
0,6,8,5.3,400.0,400.0,10.0,-2,100.0,0.10324811935424805,6,0,22.0,2,2,-9,3.1,0,5.246053641968944,-0.7542686428484106,0.0
0,19,21,5.3,400.0,400.0,10.0,1,100.0,0.10326600074768066,6,0,22.0,2,2,-9,3.1,0,-4.005472744077568,3.470761889910012,0.0
0,16,18,5.3,400.0,400.0,10.0,1,100.0,0.10305404663085938,6,0,22.0,1,2,-9,3.1,-1,-5.246053641968943,-0.7542686428484117,0.0
0,6,8,5.3,400.0,400.0,10.0,-1,100.0,0.10323786735534668,6,0,22.0,1,1,-9,3.1,1,5.246053641968944,-0.7542686428484106,0.0
0,7,9,5.3,400.0,400.0,10.0,0,100.0,0.10323405265808105,6,0,22.0,1,2,-9,3.1,0,4.8210495753789475,-2.2016995689099974,0.0
0,10,12,5.3,400.0,400.0,10.0,0,100.0,0.10325503349304199,6,0,22.0,1,2,-9,3.1,-1,1.4931825512595793,-5.085312760156835,0.0
0,20,0,5.3,400.0,400.0,10.0,2,100.0,0.1032569408416748,6,0,22.0,2,2,-9,3.1,1,-2.8653963325146705,4.458643724005258,0.0
0,15,17,5.3,400.0,400.0,10.0,0,100.0,0.10324692726135254,6,0,22.0,1,2,-9,3.1,-1,-4.821049575378945,-2.201699568910002,0.0
0,5,7,5.3,400.0,400.0,10.0,0,100.0,0.10321879386901855,6,0,22.0,1,2,-9,3.1,0,5.246053641968943,0.7542686428484122,0.0
0,20,0,5.3,400.0,400.0,10.0,0,100.0,0.10306596755981445,6,0,22.0,2,1,-9,3.1,0,-2.8653963325146705,4.458643724005258,0.0
0,18,20,5.3,400.0,400.0,10.0,1,100.0,0.10324978828430176,6,0,22.0,1,2,-9,3.1,1,-4.821049575378947,2.20169956891,0.0
0,16,18,5.3,400.0,400.0,10.0,0,100.0,0.1032559871673584,6,0,22.0,1,2,-9,3.1,0,-5.246053641968943,-0.7542686428484117,0.0
0,19,21,5.3,400.0,400.0,10.0,1,100.0,0.10324406623840332,6,0,22.0,2,2,-9,3.1,0,-4.005472744077568,3.470761889910012,0.0
0,13,15,5.3,400.0,400.0,10.0,1,100.0,0.10323882102966309,6,0,22.0,1,1,-9,3.1,0,-2.865396332514667,-4.4586437240052605,0.0
0,4,6,5.3,400.0,400.0,10.0,-1,100.0,0.10315513610839844,6,0,22.0,1,2,-9,3.1,0,4.821049575378947,2.201699568909998,0.0
0,6,8,5.3,400.0,400.0,10.0,0,100.0,0.10325312614440918,6,0,22.0,2,2,-9,3.1,-1,5.246053641968944,-0.7542686428484106,0.0
0,9,11,5.3,400.0,400.0,10.0,-2,100.0,0.103179931640625,6,0,22.0,2,1,-9,3.1,1,2.8653963325146665,-4.4586437240052605,0.0
0,4,6,5.3,400.0,400.0,10.0,0,100.0,0.10326480865478516,6,0,22.0,1,2,-9,3.1,0,4.821049575378947,2.201699568909998,0.0
0,0,2,5.3,400.0,400.0,10.0,2,100.0,0.10324716567993164,6,0,22.0,2,2,-9,3.1,0,0.0,5.3,0.0
0,20,0,5.3,400.0,400.0,10.0,-2,100.0,0.10375094413757324,6,0,22.0,2,1,-9,3.1,0,-2.8653963325146705,4.458643724005258,0.0
0,12,14,5.3,400.0,400.0,10.0,1,100.0,0.10326790809631348,6,0,22.0,1,2,-9,3.1,1,-1.4931825512595758,-5.085312760156836,0.0
0,20,0,5.3,400.0,400.0,10.0,0,100.0,0.10326194763183594,6,0,22.0,1,2,-9,3.1,0,-2.8653963325146705,4.458643724005258,0.0
0,16,18,5.3,400.0,400.0,10.0,0,100.0,0.10307598114013672,6,0,22.0,1,2,-9,3.1,0,-5.246053641968943,-0.7542686428484117,0.0
0,21,1,5.3,400.0,400.0,10.0,0,100.0,0.10323500633239746,6,0,22.0,1,2,-9,3.1,0,-1.4931825512595778,5.085312760156836,0.0
0,19,21,5.3,400.0,400.0,10.0,0,100.0,0.10338807106018066,6,0,22.0,2,1,-9,3.1,2,-4.005472744077568,3.470761889910012,0.0
0,19,21,5.3,400.0,400.0,10.0,-1,100.0,0.10327386856079102,6,0,22.0,1,1,-9,3.1,-2,-4.005472744077568,3.470761889910012,0.0
0,15,17,5.3,400.0,400.0,10.0,0,100.0,0.1032710075378418,6,0,22.0,1,2,-9,3.1,0,-4.821049575378945,-2.201699568910002,0.0
0,4,6,5.3,400.0,400.0,10.0,0,100.0,0.10306000709533691,6,0,22.0,2,1,-9,3.1,0,4.821049575378947,2.201699568909998,0.0
0,12,14,5.3,400.0,400.0,10.0,0,100.0,0.10322785377502441,6,0,22.0,2,2,-9,3.1,1,-1.4931825512595758,-5.085312760156836,0.0
0,1,3,5.3,400.0,400.0,10.0,-1,100.0,0.10356402397155762,6,0,22.0,1,2,-9,3.1,0,1.493182551259577,5.085312760156836,0.0
0,6,8,5.3,400.0,400.0,10.0,0,100.0,0.10329413414001465,6,0,22.0,1,2,-9,3.1,0,5.246053641968944,-0.7542686428484106,0.0
0,18,20,5.3,400.0,400.0,10.0,-1,100.0,0.10306620597839355,6,0,22.0,1,1,-9,3.1,0,-4.821049575378947,2.20169956891,0.0
0,2,4,5.3,400.0,400.0,10.0,0,100.0,0.10311007499694824,6,0,22.0,1,2,-9,3.1,0,2.865396332514667,4.4586437240052605,0.0
0,12,14,5.3,400.0,400.0,10.0,1,100.0,0.1031789779663086,6,0,22.0,1,2,-9,3.1,0,-1.4931825512595758,-5.085312760156836,0.0
0,3,5,5.3,400.0,400.0,10.0,0,100.0,0.10326504707336426,6,0,22.0,1,1,-9,3.1,1,4.005472744077569,3.470761889910011,0.0
0,16,18,5.3,400.0,400.0,10.0,-1,100.0,0.10326099395751953,6,0,22.0,1,1,-9,3.1,1,-5.246053641968943,-0.7542686428484117,0.0
0,12,14,5.3,400.0,400.0,10.0,0,100.0,0.10324406623840332,6,0,22.0,2,1,-9,3.1,0,-1.4931825512595758,-5.085312760156836,0.0
0,0,2,5.3,400.0,400.0,10.0,0,100.0,0.10326790809631348,6,0,22.0,1,2,-9,3.1,0,0.0,5.3,0.0
0,6,8,5.3,400.0,400.0,10.0,0,100.0,0.1032569408416748,6,0,22.0,1,2,-9,3.1,-1,5.246053641968944,-0.7542686428484106,0.0
0,11,13,5.3,400.0,400.0,10.0,0,100.0,0.10339808464050293,6,0,22.0,1,1,-9,3.1,-2,6.490413675258599e-16,-5.3,0.0
0,0,2,5.3,400.0,400.0,10.0,-1,100.0,0.10324692726135254,6,0,22.0,2,1,-9,3.1,2,0.0,5.3,0.0
0,14,16,5.3,400.0,400.0,10.0,1,100.0,0.10324883460998535,6,0,22.0,1,2,-9,3.1,1,-4.005472744077568,-3.4707618899100114,0.0
0,1,3,5.3,400.0,400.0,10.0,0,100.0,0.10390305519104004,6,0,22.0,1,1,-9,3.1,1,1.493182551259577,5.085312760156836,0.0
0,8,10,5.3,400.0,400.0,10.0,0,100.0,0.10324501991271973,6,0,22.0,1,2,-9,3.1,1,4.005472744077569,-3.47076188991001,0.0
0,21,1,5.3,400.0,400.0,10.0,-1,100.0,0.10324907302856445,6,0,22.0,1,1,-9,3.1,0,-1.4931825512595778,5.085312760156836,0.0
0,20,0,5.3,400.0,400.0,10.0,-2,100.0,0.10325002670288086,6,0,22.0,2,2,-9,3.1,1,-2.8653963325146705,4.458643724005258,0.0
0,12,14,5.3,400.0,400.0,10.0,-2,100.0,0.10325002670288086,6,0,22.0,2,1,-9,3.1,-1,-1.4931825512595758,-5.085312760156836,0.0
0,8,10,5.3,400.0,400.0,10.0,0,100.0,0.10325217247009277,6,0,22.0,2,1,-9,3.1,0,4.005472744077569,-3.47076188991001,0.0
0,9,11,5.3,400.0,400.0,10.0,2,100.0,0.10326194763183594,6,0,22.0,1,2,-9,3.1,0,2.8653963325146665,-4.4586437240052605,0.0
0,8,10,5.3,400.0,400.0,10.0,-1,100.0,0.10318994522094727,6,0,22.0,2,2,-9,3.1,2,4.005472744077569,-3.47076188991001,0.0
0,0,2,5.3,400.0,400.0,10.0,0,100.0,0.10325193405151367,6,0,22.0,1,1,-9,3.1,-1,0.0,5.3,0.0
0,17,19,5.3,400.0,400.0,10.0,-1,100.0,0.10309886932373047,6,0,22.0,2,1,-9,3.1,0,-5.246053641968944,0.7542686428484098,0.0
0,4,6,5.3,400.0,400.0,10.0,0,100.0,0.10313105583190918,6,0,22.0,1,2,-9,3.1,-1,4.821049575378947,2.201699568909998,0.0
0,20,0,5.3,400.0,400.0,10.0,0,100.0,0.10305404663085938,6,0,22.0,1,2,-9,3.1,0,-2.8653963325146705,4.458643724005258,0.0
0,16,18,5.3,400.0,400.0,10.0,0,100.0,0.10326099395751953,6,0,22.0,1,2,-9,3.1,0,-5.246053641968943,-0.7542686428484117,0.0
0,12,14,5.3,400.0,400.0,10.0,0,100.0,0.10323309898376465,6,0,22.0,1,1,-9,3.1,1,-1.4931825512595758,-5.085312760156836,0.0
0,6,8,5.3,400.0,400.0,10.0,0,100.0,0.10312414169311523,6,0,22.0,1,2,-9,3.1,0,5.246053641968944,-0.7542686428484106,0.0
0,15,17,5.3,400.0,400.0,10.0,0,100.0,0.10305309295654297,6,0,22.0,2,1,-9,3.1,0,-4.821049575378945,-2.201699568910002,0.0
0,6,8,5.3,400.0,400.0,10.0,-1,100.0,0.10324597358703613,6,0,22.0,1,1,-9,3.1,1,5.246053641968944,-0.7542686428484106,0.0
0,14,16,5.3,400.0,400.0,10.0,1,100.0,0.10361695289611816,6,0,22.0,1,2,-9,3.1,2,-4.005472744077568,-3.4707618899100114,0.0
0,14,16,5.3,400.0,400.0,10.0,-2,100.0,0.10322999954223633,6,0,22.0,1,2,-9,3.1,2,-4.005472744077568,-3.4707618899100114,0.0
0,4,6,5.3,400.0,400.0,10.0,0,100.0,0.10319399833679199,6,0,22.0,1,2,-9,3.1,0,4.821049575378947,2.201699568909998,0.0
0,18,20,5.3,400.0,400.0,10.0,-2,100.0,0.10325098037719727,6,0,22.0,2,1,-9,3.1,0,-4.821049575378947,2.20169956891,0.0
0,18,20,5.3,400.0,400.0,10.0,-1,100.0,0.10343599319458008,6,0,22.0,2,2,-9,3.1,0,-4.821049575378947,2.20169956891,0.0
0,19,21,5.3,400.0,400.0,10.0,2,100.0,0.10312104225158691,6,0,22.0,2,1,-9,3.1,0,-4.005472744077568,3.470761889910012,0.0
0,20,0,5.3,400.0,400.0,10.0,-1,100.0,0.10325503349304199,6,0,22.0,1,1,-9,3.1,1,-2.8653963325146705,4.458643724005258,0.0
0,18,20,5.3,400.0,400.0,10.0,0,100.0,0.10323500633239746,6,0,22.0,2,1,-9,3.1,0,-4.821049575378947,2.20169956891,0.0
0,0,2,5.3,400.0,400.0,10.0,0,100.0,0.10309100151062012,6,0,22.0,1,2,-9,3.1,0,0.0,5.3,0.0
0,11,13,5.3,400.0,400.0,10.0,-2,100.0,0.10311603546142578,6,0,22.0,1,2,-9,3.1,0,6.490413675258599e-16,-5.3,0.0
0,13,15,5.3,400.0,400.0,10.0,1,100.0,0.1030881404876709,6,0,22.0,1,2,-9,3.1,2,-2.865396332514667,-4.4586437240052605,0.0
0,1,3,5.3,400.0,400.0,10.0,0,100.0,0.10305309295654297,6,0,22.0,2,1,-9,3.1,-2,1.493182551259577,5.085312760156836,0.0
0,17,19,5.3,400.0,400.0,10.0,-2,100.0,0.10305500030517578,6,0,22.0,2,1,-9,3.1,0,-5.246053641968944,0.7542686428484098,0.0
0,16,18,5.3,400.0,400.0,10.0,2,100.0,0.10326409339904785,6,0,22.0,2,1,-9,3.1,-2,-5.246053641968943,-0.7542686428484117,0.0
0,1,3,5.3,400.0,400.0,10.0,0,100.0,0.10325312614440918,6,0,22.0,1,2,-9,3.1,0,1.493182551259577,5.085312760156836,0.0
0,0,2,5.3,400.0,400.0,10.0,1,100.0,0.10357785224914551,6,0,22.0,1,2,-9,3.1,2,0.0,5.3,0.0
0,13,15,5.3,400.0,400.0,10.0,-2,100.0,0.10325503349304199,6,0,22.0,2,2,-9,3.1,1,-2.865396332514667,-4.4586437240052605,0.0
0,11,13,5.3,400.0,400.0,10.0,-1,100.0,0.1032569408416748,6,0,22.0,2,1,-9,3.1,0,6.490413675258599e-16,-5.3,0.0
0,5,7,5.3,400.0,400.0,10.0,0,100.0,0.10309600830078125,6,0,22.0,1,2,-9,3.1,0,5.246053641968943,0.7542686428484122,0.0
0,7,9,5.3,400.0,400.0,10.0,1,100.0,0.10323500633239746,6,0,22.0,2,1,-9,3.1,2,4.8210495753789475,-2.2016995689099974,0.0
0,16,18,5.3,400.0,400.0,10.0,0,100.0,0.1032559871673584,6,0,22.0,1,2,-9,3.1,0,-5.246053641968943,-0.7542686428484117,0.0
0,12,14,5.3,400.0,400.0,10.0,0,100.0,0.10324311256408691,6,0,22.0,1,2,-9,3.1,1,-1.4931825512595758,-5.085312760156836,0.0
0,10,12,5.3,400.0,400.0,10.0,0,100.0,0.10307002067565918,6,0,22.0,1,1,-9,3.1,2,1.4931825512595793,-5.085312760156835,0.0
0,7,9,5.3,400.0,400.0,10.0,-2,100.0,0.10323190689086914,6,0,22.0,2,2,-9,3.1,1,4.8210495753789475,-2.2016995689099974,0.0
0,11,13,5.3,400.0,400.0,10.0,0,100.0,0.10308098793029785,6,0,22.0,1,1,-9,3.1,-2,6.490413675258599e-16,-5.3,0.0
0,5,7,5.3,400.0,400.0,10.0,0,100.0,0.10325217247009277,6,0,22.0,1,2,-9,3.1,-1,5.246053641968943,0.7542686428484122,0.0
0,13,15,5.3,400.0,400.0,10.0,0,100.0,0.10308599472045898,6,0,22.0,2,2,-9,3.1,-1,-2.865396332514667,-4.4586437240052605,0.0
0,0,2,5.3,400.0,400.0,10.0,0,100.0,0.10324597358703613,6,0,22.0,2,2,-9,3.1,2,0.0,5.3,0.0
0,8,10,5.3,400.0,400.0,10.0,0,100.0,0.10306811332702637,6,0,22.0,1,2,-9,3.1,2,4.005472744077569,-3.47076188991001,0.0
0,9,11,5.3,400.0,400.0,10.0,0,100.0,0.10319900512695312,6,0,22.0,1,2,-9,3.1,2,2.8653963325146665,-4.4586437240052605,0.0
0,9,11,5.3,400.0,400.0,10.0,2,100.0,0.10336017608642578,6,0,22.0,2,2,-9,3.1,-1,2.8653963325146665,-4.4586437240052605,0.0
0,5,7,5.3,400.0,400.0,10.0,0,100.0,0.10325002670288086,6,0,22.0,1,1,-9,3.1,1,5.246053641968943,0.7542686428484122,0.0
0,6,8,5.3,400.0,400.0,10.0,0,100.0,0.10313296318054199,6,0,22.0,1,2,-9,3.1,0,5.246053641968944,-0.7542686428484106,0.0
0,9,11,5.3,400.0,400.0,10.0,-1,100.0,0.10324788093566895,6,0,22.0,2,2,-9,3.1,0,2.8653963325146665,-4.4586437240052605,0.0
0,9,11,5.3,400.0,400.0,10.0,0,100.0,0.10325503349304199,6,0,22.0,2,2,-9,3.1,2,2.8653963325146665,-4.4586437240052605,0.0
0,6,8,5.3,400.0,400.0,10.0,0,100.0,0.10325479507446289,6,0,22.0,1,2,-9,3.1,0,5.246053641968944,-0.7542686428484106,0.0
0,19,21,5.3,400.0,400.0,10.0,0,100.0,0.10339903831481934,6,0,22.0,1,1,-9,3.1,1,-4.005472744077568,3.470761889910012,0.0
0,6,8,5.3,400.0,400.0,10.0,0,100.0,0.10326194763183594,6,0,22.0,1,2,-9,3.1,0,5.246053641968944,-0.7542686428484106,0.0
0,2,4,5.3,400.0,400.0,10.0,-1,100.0,0.10306596755981445,6,0,22.0,1,2,-9,3.1,0,2.865396332514667,4.4586437240052605,0.0
0,10,12,5.3,400.0,400.0,10.0,0,100.0,0.10303401947021484,6,0,22.0,2,1,-9,3.1,0,1.4931825512595793,-5.085312760156835,0.0
0,4,6,5.3,400.0,400.0,10.0,0,100.0,0.10320091247558594,6,0,22.0,1,2,-9,3.1,0,4.821049575378947,2.201699568909998,0.0
0,12,14,5.3,400.0,400.0,10.0,-1,100.0,0.1033167839050293,6,0,22.0,1,1,-9,3.1,1,-1.4931825512595758,-5.085312760156836,0.0
0,15,17,5.3,400.0,400.0,10.0,0,100.0,0.10325193405151367,6,0,22.0,1,2,-9,3.1,0,-4.821049575378945,-2.201699568910002,0.0
0,15,17,5.3,400.0,400.0,10.0,-2,100.0,0.10326194763183594,6,0,22.0,2,2,-9,3.1,-1,-4.821049575378945,-2.201699568910002,0.0
0,12,14,5.3,400.0,400.0,10.0,0,100.0,0.10324382781982422,6,0,22.0,2,1,-9,3.1,0,-1.4931825512595758,-5.085312760156836,0.0
0,16,18,5.3,400.0,400.0,10.0,2,100.0,0.10341596603393555,6,0,22.0,1,1,-9,3.1,0,-5.246053641968943,-0.7542686428484117,0.0
0,15,17,5.3,400.0,400.0,10.0,0,100.0,0.10323810577392578,6,0,22.0,1,2,-9,3.1,0,-4.821049575378945,-2.201699568910002,0.0
0,13,15,5.3,400.0,400.0,10.0,1,100.0,0.10321402549743652,6,0,22.0,2,1,-9,3.1,0,-2.865396332514667,-4.4586437240052605,0.0
0,21,1,5.3,400.0,400.0,10.0,0,100.0,0.10329198837280273,6,0,22.0,2,2,-9,3.1,1,-1.4931825512595778,5.085312760156836,0.0
0,6,8,5.3,400.0,400.0,10.0,0,100.0,0.10325908660888672,6,0,22.0,1,2,-9,3.1,0,5.246053641968944,-0.7542686428484106,0.0
0,2,4,5.3,400.0,400.0,10.0,1,100.0,0.10308098793029785,6,0,22.0,1,1,-9,3.1,0,2.865396332514667,4.4586437240052605,0.0
0,12,14,5.3,400.0,400.0,10.0,2,100.0,0.10308098793029785,6,0,22.0,2,1,-9,3.1,-1,-1.4931825512595758,-5.085312760156836,0.0
0,8,10,5.3,400.0,400.0,10.0,2,100.0,0.10326218605041504,6,0,22.0,1,2,-9,3.1,0,4.005472744077569,-3.47076188991001,0.0
0,9,11,5.3,400.0,400.0,10.0,1,100.0,0.1033010482788086,6,0,22.0,2,1,-9,3.1,0,2.8653963325146665,-4.4586437240052605,0.0
0,17,19,5.3,400.0,400.0,10.0,1,100.0,0.10307192802429199,6,0,22.0,2,2,-9,3.1,0,-5.246053641968944,0.7542686428484098,0.0
0,16,18,5.3,400.0,400.0,10.0,2,100.0,0.10311603546142578,6,0,22.0,1,2,-9,3.1,0,-5.246053641968943,-0.7542686428484117,0.0
0,4,6,5.3,400.0,400.0,10.0,0,100.0,0.10327386856079102,6,0,22.0,1,2,-9,3.1,0,4.821049575378947,2.201699568909998,0.0
0,14,16,5.3,400.0,400.0,10.0,0,100.0,0.10324788093566895,6,0,22.0,1,1,-9,3.1,-2,-4.005472744077568,-3.4707618899100114,0.0
0,9,11,5.3,400.0,400.0,10.0,0,100.0,0.10321497917175293,6,0,22.0,1,2,-9,3.1,0,2.8653963325146665,-4.4586437240052605,0.0
0,0,2,5.3,400.0,400.0,10.0,1,100.0,0.10326695442199707,6,0,22.0,2,1,-9,3.1,1,0.0,5.3,0.0
0,11,13,5.3,400.0,400.0,10.0,0,100.0,0.10333585739135742,6,0,22.0,1,1,-9,3.1,-1,6.490413675258599e-16,-5.3,0.0
0,8,10,5.3,400.0,400.0,10.0,2,100.0,0.10323905944824219,6,0,22.0,2,2,-9,3.1,-2,4.005472744077569,-3.47076188991001,0.0
0,17,19,5.3,400.0,400.0,10.0,2,100.0,0.1032249927520752,6,0,22.0,1,2,-9,3.1,0,-5.246053641968944,0.7542686428484098,0.0
0,15,17,5.3,400.0,400.0,10.0,0,100.0,0.10308599472045898,6,0,22.0,1,2,-9,3.1,-2,-4.821049575378945,-2.201699568910002,0.0
0,1,3,5.3,400.0,400.0,10.0,0,100.0,0.10305285453796387,6,0,22.0,2,1,-9,3.1,0,1.493182551259577,5.085312760156836,0.0
0,15,17,5.3,400.0,400.0,10.0,0,100.0,0.10322999954223633,6,0,22.0,1,2,-9,3.1,0,-4.821049575378945,-2.201699568910002,0.0
0,10,12,5.3,400.0,400.0,10.0,-1,100.0,0.10326910018920898,6,0,22.0,2,2,-9,3.1,0,1.4931825512595793,-5.085312760156835,0.0
0,20,0,5.3,400.0,400.0,10.0,0,100.0,0.10309815406799316,6,0,22.0,1,2,-9,3.1,0,-2.8653963325146705,4.458643724005258,0.0
0,10,12,5.3,400.0,400.0,10.0,-1,100.0,0.10312914848327637,6,0,22.0,1,1,-9,3.1,-2,1.4931825512595793,-5.085312760156835,0.0
0,1,3,5.3,400.0,400.0,10.0,2,100.0,0.1032400131225586,6,0,22.0,2,2,-9,3.1,0,1.493182551259577,5.085312760156836,0.0
0,4,6,5.3,400.0,400.0,10.0,0,100.0,0.10325098037719727,6,0,22.0,1,2,-9,3.1,0,4.821049575378947,2.201699568909998,0.0
0,6,8,5.3,400.0,400.0,10.0,-2,100.0,0.10335302352905273,6,0,22.0,1,2,-9,3.1,0,5.246053641968944,-0.7542686428484106,0.0
0,5,7,5.3,400.0,400.0,10.0,0,100.0,0.10326480865478516,6,0,22.0,1,2,-9,3.1,0,5.246053641968943,0.7542686428484122,0.0
0,0,2,5.3,400.0,400.0,10.0,1,100.0,0.10305595397949219,6,0,22.0,2,1,-9,3.1,-1,0.0,5.3,0.0
0,14,16,5.3,400.0,400.0,10.0,0,100.0,0.10309696197509766,6,0,22.0,2,2,-9,3.1,1,-4.005472744077568,-3.4707618899100114,0.0
0,1,3,5.3,400.0,400.0,10.0,0,100.0,0.1032559871673584,6,0,22.0,1,2,-9,3.1,0,1.493182551259577,5.085312760156836,0.0
0,1,3,5.3,400.0,400.0,10.0,0,100.0,0.10326790809631348,6,0,22.0,1,2,-9,3.1,0,1.493182551259577,5.085312760156836,0.0
0,10,12,5.3,400.0,400.0,10.0,2,100.0,0.10325789451599121,6,0,22.0,2,1,-9,3.1,0,1.4931825512595793,-5.085312760156835,0.0
0,13,15,5.3,400.0,400.0,10.0,0,100.0,0.10325002670288086,6,0,22.0,2,1,-9,3.1,-1,-2.865396332514667,-4.4586437240052605,0.0
0,0,2,5.3,400.0,400.0,10.0,0,100.0,0.1032400131225586,6,0,22.0,1,1,-9,3.1,2,0.0,5.3,0.0
0,1,3,5.3,400.0,400.0,10.0,-2,100.0,0.10323905944824219,6,0,22.0,2,2,-9,3.1,0,1.493182551259577,5.085312760156836,0.0
0,21,1,5.3,400.0,400.0,10.0,-2,100.0,0.10308980941772461,6,0,22.0,2,2,-9,3.1,0,-1.4931825512595778,5.085312760156836,0.0
0,5,7,5.3,400.0,400.0,10.0,0,100.0,0.10327696800231934,6,0,22.0,1,2,-9,3.1,0,5.246053641968943,0.7542686428484122,0.0
0,10,12,5.3,400.0,400.0,10.0,0,100.0,0.10323810577392578,6,0,22.0,2,1,-9,3.1,1,1.4931825512595793,-5.085312760156835,0.0
0,17,19,5.3,400.0,400.0,10.0,0,100.0,0.10325908660888672,6,0,22.0,1,2,-9,3.1,0,-5.246053641968944,0.7542686428484098,0.0
0,17,19,5.3,400.0,400.0,10.0,0,100.0,0.10305190086364746,6,0,22.0,1,1,-9,3.1,-2,-5.246053641968944,0.7542686428484098,0.0
0,16,18,5.3,400.0,400.0,10.0,0,100.0,0.10326695442199707,6,0,22.0,1,2,-9,3.1,0,-5.246053641968943,-0.7542686428484117,0.0
0,3,5,5.3,400.0,400.0,10.0,0,100.0,0.10309314727783203,6,0,22.0,1,2,-9,3.1,0,4.005472744077569,3.470761889910011,0.0
0,8,10,5.3,400.0,400.0,10.0,-1,100.0,0.10322403907775879,6,0,22.0,1,1,-9,3.1,2,4.005472744077569,-3.47076188991001,0.0
0,6,8,5.3,400.0,400.0,10.0,2,100.0,0.10306692123413086,6,0,22.0,1,2,-9,3.1,0,5.246053641968944,-0.7542686428484106,0.0
0,15,17,5.3,400.0,400.0,10.0,0,100.0,0.10326004028320312,6,0,22.0,2,1,-9,3.1,1,-4.821049575378945,-2.201699568910002,0.0
0,2,4,5.3,400.0,400.0,10.0,0,100.0,0.10306501388549805,6,0,22.0,1,2,-9,3.1,0,2.865396332514667,4.4586437240052605,0.0
0,17,19,5.3,400.0,400.0,10.0,1,100.0,0.10343408584594727,6,0,22.0,1,2,-9,3.1,0,-5.246053641968944,0.7542686428484098,0.0
0,17,19,5.3,400.0,400.0,10.0,0,100.0,0.10344219207763672,6,0,22.0,1,2,-9,3.1,0,-5.246053641968944,0.7542686428484098,0.0
0,9,11,5.3,400.0,400.0,10.0,-1,100.0,0.10321211814880371,6,0,22.0,1,2,-9,3.1,0,2.8653963325146665,-4.4586437240052605,0.0
0,2,4,5.3,400.0,400.0,10.0,0,100.0,0.10329699516296387,6,0,22.0,1,2,-9,3.1,0,2.865396332514667,4.4586437240052605,0.0
0,5,7,5.3,400.0,400.0,10.0,0,100.0,0.10307884216308594,6,0,22.0,1,2,-9,3.1,2,5.246053641968943,0.7542686428484122,0.0
0,2,4,5.3,400.0,400.0,10.0,0,100.0,0.10323691368103027,6,0,22.0,1,2,-9,3.1,0,2.865396332514667,4.4586437240052605,0.0
0,20,0,5.3,400.0,400.0,10.0,-1,100.0,0.10304999351501465,6,0,22.0,1,1,-9,3.1,-2,-2.8653963325146705,4.458643724005258,0.0
0,7,9,5.3,400.0,400.0,10.0,-1,100.0,0.1032860279083252,6,0,22.0,1,1,-9,3.1,0,4.8210495753789475,-2.2016995689099974,0.0
0,0,2,5.3,400.0,400.0,10.0,0,100.0,0.10309600830078125,6,0,22.0,2,2,-9,3.1,-1,0.0,5.3,0.0
0,21,1,5.3,400.0,400.0,10.0,2,100.0,0.10314512252807617,6,0,22.0,1,1,-9,3.1,0,-1.4931825512595778,5.085312760156836,0.0
0,11,13,5.3,400.0,400.0,10.0,-1,100.0,0.10374784469604492,6,0,22.0,2,2,-9,3.1,2,6.490413675258599e-16,-5.3,0.0
0,8,10,5.3,400.0,400.0,10.0,1,100.0,0.10326099395751953,6,0,22.0,1,1,-9,3.1,-1,4.005472744077569,-3.47076188991001,0.0
0,0,2,5.3,400.0,400.0,10.0,-1,100.0,0.10340285301208496,6,0,22.0,2,1,-9,3.1,-1,0.0,5.3,0.0
0,3,5,5.3,400.0,400.0,10.0,1,100.0,0.10324788093566895,6,0,22.0,2,1,-9,3.1,0,4.005472744077569,3.470761889910011,0.0
0,20,0,5.3,400.0,400.0,10.0,-2,100.0,0.10333108901977539,6,0,22.0,1,1,-9,3.1,-1,-2.8653963325146705,4.458643724005258,0.0
0,6,8,5.3,400.0,400.0,10.0,1,100.0,0.10331296920776367,6,0,22.0,2,1,-9,3.1,1,5.246053641968944,-0.7542686428484106,0.0
0,4,6,5.3,400.0,400.0,10.0,-2,100.0,0.10325193405151367,6,0,22.0,2,2,-9,3.1,2,4.821049575378947,2.201699568909998,0.0
0,14,16,5.3,400.0,400.0,10.0,-1,100.0,0.10310196876525879,6,0,22.0,1,2,-9,3.1,-1,-4.005472744077568,-3.4707618899100114,0.0
0,8,10,5.3,400.0,400.0,10.0,2,100.0,0.1032569408416748,6,0,22.0,2,2,-9,3.1,-1,4.005472744077569,-3.47076188991001,0.0
0,12,14,5.3,400.0,400.0,10.0,0,100.0,0.10326099395751953,6,0,22.0,1,1,-9,3.1,2,-1.4931825512595758,-5.085312760156836,0.0
0,1,3,5.3,400.0,400.0,10.0,0,100.0,0.10325312614440918,6,0,22.0,1,2,-9,3.1,0,1.493182551259577,5.085312760156836,0.0
0,15,17,5.3,400.0,400.0,10.0,1,100.0,0.10323405265808105,6,0,22.0,1,2,-9,3.1,0,-4.821049575378945,-2.201699568910002,0.0
0,2,4,5.3,400.0,400.0,10.0,0,100.0,0.10323905944824219,6,0,22.0,1,2,-9,3.1,0,2.865396332514667,4.4586437240052605,0.0
0,14,16,5.3,400.0,400.0,10.0,0,100.0,0.10324501991271973,6,0,22.0,2,1,-9,3.1,0,-4.005472744077568,-3.4707618899100114,0.0
0,11,13,5.3,400.0,400.0,10.0,0,100.0,0.10324287414550781,6,0,22.0,1,2,-9,3.1,0,6.490413675258599e-16,-5.3,0.0
0,3,5,5.3,400.0,400.0,10.0,0,100.0,0.1031041145324707,6,0,22.0,2,1,-9,3.1,-1,4.005472744077569,3.470761889910011,0.0
0,17,19,5.3,400.0,400.0,10.0,0,100.0,0.10307097434997559,6,0,22.0,1,2,-9,3.1,-1,-5.246053641968944,0.7542686428484098,0.0
0,9,11,5.3,400.0,400.0,10.0,2,100.0,0.1033170223236084,6,0,22.0,1,2,-9,3.1,1,2.8653963325146665,-4.4586437240052605,0.0
0,9,11,5.3,400.0,400.0,10.0,0,100.0,0.10328888893127441,6,0,22.0,1,2,-9,3.1,2,2.8653963325146665,-4.4586437240052605,0.0
0,4,6,5.3,400.0,400.0,10.0,2,100.0,0.10309004783630371,6,0,22.0,1,2,-9,3.1,0,4.821049575378947,2.201699568909998,0.0
0,15,17,5.3,400.0,400.0,10.0,0,100.0,0.1032412052154541,6,0,22.0,1,2,-9,3.1,2,-4.821049575378945,-2.201699568910002,0.0
0,11,13,5.3,400.0,400.0,10.0,1,100.0,0.10325098037719727,6,0,22.0,1,2,-9,3.1,2,6.490413675258599e-16,-5.3,0.0
0,15,17,5.3,400.0,400.0,10.0,0,100.0,0.10330414772033691,6,0,22.0,1,2,-9,3.1,0,-4.821049575378945,-2.201699568910002,0.0
0,14,16,5.3,400.0,400.0,10.0,2,100.0,0.1032571792602539,6,0,22.0,1,2,-9,3.1,1,-4.005472744077568,-3.4707618899100114,0.0
0,13,15,5.3,400.0,400.0,10.0,1,100.0,0.1032102108001709,6,0,22.0,2,1,-9,3.1,1,-2.865396332514667,-4.4586437240052605,0.0
0,17,19,5.3,400.0,400.0,10.0,0,100.0,0.10330486297607422,6,0,22.0,1,1,-9,3.1,-2,-5.246053641968944,0.7542686428484098,0.0
0,13,15,5.3,400.0,400.0,10.0,0,100.0,0.10324597358703613,6,0,22.0,2,2,-9,3.1,1,-2.865396332514667,-4.4586437240052605,0.0
0,4,6,5.3,400.0,400.0,10.0,0,100.0,0.10325002670288086,6,0,22.0,1,2,-9,3.1,0,4.821049575378947,2.201699568909998,0.0
0,19,21,5.3,400.0,400.0,10.0,0,100.0,0.10329103469848633,6,0,22.0,1,1,-9,3.1,2,-4.005472744077568,3.470761889910012,0.0
0,19,21,5.3,400.0,400.0,10.0,0,100.0,0.10324501991271973,6,0,22.0,1,2,-9,3.1,-2,-4.005472744077568,3.470761889910012,0.0
0,13,15,5.3,400.0,400.0,10.0,0,100.0,0.10348105430603027,6,0,22.0,1,2,-9,3.1,0,-2.865396332514667,-4.4586437240052605,0.0
0,15,17,5.3,400.0,400.0,10.0,0,100.0,0.10323596000671387,6,0,22.0,1,2,-9,3.1,0,-4.821049575378945,-2.201699568910002,0.0
0,13,15,5.3,400.0,400.0,10.0,-1,100.0,0.10326910018920898,6,0,22.0,1,1,-9,3.1,0,-2.865396332514667,-4.4586437240052605,0.0
0,5,7,5.3,400.0,400.0,10.0,0,100.0,0.10325908660888672,6,0,22.0,1,1,-9,3.1,-1,5.246053641968943,0.7542686428484122,0.0
0,14,16,5.3,400.0,400.0,10.0,0,100.0,0.10313606262207031,6,0,22.0,1,1,-9,3.1,-2,-4.005472744077568,-3.4707618899100114,0.0
0,0,2,5.3,400.0,400.0,10.0,0,100.0,0.10323786735534668,6,0,22.0,2,1,-9,3.1,-1,0.0,5.3,0.0
0,12,14,5.3,400.0,400.0,10.0,0,100.0,0.10329413414001465,6,0,22.0,1,2,-9,3.1,1,-1.4931825512595758,-5.085312760156836,0.0
0,4,6,5.3,400.0,400.0,10.0,0,100.0,0.10325312614440918,6,0,22.0,2,1,-9,3.1,-1,4.821049575378947,2.201699568909998,0.0
0,17,19,5.3,400.0,400.0,10.0,0,100.0,0.10323405265808105,6,0,22.0,1,2,-9,3.1,0,-5.246053641968944,0.7542686428484098,0.0
0,21,1,5.3,400.0,400.0,10.0,0,100.0,0.10309696197509766,6,0,22.0,2,1,-9,3.1,0,-1.4931825512595778,5.085312760156836,0.0
0,19,21,5.3,400.0,400.0,10.0,-1,100.0,0.10341095924377441,6,0,22.0,1,2,-9,3.1,0,-4.005472744077568,3.470761889910012,0.0
0,14,16,5.3,400.0,400.0,10.0,1,100.0,0.10324597358703613,6,0,22.0,2,1,-9,3.1,0,-4.005472744077568,-3.4707618899100114,0.0
0,13,15,5.3,400.0,400.0,10.0,2,100.0,0.10323596000671387,6,0,22.0,2,2,-9,3.1,0,-2.865396332514667,-4.4586437240052605,0.0
0,2,4,5.3,400.0,400.0,10.0,-2,100.0,0.10329699516296387,6,0,22.0,2,2,-9,3.1,2,2.865396332514667,4.4586437240052605,0.0
0,16,18,5.3,400.0,400.0,10.0,0,100.0,0.10329198837280273,6,0,22.0,1,2,-9,3.1,2,-5.246053641968943,-0.7542686428484117,0.0
0,3,5,5.3,400.0,400.0,10.0,2,100.0,0.10325002670288086,6,0,22.0,1,1,-9,3.1,0,4.005472744077569,3.470761889910011,0.0
0,15,17,5.3,400.0,400.0,10.0,0,100.0,0.10322284698486328,6,0,22.0,1,2,-9,3.1,0,-4.821049575378945,-2.201699568910002,0.0
0,17,19,5.3,400.0,400.0,10.0,0,100.0,0.10328984260559082,6,0,22.0,1,1,-9,3.1,1,-5.246053641968944,0.7542686428484098,0.0
0,19,21,5.3,400.0,400.0,10.0,0,100.0,0.10322999954223633,6,0,22.0,1,1,-9,3.1,-2,-4.005472744077568,3.470761889910012,0.0
0,12,14,5.3,400.0,400.0,10.0,0,100.0,0.10327315330505371,6,0,22.0,2,2,-9,3.1,1,-1.4931825512595758,-5.085312760156836,0.0
0,11,13,5.3,400.0,400.0,10.0,0,100.0,0.10311388969421387,6,0,22.0,1,2,-9,3.1,2,6.490413675258599e-16,-5.3,0.0
0,12,14,5.3,400.0,400.0,10.0,-1,100.0,0.10309195518493652,6,0,22.0,2,1,-9,3.1,1,-1.4931825512595758,-5.085312760156836,0.0
0,2,4,5.3,400.0,400.0,10.0,-2,100.0,0.10327410697937012,6,0,22.0,2,1,-9,3.1,0,2.865396332514667,4.4586437240052605,0.0
0,4,6,5.3,400.0,400.0,10.0,0,100.0,0.10330915451049805,6,0,22.0,1,1,-9,3.1,2,4.821049575378947,2.201699568909998,0.0
0,16,18,5.3,400.0,400.0,10.0,-1,100.0,0.10324287414550781,6,0,22.0,2,1,-9,3.1,1,-5.246053641968943,-0.7542686428484117,0.0
0,2,4,5.3,400.0,400.0,10.0,2,100.0,0.10323095321655273,6,0,22.0,2,2,-9,3.1,1,2.865396332514667,4.4586437240052605,0.0
0,17,19,5.3,400.0,400.0,10.0,0,100.0,0.1032400131225586,6,0,22.0,1,2,-9,3.1,0,-5.246053641968944,0.7542686428484098,0.0
0,10,12,5.3,400.0,400.0,10.0,1,100.0,0.10324501991271973,6,0,22.0,1,1,-9,3.1,0,1.4931825512595793,-5.085312760156835,0.0
0,1,3,5.3,400.0,400.0,10.0,0,100.0,0.10327792167663574,6,0,22.0,1,2,-9,3.1,0,1.493182551259577,5.085312760156836,0.0
0,14,16,5.3,400.0,400.0,10.0,0,100.0,0.10323309898376465,6,0,22.0,2,1,-9,3.1,1,-4.005472744077568,-3.4707618899100114,0.0
0,4,6,5.3,400.0,400.0,10.0,0,100.0,0.10324907302856445,6,0,22.0,1,1,-9,3.1,-2,4.821049575378947,2.201699568909998,0.0
0,2,4,5.3,400.0,400.0,10.0,1,100.0,0.10340094566345215,6,0,22.0,1,2,-9,3.1,0,2.865396332514667,4.4586437240052605,0.0
0,13,15,5.3,400.0,400.0,10.0,1,100.0,0.10330486297607422,6,0,22.0,2,1,-9,3.1,0,-2.865396332514667,-4.4586437240052605,0.0
0,21,1,5.3,400.0,400.0,10.0,1,100.0,0.10325503349304199,6,0,22.0,2,1,-9,3.1,0,-1.4931825512595778,5.085312760156836,0.0
0,14,16,5.3,400.0,400.0,10.0,-1,100.0,0.10328197479248047,6,0,22.0,1,2,-9,3.1,2,-4.005472744077568,-3.4707618899100114,0.0
0,21,1,5.3,400.0,400.0,10.0,1,100.0,0.10341405868530273,6,0,22.0,1,1,-9,3.1,-2,-1.4931825512595778,5.085312760156836,0.0
0,6,8,5.3,400.0,400.0,10.0,0,100.0,0.10310602188110352,6,0,22.0,1,2,-9,3.1,0,5.246053641968944,-0.7542686428484106,0.0
0,12,14,5.3,400.0,400.0,10.0,0,100.0,0.10304903984069824,6,0,22.0,2,2,-9,3.1,-1,-1.4931825512595758,-5.085312760156836,0.0
0,14,16,5.3,400.0,400.0,10.0,0,100.0,0.1032109260559082,6,0,22.0,1,2,-9,3.1,2,-4.005472744077568,-3.4707618899100114,0.0
0,1,3,5.3,400.0,400.0,10.0,0,100.0,0.10309410095214844,6,0,22.0,1,2,-9,3.1,-1,1.493182551259577,5.085312760156836,0.0
0,19,21,5.3,400.0,400.0,10.0,-2,100.0,0.1033170223236084,6,0,22.0,1,2,-9,3.1,-2,-4.005472744077568,3.470761889910012,0.0
0,1,3,5.3,400.0,400.0,10.0,0,100.0,0.10325193405151367,6,0,22.0,1,2,-9,3.1,0,1.493182551259577,5.085312760156836,0.0
0,19,21,5.3,400.0,400.0,10.0,-1,100.0,0.10324311256408691,6,0,22.0,1,1,-9,3.1,0,-4.005472744077568,3.470761889910012,0.0
0,10,12,5.3,400.0,400.0,10.0,1,100.0,0.10324501991271973,6,0,22.0,1,2,-9,3.1,0,1.4931825512595793,-5.085312760156835,0.0
0,7,9,5.3,400.0,400.0,10.0,0,100.0,0.10325098037719727,6,0,22.0,1,1,-9,3.1,1,4.8210495753789475,-2.2016995689099974,0.0
0,4,6,5.3,400.0,400.0,10.0,0,100.0,0.10324501991271973,6,0,22.0,1,2,-9,3.1,0,4.821049575378947,2.201699568909998,0.0
0,7,9,5.3,400.0,400.0,10.0,0,100.0,0.10325908660888672,6,0,22.0,1,2,-9,3.1,0,4.8210495753789475,-2.2016995689099974,0.0
0,0,2,5.3,400.0,400.0,10.0,-2,100.0,0.10337281227111816,6,0,22.0,2,1,-9,3.1,0,0.0,5.3,0.0
0,3,5,5.3,400.0,400.0,10.0,0,100.0,0.10322809219360352,6,0,22.0,2,1,-9,3.1,1,4.005472744077569,3.470761889910011,0.0
0,19,21,5.3,400.0,400.0,10.0,0,100.0,0.1030890941619873,6,0,22.0,2,1,-9,3.1,2,-4.005472744077568,3.470761889910012,0.0
0,0,2,5.3,400.0,400.0,10.0,1,100.0,0.10310101509094238,6,0,22.0,1,2,-9,3.1,0,0.0,5.3,0.0
0,13,15,5.3,400.0,400.0,10.0,0,100.0,0.10305905342102051,6,0,22.0,2,1,-9,3.1,0,-2.865396332514667,-4.4586437240052605,0.0
0,9,11,5.3,400.0,400.0,10.0,-1,100.0,0.10306310653686523,6,0,22.0,2,1,-9,3.1,-1,2.8653963325146665,-4.4586437240052605,0.0
0,18,20,5.3,400.0,400.0,10.0,0,100.0,0.10325384140014648,6,0,22.0,2,1,-9,3.1,1,-4.821049575378947,2.20169956891,0.0
0,1,3,5.3,400.0,400.0,10.0,0,100.0,0.10306715965270996,6,0,22.0,1,2,-9,3.1,0,1.493182551259577,5.085312760156836,0.0
0,20,0,5.3,400.0,400.0,10.0,0,100.0,0.10337710380554199,6,0,22.0,1,1,-9,3.1,2,-2.8653963325146705,4.458643724005258,0.0
0,3,5,5.3,400.0,400.0,10.0,0,100.0,0.10324907302856445,6,0,22.0,2,1,-9,3.1,1,4.005472744077569,3.470761889910011,0.0
0,14,16,5.3,400.0,400.0,10.0,1,100.0,0.10323905944824219,6,0,22.0,1,2,-9,3.1,0,-4.005472744077568,-3.4707618899100114,0.0
0,16,18,5.3,400.0,400.0,10.0,0,100.0,0.10309410095214844,6,0,22.0,1,1,-9,3.1,1,-5.246053641968943,-0.7542686428484117,0.0
0,4,6,5.3,400.0,400.0,10.0,1,100.0,0.10329699516296387,6,0,22.0,1,2,-9,3.1,0,4.821049575378947,2.201699568909998,0.0
0,13,15,5.3,400.0,400.0,10.0,0,100.0,0.10306501388549805,6,0,22.0,2,1,-9,3.1,-1,-2.865396332514667,-4.4586437240052605,0.0
0,14,16,5.3,400.0,400.0,10.0,0,100.0,0.10324311256408691,6,0,22.0,1,2,-9,3.1,-1,-4.005472744077568,-3.4707618899100114,0.0
0,15,17,5.3,400.0,400.0,10.0,0,100.0,0.10323810577392578,6,0,22.0,2,2,-9,3.1,-2,-4.821049575378945,-2.201699568910002,0.0
0,2,4,5.3,400.0,400.0,10.0,1,100.0,0.1032412052154541,6,0,22.0,2,2,-9,3.1,0,2.865396332514667,4.4586437240052605,0.0
0,1,3,5.3,400.0,400.0,10.0,1,100.0,0.10305500030517578,6,0,22.0,2,2,-9,3.1,0,1.493182551259577,5.085312760156836,0.0
0,14,16,5.3,400.0,400.0,10.0,-1,100.0,0.10306906700134277,6,0,22.0,2,1,-9,3.1,0,-4.005472744077568,-3.4707618899100114,0.0
0,10,12,5.3,400.0,400.0,10.0,2,100.0,0.10325098037719727,6,0,22.0,1,1,-9,3.1,-2,1.4931825512595793,-5.085312760156835,0.0
0,0,2,5.3,400.0,400.0,10.0,1,100.0,0.10327601432800293,6,0,22.0,2,1,-9,3.1,1,0.0,5.3,0.0
0,4,6,5.3,400.0,400.0,10.0,0,100.0,0.10337305068969727,6,0,22.0,1,2,-9,3.1,0,4.821049575378947,2.201699568909998,0.0
0,10,12,5.3,400.0,400.0,10.0,0,100.0,0.10349178314208984,6,0,22.0,1,2,-9,3.1,2,1.4931825512595793,-5.085312760156835,0.0
0,14,16,5.3,400.0,400.0,10.0,0,100.0,0.10311698913574219,6,0,22.0,1,2,-9,3.1,1,-4.005472744077568,-3.4707618899100114,0.0
0,20,0,5.3,400.0,400.0,10.0,1,100.0,0.10326385498046875,6,0,22.0,1,1,-9,3.1,0,-2.8653963325146705,4.458643724005258,0.0
0,2,4,5.3,400.0,400.0,10.0,0,100.0,0.10324215888977051,6,0,22.0,1,2,-9,3.1,0,2.865396332514667,4.4586437240052605,0.0
0,9,11,5.3,400.0,400.0,10.0,-1,100.0,0.10324788093566895,6,0,22.0,1,1,-9,3.1,0,2.8653963325146665,-4.4586437240052605,0.0
