cue-length,ms-precue,resp-v-hv,ms-st-cue,nitems,offset2,resp-h-pos,actualStimOn,resp-v-pos,ms-stimon,resp-h-hv,cue-loc-int,cue-loc-x,cue-loc-y,radius,bars-or-spot,version,offset,npractice,ntrials
3.1,0.0,2,400.0,22.0,0,1,0.0971808433533,1,94.0,2,4,4.82104957538,2.20169956891,5.3,1,12,0,5.0,300.0
3.1,0.0,1,400.0,22.0,0,-1,0.0971760749817,-1,94.0,1,1,1.49318255126,5.08531276016,5.3,1,12,0,5.0,300.0
3.1,0.0,1,400.0,22.0,0,0,0.0970611572266,0,94.0,1,11,6.49041367526e-16,-5.3,5.3,1,12,0,5.0,300.0
3.1,0.0,2,400.0,22.0,0,0,0.097179889679,0,94.0,2,5,5.24605364197,0.754268642848,5.3,1,12,0,5.0,300.0
3.1,0.0,1,400.0,22.0,0,0,0.0972509384155,0,94.0,1,0,0.0,5.3,5.3,1,12,0,5.0,300.0
3.1,0.0,1,400.0,22.0,0,0,0.0970141887665,0,94.0,1,17,-5.24605364197,0.754268642848,5.3,1,12,0,5.0,300.0
3.1,0.0,1,400.0,22.0,0,0,0.0970239639282,0,94.0,1,16,-5.24605364197,-0.754268642848,5.3,1,12,0,5.0,300.0
3.1,0.0,1,400.0,22.0,0,-1,0.0971739292145,-1,94.0,1,3,4.00547274408,3.47076188991,5.3,1,12,0,5.0,300.0
3.1,0.0,1,400.0,22.0,0,0,0.0971989631653,0,94.0,1,15,-4.82104957538,-2.20169956891,5.3,1,12,0,5.0,300.0
3.1,0.0,2,400.0,22.0,0,0,0.0971848964691,0,94.0,2,1,1.49318255126,5.08531276016,5.3,1,12,0,5.0,300.0
3.1,0.0,1,400.0,22.0,0,0,0.0971839427948,0,94.0,1,10,1.49318255126,-5.08531276016,5.3,1,12,0,5.0,300.0
3.1,0.0,2,400.0,22.0,0,0,0.0970170497894,-1,94.0,2,14,-4.00547274408,-3.47076188991,5.3,1,12,0,5.0,300.0
3.1,0.0,2,400.0,22.0,0,0,0.0971620082855,0,94.0,2,13,-2.86539633251,-4.45864372401,5.3,1,12,0,5.0,300.0
3.1,0.0,1,400.0,22.0,0,0,0.097067117691,-2,94.0,1,3,4.00547274408,3.47076188991,5.3,1,12,0,5.0,300.0
3.1,0.0,2,400.0,22.0,0,0,0.0971870422363,2,94.0,1,17,-5.24605364197,0.754268642848,5.3,1,12,0,5.0,300.0
3.1,0.0,2,400.0,22.0,0,0,0.0971879959106,-1,94.0,1,14,-4.00547274408,-3.47076188991,5.3,1,12,0,5.0,300.0
3.1,0.0,1,400.0,22.0,0,2,0.0971870422363,0,94.0,1,11,6.49041367526e-16,-5.3,5.3,1,12,0,5.0,300.0
3.1,0.0,1,400.0,22.0,0,-2,0.0970530509949,-2,94.0,1,19,-4.00547274408,3.47076188991,5.3,1,12,0,5.0,300.0
3.1,0.0,1,400.0,22.0,0,2,0.0971868038177,2,94.0,2,1,1.49318255126,5.08531276016,5.3,1,12,0,5.0,300.0
3.1,0.0,2,400.0,22.0,0,1,0.0971779823303,-1,94.0,2,11,6.49041367526e-16,-5.3,5.3,1,12,0,5.0,300.0
3.1,0.0,1,400.0,22.0,0,0,0.0970618724823,0,94.0,1,7,4.82104957538,-2.20169956891,5.3,1,12,0,5.0,300.0
3.1,0.0,1,400.0,22.0,0,1,0.0970270633698,1,94.0,1,10,1.49318255126,-5.08531276016,5.3,1,12,0,5.0,300.0
3.1,0.0,2,400.0,22.0,0,-1,0.0970549583435,-1,94.0,2,18,-4.82104957538,2.20169956891,5.3,1,12,0,5.0,300.0
3.1,0.0,1,400.0,22.0,0,-1,0.0971870422363,-1,94.0,1,10,1.49318255126,-5.08531276016,5.3,1,12,0,5.0,300.0
3.1,0.0,1,400.0,22.0,0,-1,0.0970709323883,1,94.0,2,3,4.00547274408,3.47076188991,5.3,1,12,0,5.0,300.0
3.1,0.0,2,400.0,22.0,0,2,0.0971808433533,2,94.0,2,0,0.0,5.3,5.3,1,12,0,5.0,300.0
3.1,0.0,1,400.0,22.0,0,-1,0.0971748828888,-1,94.0,1,21,-1.49318255126,5.08531276016,5.3,1,12,0,5.0,300.0
3.1,0.0,1,400.0,22.0,0,0,0.0971910953522,0,94.0,1,8,4.00547274408,-3.47076188991,5.3,1,12,0,5.0,300.0
3.1,0.0,2,400.0,22.0,0,-2,0.0972979068756,0,94.0,2,11,6.49041367526e-16,-5.3,5.3,1,12,0,5.0,300.0
3.1,0.0,1,400.0,22.0,0,0,0.0970299243927,2,94.0,1,6,5.24605364197,-0.754268642848,5.3,1,12,0,5.0,300.0
3.1,0.0,1,400.0,22.0,0,0,0.0971910953522,-1,94.0,2,10,1.49318255126,-5.08531276016,5.3,1,12,0,5.0,300.0
3.1,0.0,1,400.0,22.0,0,-1,0.0970561504364,-1,94.0,1,17,-5.24605364197,0.754268642848,5.3,1,12,0,5.0,300.0
3.1,0.0,2,400.0,22.0,0,0,0.0971920490265,1,94.0,2,10,1.49318255126,-5.08531276016,5.3,1,12,0,5.0,300.0
3.1,0.0,2,400.0,22.0,0,0,0.0971829891205,0,94.0,1,6,5.24605364197,-0.754268642848,5.3,1,12,0,5.0,300.0
3.1,0.0,2,400.0,22.0,0,0,0.0970270633698,0,94.0,1,17,-5.24605364197,0.754268642848,5.3,1,12,0,5.0,300.0
3.1,0.0,2,400.0,22.0,0,0,0.0971930027008,0,94.0,1,10,1.49318255126,-5.08531276016,5.3,1,12,0,5.0,300.0
3.1,0.0,2,400.0,22.0,0,0,0.0971848964691,0,94.0,1,10,1.49318255126,-5.08531276016,5.3,1,12,0,5.0,300.0
3.1,0.0,1,400.0,22.0,0,0,0.0972099304199,0,94.0,2,8,4.00547274408,-3.47076188991,5.3,1,12,0,5.0,300.0
3.1,0.0,2,400.0,22.0,0,1,0.0970070362091,0,94.0,1,11,6.49041367526e-16,-5.3,5.3,1,12,0,5.0,300.0
3.1,0.0,2,400.0,22.0,0,0,0.0970251560211,0,94.0,2,1,1.49318255126,5.08531276016,5.3,1,12,0,5.0,300.0
3.1,0.0,2,400.0,22.0,0,1,0.097020149231,1,94.0,2,4,4.82104957538,2.20169956891,5.3,1,12,0,5.0,300.0
3.1,0.0,1,400.0,22.0,0,-2,0.0972781181335,-2,94.0,1,1,1.49318255126,5.08531276016,5.3,1,12,0,5.0,300.0
3.1,0.0,2,400.0,22.0,0,1,0.0971891880035,0,94.0,2,20,-2.86539633251,4.45864372401,5.3,1,12,0,5.0,300.0
3.1,0.0,2,400.0,22.0,0,0,0.0970129966736,0,94.0,2,16,-5.24605364197,-0.754268642848,5.3,1,12,0,5.0,300.0
3.1,0.0,2,400.0,22.0,0,1,0.0971848964691,1,94.0,2,2,2.86539633251,4.45864372401,5.3,1,12,0,5.0,300.0
3.1,0.0,2,400.0,22.0,0,-1,0.0973119735718,-1,94.0,2,17,-5.24605364197,0.754268642848,5.3,1,12,0,5.0,300.0
3.1,0.0,1,400.0,22.0,0,-1,0.0971961021423,-1,94.0,2,11,6.49041367526e-16,-5.3,5.3,1,12,0,5.0,300.0
3.1,0.0,1,400.0,22.0,0,1,0.0970120429993,1,94.0,1,4,4.82104957538,2.20169956891,5.3,1,12,0,5.0,300.0
3.1,0.0,1,400.0,22.0,0,-1,0.0971839427948,1,94.0,1,8,4.00547274408,-3.47076188991,5.3,1,12,0,5.0,300.0
3.1,0.0,1,400.0,22.0,0,-1,0.0971989631653,-1,94.0,1,5,5.24605364197,0.754268642848,5.3,1,12,0,5.0,300.0
3.1,0.0,1,400.0,22.0,0,1,0.0971989631653,1,94.0,1,9,2.86539633251,-4.45864372401,5.3,1,12,0,5.0,300.0
3.1,0.0,2,400.0,22.0,0,0,0.0970048904419,-2,94.0,1,17,-5.24605364197,0.754268642848,5.3,1,12,0,5.0,300.0
3.1,0.0,1,400.0,22.0,0,-1,0.0970118045807,0,94.0,1,20,-2.86539633251,4.45864372401,5.3,1,12,0,5.0,300.0
3.1,0.0,1,400.0,22.0,0,0,0.0969958305359,-1,94.0,2,20,-2.86539633251,4.45864372401,5.3,1,12,0,5.0,300.0
3.1,0.0,1,400.0,22.0,0,0,0.097000837326,0,94.0,1,3,4.00547274408,3.47076188991,5.3,1,12,0,5.0,300.0
3.1,0.0,1,400.0,22.0,0,1,0.0970029830933,1,94.0,1,7,4.82104957538,-2.20169956891,5.3,1,12,0,5.0,300.0
3.1,0.0,1,400.0,22.0,0,0,0.0970001220703,0,94.0,1,13,-2.86539633251,-4.45864372401,5.3,1,12,0,5.0,300.0
3.1,0.0,1,400.0,22.0,0,1,0.0969998836517,1,94.0,1,9,2.86539633251,-4.45864372401,5.3,1,12,0,5.0,300.0
3.1,0.0,2,400.0,22.0,0,0,0.0970058441162,2,94.0,1,12,-1.49318255126,-5.08531276016,5.3,1,12,0,5.0,300.0
3.1,0.0,2,400.0,22.0,0,0,0.0971231460571,0,94.0,2,21,-1.49318255126,5.08531276016,5.3,1,12,0,5.0,300.0
3.1,0.0,1,400.0,22.0,0,1,0.0970408916473,-1,94.0,2,17,-5.24605364197,0.754268642848,5.3,1,12,0,5.0,300.0
3.1,0.0,2,400.0,22.0,0,0,0.0971939563751,0,94.0,2,18,-4.82104957538,2.20169956891,5.3,1,12,0,5.0,300.0
3.1,0.0,2,400.0,22.0,0,1,0.0970029830933,1,94.0,2,18,-4.82104957538,2.20169956891,5.3,1,12,0,5.0,300.0
3.1,0.0,1,400.0,22.0,0,0,0.0970089435577,0,94.0,1,21,-1.49318255126,5.08531276016,5.3,1,12,0,5.0,300.0
3.1,0.0,1,400.0,22.0,0,2,0.0970060825348,2,94.0,1,6,5.24605364197,-0.754268642848,5.3,1,12,0,5.0,300.0
3.1,0.0,2,400.0,22.0,0,-2,0.0970079898834,-2,94.0,2,9,2.86539633251,-4.45864372401,5.3,1,12,0,5.0,300.0
3.1,0.0,1,400.0,22.0,0,0,0.0971970558167,0,94.0,1,19,-4.00547274408,3.47076188991,5.3,1,12,0,5.0,300.0
3.1,0.0,2,400.0,22.0,0,1,0.0971870422363,1,94.0,2,15,-4.82104957538,-2.20169956891,5.3,1,12,0,5.0,300.0
3.1,0.0,1,400.0,22.0,0,0,0.0972061157227,0,94.0,1,9,2.86539633251,-4.45864372401,5.3,1,12,0,5.0,300.0
3.1,0.0,1,400.0,22.0,0,2,0.0972049236298,2,94.0,1,15,-4.82104957538,-2.20169956891,5.3,1,12,0,5.0,300.0
3.1,0.0,2,400.0,22.0,0,0,0.0970058441162,0,94.0,2,3,4.00547274408,3.47076188991,5.3,1,12,0,5.0,300.0
3.1,0.0,1,400.0,22.0,0,1,0.0970051288605,1,94.0,1,7,4.82104957538,-2.20169956891,5.3,1,12,0,5.0,300.0
3.1,0.0,2,400.0,22.0,0,0,0.0970239639282,1,94.0,2,8,4.00547274408,-3.47076188991,5.3,1,12,0,5.0,300.0
3.1,0.0,1,400.0,22.0,0,1,0.0971949100494,1,94.0,1,9,2.86539633251,-4.45864372401,5.3,1,12,0,5.0,300.0
3.1,0.0,2,400.0,22.0,0,0,0.0972371101379,0,94.0,2,3,4.00547274408,3.47076188991,5.3,1,12,0,5.0,300.0
3.1,0.0,1,400.0,22.0,0,-1,0.0970139503479,-1,94.0,1,12,-1.49318255126,-5.08531276016,5.3,1,12,0,5.0,300.0
3.1,0.0,2,400.0,22.0,0,-2,0.0972089767456,-2,94.0,2,10,1.49318255126,-5.08531276016,5.3,1,12,0,5.0,300.0
3.1,0.0,2,400.0,22.0,0,-1,0.0972089767456,-1,94.0,2,19,-4.00547274408,3.47076188991,5.3,1,12,0,5.0,300.0
3.1,0.0,2,400.0,22.0,0,0,0.0970058441162,0,94.0,2,9,2.86539633251,-4.45864372401,5.3,1,12,0,5.0,300.0
3.1,0.0,2,400.0,22.0,0,0,0.0970039367676,0,94.0,2,7,4.82104957538,-2.20169956891,5.3,1,12,0,5.0,300.0
3.1,0.0,2,400.0,22.0,0,0,0.0972120761871,0,94.0,1,6,5.24605364197,-0.754268642848,5.3,1,12,0,5.0,300.0
3.1,0.0,2,400.0,22.0,0,1,0.0972149372101,1,94.0,2,20,-2.86539633251,4.45864372401,5.3,1,12,0,5.0,300.0
3.1,0.0,1,400.0,22.0,0,-1,0.0972230434418,0,94.0,1,9,2.86539633251,-4.45864372401,5.3,1,12,0,5.0,300.0
3.1,0.0,2,400.0,22.0,0,1,0.097048997879,0,94.0,1,14,-4.00547274408,-3.47076188991,5.3,1,12,0,5.0,300.0
3.1,0.0,1,400.0,22.0,0,2,0.0972120761871,2,94.0,1,18,-4.82104957538,2.20169956891,5.3,1,12,0,5.0,300.0
3.1,0.0,2,400.0,22.0,0,1,0.0972139835358,1,94.0,2,4,4.82104957538,2.20169956891,5.3,1,12,0,5.0,300.0
3.1,0.0,2,400.0,22.0,0,0,0.0972058773041,0,94.0,2,9,2.86539633251,-4.45864372401,5.3,1,12,0,5.0,300.0
3.1,0.0,2,400.0,22.0,0,2,0.0971910953522,1,94.0,2,12,-1.49318255126,-5.08531276016,5.3,1,12,0,5.0,300.0
3.1,0.0,1,400.0,22.0,0,0,0.0972158908844,0,94.0,1,10,1.49318255126,-5.08531276016,5.3,1,12,0,5.0,300.0
3.1,0.0,2,400.0,22.0,0,-1,0.0970141887665,-1,94.0,2,18,-4.82104957538,2.20169956891,5.3,1,12,0,5.0,300.0
3.1,0.0,2,400.0,22.0,0,0,0.0972008705139,0,94.0,1,6,5.24605364197,-0.754268642848,5.3,1,12,0,5.0,300.0
3.1,0.0,2,400.0,22.0,0,-1,0.0972211360931,-1,94.0,2,14,-4.00547274408,-3.47076188991,5.3,1,12,0,5.0,300.0
3.1,0.0,2,400.0,22.0,0,0,0.0972158908844,0,94.0,2,20,-2.86539633251,4.45864372401,5.3,1,12,0,5.0,300.0
3.1,0.0,1,400.0,22.0,0,0,0.0970189571381,0,94.0,1,2,2.86539633251,4.45864372401,5.3,1,12,0,5.0,300.0
3.1,0.0,2,400.0,22.0,0,0,0.0972189903259,0,94.0,2,9,2.86539633251,-4.45864372401,5.3,1,12,0,5.0,300.0
3.1,0.0,1,400.0,22.0,0,-1,0.0970079898834,-1,94.0,1,0,0.0,5.3,5.3,1,12,0,5.0,300.0
3.1,0.0,2,400.0,22.0,0,1,0.0972058773041,0,94.0,2,16,-5.24605364197,-0.754268642848,5.3,1,12,0,5.0,300.0
3.1,0.0,2,400.0,22.0,0,0,0.0972030162811,0,94.0,2,9,2.86539633251,-4.45864372401,5.3,1,12,0,5.0,300.0
3.1,0.0,2,400.0,22.0,0,-1,0.097207069397,-1,94.0,1,8,4.00547274408,-3.47076188991,5.3,1,12,0,5.0,300.0
3.1,0.0,2,400.0,22.0,0,0,0.0970129966736,0,94.0,2,19,-4.00547274408,3.47076188991,5.3,1,12,0,5.0,300.0
3.1,0.0,2,400.0,22.0,0,1,0.0971710681915,1,94.0,2,2,2.86539633251,4.45864372401,5.3,1,12,0,5.0,300.0
3.1,0.0,1,400.0,22.0,0,2,0.0971891880035,2,94.0,1,21,-1.49318255126,5.08531276016,5.3,1,12,0,5.0,300.0
3.1,0.0,1,400.0,22.0,0,0,0.0972180366516,0,94.0,2,17,-5.24605364197,0.754268642848,5.3,1,12,0,5.0,300.0
3.1,0.0,2,400.0,22.0,0,0,0.0970079898834,0,94.0,2,1,1.49318255126,5.08531276016,5.3,1,12,0,5.0,300.0
3.1,0.0,2,400.0,22.0,0,1,0.0972170829773,0,94.0,2,18,-4.82104957538,2.20169956891,5.3,1,12,0,5.0,300.0
3.1,0.0,2,400.0,22.0,0,1,0.0972180366516,1,94.0,2,12,-1.49318255126,-5.08531276016,5.3,1,12,0,5.0,300.0
3.1,0.0,1,400.0,22.0,0,0,0.097207069397,0,94.0,1,7,4.82104957538,-2.20169956891,5.3,1,12,0,5.0,300.0
3.1,0.0,2,400.0,22.0,0,1,0.0972120761871,1,94.0,2,1,1.49318255126,5.08531276016,5.3,1,12,0,5.0,300.0
3.1,0.0,2,400.0,22.0,0,1,0.0972120761871,1,94.0,2,14,-4.00547274408,-3.47076188991,5.3,1,12,0,5.0,300.0
3.1,0.0,1,400.0,22.0,0,1,0.0970029830933,1,94.0,1,12,-1.49318255126,-5.08531276016,5.3,1,12,0,5.0,300.0
3.1,0.0,2,400.0,22.0,0,-2,0.0970079898834,-2,94.0,2,7,4.82104957538,-2.20169956891,5.3,1,12,0,5.0,300.0
3.1,0.0,2,400.0,22.0,0,0,0.0972149372101,0,94.0,1,11,6.49041367526e-16,-5.3,5.3,1,12,0,5.0,300.0
3.1,0.0,2,400.0,22.0,0,0,0.0972211360931,0,94.0,2,19,-4.00547274408,3.47076188991,5.3,1,12,0,5.0,300.0
3.1,0.0,1,400.0,22.0,0,0,0.0970032215118,0,94.0,1,1,1.49318255126,5.08531276016,5.3,1,12,0,5.0,300.0
3.1,0.0,2,400.0,22.0,0,0,0.0971958637238,0,94.0,1,7,4.82104957538,-2.20169956891,5.3,1,12,0,5.0,300.0
3.1,0.0,1,400.0,22.0,0,0,0.0972089767456,1,94.0,2,1,1.49318255126,5.08531276016,5.3,1,12,0,5.0,300.0
3.1,0.0,1,400.0,22.0,0,0,0.0971031188965,0,94.0,1,16,-5.24605364197,-0.754268642848,5.3,1,12,0,5.0,300.0
3.1,0.0,2,400.0,22.0,0,2,0.0970029830933,2,94.0,2,18,-4.82104957538,2.20169956891,5.3,1,12,0,5.0,300.0
3.1,0.0,1,400.0,22.0,0,0,0.0972170829773,1,94.0,2,3,4.00547274408,3.47076188991,5.3,1,12,0,5.0,300.0
3.1,0.0,2,400.0,22.0,0,-1,0.0972690582275,-1,94.0,2,8,4.00547274408,-3.47076188991,5.3,1,12,0,5.0,300.0
3.1,0.0,2,400.0,22.0,0,-1,0.0972118377686,-1,94.0,2,18,-4.82104957538,2.20169956891,5.3,1,12,0,5.0,300.0
3.1,0.0,2,400.0,22.0,0,0,0.097030878067,0,94.0,2,3,4.00547274408,3.47076188991,5.3,1,12,0,5.0,300.0
3.1,0.0,1,400.0,22.0,0,1,0.0972142219543,1,94.0,1,11,6.49041367526e-16,-5.3,5.3,1,12,0,5.0,300.0
3.1,0.0,2,400.0,22.0,0,0,0.0972001552582,0,94.0,2,16,-5.24605364197,-0.754268642848,5.3,1,12,0,5.0,300.0
3.1,0.0,2,400.0,22.0,0,0,0.0972099304199,0,94.0,2,1,1.49318255126,5.08531276016,5.3,1,12,0,5.0,300.0
3.1,0.0,1,400.0,22.0,0,-1,0.0972139835358,-1,94.0,1,9,2.86539633251,-4.45864372401,5.3,1,12,0,5.0,300.0
3.1,0.0,2,400.0,22.0,0,0,0.0972111225128,0,94.0,2,2,2.86539633251,4.45864372401,5.3,1,12,0,5.0,300.0
3.1,0.0,1,400.0,22.0,0,1,0.0972380638123,1,94.0,1,17,-5.24605364197,0.754268642848,5.3,1,12,0,5.0,300.0
3.1,0.0,2,400.0,22.0,0,0,0.0972139835358,0,94.0,2,3,4.00547274408,3.47076188991,5.3,1,12,0,5.0,300.0
3.1,0.0,2,400.0,22.0,0,1,0.0970089435577,0,94.0,2,3,4.00547274408,3.47076188991,5.3,1,12,0,5.0,300.0
3.1,0.0,2,400.0,22.0,0,0,0.0970270633698,0,94.0,2,9,2.86539633251,-4.45864372401,5.3,1,12,0,5.0,300.0
3.1,0.0,2,400.0,22.0,0,1,0.0971920490265,1,94.0,2,3,4.00547274408,3.47076188991,5.3,1,12,0,5.0,300.0
3.1,0.0,1,400.0,22.0,0,0,0.0970261096954,0,94.0,1,11,6.49041367526e-16,-5.3,5.3,1,12,0,5.0,300.0
3.1,0.0,2,400.0,22.0,0,0,0.0972039699554,1,94.0,2,14,-4.00547274408,-3.47076188991,5.3,1,12,0,5.0,300.0
3.1,0.0,2,400.0,22.0,0,2,0.0972409248352,1,94.0,2,5,5.24605364197,0.754268642848,5.3,1,12,0,5.0,300.0
3.1,0.0,2,400.0,22.0,0,-2,0.0972151756287,-2,94.0,2,8,4.00547274408,-3.47076188991,5.3,1,12,0,5.0,300.0
3.1,0.0,2,400.0,22.0,0,1,0.0972111225128,1,94.0,2,0,0.0,5.3,5.3,1,12,0,5.0,300.0
3.1,0.0,1,400.0,22.0,0,1,0.0972149372101,1,94.0,2,10,1.49318255126,-5.08531276016,5.3,1,12,0,5.0,300.0
3.1,0.0,1,400.0,22.0,0,1,0.0972938537598,1,94.0,1,20,-2.86539633251,4.45864372401,5.3,1,12,0,5.0,300.0
3.1,0.0,2,400.0,22.0,0,-1,0.0971908569336,-1,94.0,2,1,1.49318255126,5.08531276016,5.3,1,12,0,5.0,300.0
3.1,0.0,2,400.0,22.0,0,0,0.0972158908844,0,94.0,2,17,-5.24605364197,0.754268642848,5.3,1,12,0,5.0,300.0
3.1,0.0,2,400.0,22.0,0,0,0.0972011089325,0,94.0,2,10,1.49318255126,-5.08531276016,5.3,1,12,0,5.0,300.0
3.1,0.0,1,400.0,22.0,0,0,0.0972061157227,0,94.0,2,8,4.00547274408,-3.47076188991,5.3,1,12,0,5.0,300.0
3.1,0.0,2,400.0,22.0,0,1,0.0970079898834,1,94.0,2,1,1.49318255126,5.08531276016,5.3,1,12,0,5.0,300.0
3.1,0.0,2,400.0,22.0,0,0,0.097030878067,0,94.0,2,11,6.49041367526e-16,-5.3,5.3,1,12,0,5.0,300.0
3.1,0.0,2,400.0,22.0,0,0,0.0972199440002,0,94.0,2,14,-4.00547274408,-3.47076188991,5.3,1,12,0,5.0,300.0
3.1,0.0,2,400.0,22.0,0,-2,0.0972168445587,-2,94.0,2,20,-2.86539633251,4.45864372401,5.3,1,12,0,5.0,300.0
3.1,0.0,1,400.0,22.0,0,1,0.0972108840942,1,94.0,1,15,-4.82104957538,-2.20169956891,5.3,1,12,0,5.0,300.0
3.1,0.0,1,400.0,22.0,0,0,0.0970408916473,0,94.0,1,15,-4.82104957538,-2.20169956891,5.3,1,12,0,5.0,300.0
3.1,0.0,1,400.0,22.0,0,0,0.097188949585,0,94.0,1,13,-2.86539633251,-4.45864372401,5.3,1,12,0,5.0,300.0
3.1,0.0,1,400.0,22.0,0,1,0.097198009491,1,94.0,1,14,-4.00547274408,-3.47076188991,5.3,1,12,0,5.0,300.0
3.1,0.0,2,400.0,22.0,0,0,0.0972099304199,0,94.0,2,11,6.49041367526e-16,-5.3,5.3,1,12,0,5.0,300.0
3.1,0.0,2,400.0,22.0,0,-1,0.0972049236298,1,94.0,1,10,1.49318255126,-5.08531276016,5.3,1,12,0,5.0,300.0
3.1,0.0,2,400.0,22.0,0,0,0.0972120761871,0,94.0,2,19,-4.00547274408,3.47076188991,5.3,1,12,0,5.0,300.0
3.1,0.0,2,400.0,22.0,0,0,0.0972199440002,0,94.0,1,12,-1.49318255126,-5.08531276016,5.3,1,12,0,5.0,300.0
3.1,0.0,1,400.0,22.0,0,0,0.0972030162811,-1,94.0,1,20,-2.86539633251,4.45864372401,5.3,1,12,0,5.0,300.0
3.1,0.0,1,400.0,22.0,0,0,0.0972080230713,0,94.0,1,10,1.49318255126,-5.08531276016,5.3,1,12,0,5.0,300.0
3.1,0.0,2,400.0,22.0,0,2,0.0971939563751,2,94.0,2,3,4.00547274408,3.47076188991,5.3,1,12,0,5.0,300.0
3.1,0.0,1,400.0,22.0,0,-1,0.0971989631653,0,94.0,1,9,2.86539633251,-4.45864372401,5.3,1,12,0,5.0,300.0
3.1,0.0,2,400.0,22.0,0,0,0.0972049236298,0,94.0,2,20,-2.86539633251,4.45864372401,5.3,1,12,0,5.0,300.0
3.1,0.0,1,400.0,22.0,0,2,0.0972061157227,0,94.0,2,17,-5.24605364197,0.754268642848,5.3,1,12,0,5.0,300.0
3.1,0.0,2,400.0,22.0,0,0,0.0972139835358,0,94.0,2,16,-5.24605364197,-0.754268642848,5.3,1,12,0,5.0,300.0
3.1,0.0,1,400.0,22.0,0,1,0.0971899032593,1,94.0,1,4,4.82104957538,2.20169956891,5.3,1,12,0,5.0,300.0
3.1,0.0,1,400.0,22.0,0,0,0.097207069397,0,94.0,1,13,-2.86539633251,-4.45864372401,5.3,1,12,0,5.0,300.0
3.1,0.0,1,400.0,22.0,0,1,0.0970499515533,2,94.0,1,16,-5.24605364197,-0.754268642848,5.3,1,12,0,5.0,300.0
3.1,0.0,2,400.0,22.0,0,0,0.0972139835358,0,94.0,2,9,2.86539633251,-4.45864372401,5.3,1,12,0,5.0,300.0
3.1,0.0,2,400.0,22.0,0,0,0.0972208976746,0,94.0,2,10,1.49318255126,-5.08531276016,5.3,1,12,0,5.0,300.0
3.1,0.0,2,400.0,22.0,0,0,0.0972220897675,0,94.0,2,2,2.86539633251,4.45864372401,5.3,1,12,0,5.0,300.0
3.1,0.0,1,400.0,22.0,0,-2,0.0972151756287,-2,94.0,1,6,5.24605364197,-0.754268642848,5.3,1,12,0,5.0,300.0
3.1,0.0,2,400.0,22.0,0,1,0.0972189903259,1,94.0,2,9,2.86539633251,-4.45864372401,5.3,1,12,0,5.0,300.0
3.1,0.0,1,400.0,22.0,0,0,0.0972120761871,1,94.0,2,21,-1.49318255126,5.08531276016,5.3,1,12,0,5.0,300.0
3.1,0.0,1,400.0,22.0,0,0,0.0972509384155,0,94.0,1,17,-5.24605364197,0.754268642848,5.3,1,12,0,5.0,300.0
3.1,0.0,1,400.0,22.0,0,-1,0.0972051620483,-1,94.0,1,19,-4.00547274408,3.47076188991,5.3,1,12,0,5.0,300.0
3.1,0.0,2,400.0,22.0,0,1,0.0971810817719,1,94.0,2,10,1.49318255126,-5.08531276016,5.3,1,12,0,5.0,300.0
3.1,0.0,2,400.0,22.0,0,0,0.0972218513489,0,94.0,2,11,6.49041367526e-16,-5.3,5.3,1,12,0,5.0,300.0
3.1,0.0,2,400.0,22.0,0,1,0.0971701145172,1,94.0,2,12,-1.49318255126,-5.08531276016,5.3,1,12,0,5.0,300.0
3.1,0.0,2,400.0,22.0,0,-1,0.0970571041107,-1,94.0,2,20,-2.86539633251,4.45864372401,5.3,1,12,0,5.0,300.0
3.1,0.0,2,400.0,22.0,0,0,0.0970878601074,0,94.0,1,1,1.49318255126,5.08531276016,5.3,1,12,0,5.0,300.0
3.1,0.0,1,400.0,22.0,0,-1,0.0971829891205,-1,94.0,1,5,5.24605364197,0.754268642848,5.3,1,12,0,5.0,300.0
3.1,0.0,1,400.0,22.0,0,0,0.0971810817719,0,94.0,1,11,6.49041367526e-16,-5.3,5.3,1,12,0,5.0,300.0
3.1,0.0,1,400.0,22.0,0,0,0.0971810817719,0,94.0,1,4,4.82104957538,2.20169956891,5.3,1,12,0,5.0,300.0
3.1,0.0,1,400.0,22.0,0,0,0.0972230434418,0,94.0,2,21,-1.49318255126,5.08531276016,5.3,1,12,0,5.0,300.0
3.1,0.0,2,400.0,22.0,0,0,0.0972092151642,0,94.0,2,15,-4.82104957538,-2.20169956891,5.3,1,12,0,5.0,300.0
3.1,0.0,2,400.0,22.0,0,0,0.0972149372101,0,94.0,2,4,4.82104957538,2.20169956891,5.3,1,12,0,5.0,300.0
3.1,0.0,1,400.0,22.0,0,2,0.0972030162811,2,94.0,1,18,-4.82104957538,2.20169956891,5.3,1,12,0,5.0,300.0
3.1,0.0,2,400.0,22.0,0,0,0.0971779823303,0,94.0,2,0,0.0,5.3,5.3,1,12,0,5.0,300.0
3.1,0.0,2,400.0,22.0,0,1,0.0972130298615,1,94.0,2,3,4.00547274408,3.47076188991,5.3,1,12,0,5.0,300.0
3.1,0.0,1,400.0,22.0,0,0,0.0971868038177,0,94.0,1,8,4.00547274408,-3.47076188991,5.3,1,12,0,5.0,300.0
3.1,0.0,1,400.0,22.0,0,1,0.0972108840942,1,94.0,1,7,4.82104957538,-2.20169956891,5.3,1,12,0,5.0,300.0
3.1,0.0,1,400.0,22.0,0,0,0.097198009491,0,94.0,1,4,4.82104957538,2.20169956891,5.3,1,12,0,5.0,300.0
3.1,0.0,2,400.0,22.0,0,0,0.0972130298615,0,94.0,2,12,-1.49318255126,-5.08531276016,5.3,1,12,0,5.0,300.0
3.1,0.0,1,400.0,22.0,0,2,0.0971789360046,2,94.0,1,21,-1.49318255126,5.08531276016,5.3,1,12,0,5.0,300.0
3.1,0.0,2,400.0,22.0,0,0,0.0972130298615,0,94.0,2,0,0.0,5.3,5.3,1,12,0,5.0,300.0
3.1,0.0,1,400.0,22.0,0,0,0.0971760749817,0,94.0,1,2,2.86539633251,4.45864372401,5.3,1,12,0,5.0,300.0
3.1,0.0,2,400.0,22.0,0,0,0.0972099304199,0,94.0,1,6,5.24605364197,-0.754268642848,5.3,1,12,0,5.0,300.0
3.1,0.0,2,400.0,22.0,0,0,0.0971710681915,0,94.0,2,7,4.82104957538,-2.20169956891,5.3,1,12,0,5.0,300.0
3.1,0.0,2,400.0,22.0,0,1,0.0970520973206,0,94.0,2,5,5.24605364197,0.754268642848,5.3,1,12,0,5.0,300.0
3.1,0.0,2,400.0,22.0,0,0,0.0970640182495,0,94.0,2,1,1.49318255126,5.08531276016,5.3,1,12,0,5.0,300.0
3.1,0.0,2,400.0,22.0,0,0,0.0970330238342,0,94.0,2,4,4.82104957538,2.20169956891,5.3,1,12,0,5.0,300.0
3.1,0.0,2,400.0,22.0,0,0,0.0972628593445,0,94.0,2,20,-2.86539633251,4.45864372401,5.3,1,12,0,5.0,300.0
3.1,0.0,1,400.0,22.0,0,-1,0.0970540046692,-1,94.0,1,8,4.00547274408,-3.47076188991,5.3,1,12,0,5.0,300.0
3.1,0.0,2,400.0,22.0,0,-1,0.097029209137,-1,94.0,2,14,-4.00547274408,-3.47076188991,5.3,1,12,0,5.0,300.0
3.1,0.0,1,400.0,22.0,0,0,0.0971930027008,0,94.0,1,4,4.82104957538,2.20169956891,5.3,1,12,0,5.0,300.0
3.1,0.0,2,400.0,22.0,0,-1,0.0971779823303,-1,94.0,2,19,-4.00547274408,3.47076188991,5.3,1,12,0,5.0,300.0
3.1,0.0,2,400.0,22.0,0,1,0.0970370769501,1,94.0,2,12,-1.49318255126,-5.08531276016,5.3,1,12,0,5.0,300.0
3.1,0.0,2,400.0,22.0,0,0,0.0971779823303,0,94.0,2,18,-4.82104957538,2.20169956891,5.3,1,12,0,5.0,300.0
3.1,0.0,2,400.0,22.0,0,-1,0.0970439910889,0,94.0,1,0,0.0,5.3,5.3,1,12,0,5.0,300.0
3.1,0.0,2,400.0,22.0,0,1,0.0970540046692,1,94.0,2,11,6.49041367526e-16,-5.3,5.3,1,12,0,5.0,300.0
3.1,0.0,2,400.0,22.0,0,1,0.0971939563751,0,94.0,1,1,1.49318255126,5.08531276016,5.3,1,12,0,5.0,300.0
3.1,0.0,1,400.0,22.0,0,0,0.0971779823303,0,94.0,1,14,-4.00547274408,-3.47076188991,5.3,1,12,0,5.0,300.0
3.1,0.0,2,400.0,22.0,0,0,0.0971939563751,0,94.0,2,21,-1.49318255126,5.08531276016,5.3,1,12,0,5.0,300.0
3.1,0.0,1,400.0,22.0,0,0,0.0971958637238,0,94.0,1,20,-2.86539633251,4.45864372401,5.3,1,12,0,5.0,300.0
3.1,0.0,1,400.0,22.0,0,0,0.0972139835358,0,94.0,2,17,-5.24605364197,0.754268642848,5.3,1,12,0,5.0,300.0
3.1,0.0,1,400.0,22.0,0,0,0.0971791744232,0,94.0,1,13,-2.86539633251,-4.45864372401,5.3,1,12,0,5.0,300.0
3.1,0.0,1,400.0,22.0,0,1,0.0971910953522,1,94.0,1,1,1.49318255126,5.08531276016,5.3,1,12,0,5.0,300.0
3.1,0.0,2,400.0,22.0,0,1,0.0972001552582,1,94.0,2,3,4.00547274408,3.47076188991,5.3,1,12,0,5.0,300.0
3.1,0.0,1,400.0,22.0,0,1,0.0972290039062,1,94.0,2,7,4.82104957538,-2.20169956891,5.3,1,12,0,5.0,300.0
3.1,0.0,1,400.0,22.0,0,1,0.0972061157227,1,94.0,1,9,2.86539633251,-4.45864372401,5.3,1,12,0,5.0,300.0
3.1,0.0,1,400.0,22.0,0,0,0.0972380638123,0,94.0,1,0,0.0,5.3,5.3,1,12,0,5.0,300.0
3.1,0.0,1,400.0,22.0,0,0,0.0972092151642,0,94.0,1,13,-2.86539633251,-4.45864372401,5.3,1,12,0,5.0,300.0
3.1,0.0,2,400.0,22.0,0,-1,0.0971930027008,-1,94.0,2,20,-2.86539633251,4.45864372401,5.3,1,12,0,5.0,300.0
3.1,0.0,2,400.0,22.0,0,0,0.0972290039062,0,94.0,2,20,-2.86539633251,4.45864372401,5.3,1,12,0,5.0,300.0
3.1,0.0,2,400.0,22.0,0,0,0.097198009491,0,94.0,2,20,-2.86539633251,4.45864372401,5.3,1,12,0,5.0,300.0
3.1,0.0,2,400.0,22.0,0,-1,0.0972108840942,-1,94.0,2,8,4.00547274408,-3.47076188991,5.3,1,12,0,5.0,300.0
3.1,0.0,2,400.0,22.0,0,0,0.0972020626068,0,94.0,2,0,0.0,5.3,5.3,1,12,0,5.0,300.0
3.1,0.0,2,400.0,22.0,0,0,0.0972099304199,0,94.0,2,17,-5.24605364197,0.754268642848,5.3,1,12,0,5.0,300.0
3.1,0.0,2,400.0,22.0,0,0,0.0972020626068,0,94.0,2,1,1.49318255126,5.08531276016,5.3,1,12,0,5.0,300.0
3.1,0.0,2,400.0,22.0,0,0,0.0972080230713,0,94.0,2,3,4.00547274408,3.47076188991,5.3,1,12,0,5.0,300.0
3.1,0.0,2,400.0,22.0,0,1,0.0971558094025,1,94.0,2,12,-1.49318255126,-5.08531276016,5.3,1,12,0,5.0,300.0
3.1,0.0,2,400.0,22.0,0,0,0.0970361232758,0,94.0,2,13,-2.86539633251,-4.45864372401,5.3,1,12,0,5.0,300.0
3.1,0.0,1,400.0,22.0,0,-1,0.0972130298615,-1,94.0,1,9,2.86539633251,-4.45864372401,5.3,1,12,0,5.0,300.0
3.1,0.0,1,400.0,22.0,0,0,0.0971989631653,0,94.0,1,14,-4.00547274408,-3.47076188991,5.3,1,12,0,5.0,300.0
3.1,0.0,2,400.0,22.0,0,1,0.0972130298615,0,94.0,1,11,6.49041367526e-16,-5.3,5.3,1,12,0,5.0,300.0
3.1,0.0,1,400.0,22.0,0,1,0.0971729755402,1,94.0,1,13,-2.86539633251,-4.45864372401,5.3,1,12,0,5.0,300.0
3.1,0.0,2,400.0,22.0,0,0,0.0971968173981,0,94.0,2,2,2.86539633251,4.45864372401,5.3,1,12,0,5.0,300.0
3.1,0.0,1,400.0,22.0,0,0,0.0971739292145,0,94.0,1,8,4.00547274408,-3.47076188991,5.3,1,12,0,5.0,300.0
3.1,0.0,2,400.0,22.0,0,-2,0.0971999168396,0,94.0,1,11,6.49041367526e-16,-5.3,5.3,1,12,0,5.0,300.0
3.1,0.0,2,400.0,22.0,0,1,0.0971941947937,1,94.0,2,14,-4.00547274408,-3.47076188991,5.3,1,12,0,5.0,300.0
3.1,0.0,1,400.0,22.0,0,0,0.0971961021423,0,94.0,1,14,-4.00547274408,-3.47076188991,5.3,1,12,0,5.0,300.0
3.1,0.0,1,400.0,22.0,0,0,0.0971910953522,0,94.0,1,8,4.00547274408,-3.47076188991,5.3,1,12,0,5.0,300.0
3.1,0.0,1,400.0,22.0,0,-2,0.0971939563751,-2,94.0,1,16,-5.24605364197,-0.754268642848,5.3,1,12,0,5.0,300.0
3.1,0.0,1,400.0,22.0,0,0,0.0971939563751,0,94.0,1,7,4.82104957538,-2.20169956891,5.3,1,12,0,5.0,300.0
3.1,0.0,1,400.0,22.0,0,-2,0.0972199440002,-2,94.0,1,20,-2.86539633251,4.45864372401,5.3,1,12,0,5.0,300.0
3.1,0.0,2,400.0,22.0,0,0,0.0972142219543,0,94.0,2,3,4.00547274408,3.47076188991,5.3,1,12,0,5.0,300.0
3.1,0.0,1,400.0,22.0,0,-2,0.0971801280975,-2,94.0,1,14,-4.00547274408,-3.47076188991,5.3,1,12,0,5.0,300.0
3.1,0.0,2,400.0,22.0,0,-1,0.0970330238342,0,94.0,1,15,-4.82104957538,-2.20169956891,5.3,1,12,0,5.0,300.0
3.1,0.0,2,400.0,22.0,0,0,0.0971760749817,0,94.0,2,11,6.49041367526e-16,-5.3,5.3,1,12,0,5.0,300.0
3.1,0.0,2,400.0,22.0,0,0,0.0970458984375,0,94.0,1,8,4.00547274408,-3.47076188991,5.3,1,12,0,5.0,300.0
3.1,0.0,2,400.0,22.0,0,0,0.0971961021423,0,94.0,2,8,4.00547274408,-3.47076188991,5.3,1,12,0,5.0,300.0
3.1,0.0,2,400.0,22.0,0,0,0.0971710681915,0,94.0,1,10,1.49318255126,-5.08531276016,5.3,1,12,0,5.0,300.0
3.1,0.0,2,400.0,22.0,0,0,0.0971820354462,0,94.0,1,6,5.24605364197,-0.754268642848,5.3,1,12,0,5.0,300.0
3.1,0.0,2,400.0,22.0,0,0,0.0972018241882,0,94.0,2,6,5.24605364197,-0.754268642848,5.3,1,12,0,5.0,300.0
3.1,0.0,1,400.0,22.0,0,0,0.0971841812134,0,94.0,1,4,4.82104957538,2.20169956891,5.3,1,12,0,5.0,300.0
3.1,0.0,1,400.0,22.0,0,1,0.097198009491,1,94.0,1,4,4.82104957538,2.20169956891,5.3,1,12,0,5.0,300.0
3.1,0.0,1,400.0,22.0,0,0,0.0971808433533,0,94.0,1,14,-4.00547274408,-3.47076188991,5.3,1,12,0,5.0,300.0
3.1,0.0,1,400.0,22.0,0,0,0.0972270965576,0,94.0,1,17,-5.24605364197,0.754268642848,5.3,1,12,0,5.0,300.0
3.1,0.0,2,400.0,22.0,0,1,0.0972039699554,1,94.0,2,9,2.86539633251,-4.45864372401,5.3,1,12,0,5.0,300.0
3.1,0.0,2,400.0,22.0,0,2,0.0972130298615,2,94.0,2,0,0.0,5.3,5.3,1,12,0,5.0,300.0
3.1,0.0,2,400.0,22.0,0,0,0.0971958637238,0,94.0,2,20,-2.86539633251,4.45864372401,5.3,1,12,0,5.0,300.0
3.1,0.0,2,400.0,22.0,0,0,0.0971820354462,0,94.0,2,7,4.82104957538,-2.20169956891,5.3,1,12,0,5.0,300.0
3.1,0.0,2,400.0,22.0,0,-1,0.0971870422363,-1,94.0,2,5,5.24605364197,0.754268642848,5.3,1,12,0,5.0,300.0
3.1,0.0,1,400.0,22.0,0,-1,0.0970361232758,-1,94.0,1,18,-4.82104957538,2.20169956891,5.3,1,12,0,5.0,300.0
3.1,0.0,2,400.0,22.0,0,0,0.0972099304199,0,94.0,2,16,-5.24605364197,-0.754268642848,5.3,1,12,0,5.0,300.0
3.1,0.0,1,400.0,22.0,0,0,0.0972080230713,0,94.0,1,15,-4.82104957538,-2.20169956891,5.3,1,12,0,5.0,300.0
3.1,0.0,1,400.0,22.0,0,0,0.0972089767456,0,94.0,1,8,4.00547274408,-3.47076188991,5.3,1,12,0,5.0,300.0
3.1,0.0,2,400.0,22.0,0,0,0.0972099304199,0,94.0,1,6,5.24605364197,-0.754268642848,5.3,1,12,0,5.0,300.0
3.1,0.0,2,400.0,22.0,0,0,0.0972290039062,0,94.0,2,8,4.00547274408,-3.47076188991,5.3,1,12,0,5.0,300.0
3.1,0.0,2,400.0,22.0,0,0,0.0972039699554,-1,94.0,2,5,5.24605364197,0.754268642848,5.3,1,12,0,5.0,300.0
3.1,0.0,2,400.0,22.0,0,0,0.0971779823303,0,94.0,1,8,4.00547274408,-3.47076188991,5.3,1,12,0,5.0,300.0
3.1,0.0,2,400.0,22.0,0,0,0.0970370769501,1,94.0,2,14,-4.00547274408,-3.47076188991,5.3,1,12,0,5.0,300.0
3.1,0.0,2,400.0,22.0,0,-1,0.097177028656,-1,94.0,2,3,4.00547274408,3.47076188991,5.3,1,12,0,5.0,300.0
3.1,0.0,1,400.0,22.0,0,0,0.0971970558167,0,94.0,1,5,5.24605364197,0.754268642848,5.3,1,12,0,5.0,300.0
3.1,0.0,1,400.0,22.0,0,0,0.0972120761871,0,94.0,1,9,2.86539633251,-4.45864372401,5.3,1,12,0,5.0,300.0
3.1,0.0,2,400.0,22.0,0,-2,0.0970377922058,-2,94.0,2,16,-5.24605364197,-0.754268642848,5.3,1,12,0,5.0,300.0
3.1,0.0,2,400.0,22.0,0,-2,0.0970289707184,0,94.0,2,20,-2.86539633251,4.45864372401,5.3,1,12,0,5.0,300.0
3.1,0.0,2,400.0,22.0,0,0,0.0971801280975,0,94.0,2,16,-5.24605364197,-0.754268642848,5.3,1,12,0,5.0,300.0
3.1,0.0,1,400.0,22.0,0,0,0.0970370769501,0,94.0,1,20,-2.86539633251,4.45864372401,5.3,1,12,0,5.0,300.0
3.1,0.0,1,400.0,22.0,0,0,0.097179889679,0,94.0,1,0,0.0,5.3,5.3,1,12,0,5.0,300.0
3.1,0.0,2,400.0,22.0,0,2,0.0970392227173,2,94.0,2,4,4.82104957538,2.20169956891,5.3,1,12,0,5.0,300.0
3.1,0.0,1,400.0,22.0,0,0,0.0971791744232,0,94.0,1,9,2.86539633251,-4.45864372401,5.3,1,12,0,5.0,300.0
3.1,0.0,2,400.0,22.0,0,1,0.0971858501434,1,94.0,2,4,4.82104957538,2.20169956891,5.3,1,12,0,5.0,300.0
3.1,0.0,2,400.0,22.0,0,0,0.0971879959106,0,94.0,2,21,-1.49318255126,5.08531276016,5.3,1,12,0,5.0,300.0
3.1,0.0,1,400.0,22.0,0,0,0.0971710681915,0,94.0,1,5,5.24605364197,0.754268642848,5.3,1,12,0,5.0,300.0
3.1,0.0,2,400.0,22.0,0,1,0.0971829891205,1,94.0,2,0,0.0,5.3,5.3,1,12,0,5.0,300.0
3.1,0.0,2,400.0,22.0,0,1,0.0972111225128,1,94.0,2,18,-4.82104957538,2.20169956891,5.3,1,12,0,5.0,300.0
3.1,0.0,2,400.0,22.0,0,0,0.0971910953522,0,94.0,2,10,1.49318255126,-5.08531276016,5.3,1,12,0,5.0,300.0
3.1,0.0,2,400.0,22.0,0,0,0.0971570014954,0,94.0,2,21,-1.49318255126,5.08531276016,5.3,1,12,0,5.0,300.0
3.1,0.0,2,400.0,22.0,0,-1,0.0971808433533,-1,94.0,2,18,-4.82104957538,2.20169956891,5.3,1,12,0,5.0,300.0
3.1,0.0,2,400.0,22.0,0,-2,0.097186088562,-2,94.0,2,3,4.00547274408,3.47076188991,5.3,1,12,0,5.0,300.0
3.1,0.0,1,400.0,22.0,0,0,0.0971848964691,0,94.0,1,8,4.00547274408,-3.47076188991,5.3,1,12,0,5.0,300.0
3.1,0.0,1,400.0,22.0,0,1,0.0971899032593,1,94.0,1,20,-2.86539633251,4.45864372401,5.3,1,12,0,5.0,300.0
3.1,0.0,2,400.0,22.0,0,0,0.0972058773041,0,94.0,2,1,1.49318255126,5.08531276016,5.3,1,12,0,5.0,300.0
3.1,0.0,1,400.0,22.0,0,1,0.0971949100494,1,94.0,1,21,-1.49318255126,5.08531276016,5.3,1,12,0,5.0,300.0
3.1,0.0,1,400.0,22.0,0,-1,0.0972220897675,-1,94.0,1,19,-4.00547274408,3.47076188991,5.3,1,12,0,5.0,300.0
3.1,0.0,1,400.0,22.0,0,0,0.0971848964691,2,94.0,1,6,5.24605364197,-0.754268642848,5.3,1,12,0,5.0,300.0
3.1,0.0,2,400.0,22.0,0,1,0.0970220565796,1,94.0,2,3,4.00547274408,3.47076188991,5.3,1,12,0,5.0,300.0
3.1,0.0,1,400.0,22.0,0,1,0.0970277786255,-2,94.0,1,21,-1.49318255126,5.08531276016,5.3,1,12,0,5.0,300.0
3.1,0.0,2,400.0,22.0,0,0,0.0970339775085,0,94.0,2,3,4.00547274408,3.47076188991,5.3,1,12,0,5.0,300.0
3.1,0.0,1,400.0,22.0,0,-1,0.097188949585,-1,94.0,1,19,-4.00547274408,3.47076188991,5.3,1,12,0,5.0,300.0
3.1,0.0,1,400.0,22.0,0,-1,0.0970230102539,-1,94.0,1,17,-5.24605364197,0.754268642848,5.3,1,12,0,5.0,300.0
