cue-length,ms-precue,resp-v-hv,ms-st-cue,nitems,offset2,resp-h-pos,actualStimOn,resp-v-pos,ms-stimon,resp-h-hv,cue-loc-int,cue-loc-x,cue-loc-y,radius,bars-or-spot,version,offset,npractice,ntrials
3.1,0.0,2,400.0,22.0,0,0,0.0972180366516,1,94.0,1,4,4.82104957538,2.20169956891,5.3,0,9,-10.5,5.0,300.0
3.1,0.0,1,400.0,22.0,0,0,0.0972270965576,-1,94.0,2,10,1.49318255126,-5.08531276016,5.3,0,9,-10.5,5.0,300.0
3.1,0.0,1,400.0,22.0,0,0,0.097188949585,1,94.0,1,16,-5.24605364197,-0.754268642848,5.3,0,9,-10.5,5.0,300.0
3.1,0.0,1,400.0,22.0,0,0,0.0970330238342,0,94.0,1,14,-4.00547274408,-3.47076188991,5.3,0,9,-10.5,5.0,300.0
3.1,0.0,2,400.0,22.0,0,-1,0.0970230102539,0,94.0,1,1,1.49318255126,5.08531276016,5.3,0,9,-10.5,5.0,300.0
3.1,0.0,2,400.0,22.0,0,0,0.0971868038177,-2,94.0,1,5,5.24605364197,0.754268642848,5.3,0,9,-10.5,5.0,300.0
3.1,0.0,1,400.0,22.0,0,1,0.0972011089325,1,94.0,2,9,2.86539633251,-4.45864372401,5.3,0,9,-10.5,5.0,300.0
3.1,0.0,2,400.0,22.0,0,0,0.0972158908844,0,94.0,1,2,2.86539633251,4.45864372401,5.3,0,9,-10.5,5.0,300.0
3.1,0.0,1,400.0,22.0,0,-2,0.0972120761871,-2,94.0,1,9,2.86539633251,-4.45864372401,5.3,0,9,-10.5,5.0,300.0
3.1,0.0,1,400.0,22.0,0,-2,0.0971899032593,-1,94.0,1,4,4.82104957538,2.20169956891,5.3,0,9,-10.5,5.0,300.0
3.1,0.0,2,400.0,22.0,0,1,0.0970108509064,-1,94.0,1,10,1.49318255126,-5.08531276016,5.3,0,9,-10.5,5.0,300.0
3.1,0.0,2,400.0,22.0,0,1,0.0971920490265,0,94.0,2,2,2.86539633251,4.45864372401,5.3,0,9,-10.5,5.0,300.0
3.1,0.0,1,400.0,22.0,0,0,0.0971801280975,-2,94.0,1,4,4.82104957538,2.20169956891,5.3,0,9,-10.5,5.0,300.0
3.1,0.0,1,400.0,22.0,0,0,0.0972020626068,0,94.0,2,3,4.00547274408,3.47076188991,5.3,0,9,-10.5,5.0,300.0
3.1,0.0,2,400.0,22.0,0,2,0.0972118377686,0,94.0,1,8,4.00547274408,-3.47076188991,5.3,0,9,-10.5,5.0,300.0
3.1,0.0,2,400.0,22.0,0,0,0.0972259044647,2,94.0,1,6,5.24605364197,-0.754268642848,5.3,0,9,-10.5,5.0,300.0
3.1,0.0,2,400.0,22.0,0,-2,0.0972089767456,0,94.0,1,9,2.86539633251,-4.45864372401,5.3,0,9,-10.5,5.0,300.0
3.1,0.0,2,400.0,22.0,0,-2,0.0971848964691,1,94.0,1,12,-1.49318255126,-5.08531276016,5.3,0,9,-10.5,5.0,300.0
3.1,0.0,2,400.0,22.0,0,-1,0.0970680713654,0,94.0,1,6,5.24605364197,-0.754268642848,5.3,0,9,-10.5,5.0,300.0
3.1,0.0,2,400.0,22.0,0,-1,0.0970249176025,-1,94.0,1,19,-4.00547274408,3.47076188991,5.3,0,9,-10.5,5.0,300.0
3.1,0.0,1,400.0,22.0,0,-1,0.0972578525543,-2,94.0,2,21,-1.49318255126,5.08531276016,5.3,0,9,-10.5,5.0,300.0
3.1,0.0,2,400.0,22.0,0,0,0.0970320701599,0,94.0,1,6,5.24605364197,-0.754268642848,5.3,0,9,-10.5,5.0,300.0
3.1,0.0,2,400.0,22.0,0,0,0.0971069335938,0,94.0,1,6,5.24605364197,-0.754268642848,5.3,0,9,-10.5,5.0,300.0
3.1,0.0,1,400.0,22.0,0,2,0.0972099304199,0,94.0,2,12,-1.49318255126,-5.08531276016,5.3,0,9,-10.5,5.0,300.0
3.1,0.0,2,400.0,22.0,0,-1,0.0970108509064,-1,94.0,1,12,-1.49318255126,-5.08531276016,5.3,0,9,-10.5,5.0,300.0
3.1,0.0,1,400.0,22.0,0,-1,0.0972170829773,-2,94.0,2,10,1.49318255126,-5.08531276016,5.3,0,9,-10.5,5.0,300.0
3.1,0.0,1,400.0,22.0,0,-1,0.0972020626068,0,94.0,2,21,-1.49318255126,5.08531276016,5.3,0,9,-10.5,5.0,300.0
3.1,0.0,2,400.0,22.0,0,-1,0.0970468521118,-1,94.0,1,10,1.49318255126,-5.08531276016,5.3,0,9,-10.5,5.0,300.0
3.1,0.0,2,400.0,22.0,0,-1,0.0972011089325,0,94.0,2,13,-2.86539633251,-4.45864372401,5.3,0,9,-10.5,5.0,300.0
3.1,0.0,2,400.0,22.0,0,-2,0.0970170497894,0,94.0,2,20,-2.86539633251,4.45864372401,5.3,0,9,-10.5,5.0,300.0
3.1,0.0,2,400.0,22.0,0,-1,0.0969979763031,-1,94.0,1,16,-5.24605364197,-0.754268642848,5.3,0,9,-10.5,5.0,300.0
3.1,0.0,2,400.0,22.0,0,0,0.0972149372101,2,94.0,1,4,4.82104957538,2.20169956891,5.3,0,9,-10.5,5.0,300.0
3.1,0.0,1,400.0,22.0,0,0,0.0972850322723,0,94.0,2,11,6.49041367526e-16,-5.3,5.3,0,9,-10.5,5.0,300.0
3.1,0.0,1,400.0,22.0,0,-2,0.0972030162811,-1,94.0,1,14,-4.00547274408,-3.47076188991,5.3,0,9,-10.5,5.0,300.0
3.1,0.0,2,400.0,22.0,0,2,0.0970559120178,2,94.0,1,18,-4.82104957538,2.20169956891,5.3,0,9,-10.5,5.0,300.0
3.1,0.0,1,400.0,22.0,0,-2,0.0971200466156,0,94.0,2,2,2.86539633251,4.45864372401,5.3,0,9,-10.5,5.0,300.0
3.1,0.0,2,400.0,22.0,0,0,0.0972080230713,0,94.0,1,5,5.24605364197,0.754268642848,5.3,0,9,-10.5,5.0,300.0
3.1,0.0,1,400.0,22.0,0,0,0.0970010757446,-1,94.0,1,3,4.00547274408,3.47076188991,5.3,0,9,-10.5,5.0,300.0
3.1,0.0,2,400.0,22.0,0,-1,0.0972130298615,-1,94.0,1,19,-4.00547274408,3.47076188991,5.3,0,9,-10.5,5.0,300.0
3.1,0.0,2,400.0,22.0,0,1,0.097069978714,0,94.0,2,7,4.82104957538,-2.20169956891,5.3,0,9,-10.5,5.0,300.0
3.1,0.0,2,400.0,22.0,0,0,0.0972208976746,-1,94.0,1,0,0.0,5.3,5.3,0,9,-10.5,5.0,300.0
3.1,0.0,2,400.0,22.0,0,-1,0.0971820354462,0,94.0,1,12,-1.49318255126,-5.08531276016,5.3,0,9,-10.5,5.0,300.0
3.1,0.0,1,400.0,22.0,0,0,0.0972139835358,0,94.0,2,6,5.24605364197,-0.754268642848,5.3,0,9,-10.5,5.0,300.0
3.1,0.0,2,400.0,22.0,0,0,0.0970170497894,-1,94.0,2,11,6.49041367526e-16,-5.3,5.3,0,9,-10.5,5.0,300.0
3.1,0.0,1,400.0,22.0,0,0,0.0970211029053,0,94.0,2,15,-4.82104957538,-2.20169956891,5.3,0,9,-10.5,5.0,300.0
3.1,0.0,2,400.0,22.0,0,0,0.0971848964691,0,94.0,1,16,-5.24605364197,-0.754268642848,5.3,0,9,-10.5,5.0,300.0
3.1,0.0,1,400.0,22.0,0,0,0.0972290039062,0,94.0,2,7,4.82104957538,-2.20169956891,5.3,0,9,-10.5,5.0,300.0
3.1,0.0,1,400.0,22.0,0,-1,0.0972189903259,1,94.0,1,21,-1.49318255126,5.08531276016,5.3,0,9,-10.5,5.0,300.0
3.1,0.0,2,400.0,22.0,0,0,0.0972151756287,1,94.0,1,1,1.49318255126,5.08531276016,5.3,0,9,-10.5,5.0,300.0
3.1,0.0,1,400.0,22.0,0,-1,0.097207069397,0,94.0,1,17,-5.24605364197,0.754268642848,5.3,0,9,-10.5,5.0,300.0
3.1,0.0,2,400.0,22.0,0,1,0.0970180034637,0,94.0,1,3,4.00547274408,3.47076188991,5.3,0,9,-10.5,5.0,300.0
3.1,0.0,2,400.0,22.0,0,1,0.0971829891205,0,94.0,1,10,1.49318255126,-5.08531276016,5.3,0,9,-10.5,5.0,300.0
3.1,0.0,2,400.0,22.0,0,-1,0.0969958305359,-1,94.0,1,7,4.82104957538,-2.20169956891,5.3,0,9,-10.5,5.0,300.0
3.1,0.0,2,400.0,22.0,0,0,0.0970010757446,0,94.0,1,7,4.82104957538,-2.20169956891,5.3,0,9,-10.5,5.0,300.0
3.1,0.0,1,400.0,22.0,0,0,0.0971281528473,2,94.0,1,5,5.24605364197,0.754268642848,5.3,0,9,-10.5,5.0,300.0
3.1,0.0,1,400.0,22.0,0,-2,0.0972139835358,1,94.0,1,20,-2.86539633251,4.45864372401,5.3,0,9,-10.5,5.0,300.0
3.1,0.0,1,400.0,22.0,0,1,0.0971879959106,0,94.0,1,1,1.49318255126,5.08531276016,5.3,0,9,-10.5,5.0,300.0
3.1,0.0,1,400.0,22.0,0,-1,0.0971350669861,-2,94.0,2,20,-2.86539633251,4.45864372401,5.3,0,9,-10.5,5.0,300.0
3.1,0.0,2,400.0,22.0,0,-1,0.0971930027008,0,94.0,1,19,-4.00547274408,3.47076188991,5.3,0,9,-10.5,5.0,300.0
3.1,0.0,2,400.0,22.0,0,-1,0.0970139503479,-1,94.0,1,17,-5.24605364197,0.754268642848,5.3,0,9,-10.5,5.0,300.0
3.1,0.0,2,400.0,22.0,0,-2,0.0971920490265,0,94.0,2,12,-1.49318255126,-5.08531276016,5.3,0,9,-10.5,5.0,300.0
3.1,0.0,2,400.0,22.0,0,1,0.0971808433533,2,94.0,2,14,-4.00547274408,-3.47076188991,5.3,0,9,-10.5,5.0,300.0
3.1,0.0,2,400.0,22.0,0,-1,0.0972180366516,0,94.0,1,18,-4.82104957538,2.20169956891,5.3,0,9,-10.5,5.0,300.0
3.1,0.0,2,400.0,22.0,0,0,0.097226858139,0,94.0,1,7,4.82104957538,-2.20169956891,5.3,0,9,-10.5,5.0,300.0
3.1,0.0,2,400.0,22.0,0,-1,0.0972189903259,0,94.0,1,11,6.49041367526e-16,-5.3,5.3,0,9,-10.5,5.0,300.0
3.1,0.0,2,400.0,22.0,0,0,0.0971870422363,0,94.0,1,8,4.00547274408,-3.47076188991,5.3,0,9,-10.5,5.0,300.0
3.1,0.0,2,400.0,22.0,0,0,0.0970389842987,1,94.0,1,9,2.86539633251,-4.45864372401,5.3,0,9,-10.5,5.0,300.0
3.1,0.0,1,400.0,22.0,0,0,0.097008228302,-1,94.0,1,16,-5.24605364197,-0.754268642848,5.3,0,9,-10.5,5.0,300.0
3.1,0.0,2,400.0,22.0,0,2,0.0972061157227,-2,94.0,1,16,-5.24605364197,-0.754268642848,5.3,0,9,-10.5,5.0,300.0
3.1,0.0,1,400.0,22.0,0,-2,0.0969979763031,0,94.0,2,1,1.49318255126,5.08531276016,5.3,0,9,-10.5,5.0,300.0
3.1,0.0,2,400.0,22.0,0,0,0.0972099304199,0,94.0,1,7,4.82104957538,-2.20169956891,5.3,0,9,-10.5,5.0,300.0
3.1,0.0,2,400.0,22.0,0,-2,0.0972099304199,0,94.0,1,17,-5.24605364197,0.754268642848,5.3,0,9,-10.5,5.0,300.0
3.1,0.0,2,400.0,22.0,0,-1,0.0972149372101,1,94.0,1,21,-1.49318255126,5.08531276016,5.3,0,9,-10.5,5.0,300.0
3.1,0.0,1,400.0,22.0,0,0,0.0972020626068,2,94.0,1,20,-2.86539633251,4.45864372401,5.3,0,9,-10.5,5.0,300.0
3.1,0.0,1,400.0,22.0,0,0,0.0972027778625,0,94.0,2,18,-4.82104957538,2.20169956891,5.3,0,9,-10.5,5.0,300.0
3.1,0.0,2,400.0,22.0,0,0,0.0970239639282,1,94.0,1,13,-2.86539633251,-4.45864372401,5.3,0,9,-10.5,5.0,300.0
3.1,0.0,2,400.0,22.0,0,1,0.0971870422363,0,94.0,1,4,4.82104957538,2.20169956891,5.3,0,9,-10.5,5.0,300.0
3.1,0.0,2,400.0,22.0,0,-1,0.0970129966736,-1,94.0,1,19,-4.00547274408,3.47076188991,5.3,0,9,-10.5,5.0,300.0
3.1,0.0,2,400.0,22.0,0,1,0.0970242023468,0,94.0,2,14,-4.00547274408,-3.47076188991,5.3,0,9,-10.5,5.0,300.0
3.1,0.0,2,400.0,22.0,0,1,0.0970320701599,0,94.0,1,11,6.49041367526e-16,-5.3,5.3,0,9,-10.5,5.0,300.0
3.1,0.0,1,400.0,22.0,0,-2,0.0971810817719,1,94.0,1,14,-4.00547274408,-3.47076188991,5.3,0,9,-10.5,5.0,300.0
3.1,0.0,1,400.0,22.0,0,-2,0.0970208644867,0,94.0,2,20,-2.86539633251,4.45864372401,5.3,0,9,-10.5,5.0,300.0
3.1,0.0,2,400.0,22.0,0,0,0.0971901416779,0,94.0,1,21,-1.49318255126,5.08531276016,5.3,0,9,-10.5,5.0,300.0
3.1,0.0,1,400.0,22.0,0,-2,0.0970191955566,0,94.0,1,18,-4.82104957538,2.20169956891,5.3,0,9,-10.5,5.0,300.0
3.1,0.0,2,400.0,22.0,0,0,0.0970189571381,2,94.0,2,20,-2.86539633251,4.45864372401,5.3,0,9,-10.5,5.0,300.0
3.1,0.0,2,400.0,22.0,0,1,0.097207069397,1,94.0,1,4,4.82104957538,2.20169956891,5.3,0,9,-10.5,5.0,300.0
3.1,0.0,1,400.0,22.0,0,-1,0.0972120761871,-2,94.0,2,9,2.86539633251,-4.45864372401,5.3,0,9,-10.5,5.0,300.0
3.1,0.0,2,400.0,22.0,0,0,0.097207069397,0,94.0,1,17,-5.24605364197,0.754268642848,5.3,0,9,-10.5,5.0,300.0
3.1,0.0,2,400.0,22.0,0,2,0.0972018241882,0,94.0,1,4,4.82104957538,2.20169956891,5.3,0,9,-10.5,5.0,300.0
3.1,0.0,2,400.0,22.0,0,1,0.0970258712769,1,94.0,1,10,1.49318255126,-5.08531276016,5.3,0,9,-10.5,5.0,300.0
3.1,0.0,1,400.0,22.0,0,0,0.0970010757446,2,94.0,1,18,-4.82104957538,2.20169956891,5.3,0,9,-10.5,5.0,300.0
3.1,0.0,2,400.0,22.0,0,1,0.0969989299774,0,94.0,1,10,1.49318255126,-5.08531276016,5.3,0,9,-10.5,5.0,300.0
3.1,0.0,2,400.0,22.0,0,-1,0.0970780849457,0,94.0,2,10,1.49318255126,-5.08531276016,5.3,0,9,-10.5,5.0,300.0
3.1,0.0,2,400.0,22.0,0,0,0.0972380638123,0,94.0,1,7,4.82104957538,-2.20169956891,5.3,0,9,-10.5,5.0,300.0
3.1,0.0,1,400.0,22.0,0,-2,0.0971848964691,-1,94.0,1,16,-5.24605364197,-0.754268642848,5.3,0,9,-10.5,5.0,300.0
3.1,0.0,2,400.0,22.0,0,-1,0.0970339775085,-1,94.0,1,19,-4.00547274408,3.47076188991,5.3,0,9,-10.5,5.0,300.0
3.1,0.0,1,400.0,22.0,0,-1,0.0971779823303,0,94.0,2,12,-1.49318255126,-5.08531276016,5.3,0,9,-10.5,5.0,300.0
3.1,0.0,2,400.0,22.0,0,-2,0.097011089325,-1,94.0,1,20,-2.86539633251,4.45864372401,5.3,0,9,-10.5,5.0,300.0
3.1,0.0,1,400.0,22.0,0,-2,0.0970129966736,0,94.0,2,19,-4.00547274408,3.47076188991,5.3,0,9,-10.5,5.0,300.0
3.1,0.0,2,400.0,22.0,0,0,0.0972099304199,1,94.0,2,14,-4.00547274408,-3.47076188991,5.3,0,9,-10.5,5.0,300.0
3.1,0.0,2,400.0,22.0,0,0,0.0972158908844,0,94.0,1,0,0.0,5.3,5.3,0,9,-10.5,5.0,300.0
3.1,0.0,2,400.0,22.0,0,0,0.0972170829773,-2,94.0,1,7,4.82104957538,-2.20169956891,5.3,0,9,-10.5,5.0,300.0
3.1,0.0,2,400.0,22.0,0,0,0.0972108840942,0,94.0,1,16,-5.24605364197,-0.754268642848,5.3,0,9,-10.5,5.0,300.0
3.1,0.0,2,400.0,22.0,0,-2,0.0972368717194,-2,94.0,1,15,-4.82104957538,-2.20169956891,5.3,0,9,-10.5,5.0,300.0
3.1,0.0,2,400.0,22.0,0,-1,0.0971989631653,0,94.0,1,14,-4.00547274408,-3.47076188991,5.3,0,9,-10.5,5.0,300.0
3.1,0.0,2,400.0,22.0,0,1,0.0970220565796,0,94.0,1,0,0.0,5.3,5.3,0,9,-10.5,5.0,300.0
3.1,0.0,1,400.0,22.0,0,-1,0.0972049236298,0,94.0,2,7,4.82104957538,-2.20169956891,5.3,0,9,-10.5,5.0,300.0
3.1,0.0,2,400.0,22.0,0,0,0.0971930027008,0,94.0,1,11,6.49041367526e-16,-5.3,5.3,0,9,-10.5,5.0,300.0
3.1,0.0,1,400.0,22.0,0,0,0.0971958637238,-2,94.0,1,9,2.86539633251,-4.45864372401,5.3,0,9,-10.5,5.0,300.0
3.1,0.0,2,400.0,22.0,0,-1,0.0971992015839,-1,94.0,1,18,-4.82104957538,2.20169956891,5.3,0,9,-10.5,5.0,300.0
3.1,0.0,1,400.0,22.0,0,-1,0.0972149372101,0,94.0,1,19,-4.00547274408,3.47076188991,5.3,0,9,-10.5,5.0,300.0
3.1,0.0,2,400.0,22.0,0,0,0.0971920490265,0,94.0,1,16,-5.24605364197,-0.754268642848,5.3,0,9,-10.5,5.0,300.0
3.1,0.0,2,400.0,22.0,0,0,0.0970261096954,0,94.0,1,16,-5.24605364197,-0.754268642848,5.3,0,9,-10.5,5.0,300.0
3.1,0.0,2,400.0,22.0,0,2,0.0971961021423,0,94.0,1,7,4.82104957538,-2.20169956891,5.3,0,9,-10.5,5.0,300.0
3.1,0.0,1,400.0,22.0,0,0,0.0970280170441,0,94.0,2,4,4.82104957538,2.20169956891,5.3,0,9,-10.5,5.0,300.0
3.1,0.0,2,400.0,22.0,0,-1,0.097186088562,0,94.0,1,11,6.49041367526e-16,-5.3,5.3,0,9,-10.5,5.0,300.0
3.1,0.0,2,400.0,22.0,0,-1,0.0972130298615,-1,94.0,1,21,-1.49318255126,5.08531276016,5.3,0,9,-10.5,5.0,300.0
3.1,0.0,2,400.0,22.0,0,0,0.0972130298615,-1,94.0,1,0,0.0,5.3,5.3,0,9,-10.5,5.0,300.0
3.1,0.0,2,400.0,22.0,0,-1,0.0972180366516,-2,94.0,1,5,5.24605364197,0.754268642848,5.3,0,9,-10.5,5.0,300.0
3.1,0.0,2,400.0,22.0,0,0,0.0971918106079,-2,94.0,2,10,1.49318255126,-5.08531276016,5.3,0,9,-10.5,5.0,300.0
3.1,0.0,2,400.0,22.0,0,2,0.0972020626068,1,94.0,1,9,2.86539633251,-4.45864372401,5.3,0,9,-10.5,5.0,300.0
3.1,0.0,2,400.0,22.0,0,0,0.0970199108124,0,94.0,1,10,1.49318255126,-5.08531276016,5.3,0,9,-10.5,5.0,300.0
3.1,0.0,1,400.0,22.0,0,2,0.0971870422363,0,94.0,1,5,5.24605364197,0.754268642848,5.3,0,9,-10.5,5.0,300.0
3.1,0.0,1,400.0,22.0,0,0,0.0971918106079,2,94.0,1,7,4.82104957538,-2.20169956891,5.3,0,9,-10.5,5.0,300.0
3.1,0.0,2,400.0,22.0,0,2,0.0971901416779,0,94.0,1,10,1.49318255126,-5.08531276016,5.3,0,9,-10.5,5.0,300.0
3.1,0.0,1,400.0,22.0,0,0,0.0972130298615,-2,94.0,2,13,-2.86539633251,-4.45864372401,5.3,0,9,-10.5,5.0,300.0
3.1,0.0,1,400.0,22.0,0,1,0.0972108840942,0,94.0,1,21,-1.49318255126,5.08531276016,5.3,0,9,-10.5,5.0,300.0
3.1,0.0,2,400.0,22.0,0,0,0.0970530509949,0,94.0,1,8,4.00547274408,-3.47076188991,5.3,0,9,-10.5,5.0,300.0
3.1,0.0,1,400.0,22.0,0,0,0.0971760749817,-1,94.0,1,9,2.86539633251,-4.45864372401,5.3,0,9,-10.5,5.0,300.0
3.1,0.0,2,400.0,22.0,0,0,0.0970220565796,1,94.0,1,2,2.86539633251,4.45864372401,5.3,0,9,-10.5,5.0,300.0
3.1,0.0,1,400.0,22.0,0,0,0.0971329212189,1,94.0,1,12,-1.49318255126,-5.08531276016,5.3,0,9,-10.5,5.0,300.0
3.1,0.0,2,400.0,22.0,0,1,0.0972361564636,-1,94.0,1,0,0.0,5.3,5.3,0,9,-10.5,5.0,300.0
3.1,0.0,2,400.0,22.0,0,0,0.0972080230713,0,94.0,1,10,1.49318255126,-5.08531276016,5.3,0,9,-10.5,5.0,300.0
3.1,0.0,2,400.0,22.0,0,0,0.097186088562,-1,94.0,2,19,-4.00547274408,3.47076188991,5.3,0,9,-10.5,5.0,300.0
3.1,0.0,1,400.0,22.0,0,0,0.0972068309784,-2,94.0,1,3,4.00547274408,3.47076188991,5.3,0,9,-10.5,5.0,300.0
3.1,0.0,2,400.0,22.0,0,0,0.0972239971161,0,94.0,1,10,1.49318255126,-5.08531276016,5.3,0,9,-10.5,5.0,300.0
3.1,0.0,2,400.0,22.0,0,2,0.0972118377686,1,94.0,2,4,4.82104957538,2.20169956891,5.3,0,9,-10.5,5.0,300.0
3.1,0.0,2,400.0,22.0,0,0,0.0971999168396,-1,94.0,1,2,2.86539633251,4.45864372401,5.3,0,9,-10.5,5.0,300.0
3.1,0.0,2,400.0,22.0,0,0,0.0970189571381,0,94.0,1,11,6.49041367526e-16,-5.3,5.3,0,9,-10.5,5.0,300.0
3.1,0.0,2,400.0,22.0,0,0,0.0970189571381,0,94.0,1,6,5.24605364197,-0.754268642848,5.3,0,9,-10.5,5.0,300.0
3.1,0.0,1,400.0,22.0,0,1,0.0971961021423,0,94.0,1,16,-5.24605364197,-0.754268642848,5.3,0,9,-10.5,5.0,300.0
3.1,0.0,2,400.0,22.0,0,0,0.0971670150757,0,94.0,1,0,0.0,5.3,5.3,0,9,-10.5,5.0,300.0
3.1,0.0,2,400.0,22.0,0,2,0.0972020626068,-1,94.0,1,17,-5.24605364197,0.754268642848,5.3,0,9,-10.5,5.0,300.0
3.1,0.0,2,400.0,22.0,0,-2,0.0970299243927,2,94.0,1,13,-2.86539633251,-4.45864372401,5.3,0,9,-10.5,5.0,300.0
3.1,0.0,1,400.0,22.0,0,0,0.0971848964691,0,94.0,2,19,-4.00547274408,3.47076188991,5.3,0,9,-10.5,5.0,300.0
3.1,0.0,2,400.0,22.0,0,-1,0.0970261096954,0,94.0,1,20,-2.86539633251,4.45864372401,5.3,0,9,-10.5,5.0,300.0
3.1,0.0,1,400.0,22.0,0,1,0.0970330238342,0,94.0,1,18,-4.82104957538,2.20169956891,5.3,0,9,-10.5,5.0,300.0
3.1,0.0,2,400.0,22.0,0,0,0.0970191955566,1,94.0,1,14,-4.00547274408,-3.47076188991,5.3,0,9,-10.5,5.0,300.0
3.1,0.0,2,400.0,22.0,0,0,0.0972080230713,0,94.0,1,6,5.24605364197,-0.754268642848,5.3,0,9,-10.5,5.0,300.0
3.1,0.0,2,400.0,22.0,0,0,0.0972130298615,1,94.0,1,0,0.0,5.3,5.3,0,9,-10.5,5.0,300.0
3.1,0.0,2,400.0,22.0,0,1,0.0972218513489,0,94.0,1,4,4.82104957538,2.20169956891,5.3,0,9,-10.5,5.0,300.0
3.1,0.0,1,400.0,22.0,0,-1,0.0971920490265,0,94.0,1,21,-1.49318255126,5.08531276016,5.3,0,9,-10.5,5.0,300.0
3.1,0.0,2,400.0,22.0,0,-1,0.0970361232758,1,94.0,2,10,1.49318255126,-5.08531276016,5.3,0,9,-10.5,5.0,300.0
3.1,0.0,2,400.0,22.0,0,1,0.0971939563751,2,94.0,1,14,-4.00547274408,-3.47076188991,5.3,0,9,-10.5,5.0,300.0
3.1,0.0,2,400.0,22.0,0,-1,0.0970220565796,0,94.0,1,7,4.82104957538,-2.20169956891,5.3,0,9,-10.5,5.0,300.0
3.1,0.0,1,400.0,22.0,0,1,0.0971660614014,1,94.0,2,0,0.0,5.3,5.3,0,9,-10.5,5.0,300.0
3.1,0.0,2,400.0,22.0,0,-1,0.0972170829773,1,94.0,1,18,-4.82104957538,2.20169956891,5.3,0,9,-10.5,5.0,300.0
3.1,0.0,2,400.0,22.0,0,0,0.0972230434418,0,94.0,1,6,5.24605364197,-0.754268642848,5.3,0,9,-10.5,5.0,300.0
3.1,0.0,1,400.0,22.0,0,0,0.0972208976746,-1,94.0,2,11,6.49041367526e-16,-5.3,5.3,0,9,-10.5,5.0,300.0
3.1,0.0,2,400.0,22.0,0,0,0.0970768928528,0,94.0,1,5,5.24605364197,0.754268642848,5.3,0,9,-10.5,5.0,300.0
3.1,0.0,2,400.0,22.0,0,-1,0.0971801280975,-1,94.0,1,8,4.00547274408,-3.47076188991,5.3,0,9,-10.5,5.0,300.0
3.1,0.0,1,400.0,22.0,0,1,0.09707903862,-1,94.0,1,18,-4.82104957538,2.20169956891,5.3,0,9,-10.5,5.0,300.0
3.1,0.0,1,400.0,22.0,0,0,0.0971839427948,-1,94.0,1,21,-1.49318255126,5.08531276016,5.3,0,9,-10.5,5.0,300.0
3.1,0.0,1,400.0,22.0,0,2,0.0970098972321,0,94.0,1,20,-2.86539633251,4.45864372401,5.3,0,9,-10.5,5.0,300.0
3.1,0.0,1,400.0,22.0,0,0,0.0972189903259,-2,94.0,1,7,4.82104957538,-2.20169956891,5.3,0,9,-10.5,5.0,300.0
3.1,0.0,2,400.0,22.0,0,0,0.0971992015839,0,94.0,1,4,4.82104957538,2.20169956891,5.3,0,9,-10.5,5.0,300.0
3.1,0.0,2,400.0,22.0,0,-2,0.0972189903259,0,94.0,1,13,-2.86539633251,-4.45864372401,5.3,0,9,-10.5,5.0,300.0
3.1,0.0,1,400.0,22.0,0,2,0.0971829891205,1,94.0,1,1,1.49318255126,5.08531276016,5.3,0,9,-10.5,5.0,300.0
3.1,0.0,2,400.0,22.0,0,0,0.0970289707184,0,94.0,1,0,0.0,5.3,5.3,0,9,-10.5,5.0,300.0
3.1,0.0,2,400.0,22.0,0,-1,0.0971949100494,0,94.0,1,11,6.49041367526e-16,-5.3,5.3,0,9,-10.5,5.0,300.0
3.1,0.0,2,400.0,22.0,0,-1,0.0970160961151,0,94.0,1,14,-4.00547274408,-3.47076188991,5.3,0,9,-10.5,5.0,300.0
3.1,0.0,2,400.0,22.0,0,0,0.0970151424408,-2,94.0,1,16,-5.24605364197,-0.754268642848,5.3,0,9,-10.5,5.0,300.0
3.1,0.0,2,400.0,22.0,0,-1,0.0970230102539,0,94.0,1,16,-5.24605364197,-0.754268642848,5.3,0,9,-10.5,5.0,300.0
3.1,0.0,2,400.0,22.0,0,1,0.0972208976746,1,94.0,1,2,2.86539633251,4.45864372401,5.3,0,9,-10.5,5.0,300.0
3.1,0.0,2,400.0,22.0,0,0,0.0972139835358,1,94.0,2,12,-1.49318255126,-5.08531276016,5.3,0,9,-10.5,5.0,300.0
3.1,0.0,1,400.0,22.0,0,0,0.0972049236298,2,94.0,1,21,-1.49318255126,5.08531276016,5.3,0,9,-10.5,5.0,300.0
3.1,0.0,2,400.0,22.0,0,0,0.0972149372101,2,94.0,1,17,-5.24605364197,0.754268642848,5.3,0,9,-10.5,5.0,300.0
3.1,0.0,1,400.0,22.0,0,0,0.0971970558167,0,94.0,2,8,4.00547274408,-3.47076188991,5.3,0,9,-10.5,5.0,300.0
3.1,0.0,2,400.0,22.0,0,2,0.0970551967621,0,94.0,2,19,-4.00547274408,3.47076188991,5.3,0,9,-10.5,5.0,300.0
3.1,0.0,2,400.0,22.0,0,0,0.0970149040222,0,94.0,1,4,4.82104957538,2.20169956891,5.3,0,9,-10.5,5.0,300.0
3.1,0.0,1,400.0,22.0,0,1,0.0971791744232,0,94.0,1,4,4.82104957538,2.20169956891,5.3,0,9,-10.5,5.0,300.0
3.1,0.0,2,400.0,22.0,0,0,0.0971810817719,0,94.0,1,17,-5.24605364197,0.754268642848,5.3,0,9,-10.5,5.0,300.0
3.1,0.0,2,400.0,22.0,0,-1,0.0971658229828,0,94.0,2,17,-5.24605364197,0.754268642848,5.3,0,9,-10.5,5.0,300.0
3.1,0.0,2,400.0,22.0,0,0,0.0970089435577,2,94.0,1,12,-1.49318255126,-5.08531276016,5.3,0,9,-10.5,5.0,300.0
3.1,0.0,2,400.0,22.0,0,2,0.0972049236298,0,94.0,1,15,-4.82104957538,-2.20169956891,5.3,0,9,-10.5,5.0,300.0
3.1,0.0,2,400.0,22.0,0,0,0.0972170829773,0,94.0,1,11,6.49041367526e-16,-5.3,5.3,0,9,-10.5,5.0,300.0
3.1,0.0,1,400.0,22.0,0,-1,0.097179889679,0,94.0,1,21,-1.49318255126,5.08531276016,5.3,0,9,-10.5,5.0,300.0
3.1,0.0,2,400.0,22.0,0,-1,0.0970630645752,-1,94.0,1,8,4.00547274408,-3.47076188991,5.3,0,9,-10.5,5.0,300.0
3.1,0.0,2,400.0,22.0,0,1,0.097067117691,0,94.0,2,13,-2.86539633251,-4.45864372401,5.3,0,9,-10.5,5.0,300.0
3.1,0.0,1,400.0,22.0,0,-2,0.0971920490265,0,94.0,1,21,-1.49318255126,5.08531276016,5.3,0,9,-10.5,5.0,300.0
3.1,0.0,1,400.0,22.0,0,1,0.097029209137,0,94.0,2,18,-4.82104957538,2.20169956891,5.3,0,9,-10.5,5.0,300.0
3.1,0.0,2,400.0,22.0,0,0,0.0972318649292,0,94.0,1,6,5.24605364197,-0.754268642848,5.3,0,9,-10.5,5.0,300.0
3.1,0.0,1,400.0,22.0,0,-1,0.0972030162811,0,94.0,2,17,-5.24605364197,0.754268642848,5.3,0,9,-10.5,5.0,300.0
3.1,0.0,2,400.0,22.0,0,-2,0.0972318649292,0,94.0,2,19,-4.00547274408,3.47076188991,5.3,0,9,-10.5,5.0,300.0
3.1,0.0,2,400.0,22.0,0,-1,0.0972058773041,0,94.0,1,1,1.49318255126,5.08531276016,5.3,0,9,-10.5,5.0,300.0
3.1,0.0,1,400.0,22.0,0,-2,0.0972030162811,-1,94.0,2,4,4.82104957538,2.20169956891,5.3,0,9,-10.5,5.0,300.0
3.1,0.0,2,400.0,22.0,0,-1,0.0972270965576,-1,94.0,1,17,-5.24605364197,0.754268642848,5.3,0,9,-10.5,5.0,300.0
3.1,0.0,2,400.0,22.0,0,-2,0.0971970558167,0,94.0,2,2,2.86539633251,4.45864372401,5.3,0,9,-10.5,5.0,300.0
3.1,0.0,1,400.0,22.0,0,0,0.0970139503479,-1,94.0,1,20,-2.86539633251,4.45864372401,5.3,0,9,-10.5,5.0,300.0
3.1,0.0,1,400.0,22.0,0,2,0.0971920490265,0,94.0,2,19,-4.00547274408,3.47076188991,5.3,0,9,-10.5,5.0,300.0
3.1,0.0,2,400.0,22.0,0,0,0.0970089435577,-1,94.0,1,5,5.24605364197,0.754268642848,5.3,0,9,-10.5,5.0,300.0
3.1,0.0,2,400.0,22.0,0,0,0.097198009491,-1,94.0,1,7,4.82104957538,-2.20169956891,5.3,0,9,-10.5,5.0,300.0
3.1,0.0,2,400.0,22.0,0,1,0.0971851348877,-2,94.0,1,0,0.0,5.3,5.3,0,9,-10.5,5.0,300.0
3.1,0.0,2,400.0,22.0,0,2,0.0972261428833,1,94.0,2,7,4.82104957538,-2.20169956891,5.3,0,9,-10.5,5.0,300.0
3.1,0.0,2,400.0,22.0,0,0,0.0972089767456,0,94.0,1,11,6.49041367526e-16,-5.3,5.3,0,9,-10.5,5.0,300.0
3.1,0.0,2,400.0,22.0,0,-1,0.0972189903259,0,94.0,1,9,2.86539633251,-4.45864372401,5.3,0,9,-10.5,5.0,300.0
3.1,0.0,2,400.0,22.0,0,2,0.0971961021423,1,94.0,1,4,4.82104957538,2.20169956891,5.3,0,9,-10.5,5.0,300.0
3.1,0.0,1,400.0,22.0,0,0,0.0970470905304,0,94.0,2,16,-5.24605364197,-0.754268642848,5.3,0,9,-10.5,5.0,300.0
3.1,0.0,2,400.0,22.0,0,0,0.0971891880035,0,94.0,1,7,4.82104957538,-2.20169956891,5.3,0,9,-10.5,5.0,300.0
3.1,0.0,1,400.0,22.0,0,-2,0.0971901416779,0,94.0,2,16,-5.24605364197,-0.754268642848,5.3,0,9,-10.5,5.0,300.0
3.1,0.0,2,400.0,22.0,0,0,0.0971820354462,0,94.0,1,7,4.82104957538,-2.20169956891,5.3,0,9,-10.5,5.0,300.0
3.1,0.0,2,400.0,22.0,0,0,0.0972180366516,0,94.0,1,4,4.82104957538,2.20169956891,5.3,0,9,-10.5,5.0,300.0
3.1,0.0,1,400.0,22.0,0,-1,0.0970280170441,2,94.0,1,5,5.24605364197,0.754268642848,5.3,0,9,-10.5,5.0,300.0
3.1,0.0,2,400.0,22.0,0,0,0.0971989631653,0,94.0,1,6,5.24605364197,-0.754268642848,5.3,0,9,-10.5,5.0,300.0
3.1,0.0,2,400.0,22.0,0,-1,0.0970299243927,-1,94.0,1,21,-1.49318255126,5.08531276016,5.3,0,9,-10.5,5.0,300.0
3.1,0.0,2,400.0,22.0,0,1,0.0971810817719,-1,94.0,1,9,2.86539633251,-4.45864372401,5.3,0,9,-10.5,5.0,300.0
3.1,0.0,2,400.0,22.0,0,2,0.0971839427948,1,94.0,2,11,6.49041367526e-16,-5.3,5.3,0,9,-10.5,5.0,300.0
3.1,0.0,2,400.0,22.0,0,-1,0.097195148468,-1,94.0,1,9,2.86539633251,-4.45864372401,5.3,0,9,-10.5,5.0,300.0
3.1,0.0,1,400.0,22.0,0,0,0.0970001220703,-1,94.0,1,8,4.00547274408,-3.47076188991,5.3,0,9,-10.5,5.0,300.0
3.1,0.0,2,400.0,22.0,0,0,0.0972151756287,0,94.0,1,3,4.00547274408,3.47076188991,5.3,0,9,-10.5,5.0,300.0
3.1,0.0,2,400.0,22.0,0,-1,0.0971879959106,-1,94.0,1,19,-4.00547274408,3.47076188991,5.3,0,9,-10.5,5.0,300.0
3.1,0.0,2,400.0,22.0,0,0,0.0972020626068,0,94.0,1,17,-5.24605364197,0.754268642848,5.3,0,9,-10.5,5.0,300.0
3.1,0.0,2,400.0,22.0,0,0,0.0971829891205,1,94.0,2,19,-4.00547274408,3.47076188991,5.3,0,9,-10.5,5.0,300.0
3.1,0.0,2,400.0,22.0,0,-2,0.0970420837402,-1,94.0,2,0,0.0,5.3,5.3,0,9,-10.5,5.0,300.0
3.1,0.0,1,400.0,22.0,0,1,0.0971801280975,0,94.0,1,12,-1.49318255126,-5.08531276016,5.3,0,9,-10.5,5.0,300.0
3.1,0.0,2,400.0,22.0,0,1,0.097069978714,-1,94.0,1,2,2.86539633251,4.45864372401,5.3,0,9,-10.5,5.0,300.0
3.1,0.0,2,400.0,22.0,0,0,0.0972149372101,1,94.0,1,14,-4.00547274408,-3.47076188991,5.3,0,9,-10.5,5.0,300.0
3.1,0.0,2,400.0,22.0,0,1,0.0972280502319,0,94.0,2,7,4.82104957538,-2.20169956891,5.3,0,9,-10.5,5.0,300.0
3.1,0.0,2,400.0,22.0,0,-2,0.0972039699554,0,94.0,2,10,1.49318255126,-5.08531276016,5.3,0,9,-10.5,5.0,300.0
3.1,0.0,1,400.0,22.0,0,2,0.0972390174866,2,94.0,1,19,-4.00547274408,3.47076188991,5.3,0,9,-10.5,5.0,300.0
3.1,0.0,1,400.0,22.0,0,-1,0.0972170829773,1,94.0,1,18,-4.82104957538,2.20169956891,5.3,0,9,-10.5,5.0,300.0
3.1,0.0,2,400.0,22.0,0,0,0.0970818996429,0,94.0,1,14,-4.00547274408,-3.47076188991,5.3,0,9,-10.5,5.0,300.0
3.1,0.0,2,400.0,22.0,0,0,0.0971848964691,0,94.0,1,6,5.24605364197,-0.754268642848,5.3,0,9,-10.5,5.0,300.0
3.1,0.0,1,400.0,22.0,0,-2,0.0970478057861,-1,94.0,1,13,-2.86539633251,-4.45864372401,5.3,0,9,-10.5,5.0,300.0
3.1,0.0,2,400.0,22.0,0,-1,0.0971870422363,0,94.0,2,5,5.24605364197,0.754268642848,5.3,0,9,-10.5,5.0,300.0
3.1,0.0,2,400.0,22.0,0,1,0.0970799922943,0,94.0,1,9,2.86539633251,-4.45864372401,5.3,0,9,-10.5,5.0,300.0
3.1,0.0,2,400.0,22.0,0,0,0.0971879959106,0,94.0,1,11,6.49041367526e-16,-5.3,5.3,0,9,-10.5,5.0,300.0
3.1,0.0,2,400.0,22.0,0,2,0.0971179008484,1,94.0,1,20,-2.86539633251,4.45864372401,5.3,0,9,-10.5,5.0,300.0
3.1,0.0,2,400.0,22.0,0,-2,0.0972030162811,0,94.0,1,20,-2.86539633251,4.45864372401,5.3,0,9,-10.5,5.0,300.0
3.1,0.0,2,400.0,22.0,0,1,0.0971829891205,0,94.0,1,4,4.82104957538,2.20169956891,5.3,0,9,-10.5,5.0,300.0
3.1,0.0,1,400.0,22.0,0,1,0.0972080230713,0,94.0,1,14,-4.00547274408,-3.47076188991,5.3,0,9,-10.5,5.0,300.0
3.1,0.0,1,400.0,22.0,0,-2,0.0972080230713,0,94.0,1,0,0.0,5.3,5.3,0,9,-10.5,5.0,300.0
3.1,0.0,2,400.0,22.0,0,0,0.0972158908844,-1,94.0,1,13,-2.86539633251,-4.45864372401,5.3,0,9,-10.5,5.0,300.0
3.1,0.0,1,400.0,22.0,0,0,0.0972170829773,1,94.0,1,15,-4.82104957538,-2.20169956891,5.3,0,9,-10.5,5.0,300.0
3.1,0.0,1,400.0,22.0,0,-2,0.0972208976746,0,94.0,1,19,-4.00547274408,3.47076188991,5.3,0,9,-10.5,5.0,300.0
3.1,0.0,2,400.0,22.0,0,-2,0.0971920490265,-1,94.0,2,5,5.24605364197,0.754268642848,5.3,0,9,-10.5,5.0,300.0
3.1,0.0,1,400.0,22.0,0,-2,0.0971999168396,-1,94.0,1,9,2.86539633251,-4.45864372401,5.3,0,9,-10.5,5.0,300.0
3.1,0.0,1,400.0,22.0,0,2,0.0970509052277,0,94.0,1,15,-4.82104957538,-2.20169956891,5.3,0,9,-10.5,5.0,300.0
3.1,0.0,1,400.0,22.0,0,0,0.0971848964691,0,94.0,2,10,1.49318255126,-5.08531276016,5.3,0,9,-10.5,5.0,300.0
3.1,0.0,2,400.0,22.0,0,2,0.0971920490265,1,94.0,1,12,-1.49318255126,-5.08531276016,5.3,0,9,-10.5,5.0,300.0
3.1,0.0,2,400.0,22.0,0,-1,0.0972859859467,0,94.0,1,4,4.82104957538,2.20169956891,5.3,0,9,-10.5,5.0,300.0
3.1,0.0,1,400.0,22.0,0,0,0.0971598625183,2,94.0,1,4,4.82104957538,2.20169956891,5.3,0,9,-10.5,5.0,300.0
3.1,0.0,1,400.0,22.0,0,-2,0.097217798233,-2,94.0,2,2,2.86539633251,4.45864372401,5.3,0,9,-10.5,5.0,300.0
3.1,0.0,2,400.0,22.0,0,-2,0.0972018241882,-1,94.0,2,19,-4.00547274408,3.47076188991,5.3,0,9,-10.5,5.0,300.0
3.1,0.0,2,400.0,22.0,0,0,0.0972211360931,0,94.0,1,3,4.00547274408,3.47076188991,5.3,0,9,-10.5,5.0,300.0
3.1,0.0,2,400.0,22.0,0,0,0.0971920490265,0,94.0,1,6,5.24605364197,-0.754268642848,5.3,0,9,-10.5,5.0,300.0
3.1,0.0,2,400.0,22.0,0,0,0.0970199108124,0,94.0,1,14,-4.00547274408,-3.47076188991,5.3,0,9,-10.5,5.0,300.0
3.1,0.0,2,400.0,22.0,0,0,0.097188949585,0,94.0,1,4,4.82104957538,2.20169956891,5.3,0,9,-10.5,5.0,300.0
3.1,0.0,2,400.0,22.0,0,0,0.0970511436462,-2,94.0,1,2,2.86539633251,4.45864372401,5.3,0,9,-10.5,5.0,300.0
3.1,0.0,2,400.0,22.0,0,2,0.097217798233,-1,94.0,2,15,-4.82104957538,-2.20169956891,5.3,0,9,-10.5,5.0,300.0
3.1,0.0,2,400.0,22.0,0,0,0.0972170829773,0,94.0,1,3,4.00547274408,3.47076188991,5.3,0,9,-10.5,5.0,300.0
3.1,0.0,2,400.0,22.0,0,0,0.0971958637238,0,94.0,1,11,6.49041367526e-16,-5.3,5.3,0,9,-10.5,5.0,300.0
3.1,0.0,2,400.0,22.0,0,0,0.0971848964691,0,94.0,1,11,6.49041367526e-16,-5.3,5.3,0,9,-10.5,5.0,300.0
3.1,0.0,1,400.0,22.0,0,1,0.0972199440002,-1,94.0,2,3,4.00547274408,3.47076188991,5.3,0,9,-10.5,5.0,300.0
3.1,0.0,2,400.0,22.0,0,2,0.0972149372101,0,94.0,1,3,4.00547274408,3.47076188991,5.3,0,9,-10.5,5.0,300.0
3.1,0.0,2,400.0,22.0,0,-2,0.097207069397,0,94.0,2,19,-4.00547274408,3.47076188991,5.3,0,9,-10.5,5.0,300.0
3.1,0.0,2,400.0,22.0,0,-2,0.0971958637238,-1,94.0,1,10,1.49318255126,-5.08531276016,5.3,0,9,-10.5,5.0,300.0
3.1,0.0,2,400.0,22.0,0,0,0.0970680713654,0,94.0,1,6,5.24605364197,-0.754268642848,5.3,0,9,-10.5,5.0,300.0
3.1,0.0,1,400.0,22.0,0,-2,0.0972249507904,-1,94.0,2,21,-1.49318255126,5.08531276016,5.3,0,9,-10.5,5.0,300.0
3.1,0.0,2,400.0,22.0,0,0,0.097195148468,1,94.0,1,13,-2.86539633251,-4.45864372401,5.3,0,9,-10.5,5.0,300.0
3.1,0.0,1,400.0,22.0,0,0,0.0971989631653,-1,94.0,1,14,-4.00547274408,-3.47076188991,5.3,0,9,-10.5,5.0,300.0
3.1,0.0,2,400.0,22.0,0,0,0.0971851348877,-1,94.0,1,9,2.86539633251,-4.45864372401,5.3,0,9,-10.5,5.0,300.0
3.1,0.0,2,400.0,22.0,0,2,0.0971870422363,-1,94.0,1,18,-4.82104957538,2.20169956891,5.3,0,9,-10.5,5.0,300.0
3.1,0.0,2,400.0,22.0,0,0,0.0971949100494,-2,94.0,1,9,2.86539633251,-4.45864372401,5.3,0,9,-10.5,5.0,300.0
3.1,0.0,1,400.0,22.0,0,-1,0.097156047821,0,94.0,1,9,2.86539633251,-4.45864372401,5.3,0,9,-10.5,5.0,300.0
3.1,0.0,1,400.0,22.0,0,-2,0.0972411632538,0,94.0,2,3,4.00547274408,3.47076188991,5.3,0,9,-10.5,5.0,300.0
3.1,0.0,2,400.0,22.0,0,0,0.0971879959106,0,94.0,1,5,5.24605364197,0.754268642848,5.3,0,9,-10.5,5.0,300.0
3.1,0.0,1,400.0,22.0,0,-1,0.0972151756287,-2,94.0,1,19,-4.00547274408,3.47076188991,5.3,0,9,-10.5,5.0,300.0
3.1,0.0,2,400.0,22.0,0,2,0.0971870422363,0,94.0,2,3,4.00547274408,3.47076188991,5.3,0,9,-10.5,5.0,300.0
3.1,0.0,2,400.0,22.0,0,0,0.0970261096954,0,94.0,1,14,-4.00547274408,-3.47076188991,5.3,0,9,-10.5,5.0,300.0
3.1,0.0,2,400.0,22.0,0,0,0.097188949585,-1,94.0,1,5,5.24605364197,0.754268642848,5.3,0,9,-10.5,5.0,300.0
3.1,0.0,2,400.0,22.0,0,0,0.0971791744232,0,94.0,1,14,-4.00547274408,-3.47076188991,5.3,0,9,-10.5,5.0,300.0
3.1,0.0,1,400.0,22.0,0,-2,0.0970311164856,0,94.0,1,7,4.82104957538,-2.20169956891,5.3,0,9,-10.5,5.0,300.0
3.1,0.0,2,400.0,22.0,0,-2,0.0970180034637,0,94.0,1,21,-1.49318255126,5.08531276016,5.3,0,9,-10.5,5.0,300.0
3.1,0.0,2,400.0,22.0,0,2,0.0972189903259,1,94.0,2,4,4.82104957538,2.20169956891,5.3,0,9,-10.5,5.0,300.0
3.1,0.0,2,400.0,22.0,0,2,0.0972270965576,0,94.0,2,10,1.49318255126,-5.08531276016,5.3,0,9,-10.5,5.0,300.0
3.1,0.0,2,400.0,22.0,0,1,0.0972299575806,1,94.0,1,12,-1.49318255126,-5.08531276016,5.3,0,9,-10.5,5.0,300.0
3.1,0.0,2,400.0,22.0,0,1,0.0971958637238,1,94.0,1,2,2.86539633251,4.45864372401,5.3,0,9,-10.5,5.0,300.0
3.1,0.0,2,400.0,22.0,0,0,0.0970180034637,-1,94.0,1,8,4.00547274408,-3.47076188991,5.3,0,9,-10.5,5.0,300.0
3.1,0.0,1,400.0,22.0,0,0,0.0971870422363,1,94.0,2,14,-4.00547274408,-3.47076188991,5.3,0,9,-10.5,5.0,300.0
3.1,0.0,2,400.0,22.0,0,0,0.0972299575806,1,94.0,2,2,2.86539633251,4.45864372401,5.3,0,9,-10.5,5.0,300.0
3.1,0.0,2,400.0,22.0,0,2,0.0970599651337,0,94.0,2,7,4.82104957538,-2.20169956891,5.3,0,9,-10.5,5.0,300.0
3.1,0.0,2,400.0,22.0,0,-2,0.0971689224243,0,94.0,2,18,-4.82104957538,2.20169956891,5.3,0,9,-10.5,5.0,300.0
3.1,0.0,2,400.0,22.0,0,-2,0.0972418785095,0,94.0,2,7,4.82104957538,-2.20169956891,5.3,0,9,-10.5,5.0,300.0
3.1,0.0,2,400.0,22.0,0,0,0.0972158908844,0,94.0,1,13,-2.86539633251,-4.45864372401,5.3,0,9,-10.5,5.0,300.0
3.1,0.0,2,400.0,22.0,0,0,0.0972299575806,1,94.0,2,2,2.86539633251,4.45864372401,5.3,0,9,-10.5,5.0,300.0
3.1,0.0,2,400.0,22.0,0,0,0.0971941947937,-1,94.0,1,20,-2.86539633251,4.45864372401,5.3,0,9,-10.5,5.0,300.0
3.1,0.0,2,400.0,22.0,0,0,0.0970289707184,-1,94.0,1,5,5.24605364197,0.754268642848,5.3,0,9,-10.5,5.0,300.0
3.1,0.0,2,400.0,22.0,0,0,0.0970389842987,0,94.0,1,6,5.24605364197,-0.754268642848,5.3,0,9,-10.5,5.0,300.0
3.1,0.0,2,400.0,22.0,0,0,0.0971970558167,1,94.0,1,16,-5.24605364197,-0.754268642848,5.3,0,9,-10.5,5.0,300.0
