cue-length,ms-precue,resp-v-hv,ms-st-cue,nitems,offset2,resp-h-pos,actualStimOn,resp-v-pos,ms-stimon,resp-h-hv,cue-loc-int,cue-loc-x,cue-loc-y,radius,bars-or-spot,version,offset,npractice,ntrials
3.1,0.0,1,400.0,22.0,0,-2,0.097198009491,2,94.0,1,10,1.49318255126,-5.08531276016,5.3,0,9,-10.5,5.0,300.0
3.1,0.0,2,400.0,22.0,0,2,0.0971870422363,-1,94.0,2,11,6.49041367526e-16,-5.3,5.3,0,9,-10.5,5.0,300.0
3.1,0.0,2,400.0,22.0,0,-1,0.0970230102539,-2,94.0,1,21,-1.49318255126,5.08531276016,5.3,0,9,-10.5,5.0,300.0
3.1,0.0,1,400.0,22.0,0,1,0.097039937973,0,94.0,2,12,-1.49318255126,-5.08531276016,5.3,0,9,-10.5,5.0,300.0
3.1,0.0,2,400.0,22.0,0,-1,0.097179889679,1,94.0,1,17,-5.24605364197,0.754268642848,5.3,0,9,-10.5,5.0,300.0
3.1,0.0,1,400.0,22.0,0,-1,0.0970461368561,-2,94.0,2,12,-1.49318255126,-5.08531276016,5.3,0,9,-10.5,5.0,300.0
3.1,0.0,2,400.0,22.0,0,-1,0.0972058773041,-1,94.0,2,7,4.82104957538,-2.20169956891,5.3,0,9,-10.5,5.0,300.0
3.1,0.0,2,400.0,22.0,0,2,0.0970189571381,2,94.0,2,17,-5.24605364197,0.754268642848,5.3,0,9,-10.5,5.0,300.0
3.1,0.0,1,400.0,22.0,0,0,0.0970280170441,2,94.0,2,16,-5.24605364197,-0.754268642848,5.3,0,9,-10.5,5.0,300.0
3.1,0.0,1,400.0,22.0,0,-2,0.0972220897675,0,94.0,1,21,-1.49318255126,5.08531276016,5.3,0,9,-10.5,5.0,300.0
3.1,0.0,2,400.0,22.0,0,0,0.0972218513489,0,94.0,2,8,4.00547274408,-3.47076188991,5.3,0,9,-10.5,5.0,300.0
3.1,0.0,1,400.0,22.0,0,0,0.0972168445587,0,94.0,1,15,-4.82104957538,-2.20169956891,5.3,0,9,-10.5,5.0,300.0
3.1,0.0,1,400.0,22.0,0,1,0.0972440242767,1,94.0,1,20,-2.86539633251,4.45864372401,5.3,0,9,-10.5,5.0,300.0
3.1,0.0,2,400.0,22.0,0,0,0.097195148468,0,94.0,2,15,-4.82104957538,-2.20169956891,5.3,0,9,-10.5,5.0,300.0
3.1,0.0,1,400.0,22.0,0,0,0.097039937973,0,94.0,1,15,-4.82104957538,-2.20169956891,5.3,0,9,-10.5,5.0,300.0
3.1,0.0,1,400.0,22.0,0,-1,0.0970389842987,-1,94.0,1,8,4.00547274408,-3.47076188991,5.3,0,9,-10.5,5.0,300.0
3.1,0.0,2,400.0,22.0,0,0,0.0970420837402,0,94.0,2,9,2.86539633251,-4.45864372401,5.3,0,9,-10.5,5.0,300.0
3.1,0.0,2,400.0,22.0,0,0,0.097198009491,0,94.0,2,8,4.00547274408,-3.47076188991,5.3,0,9,-10.5,5.0,300.0
3.1,0.0,2,400.0,22.0,0,1,0.0970098972321,1,94.0,2,4,4.82104957538,2.20169956891,5.3,0,9,-10.5,5.0,300.0
3.1,0.0,2,400.0,22.0,0,0,0.0970249176025,0,94.0,2,15,-4.82104957538,-2.20169956891,5.3,0,9,-10.5,5.0,300.0
3.1,0.0,1,400.0,22.0,0,-2,0.0971930027008,-2,94.0,1,18,-4.82104957538,2.20169956891,5.3,0,9,-10.5,5.0,300.0
3.1,0.0,2,400.0,22.0,0,0,0.0971610546112,0,94.0,2,10,1.49318255126,-5.08531276016,5.3,0,9,-10.5,5.0,300.0
3.1,0.0,1,400.0,22.0,0,-1,0.097186088562,-2,94.0,1,8,4.00547274408,-3.47076188991,5.3,0,9,-10.5,5.0,300.0
3.1,0.0,1,400.0,22.0,0,0,0.0970060825348,0,94.0,1,6,5.24605364197,-0.754268642848,5.3,0,9,-10.5,5.0,300.0
3.1,0.0,1,400.0,22.0,0,-1,0.0970191955566,1,94.0,1,1,1.49318255126,5.08531276016,5.3,0,9,-10.5,5.0,300.0
3.1,0.0,1,400.0,22.0,0,1,0.0970611572266,-2,94.0,2,12,-1.49318255126,-5.08531276016,5.3,0,9,-10.5,5.0,300.0
3.1,0.0,2,400.0,22.0,0,0,0.0970501899719,0,94.0,2,9,2.86539633251,-4.45864372401,5.3,0,9,-10.5,5.0,300.0
3.1,0.0,2,400.0,22.0,0,-2,0.0972199440002,-2,94.0,2,0,0.0,5.3,5.3,0,9,-10.5,5.0,300.0
3.1,0.0,1,400.0,22.0,0,0,0.0971841812134,0,94.0,1,0,0.0,5.3,5.3,0,9,-10.5,5.0,300.0
3.1,0.0,2,400.0,22.0,0,0,0.0970401763916,0,94.0,2,21,-1.49318255126,5.08531276016,5.3,0,9,-10.5,5.0,300.0
3.1,0.0,1,400.0,22.0,0,0,0.0971050262451,0,94.0,1,21,-1.49318255126,5.08531276016,5.3,0,9,-10.5,5.0,300.0
3.1,0.0,2,400.0,22.0,0,-2,0.0970509052277,-2,94.0,2,19,-4.00547274408,3.47076188991,5.3,0,9,-10.5,5.0,300.0
3.1,0.0,1,400.0,22.0,0,-1,0.0971989631653,0,94.0,2,17,-5.24605364197,0.754268642848,5.3,0,9,-10.5,5.0,300.0
3.1,0.0,1,400.0,22.0,0,0,0.0970749855042,0,94.0,1,17,-5.24605364197,0.754268642848,5.3,0,9,-10.5,5.0,300.0
3.1,0.0,2,400.0,22.0,0,-1,0.0971789360046,-1,94.0,2,18,-4.82104957538,2.20169956891,5.3,0,9,-10.5,5.0,300.0
3.1,0.0,1,400.0,22.0,0,-1,0.0970189571381,-1,94.0,1,7,4.82104957538,-2.20169956891,5.3,0,9,-10.5,5.0,300.0
3.1,0.0,2,400.0,22.0,0,1,0.0970439910889,1,94.0,2,0,0.0,5.3,5.3,0,9,-10.5,5.0,300.0
3.1,0.0,2,400.0,22.0,0,1,0.097008228302,1,94.0,2,3,4.00547274408,3.47076188991,5.3,0,9,-10.5,5.0,300.0
3.1,0.0,1,400.0,22.0,0,0,0.0970170497894,0,94.0,1,21,-1.49318255126,5.08531276016,5.3,0,9,-10.5,5.0,300.0
3.1,0.0,1,400.0,22.0,0,-1,0.0970120429993,-1,94.0,1,5,5.24605364197,0.754268642848,5.3,0,9,-10.5,5.0,300.0
3.1,0.0,2,400.0,22.0,0,-2,0.0970029830933,-2,94.0,2,8,4.00547274408,-3.47076188991,5.3,0,9,-10.5,5.0,300.0
3.1,0.0,1,400.0,22.0,0,0,0.097030878067,0,94.0,1,14,-4.00547274408,-3.47076188991,5.3,0,9,-10.5,5.0,300.0
3.1,0.0,2,400.0,22.0,0,0,0.0972208976746,0,94.0,2,8,4.00547274408,-3.47076188991,5.3,0,9,-10.5,5.0,300.0
3.1,0.0,2,400.0,22.0,0,-1,0.0972139835358,-1,94.0,2,17,-5.24605364197,0.754268642848,5.3,0,9,-10.5,5.0,300.0
3.1,0.0,2,400.0,22.0,0,-1,0.0972208976746,-1,94.0,2,14,-4.00547274408,-3.47076188991,5.3,0,9,-10.5,5.0,300.0
3.1,0.0,2,400.0,22.0,0,0,0.0971908569336,0,94.0,2,7,4.82104957538,-2.20169956891,5.3,0,9,-10.5,5.0,300.0
3.1,0.0,1,400.0,22.0,0,1,0.0971870422363,1,94.0,1,14,-4.00547274408,-3.47076188991,5.3,0,9,-10.5,5.0,300.0
3.1,0.0,2,400.0,22.0,0,-1,0.0970370769501,-1,94.0,2,16,-5.24605364197,-0.754268642848,5.3,0,9,-10.5,5.0,300.0
3.1,0.0,1,400.0,22.0,0,0,0.0970339775085,0,94.0,1,14,-4.00547274408,-3.47076188991,5.3,0,9,-10.5,5.0,300.0
3.1,0.0,2,400.0,22.0,0,0,0.097198009491,0,94.0,2,16,-5.24605364197,-0.754268642848,5.3,0,9,-10.5,5.0,300.0
3.1,0.0,2,400.0,22.0,0,1,0.0970270633698,-1,94.0,2,18,-4.82104957538,2.20169956891,5.3,0,9,-10.5,5.0,300.0
3.1,0.0,1,400.0,22.0,0,0,0.0970239639282,0,94.0,1,7,4.82104957538,-2.20169956891,5.3,0,9,-10.5,5.0,300.0
3.1,0.0,1,400.0,22.0,0,0,0.0971961021423,0,94.0,1,18,-4.82104957538,2.20169956891,5.3,0,9,-10.5,5.0,300.0
3.1,0.0,2,400.0,22.0,0,1,0.0972080230713,1,94.0,2,15,-4.82104957538,-2.20169956891,5.3,0,9,-10.5,5.0,300.0
3.1,0.0,1,400.0,22.0,0,-2,0.0970239639282,-2,94.0,1,6,5.24605364197,-0.754268642848,5.3,0,9,-10.5,5.0,300.0
3.1,0.0,1,400.0,22.0,0,-1,0.0970277786255,-1,94.0,1,12,-1.49318255126,-5.08531276016,5.3,0,9,-10.5,5.0,300.0
3.1,0.0,1,400.0,22.0,0,-2,0.0970079898834,-2,94.0,1,14,-4.00547274408,-3.47076188991,5.3,0,9,-10.5,5.0,300.0
3.1,0.0,1,400.0,22.0,0,-1,0.0970199108124,0,94.0,2,17,-5.24605364197,0.754268642848,5.3,0,9,-10.5,5.0,300.0
3.1,0.0,1,400.0,22.0,0,-2,0.0972149372101,-2,94.0,1,9,2.86539633251,-4.45864372401,5.3,0,9,-10.5,5.0,300.0
3.1,0.0,2,400.0,22.0,0,-2,0.0972180366516,-2,94.0,2,9,2.86539633251,-4.45864372401,5.3,0,9,-10.5,5.0,300.0
3.1,0.0,1,400.0,22.0,0,2,0.0972111225128,2,94.0,1,13,-2.86539633251,-4.45864372401,5.3,0,9,-10.5,5.0,300.0
3.1,0.0,2,400.0,22.0,0,0,0.0972239971161,0,94.0,2,11,6.49041367526e-16,-5.3,5.3,0,9,-10.5,5.0,300.0
3.1,0.0,2,400.0,22.0,0,1,0.0970618724823,1,94.0,2,6,5.24605364197,-0.754268642848,5.3,0,9,-10.5,5.0,300.0
3.1,0.0,1,400.0,22.0,0,0,0.0972199440002,0,94.0,1,19,-4.00547274408,3.47076188991,5.3,0,9,-10.5,5.0,300.0
3.1,0.0,2,400.0,22.0,0,2,0.097188949585,2,94.0,2,8,4.00547274408,-3.47076188991,5.3,0,9,-10.5,5.0,300.0
3.1,0.0,1,400.0,22.0,0,1,0.0970408916473,1,94.0,1,4,4.82104957538,2.20169956891,5.3,0,9,-10.5,5.0,300.0
3.1,0.0,2,400.0,22.0,0,0,0.0971918106079,0,94.0,2,7,4.82104957538,-2.20169956891,5.3,0,9,-10.5,5.0,300.0
3.1,0.0,2,400.0,22.0,0,-1,0.0970540046692,-1,94.0,2,12,-1.49318255126,-5.08531276016,5.3,0,9,-10.5,5.0,300.0
3.1,0.0,1,400.0,22.0,0,1,0.097225189209,1,94.0,1,5,5.24605364197,0.754268642848,5.3,0,9,-10.5,5.0,300.0
3.1,0.0,1,400.0,22.0,0,-1,0.0971999168396,-1,94.0,1,20,-2.86539633251,4.45864372401,5.3,0,9,-10.5,5.0,300.0
3.1,0.0,2,400.0,22.0,0,-1,0.0970268249512,-1,94.0,2,9,2.86539633251,-4.45864372401,5.3,0,9,-10.5,5.0,300.0
3.1,0.0,2,400.0,22.0,0,1,0.0970418453217,1,94.0,2,15,-4.82104957538,-2.20169956891,5.3,0,9,-10.5,5.0,300.0
3.1,0.0,1,400.0,22.0,0,1,0.0972120761871,1,94.0,1,5,5.24605364197,0.754268642848,5.3,0,9,-10.5,5.0,300.0
3.1,0.0,1,400.0,22.0,0,-1,0.0971949100494,-1,94.0,1,19,-4.00547274408,3.47076188991,5.3,0,9,-10.5,5.0,300.0
3.1,0.0,2,400.0,22.0,0,2,0.0970101356506,2,94.0,2,14,-4.00547274408,-3.47076188991,5.3,0,9,-10.5,5.0,300.0
3.1,0.0,1,400.0,22.0,0,0,0.0970180034637,0,94.0,1,17,-5.24605364197,0.754268642848,5.3,0,9,-10.5,5.0,300.0
3.1,0.0,2,400.0,22.0,0,1,0.0970048904419,1,94.0,2,6,5.24605364197,-0.754268642848,5.3,0,9,-10.5,5.0,300.0
3.1,0.0,2,400.0,22.0,0,-1,0.0970199108124,-1,94.0,2,10,1.49318255126,-5.08531276016,5.3,0,9,-10.5,5.0,300.0
3.1,0.0,2,400.0,22.0,0,-2,0.0972409248352,-2,94.0,2,21,-1.49318255126,5.08531276016,5.3,0,9,-10.5,5.0,300.0
3.1,0.0,2,400.0,22.0,0,1,0.0971970558167,1,94.0,2,4,4.82104957538,2.20169956891,5.3,0,9,-10.5,5.0,300.0
3.1,0.0,1,400.0,22.0,0,-1,0.0972039699554,-1,94.0,1,17,-5.24605364197,0.754268642848,5.3,0,9,-10.5,5.0,300.0
3.1,0.0,1,400.0,22.0,0,0,0.0972280502319,0,94.0,1,21,-1.49318255126,5.08531276016,5.3,0,9,-10.5,5.0,300.0
3.1,0.0,1,400.0,22.0,0,0,0.0970818996429,0,94.0,1,5,5.24605364197,0.754268642848,5.3,0,9,-10.5,5.0,300.0
3.1,0.0,1,400.0,22.0,0,2,0.0972120761871,2,94.0,1,11,6.49041367526e-16,-5.3,5.3,0,9,-10.5,5.0,300.0
3.1,0.0,2,400.0,22.0,0,1,0.0970520973206,0,94.0,1,0,0.0,5.3,5.3,0,9,-10.5,5.0,300.0
3.1,0.0,1,400.0,22.0,0,1,0.0971961021423,1,94.0,1,2,2.86539633251,4.45864372401,5.3,0,9,-10.5,5.0,300.0
3.1,0.0,2,400.0,22.0,0,0,0.0970349311829,0,94.0,2,10,1.49318255126,-5.08531276016,5.3,0,9,-10.5,5.0,300.0
3.1,0.0,1,400.0,22.0,0,-2,0.097188949585,-2,94.0,1,12,-1.49318255126,-5.08531276016,5.3,0,9,-10.5,5.0,300.0
3.1,0.0,1,400.0,22.0,0,0,0.0970239639282,0,94.0,1,5,5.24605364197,0.754268642848,5.3,0,9,-10.5,5.0,300.0
3.1,0.0,1,400.0,22.0,0,0,0.0971930027008,0,94.0,1,17,-5.24605364197,0.754268642848,5.3,0,9,-10.5,5.0,300.0
3.1,0.0,1,400.0,22.0,0,0,0.0970108509064,0,94.0,1,11,6.49041367526e-16,-5.3,5.3,0,9,-10.5,5.0,300.0
3.1,0.0,2,400.0,22.0,0,-2,0.0970141887665,-2,94.0,2,3,4.00547274408,3.47076188991,5.3,0,9,-10.5,5.0,300.0
3.1,0.0,1,400.0,22.0,0,0,0.0970151424408,0,94.0,1,5,5.24605364197,0.754268642848,5.3,0,9,-10.5,5.0,300.0
3.1,0.0,1,400.0,22.0,0,-1,0.0970170497894,-1,94.0,1,10,1.49318255126,-5.08531276016,5.3,0,9,-10.5,5.0,300.0
3.1,0.0,1,400.0,22.0,0,0,0.0970230102539,0,94.0,1,17,-5.24605364197,0.754268642848,5.3,0,9,-10.5,5.0,300.0
3.1,0.0,2,400.0,22.0,0,1,0.0970280170441,1,94.0,2,3,4.00547274408,3.47076188991,5.3,0,9,-10.5,5.0,300.0
3.1,0.0,2,400.0,22.0,0,0,0.0972380638123,0,94.0,2,9,2.86539633251,-4.45864372401,5.3,0,9,-10.5,5.0,300.0
3.1,0.0,1,400.0,22.0,0,1,0.097207069397,1,94.0,1,9,2.86539633251,-4.45864372401,5.3,0,9,-10.5,5.0,300.0
3.1,0.0,2,400.0,22.0,0,0,0.0972330570221,0,94.0,2,16,-5.24605364197,-0.754268642848,5.3,0,9,-10.5,5.0,300.0
3.1,0.0,2,400.0,22.0,0,-1,0.0972311496735,-1,94.0,2,9,2.86539633251,-4.45864372401,5.3,0,9,-10.5,5.0,300.0
3.1,0.0,1,400.0,22.0,0,0,0.0971710681915,0,94.0,1,7,4.82104957538,-2.20169956891,5.3,0,9,-10.5,5.0,300.0
3.1,0.0,1,400.0,22.0,0,-1,0.0970339775085,-1,94.0,1,19,-4.00547274408,3.47076188991,5.3,0,9,-10.5,5.0,300.0
3.1,0.0,2,400.0,22.0,0,0,0.097088098526,0,94.0,2,11,6.49041367526e-16,-5.3,5.3,0,9,-10.5,5.0,300.0
3.1,0.0,1,400.0,22.0,0,0,0.0972089767456,0,94.0,1,0,0.0,5.3,5.3,0,9,-10.5,5.0,300.0
3.1,0.0,2,400.0,22.0,0,0,0.0971999168396,0,94.0,1,0,0.0,5.3,5.3,0,9,-10.5,5.0,300.0
3.1,0.0,2,400.0,22.0,0,-1,0.0970299243927,-1,94.0,2,16,-5.24605364197,-0.754268642848,5.3,0,9,-10.5,5.0,300.0
3.1,0.0,2,400.0,22.0,0,1,0.0971961021423,1,94.0,2,3,4.00547274408,3.47076188991,5.3,0,9,-10.5,5.0,300.0
3.1,0.0,1,400.0,22.0,0,-1,0.0970270633698,-1,94.0,1,14,-4.00547274408,-3.47076188991,5.3,0,9,-10.5,5.0,300.0
3.1,0.0,2,400.0,22.0,0,1,0.0970280170441,1,94.0,2,3,4.00547274408,3.47076188991,5.3,0,9,-10.5,5.0,300.0
3.1,0.0,1,400.0,22.0,0,2,0.0970330238342,2,94.0,1,21,-1.49318255126,5.08531276016,5.3,0,9,-10.5,5.0,300.0
3.1,0.0,2,400.0,22.0,0,1,0.0970261096954,1,94.0,2,19,-4.00547274408,3.47076188991,5.3,0,9,-10.5,5.0,300.0
3.1,0.0,2,400.0,22.0,0,1,0.0970070362091,1,94.0,2,5,5.24605364197,0.754268642848,5.3,0,9,-10.5,5.0,300.0
3.1,0.0,2,400.0,22.0,0,-2,0.0970401763916,-2,94.0,2,9,2.86539633251,-4.45864372401,5.3,0,9,-10.5,5.0,300.0
3.1,0.0,2,400.0,22.0,0,-1,0.097225189209,-1,94.0,2,9,2.86539633251,-4.45864372401,5.3,0,9,-10.5,5.0,300.0
3.1,0.0,2,400.0,22.0,0,0,0.0972399711609,0,94.0,2,7,4.82104957538,-2.20169956891,5.3,0,9,-10.5,5.0,300.0
3.1,0.0,2,400.0,22.0,0,0,0.0972189903259,0,94.0,2,2,2.86539633251,4.45864372401,5.3,0,9,-10.5,5.0,300.0
3.1,0.0,2,400.0,22.0,0,0,0.0971930027008,0,94.0,2,15,-4.82104957538,-2.20169956891,5.3,0,9,-10.5,5.0,300.0
3.1,0.0,1,400.0,22.0,0,1,0.0972249507904,1,94.0,1,1,1.49318255126,5.08531276016,5.3,0,9,-10.5,5.0,300.0
3.1,0.0,1,400.0,22.0,0,-1,0.0972409248352,-1,94.0,1,7,4.82104957538,-2.20169956891,5.3,0,9,-10.5,5.0,300.0
3.1,0.0,2,400.0,22.0,0,-2,0.0971930027008,-2,94.0,2,6,5.24605364197,-0.754268642848,5.3,0,9,-10.5,5.0,300.0
3.1,0.0,1,400.0,22.0,0,1,0.0970461368561,1,94.0,1,4,4.82104957538,2.20169956891,5.3,0,9,-10.5,5.0,300.0
3.1,0.0,2,400.0,22.0,0,-2,0.0970480442047,-2,94.0,2,18,-4.82104957538,2.20169956891,5.3,0,9,-10.5,5.0,300.0
3.1,0.0,1,400.0,22.0,0,2,0.0970389842987,2,94.0,1,16,-5.24605364197,-0.754268642848,5.3,0,9,-10.5,5.0,300.0
3.1,0.0,2,400.0,22.0,0,-2,0.0971970558167,-2,94.0,2,19,-4.00547274408,3.47076188991,5.3,0,9,-10.5,5.0,300.0
3.1,0.0,1,400.0,22.0,0,0,0.0970721244812,0,94.0,1,21,-1.49318255126,5.08531276016,5.3,0,9,-10.5,5.0,300.0
3.1,0.0,1,400.0,22.0,0,2,0.0971899032593,2,94.0,1,12,-1.49318255126,-5.08531276016,5.3,0,9,-10.5,5.0,300.0
3.1,0.0,1,400.0,22.0,0,0,0.0970180034637,0,94.0,1,17,-5.24605364197,0.754268642848,5.3,0,9,-10.5,5.0,300.0
3.1,0.0,2,400.0,22.0,0,2,0.0970280170441,2,94.0,2,14,-4.00547274408,-3.47076188991,5.3,0,9,-10.5,5.0,300.0
3.1,0.0,2,400.0,22.0,0,0,0.0970249176025,0,94.0,2,21,-1.49318255126,5.08531276016,5.3,0,9,-10.5,5.0,300.0
3.1,0.0,2,400.0,22.0,0,-1,0.09716796875,-1,94.0,2,15,-4.82104957538,-2.20169956891,5.3,0,9,-10.5,5.0,300.0
3.1,0.0,1,400.0,22.0,0,-2,0.0972030162811,-2,94.0,1,21,-1.49318255126,5.08531276016,5.3,0,9,-10.5,5.0,300.0
3.1,0.0,2,400.0,22.0,0,0,0.0970520973206,0,94.0,2,17,-5.24605364197,0.754268642848,5.3,0,9,-10.5,5.0,300.0
3.1,0.0,1,400.0,22.0,0,0,0.0972299575806,0,94.0,1,13,-2.86539633251,-4.45864372401,5.3,0,9,-10.5,5.0,300.0
3.1,0.0,1,400.0,22.0,0,0,0.0972049236298,0,94.0,1,4,4.82104957538,2.20169956891,5.3,0,9,-10.5,5.0,300.0
3.1,0.0,1,400.0,22.0,0,0,0.0972259044647,0,94.0,1,20,-2.86539633251,4.45864372401,5.3,0,9,-10.5,5.0,300.0
3.1,0.0,2,400.0,22.0,0,1,0.0972208976746,1,94.0,2,5,5.24605364197,0.754268642848,5.3,0,9,-10.5,5.0,300.0
3.1,0.0,1,400.0,22.0,0,0,0.0972309112549,0,94.0,1,0,0.0,5.3,5.3,0,9,-10.5,5.0,300.0
3.1,0.0,2,400.0,22.0,0,-2,0.097491979599,-2,94.0,2,19,-4.00547274408,3.47076188991,5.3,0,9,-10.5,5.0,300.0
3.1,0.0,1,400.0,22.0,0,0,0.0971858501434,0,94.0,1,11,6.49041367526e-16,-5.3,5.3,0,9,-10.5,5.0,300.0
3.1,0.0,1,400.0,22.0,0,1,0.0970740318298,1,94.0,1,13,-2.86539633251,-4.45864372401,5.3,0,9,-10.5,5.0,300.0
3.1,0.0,2,400.0,22.0,0,-1,0.0970449447632,-1,94.0,2,18,-4.82104957538,2.20169956891,5.3,0,9,-10.5,5.0,300.0
3.1,0.0,2,400.0,22.0,0,-1,0.097235918045,-1,94.0,2,18,-4.82104957538,2.20169956891,5.3,0,9,-10.5,5.0,300.0
3.1,0.0,2,400.0,22.0,0,1,0.0971901416779,1,94.0,2,9,2.86539633251,-4.45864372401,5.3,0,9,-10.5,5.0,300.0
3.1,0.0,1,400.0,22.0,0,-1,0.0971040725708,-1,94.0,1,8,4.00547274408,-3.47076188991,5.3,0,9,-10.5,5.0,300.0
3.1,0.0,2,400.0,22.0,0,0,0.0971879959106,0,94.0,2,18,-4.82104957538,2.20169956891,5.3,0,9,-10.5,5.0,300.0
3.1,0.0,2,400.0,22.0,0,0,0.0970129966736,0,94.0,2,9,2.86539633251,-4.45864372401,5.3,0,9,-10.5,5.0,300.0
3.1,0.0,2,400.0,22.0,0,0,0.0970270633698,0,94.0,2,7,4.82104957538,-2.20169956891,5.3,0,9,-10.5,5.0,300.0
3.1,0.0,1,400.0,22.0,0,1,0.0971870422363,1,94.0,1,10,1.49318255126,-5.08531276016,5.3,0,9,-10.5,5.0,300.0
3.1,0.0,1,400.0,22.0,0,0,0.0971658229828,0,94.0,1,16,-5.24605364197,-0.754268642848,5.3,0,9,-10.5,5.0,300.0
3.1,0.0,2,400.0,22.0,0,-2,0.097030878067,-2,94.0,2,13,-2.86539633251,-4.45864372401,5.3,0,9,-10.5,5.0,300.0
3.1,0.0,1,400.0,22.0,0,0,0.0970051288605,0,94.0,1,11,6.49041367526e-16,-5.3,5.3,0,9,-10.5,5.0,300.0
3.1,0.0,1,400.0,22.0,0,2,0.0970089435577,2,94.0,1,8,4.00547274408,-3.47076188991,5.3,0,9,-10.5,5.0,300.0
3.1,0.0,1,400.0,22.0,0,1,0.0970089435577,1,94.0,1,14,-4.00547274408,-3.47076188991,5.3,0,9,-10.5,5.0,300.0
3.1,0.0,2,400.0,22.0,0,0,0.0972208976746,0,94.0,2,5,5.24605364197,0.754268642848,5.3,0,9,-10.5,5.0,300.0
3.1,0.0,1,400.0,22.0,0,0,0.0972199440002,0,94.0,1,17,-5.24605364197,0.754268642848,5.3,0,9,-10.5,5.0,300.0
3.1,0.0,2,400.0,22.0,0,0,0.0972199440002,0,94.0,2,9,2.86539633251,-4.45864372401,5.3,0,9,-10.5,5.0,300.0
3.1,0.0,2,400.0,22.0,0,1,0.0972440242767,1,94.0,2,1,1.49318255126,5.08531276016,5.3,0,9,-10.5,5.0,300.0
3.1,0.0,1,400.0,22.0,0,1,0.0972311496735,1,94.0,1,15,-4.82104957538,-2.20169956891,5.3,0,9,-10.5,5.0,300.0
3.1,0.0,1,400.0,22.0,0,1,0.0972290039062,-1,94.0,2,0,0.0,5.3,5.3,0,9,-10.5,5.0,300.0
3.1,0.0,1,400.0,22.0,0,1,0.097188949585,1,94.0,1,11,6.49041367526e-16,-5.3,5.3,0,9,-10.5,5.0,300.0
3.1,0.0,2,400.0,22.0,0,0,0.0972127914429,0,94.0,2,9,2.86539633251,-4.45864372401,5.3,0,9,-10.5,5.0,300.0
3.1,0.0,1,400.0,22.0,0,-1,0.0971438884735,-1,94.0,1,0,0.0,5.3,5.3,0,9,-10.5,5.0,300.0
3.1,0.0,2,400.0,22.0,0,0,0.097039937973,0,94.0,2,20,-2.86539633251,4.45864372401,5.3,0,9,-10.5,5.0,300.0
3.1,0.0,2,400.0,22.0,0,0,0.0970418453217,0,94.0,2,14,-4.00547274408,-3.47076188991,5.3,0,9,-10.5,5.0,300.0
3.1,0.0,2,400.0,22.0,0,2,0.097207069397,2,94.0,2,3,4.00547274408,3.47076188991,5.3,0,9,-10.5,5.0,300.0
3.1,0.0,1,400.0,22.0,0,0,0.0970220565796,0,94.0,1,17,-5.24605364197,0.754268642848,5.3,0,9,-10.5,5.0,300.0
3.1,0.0,1,400.0,22.0,0,0,0.0970299243927,0,94.0,1,11,6.49041367526e-16,-5.3,5.3,0,9,-10.5,5.0,300.0
3.1,0.0,1,400.0,22.0,0,-2,0.0970270633698,-2,94.0,1,20,-2.86539633251,4.45864372401,5.3,0,9,-10.5,5.0,300.0
3.1,0.0,1,400.0,22.0,0,0,0.0971970558167,0,94.0,1,2,2.86539633251,4.45864372401,5.3,0,9,-10.5,5.0,300.0
3.1,0.0,2,400.0,22.0,0,1,0.0971918106079,1,94.0,2,17,-5.24605364197,0.754268642848,5.3,0,9,-10.5,5.0,300.0
3.1,0.0,2,400.0,22.0,0,0,0.0971899032593,0,94.0,2,5,5.24605364197,0.754268642848,5.3,0,9,-10.5,5.0,300.0
3.1,0.0,1,400.0,22.0,0,0,0.0971858501434,0,94.0,1,17,-5.24605364197,0.754268642848,5.3,0,9,-10.5,5.0,300.0
3.1,0.0,1,400.0,22.0,0,0,0.0972189903259,0,94.0,1,12,-1.49318255126,-5.08531276016,5.3,0,9,-10.5,5.0,300.0
3.1,0.0,2,400.0,22.0,0,-1,0.0972270965576,-1,94.0,2,18,-4.82104957538,2.20169956891,5.3,0,9,-10.5,5.0,300.0
3.1,0.0,1,400.0,22.0,0,1,0.0972211360931,1,94.0,1,2,2.86539633251,4.45864372401,5.3,0,9,-10.5,5.0,300.0
3.1,0.0,1,400.0,22.0,0,0,0.0972340106964,0,94.0,1,2,2.86539633251,4.45864372401,5.3,0,9,-10.5,5.0,300.0
3.1,0.0,2,400.0,22.0,0,0,0.0971939563751,0,94.0,2,16,-5.24605364197,-0.754268642848,5.3,0,9,-10.5,5.0,300.0
3.1,0.0,1,400.0,22.0,0,1,0.097060918808,1,94.0,1,1,1.49318255126,5.08531276016,5.3,0,9,-10.5,5.0,300.0
3.1,0.0,1,400.0,22.0,0,0,0.0971999168396,0,94.0,1,11,6.49041367526e-16,-5.3,5.3,0,9,-10.5,5.0,300.0
3.1,0.0,1,400.0,22.0,0,0,0.0972170829773,0,94.0,1,5,5.24605364197,0.754268642848,5.3,0,9,-10.5,5.0,300.0
3.1,0.0,2,400.0,22.0,0,-1,0.0970571041107,-1,94.0,2,14,-4.00547274408,-3.47076188991,5.3,0,9,-10.5,5.0,300.0
3.1,0.0,2,400.0,22.0,0,2,0.0970561504364,2,94.0,2,15,-4.82104957538,-2.20169956891,5.3,0,9,-10.5,5.0,300.0
3.1,0.0,1,400.0,22.0,0,-1,0.0970249176025,-1,94.0,1,19,-4.00547274408,3.47076188991,5.3,0,9,-10.5,5.0,300.0
3.1,0.0,2,400.0,22.0,0,2,0.0971939563751,2,94.0,2,21,-1.49318255126,5.08531276016,5.3,0,9,-10.5,5.0,300.0
3.1,0.0,1,400.0,22.0,0,-2,0.0970299243927,-2,94.0,1,21,-1.49318255126,5.08531276016,5.3,0,9,-10.5,5.0,300.0
3.1,0.0,2,400.0,22.0,0,-1,0.0970320701599,-1,94.0,2,18,-4.82104957538,2.20169956891,5.3,0,9,-10.5,5.0,300.0
3.1,0.0,1,400.0,22.0,0,1,0.0970230102539,1,94.0,1,17,-5.24605364197,0.754268642848,5.3,0,9,-10.5,5.0,300.0
3.1,0.0,1,400.0,22.0,0,-1,0.0970211029053,-1,94.0,1,21,-1.49318255126,5.08531276016,5.3,0,9,-10.5,5.0,300.0
3.1,0.0,1,400.0,22.0,0,2,0.0970239639282,2,94.0,1,11,6.49041367526e-16,-5.3,5.3,0,9,-10.5,5.0,300.0
3.1,0.0,1,400.0,22.0,0,-2,0.0970280170441,-2,94.0,1,15,-4.82104957538,-2.20169956891,5.3,0,9,-10.5,5.0,300.0
3.1,0.0,1,400.0,22.0,0,2,0.0970129966736,2,94.0,1,19,-4.00547274408,3.47076188991,5.3,0,9,-10.5,5.0,300.0
3.1,0.0,1,400.0,22.0,0,0,0.0972199440002,0,94.0,1,8,4.00547274408,-3.47076188991,5.3,0,9,-10.5,5.0,300.0
3.1,0.0,2,400.0,22.0,0,0,0.0972220897675,0,94.0,2,7,4.82104957538,-2.20169956891,5.3,0,9,-10.5,5.0,300.0
3.1,0.0,1,400.0,22.0,0,-2,0.0972349643707,-2,94.0,1,17,-5.24605364197,0.754268642848,5.3,0,9,-10.5,5.0,300.0
3.1,0.0,1,400.0,22.0,0,0,0.0972170829773,0,94.0,1,12,-1.49318255126,-5.08531276016,5.3,0,9,-10.5,5.0,300.0
3.1,0.0,2,400.0,22.0,0,0,0.0972499847412,0,94.0,2,13,-2.86539633251,-4.45864372401,5.3,0,9,-10.5,5.0,300.0
3.1,0.0,2,400.0,22.0,0,-1,0.0972318649292,-1,94.0,2,6,5.24605364197,-0.754268642848,5.3,0,9,-10.5,5.0,300.0
3.1,0.0,2,400.0,22.0,0,2,0.0974080562592,2,94.0,2,20,-2.86539633251,4.45864372401,5.3,0,9,-10.5,5.0,300.0
3.1,0.0,1,400.0,22.0,0,0,0.0971858501434,0,94.0,1,11,6.49041367526e-16,-5.3,5.3,0,9,-10.5,5.0,300.0
3.1,0.0,2,400.0,22.0,0,1,0.097067117691,1,94.0,2,4,4.82104957538,2.20169956891,5.3,0,9,-10.5,5.0,300.0
3.1,0.0,2,400.0,22.0,0,0,0.097051858902,0,94.0,2,9,2.86539633251,-4.45864372401,5.3,0,9,-10.5,5.0,300.0
3.1,0.0,2,400.0,22.0,0,0,0.097039937973,0,94.0,2,11,6.49041367526e-16,-5.3,5.3,0,9,-10.5,5.0,300.0
3.1,0.0,2,400.0,22.0,0,-1,0.0972700119019,-1,94.0,1,5,5.24605364197,0.754268642848,5.3,0,9,-10.5,5.0,300.0
3.1,0.0,1,400.0,22.0,0,-2,0.0971839427948,-2,94.0,1,19,-4.00547274408,3.47076188991,5.3,0,9,-10.5,5.0,300.0
3.1,0.0,1,400.0,22.0,0,0,0.0970370769501,0,94.0,1,1,1.49318255126,5.08531276016,5.3,0,9,-10.5,5.0,300.0
3.1,0.0,1,400.0,22.0,0,1,0.0971848964691,1,94.0,1,8,4.00547274408,-3.47076188991,5.3,0,9,-10.5,5.0,300.0
3.1,0.0,2,400.0,22.0,0,1,0.0970680713654,1,94.0,2,12,-1.49318255126,-5.08531276016,5.3,0,9,-10.5,5.0,300.0
3.1,0.0,1,400.0,22.0,0,1,0.0970249176025,1,94.0,1,2,2.86539633251,4.45864372401,5.3,0,9,-10.5,5.0,300.0
3.1,0.0,2,400.0,22.0,0,0,0.0971961021423,0,94.0,2,16,-5.24605364197,-0.754268642848,5.3,0,9,-10.5,5.0,300.0
3.1,0.0,1,400.0,22.0,0,2,0.0971930027008,2,94.0,1,12,-1.49318255126,-5.08531276016,5.3,0,9,-10.5,5.0,300.0
3.1,0.0,2,400.0,22.0,0,1,0.0970060825348,1,94.0,2,8,4.00547274408,-3.47076188991,5.3,0,9,-10.5,5.0,300.0
3.1,0.0,2,400.0,22.0,0,-2,0.0970549583435,-2,94.0,2,0,0.0,5.3,5.3,0,9,-10.5,5.0,300.0
3.1,0.0,1,400.0,22.0,0,-1,0.0970079898834,-1,94.0,1,4,4.82104957538,2.20169956891,5.3,0,9,-10.5,5.0,300.0
3.1,0.0,1,400.0,22.0,0,0,0.097011089325,0,94.0,1,11,6.49041367526e-16,-5.3,5.3,0,9,-10.5,5.0,300.0
3.1,0.0,1,400.0,22.0,0,0,0.0970010757446,0,94.0,1,5,5.24605364197,0.754268642848,5.3,0,9,-10.5,5.0,300.0
3.1,0.0,2,400.0,22.0,0,-1,0.097039937973,-1,94.0,2,10,1.49318255126,-5.08531276016,5.3,0,9,-10.5,5.0,300.0
3.1,0.0,2,400.0,22.0,0,0,0.0970361232758,0,94.0,2,20,-2.86539633251,4.45864372401,5.3,0,9,-10.5,5.0,300.0
3.1,0.0,1,400.0,22.0,0,0,0.0970389842987,0,94.0,1,13,-2.86539633251,-4.45864372401,5.3,0,9,-10.5,5.0,300.0
3.1,0.0,2,400.0,22.0,0,-1,0.0972158908844,-1,94.0,2,15,-4.82104957538,-2.20169956891,5.3,0,9,-10.5,5.0,300.0
3.1,0.0,2,400.0,22.0,0,-2,0.097226858139,-2,94.0,2,18,-4.82104957538,2.20169956891,5.3,0,9,-10.5,5.0,300.0
3.1,0.0,1,400.0,22.0,0,-2,0.0971858501434,-2,94.0,2,17,-5.24605364197,0.754268642848,5.3,0,9,-10.5,5.0,300.0
3.1,0.0,2,400.0,22.0,0,1,0.0970640182495,1,94.0,2,4,4.82104957538,2.20169956891,5.3,0,9,-10.5,5.0,300.0
3.1,0.0,1,400.0,22.0,0,-2,0.097100019455,-2,94.0,1,8,4.00547274408,-3.47076188991,5.3,0,9,-10.5,5.0,300.0
3.1,0.0,2,400.0,22.0,0,1,0.0970959663391,1,94.0,2,20,-2.86539633251,4.45864372401,5.3,0,9,-10.5,5.0,300.0
3.1,0.0,1,400.0,22.0,0,1,0.0971941947937,1,94.0,1,21,-1.49318255126,5.08531276016,5.3,0,9,-10.5,5.0,300.0
3.1,0.0,2,400.0,22.0,0,-2,0.0970411300659,-2,94.0,2,17,-5.24605364197,0.754268642848,5.3,0,9,-10.5,5.0,300.0
3.1,0.0,1,400.0,22.0,0,0,0.0972008705139,0,94.0,1,6,5.24605364197,-0.754268642848,5.3,0,9,-10.5,5.0,300.0
3.1,0.0,1,400.0,22.0,0,-2,0.0972020626068,-2,94.0,1,9,2.86539633251,-4.45864372401,5.3,0,9,-10.5,5.0,300.0
3.1,0.0,1,400.0,22.0,0,-1,0.0971899032593,-1,94.0,1,1,1.49318255126,5.08531276016,5.3,0,9,-10.5,5.0,300.0
3.1,0.0,1,400.0,22.0,0,-1,0.0970251560211,-1,94.0,1,10,1.49318255126,-5.08531276016,5.3,0,9,-10.5,5.0,300.0
3.1,0.0,2,400.0,22.0,0,1,0.0972020626068,1,94.0,2,13,-2.86539633251,-4.45864372401,5.3,0,9,-10.5,5.0,300.0
3.1,0.0,1,400.0,22.0,0,1,0.0971858501434,1,94.0,1,19,-4.00547274408,3.47076188991,5.3,0,9,-10.5,5.0,300.0
3.1,0.0,1,400.0,22.0,0,-1,0.097198009491,-1,94.0,1,1,1.49318255126,5.08531276016,5.3,0,9,-10.5,5.0,300.0
3.1,0.0,1,400.0,22.0,0,-1,0.0970151424408,-1,94.0,1,12,-1.49318255126,-5.08531276016,5.3,0,9,-10.5,5.0,300.0
3.1,0.0,1,400.0,22.0,0,-2,0.0972390174866,-2,94.0,1,11,6.49041367526e-16,-5.3,5.3,0,9,-10.5,5.0,300.0
3.1,0.0,1,400.0,22.0,0,0,0.0972120761871,0,94.0,1,11,6.49041367526e-16,-5.3,5.3,0,9,-10.5,5.0,300.0
3.1,0.0,2,400.0,22.0,0,0,0.0972249507904,0,94.0,2,21,-1.49318255126,5.08531276016,5.3,0,9,-10.5,5.0,300.0
3.1,0.0,2,400.0,22.0,0,1,0.0973131656647,1,94.0,2,8,4.00547274408,-3.47076188991,5.3,0,9,-10.5,5.0,300.0
3.1,0.0,2,400.0,22.0,0,0,0.0972168445587,-1,94.0,1,9,2.86539633251,-4.45864372401,5.3,0,9,-10.5,5.0,300.0
3.1,0.0,1,400.0,22.0,0,0,0.0972151756287,0,94.0,1,6,5.24605364197,-0.754268642848,5.3,0,9,-10.5,5.0,300.0
3.1,0.0,2,400.0,22.0,0,0,0.0972030162811,0,94.0,2,5,5.24605364197,0.754268642848,5.3,0,9,-10.5,5.0,300.0
3.1,0.0,2,400.0,22.0,0,1,0.097030878067,1,94.0,2,1,1.49318255126,5.08531276016,5.3,0,9,-10.5,5.0,300.0
3.1,0.0,1,400.0,22.0,0,2,0.0971961021423,2,94.0,1,14,-4.00547274408,-3.47076188991,5.3,0,9,-10.5,5.0,300.0
3.1,0.0,1,400.0,22.0,0,0,0.0970289707184,0,94.0,1,1,1.49318255126,5.08531276016,5.3,0,9,-10.5,5.0,300.0
3.1,0.0,2,400.0,22.0,0,1,0.0971848964691,1,94.0,2,8,4.00547274408,-3.47076188991,5.3,0,9,-10.5,5.0,300.0
3.1,0.0,1,400.0,22.0,0,0,0.0970621109009,0,94.0,1,20,-2.86539633251,4.45864372401,5.3,0,9,-10.5,5.0,300.0
3.1,0.0,1,400.0,22.0,0,-1,0.0970599651337,-1,94.0,1,1,1.49318255126,5.08531276016,5.3,0,9,-10.5,5.0,300.0
3.1,0.0,2,400.0,22.0,0,2,0.0971879959106,2,94.0,2,3,4.00547274408,3.47076188991,5.3,0,9,-10.5,5.0,300.0
3.1,0.0,2,400.0,22.0,0,0,0.0970139503479,0,94.0,2,15,-4.82104957538,-2.20169956891,5.3,0,9,-10.5,5.0,300.0
3.1,0.0,1,400.0,22.0,0,2,0.0970220565796,2,94.0,1,18,-4.82104957538,2.20169956891,5.3,0,9,-10.5,5.0,300.0
3.1,0.0,2,400.0,22.0,0,-1,0.0971939563751,-1,94.0,2,12,-1.49318255126,-5.08531276016,5.3,0,9,-10.5,5.0,300.0
3.1,0.0,2,400.0,22.0,0,2,0.097156047821,2,94.0,2,5,5.24605364197,0.754268642848,5.3,0,9,-10.5,5.0,300.0
3.1,0.0,2,400.0,22.0,0,0,0.0971829891205,0,94.0,2,11,6.49041367526e-16,-5.3,5.3,0,9,-10.5,5.0,300.0
3.1,0.0,2,400.0,22.0,0,1,0.0971939563751,1,94.0,2,15,-4.82104957538,-2.20169956891,5.3,0,9,-10.5,5.0,300.0
3.1,0.0,2,400.0,22.0,0,-2,0.0972249507904,-2,94.0,2,21,-1.49318255126,5.08531276016,5.3,0,9,-10.5,5.0,300.0
3.1,0.0,1,400.0,22.0,0,-1,0.0972208976746,-1,94.0,1,9,2.86539633251,-4.45864372401,5.3,0,9,-10.5,5.0,300.0
3.1,0.0,2,400.0,22.0,0,1,0.0972249507904,1,94.0,2,5,5.24605364197,0.754268642848,5.3,0,9,-10.5,5.0,300.0
3.1,0.0,1,400.0,22.0,0,0,0.0970401763916,0,94.0,1,0,0.0,5.3,5.3,0,9,-10.5,5.0,300.0
3.1,0.0,2,400.0,22.0,0,0,0.0972101688385,0,94.0,2,6,5.24605364197,-0.754268642848,5.3,0,9,-10.5,5.0,300.0
3.1,0.0,2,400.0,22.0,0,-1,0.0971970558167,-1,94.0,2,12,-1.49318255126,-5.08531276016,5.3,0,9,-10.5,5.0,300.0
3.1,0.0,1,400.0,22.0,0,0,0.0972290039062,0,94.0,1,15,-4.82104957538,-2.20169956891,5.3,0,9,-10.5,5.0,300.0
3.1,0.0,1,400.0,22.0,0,0,0.0972199440002,0,94.0,1,6,5.24605364197,-0.754268642848,5.3,0,9,-10.5,5.0,300.0
3.1,0.0,2,400.0,22.0,0,0,0.0972108840942,0,94.0,2,8,4.00547274408,-3.47076188991,5.3,0,9,-10.5,5.0,300.0
3.1,0.0,2,400.0,22.0,0,0,0.0970339775085,0,94.0,2,8,4.00547274408,-3.47076188991,5.3,0,9,-10.5,5.0,300.0
3.1,0.0,2,400.0,22.0,0,0,0.097207069397,0,94.0,2,5,5.24605364197,0.754268642848,5.3,0,9,-10.5,5.0,300.0
3.1,0.0,1,400.0,22.0,0,-1,0.09707903862,-1,94.0,1,17,-5.24605364197,0.754268642848,5.3,0,9,-10.5,5.0,300.0
3.1,0.0,1,400.0,22.0,0,0,0.0972280502319,0,94.0,1,19,-4.00547274408,3.47076188991,5.3,0,9,-10.5,5.0,300.0
3.1,0.0,1,400.0,22.0,0,0,0.0970139503479,0,94.0,1,8,4.00547274408,-3.47076188991,5.3,0,9,-10.5,5.0,300.0
3.1,0.0,2,400.0,22.0,0,0,0.0973188877106,0,94.0,2,11,6.49041367526e-16,-5.3,5.3,0,9,-10.5,5.0,300.0
3.1,0.0,2,400.0,22.0,0,2,0.0971989631653,2,94.0,2,14,-4.00547274408,-3.47076188991,5.3,0,9,-10.5,5.0,300.0
3.1,0.0,2,400.0,22.0,0,0,0.0970220565796,0,94.0,2,15,-4.82104957538,-2.20169956891,5.3,0,9,-10.5,5.0,300.0
3.1,0.0,2,400.0,22.0,0,0,0.0972280502319,0,94.0,2,10,1.49318255126,-5.08531276016,5.3,0,9,-10.5,5.0,300.0
3.1,0.0,2,400.0,22.0,0,-1,0.0971999168396,-1,94.0,2,21,-1.49318255126,5.08531276016,5.3,0,9,-10.5,5.0,300.0
3.1,0.0,2,400.0,22.0,0,-1,0.0970370769501,-1,94.0,2,1,1.49318255126,5.08531276016,5.3,0,9,-10.5,5.0,300.0
3.1,0.0,2,400.0,22.0,0,-1,0.0974328517914,-1,94.0,2,16,-5.24605364197,-0.754268642848,5.3,0,9,-10.5,5.0,300.0
3.1,0.0,2,400.0,22.0,0,1,0.097158908844,1,94.0,2,6,5.24605364197,-0.754268642848,5.3,0,9,-10.5,5.0,300.0
3.1,0.0,2,400.0,22.0,0,-1,0.0972111225128,-1,94.0,2,17,-5.24605364197,0.754268642848,5.3,0,9,-10.5,5.0,300.0
3.1,0.0,2,400.0,22.0,0,-2,0.0972270965576,-2,94.0,2,21,-1.49318255126,5.08531276016,5.3,0,9,-10.5,5.0,300.0
3.1,0.0,2,400.0,22.0,0,-2,0.0972409248352,-2,94.0,2,13,-2.86539633251,-4.45864372401,5.3,0,9,-10.5,5.0,300.0
3.1,0.0,1,400.0,22.0,0,0,0.0970480442047,0,94.0,1,17,-5.24605364197,0.754268642848,5.3,0,9,-10.5,5.0,300.0
3.1,0.0,1,400.0,22.0,0,2,0.0972061157227,2,94.0,1,20,-2.86539633251,4.45864372401,5.3,0,9,-10.5,5.0,300.0
3.1,0.0,1,400.0,22.0,0,0,0.0972340106964,0,94.0,1,12,-1.49318255126,-5.08531276016,5.3,0,9,-10.5,5.0,300.0
3.1,0.0,2,400.0,22.0,0,-2,0.0971038341522,-2,94.0,2,18,-4.82104957538,2.20169956891,5.3,0,9,-10.5,5.0,300.0
3.1,0.0,1,400.0,22.0,0,0,0.0971879959106,0,94.0,1,21,-1.49318255126,5.08531276016,5.3,0,9,-10.5,5.0,300.0
3.1,0.0,1,400.0,22.0,0,1,0.0972158908844,1,94.0,1,3,4.00547274408,3.47076188991,5.3,0,9,-10.5,5.0,300.0
3.1,0.0,2,400.0,22.0,0,-1,0.0970630645752,-1,94.0,2,8,4.00547274408,-3.47076188991,5.3,0,9,-10.5,5.0,300.0
3.1,0.0,2,400.0,22.0,0,-1,0.097204208374,-1,94.0,2,9,2.86539633251,-4.45864372401,5.3,0,9,-10.5,5.0,300.0
3.1,0.0,1,400.0,22.0,0,1,0.0970311164856,1,94.0,1,14,-4.00547274408,-3.47076188991,5.3,0,9,-10.5,5.0,300.0
3.1,0.0,1,400.0,22.0,0,-1,0.0972120761871,-1,94.0,1,8,4.00547274408,-3.47076188991,5.3,0,9,-10.5,5.0,300.0
3.1,0.0,1,400.0,22.0,0,0,0.0970339775085,0,94.0,1,17,-5.24605364197,0.754268642848,5.3,0,9,-10.5,5.0,300.0
3.1,0.0,1,400.0,22.0,0,0,0.0972211360931,-2,94.0,2,8,4.00547274408,-3.47076188991,5.3,0,9,-10.5,5.0,300.0
3.1,0.0,2,400.0,22.0,0,2,0.0970129966736,2,94.0,2,6,5.24605364197,-0.754268642848,5.3,0,9,-10.5,5.0,300.0
3.1,0.0,1,400.0,22.0,0,0,0.0971899032593,0,94.0,1,17,-5.24605364197,0.754268642848,5.3,0,9,-10.5,5.0,300.0
3.1,0.0,2,400.0,22.0,0,-1,0.097020149231,-1,94.0,2,18,-4.82104957538,2.20169956891,5.3,0,9,-10.5,5.0,300.0
3.1,0.0,2,400.0,22.0,0,0,0.0972001552582,0,94.0,2,7,4.82104957538,-2.20169956891,5.3,0,9,-10.5,5.0,300.0
3.1,0.0,1,400.0,22.0,0,1,0.0970690250397,1,94.0,1,15,-4.82104957538,-2.20169956891,5.3,0,9,-10.5,5.0,300.0
3.1,0.0,2,400.0,22.0,0,1,0.0970449447632,1,94.0,2,3,4.00547274408,3.47076188991,5.3,0,9,-10.5,5.0,300.0
3.1,0.0,1,400.0,22.0,0,0,0.097011089325,0,94.0,1,17,-5.24605364197,0.754268642848,5.3,0,9,-10.5,5.0,300.0
3.1,0.0,1,400.0,22.0,0,-1,0.0970439910889,-1,94.0,1,20,-2.86539633251,4.45864372401,5.3,0,9,-10.5,5.0,300.0
3.1,0.0,1,400.0,22.0,0,-1,0.0972228050232,-1,94.0,1,18,-4.82104957538,2.20169956891,5.3,0,9,-10.5,5.0,300.0
