cue-length,ms-precue,resp-v-hv,ms-st-cue,nitems,resp-h-pos,actualStimOn,resp-v-pos,ms-stimon,resp-h-hv,cue-loc-int,cue-loc-x,cue-loc-y,radius,bars-or-spot,npractice,ntrials,offsett
3.1,0.0,2,400.0,22.0,-2,0.0970261096954,-2,94.0,1,14,-4.00547274408,-3.47076188991,5.3,3.0,5.0,400.0,3.75
3.1,0.0,1,400.0,22.0,-2,0.097030878067,0,94.0,2,3,4.00547274408,3.47076188991,5.3,3.0,5.0,400.0,3.75
3.1,0.0,2,400.0,22.0,-1,0.0971078872681,1,94.0,1,14,-4.00547274408,-3.47076188991,5.3,3.0,5.0,400.0,3.75
3.1,0.0,1,400.0,22.0,0,0.0970418453217,0,94.0,2,20,-2.86539633251,4.45864372401,5.3,3.0,5.0,400.0,3.75
3.1,0.0,2,400.0,22.0,-2,0.0972030162811,2,94.0,2,5,5.24605364197,0.754268642848,5.3,3.0,5.0,400.0,3.75
3.1,0.0,2,400.0,22.0,0,0.097188949585,0,94.0,1,2,2.86539633251,4.45864372401,5.3,3.0,5.0,400.0,3.75
3.1,0.0,2,400.0,22.0,2,0.0970351696014,1,94.0,1,13,-2.86539633251,-4.45864372401,5.3,3.0,5.0,400.0,3.75
3.1,0.0,2,400.0,22.0,-1,0.0970330238342,-1,94.0,1,11,6.49041367526e-16,-5.3,5.3,3.0,5.0,400.0,3.75
3.1,0.0,2,400.0,22.0,0,0.0971930027008,0,94.0,1,1,1.49318255126,5.08531276016,5.3,3.0,5.0,400.0,3.75
3.1,0.0,2,400.0,22.0,-1,0.097156047821,0,94.0,2,16,-5.24605364197,-0.754268642848,5.3,3.0,5.0,400.0,3.75
3.1,0.0,1,400.0,22.0,0,0.0970039367676,1,94.0,1,2,2.86539633251,4.45864372401,5.3,3.0,5.0,400.0,3.75
3.1,0.0,2,400.0,22.0,0,0.0971689224243,-2,94.0,1,19,-4.00547274408,3.47076188991,5.3,3.0,5.0,400.0,3.75
3.1,0.0,2,400.0,22.0,1,0.0972039699554,0,94.0,1,15,-4.82104957538,-2.20169956891,5.3,3.0,5.0,400.0,3.75
3.1,0.0,1,400.0,22.0,0,0.097021818161,-1,94.0,1,0,0.0,5.3,5.3,3.0,5.0,400.0,3.75
3.1,0.0,2,400.0,22.0,-2,0.0970289707184,0,94.0,1,20,-2.86539633251,4.45864372401,5.3,3.0,5.0,400.0,3.75
3.1,0.0,2,400.0,22.0,-1,0.0972111225128,0,94.0,1,20,-2.86539633251,4.45864372401,5.3,3.0,5.0,400.0,3.75
3.1,0.0,2,400.0,22.0,-2,0.0971899032593,0,94.0,1,8,4.00547274408,-3.47076188991,5.3,3.0,5.0,400.0,3.75
3.1,0.0,2,400.0,22.0,0,0.0972001552582,-2,94.0,1,5,5.24605364197,0.754268642848,5.3,3.0,5.0,400.0,3.75
3.1,0.0,2,400.0,22.0,0,0.0972030162811,0,94.0,1,5,5.24605364197,0.754268642848,5.3,3.0,5.0,400.0,3.75
3.1,0.0,1,400.0,22.0,0,0.0970730781555,2,94.0,1,1,1.49318255126,5.08531276016,5.3,3.0,5.0,400.0,3.75
3.1,0.0,2,400.0,22.0,-1,0.0971920490265,0,94.0,2,21,-1.49318255126,5.08531276016,5.3,3.0,5.0,400.0,3.75
3.1,0.0,2,400.0,22.0,2,0.0970621109009,0,94.0,2,3,4.00547274408,3.47076188991,5.3,3.0,5.0,400.0,3.75
3.1,0.0,1,400.0,22.0,-2,0.0971999168396,-1,94.0,2,9,2.86539633251,-4.45864372401,5.3,3.0,5.0,400.0,3.75
3.1,0.0,2,400.0,22.0,1,0.0970320701599,2,94.0,2,12,-1.49318255126,-5.08531276016,5.3,3.0,5.0,400.0,3.75
3.1,0.0,2,400.0,22.0,0,0.0970668792725,0,94.0,1,18,-4.82104957538,2.20169956891,5.3,3.0,5.0,400.0,3.75
3.1,0.0,2,400.0,22.0,2,0.0971992015839,0,94.0,2,1,1.49318255126,5.08531276016,5.3,3.0,5.0,400.0,3.75
3.1,0.0,1,400.0,22.0,-1,0.097198009491,2,94.0,1,9,2.86539633251,-4.45864372401,5.3,3.0,5.0,400.0,3.75
3.1,0.0,1,400.0,22.0,-1,0.0970089435577,2,94.0,2,8,4.00547274408,-3.47076188991,5.3,3.0,5.0,400.0,3.75
3.1,0.0,2,400.0,22.0,1,0.0972049236298,0,94.0,1,18,-4.82104957538,2.20169956891,5.3,3.0,5.0,400.0,3.75
3.1,0.0,1,400.0,22.0,0,0.0970339775085,1,94.0,1,18,-4.82104957538,2.20169956891,5.3,3.0,5.0,400.0,3.75
3.1,0.0,1,400.0,22.0,0,0.0972061157227,-1,94.0,2,16,-5.24605364197,-0.754268642848,5.3,3.0,5.0,400.0,3.75
3.1,0.0,2,400.0,22.0,0,0.0972628593445,0,94.0,1,16,-5.24605364197,-0.754268642848,5.3,3.0,5.0,400.0,3.75
3.1,0.0,2,400.0,22.0,1,0.0972108840942,1,94.0,1,18,-4.82104957538,2.20169956891,5.3,3.0,5.0,400.0,3.75
3.1,0.0,2,400.0,22.0,-2,0.0972030162811,0,94.0,1,1,1.49318255126,5.08531276016,5.3,3.0,5.0,400.0,3.75
3.1,0.0,2,400.0,22.0,0,0.0972170829773,2,94.0,1,14,-4.00547274408,-3.47076188991,5.3,3.0,5.0,400.0,3.75
3.1,0.0,1,400.0,22.0,0,0.0972731113434,1,94.0,1,7,4.82104957538,-2.20169956891,5.3,3.0,5.0,400.0,3.75
3.1,0.0,2,400.0,22.0,2,0.0972061157227,-1,94.0,2,9,2.86539633251,-4.45864372401,5.3,3.0,5.0,400.0,3.75
3.1,0.0,2,400.0,22.0,0,0.0970568656921,-1,94.0,1,19,-4.00547274408,3.47076188991,5.3,3.0,5.0,400.0,3.75
3.1,0.0,2,400.0,22.0,0,0.0972130298615,0,94.0,1,16,-5.24605364197,-0.754268642848,5.3,3.0,5.0,400.0,3.75
3.1,0.0,2,400.0,22.0,0,0.0970468521118,0,94.0,1,7,4.82104957538,-2.20169956891,5.3,3.0,5.0,400.0,3.75
3.1,0.0,2,400.0,22.0,-1,0.0971961021423,2,94.0,2,15,-4.82104957538,-2.20169956891,5.3,3.0,5.0,400.0,3.75
3.1,0.0,1,400.0,22.0,0,0.0970511436462,-2,94.0,1,1,1.49318255126,5.08531276016,5.3,3.0,5.0,400.0,3.75
3.1,0.0,2,400.0,22.0,-1,0.0972180366516,-1,94.0,2,21,-1.49318255126,5.08531276016,5.3,3.0,5.0,400.0,3.75
3.1,0.0,2,400.0,22.0,2,0.0972280502319,-2,94.0,2,13,-2.86539633251,-4.45864372401,5.3,3.0,5.0,400.0,3.75
3.1,0.0,1,400.0,22.0,2,0.0970098972321,-1,94.0,2,3,4.00547274408,3.47076188991,5.3,3.0,5.0,400.0,3.75
3.1,0.0,1,400.0,22.0,0,0.0971779823303,1,94.0,1,11,6.49041367526e-16,-5.3,5.3,3.0,5.0,400.0,3.75
3.1,0.0,1,400.0,22.0,1,0.0972149372101,2,94.0,1,13,-2.86539633251,-4.45864372401,5.3,3.0,5.0,400.0,3.75
3.1,0.0,2,400.0,22.0,0,0.097069978714,0,94.0,1,9,2.86539633251,-4.45864372401,5.3,3.0,5.0,400.0,3.75
3.1,0.0,1,400.0,22.0,0,0.0970261096954,2,94.0,1,14,-4.00547274408,-3.47076188991,5.3,3.0,5.0,400.0,3.75
3.1,0.0,2,400.0,22.0,-2,0.0972008705139,1,94.0,2,9,2.86539633251,-4.45864372401,5.3,3.0,5.0,400.0,3.75
3.1,0.0,1,400.0,22.0,2,0.0972158908844,2,94.0,2,19,-4.00547274408,3.47076188991,5.3,3.0,5.0,400.0,3.75
3.1,0.0,2,400.0,22.0,0,0.0970220565796,1,94.0,1,18,-4.82104957538,2.20169956891,5.3,3.0,5.0,400.0,3.75
3.1,0.0,1,400.0,22.0,0,0.0971918106079,-1,94.0,1,6,5.24605364197,-0.754268642848,5.3,3.0,5.0,400.0,3.75
3.1,0.0,1,400.0,22.0,1,0.0972030162811,1,94.0,1,5,5.24605364197,0.754268642848,5.3,3.0,5.0,400.0,3.75
3.1,0.0,2,400.0,22.0,0,0.0970358848572,2,94.0,1,7,4.82104957538,-2.20169956891,5.3,3.0,5.0,400.0,3.75
3.1,0.0,2,400.0,22.0,-1,0.097235918045,0,94.0,1,1,1.49318255126,5.08531276016,5.3,3.0,5.0,400.0,3.75
3.1,0.0,2,400.0,22.0,-1,0.0970571041107,1,94.0,1,4,4.82104957538,2.20169956891,5.3,3.0,5.0,400.0,3.75
3.1,0.0,2,400.0,22.0,0,0.0971908569336,0,94.0,1,3,4.00547274408,3.47076188991,5.3,3.0,5.0,400.0,3.75
3.1,0.0,2,400.0,22.0,1,0.0972399711609,1,94.0,1,19,-4.00547274408,3.47076188991,5.3,3.0,5.0,400.0,3.75
3.1,0.0,2,400.0,22.0,0,0.0970129966736,-2,94.0,1,8,4.00547274408,-3.47076188991,5.3,3.0,5.0,400.0,3.75
3.1,0.0,2,400.0,22.0,0,0.0970230102539,0,94.0,1,8,4.00547274408,-3.47076188991,5.3,3.0,5.0,400.0,3.75
3.1,0.0,2,400.0,22.0,0,0.0972020626068,2,94.0,2,20,-2.86539633251,4.45864372401,5.3,3.0,5.0,400.0,3.75
3.1,0.0,2,400.0,22.0,-1,0.0971930027008,1,94.0,1,20,-2.86539633251,4.45864372401,5.3,3.0,5.0,400.0,3.75
3.1,0.0,2,400.0,22.0,1,0.0971941947937,-1,94.0,1,19,-4.00547274408,3.47076188991,5.3,3.0,5.0,400.0,3.75
3.1,0.0,1,400.0,22.0,0,0.0970070362091,-2,94.0,1,19,-4.00547274408,3.47076188991,5.3,3.0,5.0,400.0,3.75
3.1,0.0,1,400.0,22.0,1,0.097030878067,-1,94.0,1,12,-1.49318255126,-5.08531276016,5.3,3.0,5.0,400.0,3.75
3.1,0.0,1,400.0,22.0,-2,0.0970230102539,-1,94.0,1,20,-2.86539633251,4.45864372401,5.3,3.0,5.0,400.0,3.75
3.1,0.0,1,400.0,22.0,2,0.0970261096954,1,94.0,2,8,4.00547274408,-3.47076188991,5.3,3.0,5.0,400.0,3.75
3.1,0.0,1,400.0,22.0,-1,0.0970239639282,-1,94.0,2,11,6.49041367526e-16,-5.3,5.3,3.0,5.0,400.0,3.75
3.1,0.0,2,400.0,22.0,0,0.0971999168396,-1,94.0,1,11,6.49041367526e-16,-5.3,5.3,3.0,5.0,400.0,3.75
3.1,0.0,1,400.0,22.0,0,0.0970339775085,1,94.0,1,19,-4.00547274408,3.47076188991,5.3,3.0,5.0,400.0,3.75
3.1,0.0,2,400.0,22.0,0,0.0970311164856,1,94.0,1,17,-5.24605364197,0.754268642848,5.3,3.0,5.0,400.0,3.75
3.1,0.0,2,400.0,22.0,1,0.0972080230713,1,94.0,1,11,6.49041367526e-16,-5.3,5.3,3.0,5.0,400.0,3.75
3.1,0.0,2,400.0,22.0,0,0.0971879959106,2,94.0,1,20,-2.86539633251,4.45864372401,5.3,3.0,5.0,400.0,3.75
3.1,0.0,2,400.0,22.0,0,0.0970370769501,-1,94.0,2,8,4.00547274408,-3.47076188991,5.3,3.0,5.0,400.0,3.75
3.1,0.0,1,400.0,22.0,1,0.0972220897675,-1,94.0,2,20,-2.86539633251,4.45864372401,5.3,3.0,5.0,400.0,3.75
3.1,0.0,1,400.0,22.0,2,0.097177028656,2,94.0,2,4,4.82104957538,2.20169956891,5.3,3.0,5.0,400.0,3.75
3.1,0.0,2,400.0,22.0,-2,0.0971930027008,-1,94.0,1,18,-4.82104957538,2.20169956891,5.3,3.0,5.0,400.0,3.75
3.1,0.0,2,400.0,22.0,0,0.0971298217773,0,94.0,1,16,-5.24605364197,-0.754268642848,5.3,3.0,5.0,400.0,3.75
3.1,0.0,1,400.0,22.0,0,0.0970420837402,-2,94.0,1,9,2.86539633251,-4.45864372401,5.3,3.0,5.0,400.0,3.75
3.1,0.0,2,400.0,22.0,1,0.0970549583435,1,94.0,1,15,-4.82104957538,-2.20169956891,5.3,3.0,5.0,400.0,3.75
3.1,0.0,2,400.0,22.0,0,0.0971949100494,1,94.0,1,6,5.24605364197,-0.754268642848,5.3,3.0,5.0,400.0,3.75
3.1,0.0,2,400.0,22.0,0,0.0972001552582,0,94.0,1,1,1.49318255126,5.08531276016,5.3,3.0,5.0,400.0,3.75
3.1,0.0,2,400.0,22.0,-2,0.0972061157227,1,94.0,1,20,-2.86539633251,4.45864372401,5.3,3.0,5.0,400.0,3.75
3.1,0.0,2,400.0,22.0,0,0.0970091819763,-2,94.0,1,9,2.86539633251,-4.45864372401,5.3,3.0,5.0,400.0,3.75
3.1,0.0,2,400.0,22.0,0,0.0970108509064,0,94.0,1,5,5.24605364197,0.754268642848,5.3,3.0,5.0,400.0,3.75
3.1,0.0,1,400.0,22.0,1,0.0971930027008,0,94.0,2,2,2.86539633251,4.45864372401,5.3,3.0,5.0,400.0,3.75
3.1,0.0,2,400.0,22.0,0,0.0970258712769,1,94.0,1,4,4.82104957538,2.20169956891,5.3,3.0,5.0,400.0,3.75
3.1,0.0,2,400.0,22.0,2,0.0970299243927,-2,94.0,2,16,-5.24605364197,-0.754268642848,5.3,3.0,5.0,400.0,3.75
3.1,0.0,2,400.0,22.0,1,0.0970220565796,0,94.0,1,11,6.49041367526e-16,-5.3,5.3,3.0,5.0,400.0,3.75
3.1,0.0,1,400.0,22.0,0,0.0972008705139,2,94.0,1,21,-1.49318255126,5.08531276016,5.3,3.0,5.0,400.0,3.75
3.1,0.0,2,400.0,22.0,1,0.0971958637238,0,94.0,1,11,6.49041367526e-16,-5.3,5.3,3.0,5.0,400.0,3.75
3.1,0.0,2,400.0,22.0,0,0.0972058773041,2,94.0,2,13,-2.86539633251,-4.45864372401,5.3,3.0,5.0,400.0,3.75
3.1,0.0,2,400.0,22.0,0,0.0972011089325,-2,94.0,1,7,4.82104957538,-2.20169956891,5.3,3.0,5.0,400.0,3.75
3.1,0.0,2,400.0,22.0,-1,0.0970158576965,-2,94.0,2,14,-4.00547274408,-3.47076188991,5.3,3.0,5.0,400.0,3.75
3.1,0.0,1,400.0,22.0,1,0.0972340106964,2,94.0,2,15,-4.82104957538,-2.20169956891,5.3,3.0,5.0,400.0,3.75
3.1,0.0,2,400.0,22.0,0,0.0970158576965,-2,94.0,1,18,-4.82104957538,2.20169956891,5.3,3.0,5.0,400.0,3.75
3.1,0.0,2,400.0,22.0,0,0.0970160961151,-2,94.0,1,0,0.0,5.3,5.3,3.0,5.0,400.0,3.75
3.1,0.0,1,400.0,22.0,0,0.0970330238342,0,94.0,2,18,-4.82104957538,2.20169956891,5.3,3.0,5.0,400.0,3.75
3.1,0.0,2,400.0,22.0,1,0.0970239639282,2,94.0,1,12,-1.49318255126,-5.08531276016,5.3,3.0,5.0,400.0,3.75
3.1,0.0,1,400.0,22.0,-1,0.0971920490265,-2,94.0,1,8,4.00547274408,-3.47076188991,5.3,3.0,5.0,400.0,3.75
3.1,0.0,2,400.0,22.0,-1,0.0970208644867,-2,94.0,1,6,5.24605364197,-0.754268642848,5.3,3.0,5.0,400.0,3.75
3.1,0.0,2,400.0,22.0,0,0.0970499515533,0,94.0,1,7,4.82104957538,-2.20169956891,5.3,3.0,5.0,400.0,3.75
3.1,0.0,2,400.0,22.0,0,0.0970380306244,-1,94.0,1,18,-4.82104957538,2.20169956891,5.3,3.0,5.0,400.0,3.75
3.1,0.0,2,400.0,22.0,0,0.0970358848572,-1,94.0,1,14,-4.00547274408,-3.47076188991,5.3,3.0,5.0,400.0,3.75
3.1,0.0,2,400.0,22.0,0,0.0972290039062,2,94.0,2,0,0.0,5.3,5.3,3.0,5.0,400.0,3.75
3.1,0.0,1,400.0,22.0,0,0.0971009731293,1,94.0,1,7,4.82104957538,-2.20169956891,5.3,3.0,5.0,400.0,3.75
3.1,0.0,1,400.0,22.0,0,0.0972211360931,2,94.0,2,1,1.49318255126,5.08531276016,5.3,3.0,5.0,400.0,3.75
3.1,0.0,2,400.0,22.0,-1,0.0972058773041,-2,94.0,2,13,-2.86539633251,-4.45864372401,5.3,3.0,5.0,400.0,3.75
3.1,0.0,2,400.0,22.0,0,0.0971999168396,0,94.0,1,6,5.24605364197,-0.754268642848,5.3,3.0,5.0,400.0,3.75
3.1,0.0,2,400.0,22.0,1,0.0971999168396,1,94.0,1,17,-5.24605364197,0.754268642848,5.3,3.0,5.0,400.0,3.75
3.1,0.0,2,400.0,22.0,0,0.0971751213074,0,94.0,1,4,4.82104957538,2.20169956891,5.3,3.0,5.0,400.0,3.75
3.1,0.0,2,400.0,22.0,0,0.0971989631653,-2,94.0,1,9,2.86539633251,-4.45864372401,5.3,3.0,5.0,400.0,3.75
3.1,0.0,1,400.0,22.0,2,0.0972068309784,-2,94.0,2,21,-1.49318255126,5.08531276016,5.3,3.0,5.0,400.0,3.75
3.1,0.0,1,400.0,22.0,2,0.0972049236298,-2,94.0,2,13,-2.86539633251,-4.45864372401,5.3,3.0,5.0,400.0,3.75
3.1,0.0,1,400.0,22.0,-1,0.0970921516418,0,94.0,1,9,2.86539633251,-4.45864372401,5.3,3.0,5.0,400.0,3.75
3.1,0.0,2,400.0,22.0,0,0.0970411300659,0,94.0,1,2,2.86539633251,4.45864372401,5.3,3.0,5.0,400.0,3.75
3.1,0.0,2,400.0,22.0,0,0.0970528125763,0,94.0,1,16,-5.24605364197,-0.754268642848,5.3,3.0,5.0,400.0,3.75
3.1,0.0,2,400.0,22.0,0,0.097195148468,-2,94.0,1,0,0.0,5.3,5.3,3.0,5.0,400.0,3.75
3.1,0.0,2,400.0,22.0,0,0.0972349643707,0,94.0,1,19,-4.00547274408,3.47076188991,5.3,3.0,5.0,400.0,3.75
3.1,0.0,2,400.0,22.0,0,0.0970120429993,0,94.0,1,6,5.24605364197,-0.754268642848,5.3,3.0,5.0,400.0,3.75
3.1,0.0,2,400.0,22.0,1,0.0970311164856,2,94.0,1,1,1.49318255126,5.08531276016,5.3,3.0,5.0,400.0,3.75
3.1,0.0,2,400.0,22.0,2,0.0971820354462,0,94.0,1,12,-1.49318255126,-5.08531276016,5.3,3.0,5.0,400.0,3.75
3.1,0.0,2,400.0,22.0,-1,0.0972230434418,-1,94.0,1,6,5.24605364197,-0.754268642848,5.3,3.0,5.0,400.0,3.75
3.1,0.0,2,400.0,22.0,-1,0.0970098972321,1,94.0,2,10,1.49318255126,-5.08531276016,5.3,3.0,5.0,400.0,3.75
3.1,0.0,1,400.0,22.0,0,0.0972020626068,-1,94.0,1,3,4.00547274408,3.47076188991,5.3,3.0,5.0,400.0,3.75
3.1,0.0,2,400.0,22.0,-1,0.0971920490265,2,94.0,2,20,-2.86539633251,4.45864372401,5.3,3.0,5.0,400.0,3.75
3.1,0.0,1,400.0,22.0,0,0.0970509052277,-2,94.0,1,8,4.00547274408,-3.47076188991,5.3,3.0,5.0,400.0,3.75
3.1,0.0,2,400.0,22.0,0,0.0970540046692,0,94.0,1,13,-2.86539633251,-4.45864372401,5.3,3.0,5.0,400.0,3.75
3.1,0.0,2,400.0,22.0,0,0.097198009491,0,94.0,1,16,-5.24605364197,-0.754268642848,5.3,3.0,5.0,400.0,3.75
3.1,0.0,2,400.0,22.0,-1,0.0972101688385,0,94.0,2,2,2.86539633251,4.45864372401,5.3,3.0,5.0,400.0,3.75
3.1,0.0,2,400.0,22.0,0,0.0970170497894,-2,94.0,1,20,-2.86539633251,4.45864372401,5.3,3.0,5.0,400.0,3.75
3.1,0.0,2,400.0,22.0,0,0.0970301628113,1,94.0,1,4,4.82104957538,2.20169956891,5.3,3.0,5.0,400.0,3.75
3.1,0.0,2,400.0,22.0,1,0.0971040725708,0,94.0,1,15,-4.82104957538,-2.20169956891,5.3,3.0,5.0,400.0,3.75
3.1,0.0,1,400.0,22.0,0,0.0971820354462,2,94.0,2,1,1.49318255126,5.08531276016,5.3,3.0,5.0,400.0,3.75
3.1,0.0,2,400.0,22.0,0,0.0971748828888,0,94.0,1,2,2.86539633251,4.45864372401,5.3,3.0,5.0,400.0,3.75
3.1,0.0,2,400.0,22.0,1,0.09716796875,0,94.0,1,14,-4.00547274408,-3.47076188991,5.3,3.0,5.0,400.0,3.75
3.1,0.0,2,400.0,22.0,0,0.0970220565796,-2,94.0,1,8,4.00547274408,-3.47076188991,5.3,3.0,5.0,400.0,3.75
3.1,0.0,2,400.0,22.0,1,0.0972077846527,-2,94.0,2,21,-1.49318255126,5.08531276016,5.3,3.0,5.0,400.0,3.75
3.1,0.0,1,400.0,22.0,0,0.0972020626068,1,94.0,2,19,-4.00547274408,3.47076188991,5.3,3.0,5.0,400.0,3.75
3.1,0.0,2,400.0,22.0,0,0.0972590446472,0,94.0,1,3,4.00547274408,3.47076188991,5.3,3.0,5.0,400.0,3.75
3.1,0.0,1,400.0,22.0,0,0.0972509384155,2,94.0,1,0,0.0,5.3,5.3,3.0,5.0,400.0,3.75
3.1,0.0,2,400.0,22.0,0,0.0971999168396,0,94.0,1,17,-5.24605364197,0.754268642848,5.3,3.0,5.0,400.0,3.75
3.1,0.0,2,400.0,22.0,1,0.0972011089325,-2,94.0,1,12,-1.49318255126,-5.08531276016,5.3,3.0,5.0,400.0,3.75
3.1,0.0,2,400.0,22.0,1,0.0970339775085,0,94.0,1,6,5.24605364197,-0.754268642848,5.3,3.0,5.0,400.0,3.75
3.1,0.0,2,400.0,22.0,1,0.0971779823303,0,94.0,2,11,6.49041367526e-16,-5.3,5.3,3.0,5.0,400.0,3.75
3.1,0.0,2,400.0,22.0,2,0.0972001552582,1,94.0,2,16,-5.24605364197,-0.754268642848,5.3,3.0,5.0,400.0,3.75
3.1,0.0,2,400.0,22.0,-1,0.0970220565796,1,94.0,2,18,-4.82104957538,2.20169956891,5.3,3.0,5.0,400.0,3.75
3.1,0.0,2,400.0,22.0,0,0.0970268249512,-2,94.0,2,8,4.00547274408,-3.47076188991,5.3,3.0,5.0,400.0,3.75
3.1,0.0,2,400.0,22.0,0,0.097198009491,-2,94.0,1,5,5.24605364197,0.754268642848,5.3,3.0,5.0,400.0,3.75
3.1,0.0,2,400.0,22.0,-1,0.0970239639282,1,94.0,1,1,1.49318255126,5.08531276016,5.3,3.0,5.0,400.0,3.75
3.1,0.0,2,400.0,22.0,0,0.0973930358887,-2,94.0,1,3,4.00547274408,3.47076188991,5.3,3.0,5.0,400.0,3.75
3.1,0.0,2,400.0,22.0,0,0.0972030162811,1,94.0,1,9,2.86539633251,-4.45864372401,5.3,3.0,5.0,400.0,3.75
3.1,0.0,2,400.0,22.0,1,0.0972280502319,-1,94.0,2,20,-2.86539633251,4.45864372401,5.3,3.0,5.0,400.0,3.75
3.1,0.0,1,400.0,22.0,-1,0.0971989631653,-1,94.0,1,3,4.00547274408,3.47076188991,5.3,3.0,5.0,400.0,3.75
3.1,0.0,1,400.0,22.0,1,0.0971961021423,-2,94.0,2,12,-1.49318255126,-5.08531276016,5.3,3.0,5.0,400.0,3.75
3.1,0.0,2,400.0,22.0,-1,0.0970330238342,0,94.0,1,12,-1.49318255126,-5.08531276016,5.3,3.0,5.0,400.0,3.75
3.1,0.0,1,400.0,22.0,0,0.0970630645752,0,94.0,2,9,2.86539633251,-4.45864372401,5.3,3.0,5.0,400.0,3.75
3.1,0.0,2,400.0,22.0,0,0.0971801280975,0,94.0,1,17,-5.24605364197,0.754268642848,5.3,3.0,5.0,400.0,3.75
3.1,0.0,2,400.0,22.0,-2,0.0971710681915,1,94.0,1,20,-2.86539633251,4.45864372401,5.3,3.0,5.0,400.0,3.75
3.1,0.0,2,400.0,22.0,0,0.0970470905304,0,94.0,1,21,-1.49318255126,5.08531276016,5.3,3.0,5.0,400.0,3.75
3.1,0.0,2,400.0,22.0,-1,0.0971958637238,0,94.0,1,16,-5.24605364197,-0.754268642848,5.3,3.0,5.0,400.0,3.75
3.1,0.0,1,400.0,22.0,0,0.0971930027008,-1,94.0,2,7,4.82104957538,-2.20169956891,5.3,3.0,5.0,400.0,3.75
3.1,0.0,1,400.0,22.0,0,0.0972747802734,0,94.0,2,13,-2.86539633251,-4.45864372401,5.3,3.0,5.0,400.0,3.75
3.1,0.0,2,400.0,22.0,2,0.09716796875,0,94.0,1,19,-4.00547274408,3.47076188991,5.3,3.0,5.0,400.0,3.75
3.1,0.0,2,400.0,22.0,0,0.0971999168396,-1,94.0,1,11,6.49041367526e-16,-5.3,5.3,3.0,5.0,400.0,3.75
3.1,0.0,2,400.0,22.0,-2,0.097207069397,1,94.0,2,10,1.49318255126,-5.08531276016,5.3,3.0,5.0,400.0,3.75
3.1,0.0,2,400.0,22.0,-1,0.0970067977905,0,94.0,2,8,4.00547274408,-3.47076188991,5.3,3.0,5.0,400.0,3.75
3.1,0.0,2,400.0,22.0,0,0.0972039699554,0,94.0,1,5,5.24605364197,0.754268642848,5.3,3.0,5.0,400.0,3.75
3.1,0.0,1,400.0,22.0,1,0.0970280170441,2,94.0,1,19,-4.00547274408,3.47076188991,5.3,3.0,5.0,400.0,3.75
3.1,0.0,2,400.0,22.0,-2,0.0971930027008,-2,94.0,1,20,-2.86539633251,4.45864372401,5.3,3.0,5.0,400.0,3.75
3.1,0.0,2,400.0,22.0,1,0.0970220565796,0,94.0,2,21,-1.49318255126,5.08531276016,5.3,3.0,5.0,400.0,3.75
3.1,0.0,2,400.0,22.0,0,0.0972170829773,1,94.0,1,20,-2.86539633251,4.45864372401,5.3,3.0,5.0,400.0,3.75
3.1,0.0,2,400.0,22.0,-1,0.0971930027008,2,94.0,1,21,-1.49318255126,5.08531276016,5.3,3.0,5.0,400.0,3.75
3.1,0.0,2,400.0,22.0,-1,0.0972399711609,-1,94.0,1,9,2.86539633251,-4.45864372401,5.3,3.0,5.0,400.0,3.75
3.1,0.0,2,400.0,22.0,-2,0.0970470905304,0,94.0,2,11,6.49041367526e-16,-5.3,5.3,3.0,5.0,400.0,3.75
3.1,0.0,2,400.0,22.0,-1,0.0971961021423,2,94.0,1,3,4.00547274408,3.47076188991,5.3,3.0,5.0,400.0,3.75
3.1,0.0,2,400.0,22.0,2,0.0972330570221,0,94.0,2,10,1.49318255126,-5.08531276016,5.3,3.0,5.0,400.0,3.75
3.1,0.0,2,400.0,22.0,2,0.0971581935883,-2,94.0,1,9,2.86539633251,-4.45864372401,5.3,3.0,5.0,400.0,3.75
3.1,0.0,2,400.0,22.0,1,0.0971958637238,0,94.0,1,1,1.49318255126,5.08531276016,5.3,3.0,5.0,400.0,3.75
3.1,0.0,2,400.0,22.0,0,0.0970540046692,2,94.0,1,16,-5.24605364197,-0.754268642848,5.3,3.0,5.0,400.0,3.75
3.1,0.0,2,400.0,22.0,-1,0.0972099304199,-1,94.0,1,0,0.0,5.3,5.3,3.0,5.0,400.0,3.75
3.1,0.0,2,400.0,22.0,0,0.0970048904419,0,94.0,1,19,-4.00547274408,3.47076188991,5.3,3.0,5.0,400.0,3.75
3.1,0.0,2,400.0,22.0,1,0.0972898006439,-1,94.0,1,21,-1.49318255126,5.08531276016,5.3,3.0,5.0,400.0,3.75
3.1,0.0,1,400.0,22.0,1,0.0970330238342,2,94.0,1,1,1.49318255126,5.08531276016,5.3,3.0,5.0,400.0,3.75
3.1,0.0,1,400.0,22.0,-2,0.0970208644867,0,94.0,2,13,-2.86539633251,-4.45864372401,5.3,3.0,5.0,400.0,3.75
3.1,0.0,1,400.0,22.0,-1,0.097204208374,1,94.0,2,20,-2.86539633251,4.45864372401,5.3,3.0,5.0,400.0,3.75
3.1,0.0,2,400.0,22.0,0,0.0972008705139,-1,94.0,1,18,-4.82104957538,2.20169956891,5.3,3.0,5.0,400.0,3.75
3.1,0.0,2,400.0,22.0,0,0.0970299243927,0,94.0,1,18,-4.82104957538,2.20169956891,5.3,3.0,5.0,400.0,3.75
3.1,0.0,2,400.0,22.0,1,0.0970499515533,-2,94.0,1,13,-2.86539633251,-4.45864372401,5.3,3.0,5.0,400.0,3.75
3.1,0.0,2,400.0,22.0,1,0.0970330238342,-2,94.0,1,20,-2.86539633251,4.45864372401,5.3,3.0,5.0,400.0,3.75
3.1,0.0,2,400.0,22.0,0,0.0971870422363,0,94.0,1,1,1.49318255126,5.08531276016,5.3,3.0,5.0,400.0,3.75
3.1,0.0,2,400.0,22.0,2,0.0972030162811,1,94.0,1,11,6.49041367526e-16,-5.3,5.3,3.0,5.0,400.0,3.75
3.1,0.0,2,400.0,22.0,2,0.0971829891205,-2,94.0,2,12,-1.49318255126,-5.08531276016,5.3,3.0,5.0,400.0,3.75
3.1,0.0,2,400.0,22.0,0,0.0972280502319,-1,94.0,1,17,-5.24605364197,0.754268642848,5.3,3.0,5.0,400.0,3.75
3.1,0.0,2,400.0,22.0,-1,0.0972371101379,1,94.0,1,12,-1.49318255126,-5.08531276016,5.3,3.0,5.0,400.0,3.75
3.1,0.0,1,400.0,22.0,1,0.0971779823303,0,94.0,2,19,-4.00547274408,3.47076188991,5.3,3.0,5.0,400.0,3.75
3.1,0.0,1,400.0,22.0,2,0.097195148468,2,94.0,1,7,4.82104957538,-2.20169956891,5.3,3.0,5.0,400.0,3.75
3.1,0.0,1,400.0,22.0,0,0.0972008705139,-1,94.0,2,1,1.49318255126,5.08531276016,5.3,3.0,5.0,400.0,3.75
3.1,0.0,1,400.0,22.0,-2,0.0971858501434,-2,94.0,2,10,1.49318255126,-5.08531276016,5.3,3.0,5.0,400.0,3.75
3.1,0.0,2,400.0,22.0,0,0.0971879959106,2,94.0,1,17,-5.24605364197,0.754268642848,5.3,3.0,5.0,400.0,3.75
3.1,0.0,2,400.0,22.0,-2,0.0971992015839,0,94.0,1,16,-5.24605364197,-0.754268642848,5.3,3.0,5.0,400.0,3.75
3.1,0.0,2,400.0,22.0,0,0.0972559452057,0,94.0,1,6,5.24605364197,-0.754268642848,5.3,3.0,5.0,400.0,3.75
3.1,0.0,2,400.0,22.0,-1,0.0972189903259,-2,94.0,1,16,-5.24605364197,-0.754268642848,5.3,3.0,5.0,400.0,3.75
3.1,0.0,2,400.0,22.0,0,0.0971848964691,0,94.0,1,20,-2.86539633251,4.45864372401,5.3,3.0,5.0,400.0,3.75
3.1,0.0,1,400.0,22.0,2,0.0972039699554,0,94.0,1,1,1.49318255126,5.08531276016,5.3,3.0,5.0,400.0,3.75
3.1,0.0,2,400.0,22.0,0,0.0972011089325,2,94.0,2,3,4.00547274408,3.47076188991,5.3,3.0,5.0,400.0,3.75
3.1,0.0,2,400.0,22.0,1,0.0971801280975,-1,94.0,1,15,-4.82104957538,-2.20169956891,5.3,3.0,5.0,400.0,3.75
3.1,0.0,2,400.0,22.0,-1,0.0971899032593,0,94.0,1,4,4.82104957538,2.20169956891,5.3,3.0,5.0,400.0,3.75
3.1,0.0,1,400.0,22.0,1,0.0970859527588,-1,94.0,1,13,-2.86539633251,-4.45864372401,5.3,3.0,5.0,400.0,3.75
3.1,0.0,2,400.0,22.0,0,0.097177028656,0,94.0,1,6,5.24605364197,-0.754268642848,5.3,3.0,5.0,400.0,3.75
3.1,0.0,2,400.0,22.0,-2,0.097198009491,2,94.0,1,19,-4.00547274408,3.47076188991,5.3,3.0,5.0,400.0,3.75
3.1,0.0,1,400.0,22.0,0,0.0970380306244,1,94.0,1,18,-4.82104957538,2.20169956891,5.3,3.0,5.0,400.0,3.75
3.1,0.0,2,400.0,22.0,-1,0.0972249507904,1,94.0,2,10,1.49318255126,-5.08531276016,5.3,3.0,5.0,400.0,3.75
3.1,0.0,2,400.0,22.0,1,0.0972259044647,0,94.0,1,17,-5.24605364197,0.754268642848,5.3,3.0,5.0,400.0,3.75
3.1,0.0,1,400.0,22.0,-2,0.0972189903259,1,94.0,2,11,6.49041367526e-16,-5.3,5.3,3.0,5.0,400.0,3.75
3.1,0.0,1,400.0,22.0,2,0.0971930027008,-2,94.0,1,14,-4.00547274408,-3.47076188991,5.3,3.0,5.0,400.0,3.75
3.1,0.0,2,400.0,22.0,0,0.0970330238342,0,94.0,1,11,6.49041367526e-16,-5.3,5.3,3.0,5.0,400.0,3.75
3.1,0.0,1,400.0,22.0,0,0.0970649719238,0,94.0,2,6,5.24605364197,-0.754268642848,5.3,3.0,5.0,400.0,3.75
3.1,0.0,1,400.0,22.0,0,0.0972261428833,2,94.0,2,1,1.49318255126,5.08531276016,5.3,3.0,5.0,400.0,3.75
3.1,0.0,2,400.0,22.0,1,0.0970211029053,0,94.0,2,0,0.0,5.3,5.3,3.0,5.0,400.0,3.75
3.1,0.0,1,400.0,22.0,-1,0.0972349643707,0,94.0,1,2,2.86539633251,4.45864372401,5.3,3.0,5.0,400.0,3.75
3.1,0.0,2,400.0,22.0,0,0.0971901416779,-2,94.0,1,10,1.49318255126,-5.08531276016,5.3,3.0,5.0,400.0,3.75
3.1,0.0,1,400.0,22.0,2,0.0972509384155,1,94.0,1,17,-5.24605364197,0.754268642848,5.3,3.0,5.0,400.0,3.75
3.1,0.0,2,400.0,22.0,1,0.097204208374,-1,94.0,1,4,4.82104957538,2.20169956891,5.3,3.0,5.0,400.0,3.75
3.1,0.0,2,400.0,22.0,-1,0.0972111225128,-2,94.0,1,9,2.86539633251,-4.45864372401,5.3,3.0,5.0,400.0,3.75
3.1,0.0,2,400.0,22.0,-1,0.0972211360931,-2,94.0,2,4,4.82104957538,2.20169956891,5.3,3.0,5.0,400.0,3.75
3.1,0.0,2,400.0,22.0,0,0.0970740318298,-2,94.0,1,17,-5.24605364197,0.754268642848,5.3,3.0,5.0,400.0,3.75
3.1,0.0,1,400.0,22.0,2,0.097198009491,0,94.0,2,18,-4.82104957538,2.20169956891,5.3,3.0,5.0,400.0,3.75
3.1,0.0,1,400.0,22.0,-2,0.0972280502319,1,94.0,1,6,5.24605364197,-0.754268642848,5.3,3.0,5.0,400.0,3.75
3.1,0.0,1,400.0,22.0,-2,0.0970780849457,-1,94.0,2,4,4.82104957538,2.20169956891,5.3,3.0,5.0,400.0,3.75
3.1,0.0,1,400.0,22.0,2,0.0972118377686,0,94.0,1,17,-5.24605364197,0.754268642848,5.3,3.0,5.0,400.0,3.75
3.1,0.0,1,400.0,22.0,2,0.0972001552582,-2,94.0,2,15,-4.82104957538,-2.20169956891,5.3,3.0,5.0,400.0,3.75
3.1,0.0,1,400.0,22.0,0,0.0972158908844,0,94.0,2,9,2.86539633251,-4.45864372401,5.3,3.0,5.0,400.0,3.75
3.1,0.0,2,400.0,22.0,1,0.0972340106964,-2,94.0,2,9,2.86539633251,-4.45864372401,5.3,3.0,5.0,400.0,3.75
3.1,0.0,2,400.0,22.0,2,0.0973508358002,2,94.0,1,12,-1.49318255126,-5.08531276016,5.3,3.0,5.0,400.0,3.75
3.1,0.0,2,400.0,22.0,0,0.0972340106964,1,94.0,1,2,2.86539633251,4.45864372401,5.3,3.0,5.0,400.0,3.75
3.1,0.0,1,400.0,22.0,-1,0.0972051620483,1,94.0,2,3,4.00547274408,3.47076188991,5.3,3.0,5.0,400.0,3.75
3.1,0.0,1,400.0,22.0,-2,0.0970449447632,-1,94.0,2,19,-4.00547274408,3.47076188991,5.3,3.0,5.0,400.0,3.75
3.1,0.0,2,400.0,22.0,0,0.097060918808,0,94.0,1,20,-2.86539633251,4.45864372401,5.3,3.0,5.0,400.0,3.75
3.1,0.0,2,400.0,22.0,2,0.0970380306244,1,94.0,1,12,-1.49318255126,-5.08531276016,5.3,3.0,5.0,400.0,3.75
3.1,0.0,1,400.0,22.0,1,0.0970530509949,-1,94.0,2,21,-1.49318255126,5.08531276016,5.3,3.0,5.0,400.0,3.75
3.1,0.0,1,400.0,22.0,1,0.0970449447632,0,94.0,2,4,4.82104957538,2.20169956891,5.3,3.0,5.0,400.0,3.75
3.1,0.0,1,400.0,22.0,2,0.0971910953522,1,94.0,2,7,4.82104957538,-2.20169956891,5.3,3.0,5.0,400.0,3.75
3.1,0.0,2,400.0,22.0,-1,0.0972380638123,1,94.0,2,10,1.49318255126,-5.08531276016,5.3,3.0,5.0,400.0,3.75
3.1,0.0,2,400.0,22.0,0,0.0972259044647,-2,94.0,2,15,-4.82104957538,-2.20169956891,5.3,3.0,5.0,400.0,3.75
3.1,0.0,2,400.0,22.0,-2,0.0971968173981,-1,94.0,2,17,-5.24605364197,0.754268642848,5.3,3.0,5.0,400.0,3.75
3.1,0.0,1,400.0,22.0,1,0.0972421169281,2,94.0,2,20,-2.86539633251,4.45864372401,5.3,3.0,5.0,400.0,3.75
3.1,0.0,2,400.0,22.0,2,0.0972080230713,0,94.0,1,0,0.0,5.3,5.3,3.0,5.0,400.0,3.75
3.1,0.0,2,400.0,22.0,2,0.0972361564636,-1,94.0,1,5,5.24605364197,0.754268642848,5.3,3.0,5.0,400.0,3.75
3.1,0.0,2,400.0,22.0,-2,0.0970468521118,-1,94.0,2,20,-2.86539633251,4.45864372401,5.3,3.0,5.0,400.0,3.75
3.1,0.0,1,400.0,22.0,-2,0.0971851348877,0,94.0,2,8,4.00547274408,-3.47076188991,5.3,3.0,5.0,400.0,3.75
3.1,0.0,1,400.0,22.0,2,0.0972239971161,0,94.0,2,4,4.82104957538,2.20169956891,5.3,3.0,5.0,400.0,3.75
3.1,0.0,1,400.0,22.0,-2,0.0970499515533,-1,94.0,1,4,4.82104957538,2.20169956891,5.3,3.0,5.0,400.0,3.75
3.1,0.0,1,400.0,22.0,0,0.0973210334778,-1,94.0,2,11,6.49041367526e-16,-5.3,5.3,3.0,5.0,400.0,3.75
3.1,0.0,1,400.0,22.0,2,0.0972130298615,2,94.0,2,20,-2.86539633251,4.45864372401,5.3,3.0,5.0,400.0,3.75
3.1,0.0,1,400.0,22.0,1,0.0971879959106,0,94.0,2,20,-2.86539633251,4.45864372401,5.3,3.0,5.0,400.0,3.75
3.1,0.0,1,400.0,22.0,0,0.0972089767456,1,94.0,2,17,-5.24605364197,0.754268642848,5.3,3.0,5.0,400.0,3.75
3.1,0.0,1,400.0,22.0,2,0.0972030162811,1,94.0,1,9,2.86539633251,-4.45864372401,5.3,3.0,5.0,400.0,3.75
3.1,0.0,2,400.0,22.0,1,0.097188949585,1,94.0,1,1,1.49318255126,5.08531276016,5.3,3.0,5.0,400.0,3.75
3.1,0.0,1,400.0,22.0,2,0.0972208976746,-2,94.0,1,14,-4.00547274408,-3.47076188991,5.3,3.0,5.0,400.0,3.75
3.1,0.0,2,400.0,22.0,2,0.0970659255981,1,94.0,2,18,-4.82104957538,2.20169956891,5.3,3.0,5.0,400.0,3.75
3.1,0.0,1,400.0,22.0,-1,0.0972020626068,-2,94.0,1,2,2.86539633251,4.45864372401,5.3,3.0,5.0,400.0,3.75
3.1,0.0,2,400.0,22.0,-2,0.0970981121063,2,94.0,1,3,4.00547274408,3.47076188991,5.3,3.0,5.0,400.0,3.75
3.1,0.0,1,400.0,22.0,1,0.0970501899719,1,94.0,2,10,1.49318255126,-5.08531276016,5.3,3.0,5.0,400.0,3.75
3.1,0.0,1,400.0,22.0,-1,0.097069978714,2,94.0,2,1,1.49318255126,5.08531276016,5.3,3.0,5.0,400.0,3.75
3.1,0.0,2,400.0,22.0,1,0.0970768928528,2,94.0,2,13,-2.86539633251,-4.45864372401,5.3,3.0,5.0,400.0,3.75
3.1,0.0,1,400.0,22.0,-2,0.0972130298615,0,94.0,2,20,-2.86539633251,4.45864372401,5.3,3.0,5.0,400.0,3.75
3.1,0.0,2,400.0,22.0,1,0.0971739292145,1,94.0,1,0,0.0,5.3,5.3,3.0,5.0,400.0,3.75
3.1,0.0,2,400.0,22.0,0,0.0971899032593,1,94.0,2,19,-4.00547274408,3.47076188991,5.3,3.0,5.0,400.0,3.75
3.1,0.0,2,400.0,22.0,1,0.0972008705139,0,94.0,1,16,-5.24605364197,-0.754268642848,5.3,3.0,5.0,400.0,3.75
3.1,0.0,2,400.0,22.0,2,0.0971939563751,-2,94.0,1,19,-4.00547274408,3.47076188991,5.3,3.0,5.0,400.0,3.75
3.1,0.0,1,400.0,22.0,0,0.0971958637238,2,94.0,2,6,5.24605364197,-0.754268642848,5.3,3.0,5.0,400.0,3.75
3.1,0.0,1,400.0,22.0,-1,0.0972390174866,1,94.0,1,9,2.86539633251,-4.45864372401,5.3,3.0,5.0,400.0,3.75
3.1,0.0,1,400.0,22.0,0,0.0970709323883,-2,94.0,1,1,1.49318255126,5.08531276016,5.3,3.0,5.0,400.0,3.75
3.1,0.0,1,400.0,22.0,-2,0.0972001552582,0,94.0,1,15,-4.82104957538,-2.20169956891,5.3,3.0,5.0,400.0,3.75
3.1,0.0,1,400.0,22.0,1,0.0972299575806,2,94.0,1,6,5.24605364197,-0.754268642848,5.3,3.0,5.0,400.0,3.75
3.1,0.0,2,400.0,22.0,-1,0.0971920490265,0,94.0,1,7,4.82104957538,-2.20169956891,5.3,3.0,5.0,400.0,3.75
3.1,0.0,2,400.0,22.0,1,0.0972201824188,-2,94.0,1,5,5.24605364197,0.754268642848,5.3,3.0,5.0,400.0,3.75
3.1,0.0,2,400.0,22.0,-1,0.0972261428833,-1,94.0,1,19,-4.00547274408,3.47076188991,5.3,3.0,5.0,400.0,3.75
3.1,0.0,1,400.0,22.0,-1,0.0972371101379,1,94.0,2,9,2.86539633251,-4.45864372401,5.3,3.0,5.0,400.0,3.75
3.1,0.0,2,400.0,22.0,-1,0.0972199440002,1,94.0,1,7,4.82104957538,-2.20169956891,5.3,3.0,5.0,400.0,3.75
3.1,0.0,2,400.0,22.0,-1,0.0971851348877,0,94.0,1,21,-1.49318255126,5.08531276016,5.3,3.0,5.0,400.0,3.75
3.1,0.0,1,400.0,22.0,2,0.0970611572266,2,94.0,2,5,5.24605364197,0.754268642848,5.3,3.0,5.0,400.0,3.75
3.1,0.0,2,400.0,22.0,-1,0.0972979068756,2,94.0,1,4,4.82104957538,2.20169956891,5.3,3.0,5.0,400.0,3.75
3.1,0.0,2,400.0,22.0,0,0.0971930027008,1,94.0,1,19,-4.00547274408,3.47076188991,5.3,3.0,5.0,400.0,3.75
3.1,0.0,2,400.0,22.0,-1,0.097195148468,1,94.0,2,8,4.00547274408,-3.47076188991,5.3,3.0,5.0,400.0,3.75
3.1,0.0,1,400.0,22.0,1,0.097156047821,2,94.0,2,11,6.49041367526e-16,-5.3,5.3,3.0,5.0,400.0,3.75
3.1,0.0,1,400.0,22.0,-1,0.0971970558167,-2,94.0,2,2,2.86539633251,4.45864372401,5.3,3.0,5.0,400.0,3.75
3.1,0.0,2,400.0,22.0,0,0.0971879959106,2,94.0,1,6,5.24605364197,-0.754268642848,5.3,3.0,5.0,400.0,3.75
3.1,0.0,2,400.0,22.0,2,0.0971939563751,-2,94.0,1,1,1.49318255126,5.08531276016,5.3,3.0,5.0,400.0,3.75
3.1,0.0,2,400.0,22.0,0,0.0972008705139,-2,94.0,2,3,4.00547274408,3.47076188991,5.3,3.0,5.0,400.0,3.75
3.1,0.0,1,400.0,22.0,2,0.0971970558167,-1,94.0,1,2,2.86539633251,4.45864372401,5.3,3.0,5.0,400.0,3.75
3.1,0.0,1,400.0,22.0,-1,0.0972189903259,1,94.0,1,16,-5.24605364197,-0.754268642848,5.3,3.0,5.0,400.0,3.75
3.1,0.0,2,400.0,22.0,1,0.0972330570221,-2,94.0,2,9,2.86539633251,-4.45864372401,5.3,3.0,5.0,400.0,3.75
3.1,0.0,1,400.0,22.0,-1,0.0971660614014,2,94.0,1,0,0.0,5.3,5.3,3.0,5.0,400.0,3.75
3.1,0.0,2,400.0,22.0,-2,0.0971829891205,-2,94.0,1,4,4.82104957538,2.20169956891,5.3,3.0,5.0,400.0,3.75
3.1,0.0,1,400.0,22.0,-1,0.0972170829773,1,94.0,1,9,2.86539633251,-4.45864372401,5.3,3.0,5.0,400.0,3.75
3.1,0.0,2,400.0,22.0,0,0.0972080230713,1,94.0,2,16,-5.24605364197,-0.754268642848,5.3,3.0,5.0,400.0,3.75
3.1,0.0,2,400.0,22.0,0,0.0972130298615,0,94.0,1,7,4.82104957538,-2.20169956891,5.3,3.0,5.0,400.0,3.75
3.1,0.0,1,400.0,22.0,0,0.0970280170441,-1,94.0,1,15,-4.82104957538,-2.20169956891,5.3,3.0,5.0,400.0,3.75
3.1,0.0,2,400.0,22.0,0,0.0972061157227,0,94.0,1,19,-4.00547274408,3.47076188991,5.3,3.0,5.0,400.0,3.75
3.1,0.0,1,400.0,22.0,-2,0.0971591472626,-2,94.0,1,13,-2.86539633251,-4.45864372401,5.3,3.0,5.0,400.0,3.75
3.1,0.0,1,400.0,22.0,0,0.0970199108124,-2,94.0,2,2,2.86539633251,4.45864372401,5.3,3.0,5.0,400.0,3.75
3.1,0.0,2,400.0,22.0,1,0.0972011089325,2,94.0,2,20,-2.86539633251,4.45864372401,5.3,3.0,5.0,400.0,3.75
3.1,0.0,2,400.0,22.0,-1,0.0972051620483,-2,94.0,1,14,-4.00547274408,-3.47076188991,5.3,3.0,5.0,400.0,3.75
3.1,0.0,2,400.0,22.0,-1,0.0972099304199,1,94.0,2,3,4.00547274408,3.47076188991,5.3,3.0,5.0,400.0,3.75
3.1,0.0,2,400.0,22.0,1,0.0970540046692,-1,94.0,2,9,2.86539633251,-4.45864372401,5.3,3.0,5.0,400.0,3.75
3.1,0.0,2,400.0,22.0,2,0.0971698760986,1,94.0,2,17,-5.24605364197,0.754268642848,5.3,3.0,5.0,400.0,3.75
3.1,0.0,2,400.0,22.0,-1,0.0972020626068,-2,94.0,2,19,-4.00547274408,3.47076188991,5.3,3.0,5.0,400.0,3.75
3.1,0.0,1,400.0,22.0,-1,0.0972299575806,0,94.0,2,21,-1.49318255126,5.08531276016,5.3,3.0,5.0,400.0,3.75
3.1,0.0,1,400.0,22.0,1,0.0972099304199,0,94.0,1,13,-2.86539633251,-4.45864372401,5.3,3.0,5.0,400.0,3.75
3.1,0.0,2,400.0,22.0,0,0.0971109867096,1,94.0,1,13,-2.86539633251,-4.45864372401,5.3,3.0,5.0,400.0,3.75
3.1,0.0,2,400.0,22.0,0,0.097216129303,-2,94.0,2,14,-4.00547274408,-3.47076188991,5.3,3.0,5.0,400.0,3.75
3.1,0.0,2,400.0,22.0,0,0.0972220897675,1,94.0,2,10,1.49318255126,-5.08531276016,5.3,3.0,5.0,400.0,3.75
3.1,0.0,2,400.0,22.0,-2,0.0972309112549,1,94.0,1,0,0.0,5.3,5.3,3.0,5.0,400.0,3.75
3.1,0.0,2,400.0,22.0,1,0.0970590114594,-2,94.0,2,0,0.0,5.3,5.3,3.0,5.0,400.0,3.75
3.1,0.0,2,400.0,22.0,-1,0.0970509052277,2,94.0,2,12,-1.49318255126,-5.08531276016,5.3,3.0,5.0,400.0,3.75
3.1,0.0,2,400.0,22.0,-1,0.0970768928528,-1,94.0,1,12,-1.49318255126,-5.08531276016,5.3,3.0,5.0,400.0,3.75
3.1,0.0,1,400.0,22.0,-1,0.0971879959106,-2,94.0,2,2,2.86539633251,4.45864372401,5.3,3.0,5.0,400.0,3.75
3.1,0.0,1,400.0,22.0,1,0.0972080230713,2,94.0,2,19,-4.00547274408,3.47076188991,5.3,3.0,5.0,400.0,3.75
3.1,0.0,1,400.0,22.0,1,0.0972638130188,1,94.0,2,15,-4.82104957538,-2.20169956891,5.3,3.0,5.0,400.0,3.75
3.1,0.0,2,400.0,22.0,2,0.0971739292145,1,94.0,1,1,1.49318255126,5.08531276016,5.3,3.0,5.0,400.0,3.75
3.1,0.0,2,400.0,22.0,2,0.0972599983215,0,94.0,2,12,-1.49318255126,-5.08531276016,5.3,3.0,5.0,400.0,3.75
3.1,0.0,1,400.0,22.0,0,0.0972130298615,1,94.0,1,20,-2.86539633251,4.45864372401,5.3,3.0,5.0,400.0,3.75
3.1,0.0,1,400.0,22.0,1,0.0971820354462,-1,94.0,1,12,-1.49318255126,-5.08531276016,5.3,3.0,5.0,400.0,3.75
3.1,0.0,2,400.0,22.0,1,0.0973060131073,2,94.0,1,6,5.24605364197,-0.754268642848,5.3,3.0,5.0,400.0,3.75
3.1,0.0,2,400.0,22.0,2,0.0972340106964,1,94.0,1,17,-5.24605364197,0.754268642848,5.3,3.0,5.0,400.0,3.75
3.1,0.0,2,400.0,22.0,-2,0.0972180366516,-2,94.0,1,2,2.86539633251,4.45864372401,5.3,3.0,5.0,400.0,3.75
3.1,0.0,1,400.0,22.0,0,0.0972089767456,1,94.0,2,7,4.82104957538,-2.20169956891,5.3,3.0,5.0,400.0,3.75
3.1,0.0,2,400.0,22.0,-1,0.0972080230713,2,94.0,2,20,-2.86539633251,4.45864372401,5.3,3.0,5.0,400.0,3.75
3.1,0.0,1,400.0,22.0,2,0.0971760749817,-2,94.0,1,15,-4.82104957538,-2.20169956891,5.3,3.0,5.0,400.0,3.75
3.1,0.0,1,400.0,22.0,1,0.0972270965576,0,94.0,1,19,-4.00547274408,3.47076188991,5.3,3.0,5.0,400.0,3.75
3.1,0.0,1,400.0,22.0,-2,0.0971920490265,-2,94.0,2,8,4.00547274408,-3.47076188991,5.3,3.0,5.0,400.0,3.75
3.1,0.0,2,400.0,22.0,-1,0.0971839427948,-2,94.0,2,17,-5.24605364197,0.754268642848,5.3,3.0,5.0,400.0,3.75
3.1,0.0,1,400.0,22.0,-2,0.0972290039062,-1,94.0,1,0,0.0,5.3,5.3,3.0,5.0,400.0,3.75
3.1,0.0,1,400.0,22.0,0,0.097188949585,0,94.0,1,2,2.86539633251,4.45864372401,5.3,3.0,5.0,400.0,3.75
3.1,0.0,1,400.0,22.0,-1,0.0970141887665,-1,94.0,2,10,1.49318255126,-5.08531276016,5.3,3.0,5.0,400.0,3.75
3.1,0.0,2,400.0,22.0,2,0.0972399711609,2,94.0,1,16,-5.24605364197,-0.754268642848,5.3,3.0,5.0,400.0,3.75
3.1,0.0,1,400.0,22.0,0,0.0971639156342,2,94.0,1,13,-2.86539633251,-4.45864372401,5.3,3.0,5.0,400.0,3.75
3.1,0.0,1,400.0,22.0,-2,0.0972049236298,1,94.0,1,14,-4.00547274408,-3.47076188991,5.3,3.0,5.0,400.0,3.75
3.1,0.0,1,400.0,22.0,0,0.097198009491,2,94.0,1,19,-4.00547274408,3.47076188991,5.3,3.0,5.0,400.0,3.75
3.1,0.0,1,400.0,22.0,-1,0.0972528457642,2,94.0,2,10,1.49318255126,-5.08531276016,5.3,3.0,5.0,400.0,3.75
3.1,0.0,2,400.0,22.0,1,0.0972139835358,-1,94.0,2,1,1.49318255126,5.08531276016,5.3,3.0,5.0,400.0,3.75
3.1,0.0,2,400.0,22.0,0,0.0972340106964,0,94.0,1,14,-4.00547274408,-3.47076188991,5.3,3.0,5.0,400.0,3.75
3.1,0.0,2,400.0,22.0,-1,0.0971968173981,-1,94.0,1,16,-5.24605364197,-0.754268642848,5.3,3.0,5.0,400.0,3.75
3.1,0.0,2,400.0,22.0,0,0.0973091125488,-2,94.0,2,6,5.24605364197,-0.754268642848,5.3,3.0,5.0,400.0,3.75
3.1,0.0,1,400.0,22.0,-1,0.0972270965576,-2,94.0,2,6,5.24605364197,-0.754268642848,5.3,3.0,5.0,400.0,3.75
3.1,0.0,1,400.0,22.0,-1,0.097217798233,1,94.0,1,12,-1.49318255126,-5.08531276016,5.3,3.0,5.0,400.0,3.75
3.1,0.0,2,400.0,22.0,0,0.0972058773041,-1,94.0,2,11,6.49041367526e-16,-5.3,5.3,3.0,5.0,400.0,3.75
3.1,0.0,2,400.0,22.0,-1,0.0972149372101,2,94.0,1,13,-2.86539633251,-4.45864372401,5.3,3.0,5.0,400.0,3.75
3.1,0.0,1,400.0,22.0,0,0.0972130298615,1,94.0,1,8,4.00547274408,-3.47076188991,5.3,3.0,5.0,400.0,3.75
3.1,0.0,2,400.0,22.0,-2,0.0970509052277,1,94.0,2,9,2.86539633251,-4.45864372401,5.3,3.0,5.0,400.0,3.75
3.1,0.0,1,400.0,22.0,-1,0.0971779823303,2,94.0,1,14,-4.00547274408,-3.47076188991,5.3,3.0,5.0,400.0,3.75
3.1,0.0,2,400.0,22.0,-2,0.0972208976746,0,94.0,2,20,-2.86539633251,4.45864372401,5.3,3.0,5.0,400.0,3.75
3.1,0.0,1,400.0,22.0,1,0.0972030162811,2,94.0,1,5,5.24605364197,0.754268642848,5.3,3.0,5.0,400.0,3.75
3.1,0.0,2,400.0,22.0,0,0.0972039699554,1,94.0,1,1,1.49318255126,5.08531276016,5.3,3.0,5.0,400.0,3.75
3.1,0.0,1,400.0,22.0,2,0.0971920490265,-1,94.0,1,6,5.24605364197,-0.754268642848,5.3,3.0,5.0,400.0,3.75
3.1,0.0,2,400.0,22.0,1,0.0970687866211,0,94.0,1,17,-5.24605364197,0.754268642848,5.3,3.0,5.0,400.0,3.75
3.1,0.0,1,400.0,22.0,1,0.0972001552582,0,94.0,1,5,5.24605364197,0.754268642848,5.3,3.0,5.0,400.0,3.75
3.1,0.0,1,400.0,22.0,-1,0.0971968173981,-2,94.0,1,2,2.86539633251,4.45864372401,5.3,3.0,5.0,400.0,3.75
3.1,0.0,1,400.0,22.0,0,0.0972061157227,0,94.0,2,14,-4.00547274408,-3.47076188991,5.3,3.0,5.0,400.0,3.75
3.1,0.0,1,400.0,22.0,2,0.0970740318298,-2,94.0,1,6,5.24605364197,-0.754268642848,5.3,3.0,5.0,400.0,3.75
3.1,0.0,2,400.0,22.0,1,0.0972230434418,0,94.0,1,16,-5.24605364197,-0.754268642848,5.3,3.0,5.0,400.0,3.75
3.1,0.0,2,400.0,22.0,-2,0.0972249507904,0,94.0,1,10,1.49318255126,-5.08531276016,5.3,3.0,5.0,400.0,3.75
3.1,0.0,1,400.0,22.0,2,0.0971958637238,-1,94.0,1,19,-4.00547274408,3.47076188991,5.3,3.0,5.0,400.0,3.75
3.1,0.0,1,400.0,22.0,1,0.0972168445587,-1,94.0,2,8,4.00547274408,-3.47076188991,5.3,3.0,5.0,400.0,3.75
3.1,0.0,1,400.0,22.0,-1,0.0972030162811,0,94.0,2,13,-2.86539633251,-4.45864372401,5.3,3.0,5.0,400.0,3.75
3.1,0.0,1,400.0,22.0,1,0.0970811843872,1,94.0,2,14,-4.00547274408,-3.47076188991,5.3,3.0,5.0,400.0,3.75
3.1,0.0,1,400.0,22.0,-2,0.0971789360046,0,94.0,1,1,1.49318255126,5.08531276016,5.3,3.0,5.0,400.0,3.75
3.1,0.0,2,400.0,22.0,-1,0.0972020626068,1,94.0,1,15,-4.82104957538,-2.20169956891,5.3,3.0,5.0,400.0,3.75
3.1,0.0,2,400.0,22.0,-1,0.0972049236298,1,94.0,1,5,5.24605364197,0.754268642848,5.3,3.0,5.0,400.0,3.75
3.1,0.0,2,400.0,22.0,1,0.0970759391785,-2,94.0,2,16,-5.24605364197,-0.754268642848,5.3,3.0,5.0,400.0,3.75
3.1,0.0,1,400.0,22.0,2,0.0970590114594,0,94.0,2,1,1.49318255126,5.08531276016,5.3,3.0,5.0,400.0,3.75
3.1,0.0,1,400.0,22.0,-1,0.097198009491,-2,94.0,1,10,1.49318255126,-5.08531276016,5.3,3.0,5.0,400.0,3.75
3.1,0.0,2,400.0,22.0,2,0.0970759391785,-1,94.0,2,2,2.86539633251,4.45864372401,5.3,3.0,5.0,400.0,3.75
3.1,0.0,2,400.0,22.0,-2,0.0973100662231,1,94.0,2,1,1.49318255126,5.08531276016,5.3,3.0,5.0,400.0,3.75
3.1,0.0,1,400.0,22.0,2,0.0972130298615,2,94.0,2,5,5.24605364197,0.754268642848,5.3,3.0,5.0,400.0,3.75
3.1,0.0,2,400.0,22.0,1,0.0972030162811,0,94.0,2,1,1.49318255126,5.08531276016,5.3,3.0,5.0,400.0,3.75
3.1,0.0,2,400.0,22.0,-1,0.0970711708069,2,94.0,2,4,4.82104957538,2.20169956891,5.3,3.0,5.0,400.0,3.75
3.1,0.0,2,400.0,22.0,2,0.0970389842987,-1,94.0,1,4,4.82104957538,2.20169956891,5.3,3.0,5.0,400.0,3.75
3.1,0.0,2,400.0,22.0,0,0.0970721244812,-1,94.0,2,9,2.86539633251,-4.45864372401,5.3,3.0,5.0,400.0,3.75
3.1,0.0,2,400.0,22.0,2,0.0972411632538,-2,94.0,2,7,4.82104957538,-2.20169956891,5.3,3.0,5.0,400.0,3.75
3.1,0.0,2,400.0,22.0,-2,0.0972180366516,1,94.0,1,10,1.49318255126,-5.08531276016,5.3,3.0,5.0,400.0,3.75
3.1,0.0,2,400.0,22.0,0,0.0970242023468,1,94.0,2,6,5.24605364197,-0.754268642848,5.3,3.0,5.0,400.0,3.75
3.1,0.0,2,400.0,22.0,-1,0.0971789360046,-2,94.0,2,12,-1.49318255126,-5.08531276016,5.3,3.0,5.0,400.0,3.75
3.1,0.0,1,400.0,22.0,-1,0.0971760749817,-1,94.0,2,19,-4.00547274408,3.47076188991,5.3,3.0,5.0,400.0,3.75
3.1,0.0,1,400.0,22.0,-1,0.097235918045,0,94.0,1,3,4.00547274408,3.47076188991,5.3,3.0,5.0,400.0,3.75
3.1,0.0,2,400.0,22.0,1,0.0971910953522,-1,94.0,1,12,-1.49318255126,-5.08531276016,5.3,3.0,5.0,400.0,3.75
3.1,0.0,1,400.0,22.0,1,0.0971989631653,2,94.0,2,2,2.86539633251,4.45864372401,5.3,3.0,5.0,400.0,3.75
3.1,0.0,1,400.0,22.0,0,0.0972402095795,0,94.0,1,1,1.49318255126,5.08531276016,5.3,3.0,5.0,400.0,3.75
3.1,0.0,2,400.0,22.0,0,0.0971958637238,1,94.0,1,11,6.49041367526e-16,-5.3,5.3,3.0,5.0,400.0,3.75
3.1,0.0,2,400.0,22.0,1,0.0971848964691,-2,94.0,2,10,1.49318255126,-5.08531276016,5.3,3.0,5.0,400.0,3.75
3.1,0.0,2,400.0,22.0,0,0.097188949585,0,94.0,1,5,5.24605364197,0.754268642848,5.3,3.0,5.0,400.0,3.75
3.1,0.0,2,400.0,22.0,-2,0.0972409248352,0,94.0,2,21,-1.49318255126,5.08531276016,5.3,3.0,5.0,400.0,3.75
3.1,0.0,2,400.0,22.0,1,0.0971961021423,2,94.0,1,6,5.24605364197,-0.754268642848,5.3,3.0,5.0,400.0,3.75
3.1,0.0,2,400.0,22.0,0,0.0972380638123,2,94.0,1,19,-4.00547274408,3.47076188991,5.3,3.0,5.0,400.0,3.75
3.1,0.0,2,400.0,22.0,2,0.0970749855042,-2,94.0,2,0,0.0,5.3,5.3,3.0,5.0,400.0,3.75
3.1,0.0,2,400.0,22.0,0,0.0972340106964,2,94.0,1,8,4.00547274408,-3.47076188991,5.3,3.0,5.0,400.0,3.75
3.1,0.0,1,400.0,22.0,2,0.0972390174866,0,94.0,1,15,-4.82104957538,-2.20169956891,5.3,3.0,5.0,400.0,3.75
