cue-length,ms-precue,resp-v-hv,ms-st-cue,nitems,resp-h-pos,actualStimOn,resp-v-pos,ms-stimon,resp-h-hv,cue-loc-int,cue-loc-x,cue-loc-y,radius,bars-or-spot,npractice,ntrials,offsett
3.1,0.0,2,400.0,22.0,1,0.100132226944,-2,94.0,2,19,-4.00547274408,3.47076188991,5.3,3.0,5.0,500.0,5
3.1,0.0,1,400.0,22.0,1,0.100107192993,2,94.0,1,21,-1.49318255126,5.08531276016,5.3,3.0,5.0,500.0,5
3.1,0.0,2,400.0,22.0,1,0.10039806366,2,94.0,2,18,-4.82104957538,2.20169956891,5.3,3.0,5.0,500.0,5
3.1,0.0,2,400.0,22.0,0,0.100091934204,0,94.0,1,17,-5.24605364197,0.754268642848,5.3,3.0,5.0,500.0,5
3.1,0.0,1,400.0,22.0,0,0.100131034851,2,94.0,1,3,4.00547274408,3.47076188991,5.3,3.0,5.0,500.0,5
3.1,0.0,1,400.0,22.0,2,0.100076198578,2,94.0,1,11,6.49041367526e-16,-5.3,5.3,3.0,5.0,500.0,5
3.1,0.0,1,400.0,22.0,1,0.100082874298,1,94.0,2,20,-2.86539633251,4.45864372401,5.3,3.0,5.0,500.0,5
3.1,0.0,2,400.0,22.0,-1,0.100136995316,-1,94.0,2,5,5.24605364197,0.754268642848,5.3,3.0,5.0,500.0,5
3.1,0.0,2,400.0,22.0,-1,0.100147008896,1,94.0,1,11,6.49041367526e-16,-5.3,5.3,3.0,5.0,500.0,5
3.1,0.0,1,400.0,22.0,2,0.10011100769,1,94.0,2,2,2.86539633251,4.45864372401,5.3,3.0,5.0,500.0,5
3.1,0.0,2,400.0,22.0,-1,0.100119113922,0,94.0,1,10,1.49318255126,-5.08531276016,5.3,3.0,5.0,500.0,5
3.1,0.0,1,400.0,22.0,0,0.100105047226,0,94.0,2,18,-4.82104957538,2.20169956891,5.3,3.0,5.0,500.0,5
3.1,0.0,2,400.0,22.0,0,0.100085020065,1,94.0,1,17,-5.24605364197,0.754268642848,5.3,3.0,5.0,500.0,5
3.1,0.0,2,400.0,22.0,0,0.100175857544,0,94.0,1,1,1.49318255126,5.08531276016,5.3,3.0,5.0,500.0,5
3.1,0.0,1,400.0,22.0,0,0.100201129913,0,94.0,1,9,2.86539633251,-4.45864372401,5.3,3.0,5.0,500.0,5
3.1,0.0,2,400.0,22.0,0,0.100145816803,0,94.0,1,16,-5.24605364197,-0.754268642848,5.3,3.0,5.0,500.0,5
3.1,0.0,2,400.0,22.0,0,0.100344896317,0,94.0,1,16,-5.24605364197,-0.754268642848,5.3,3.0,5.0,500.0,5
3.1,0.0,2,400.0,22.0,0,0.100143909454,0,94.0,1,5,5.24605364197,0.754268642848,5.3,3.0,5.0,500.0,5
3.1,0.0,2,400.0,22.0,1,0.100131988525,0,94.0,1,14,-4.00547274408,-3.47076188991,5.3,3.0,5.0,500.0,5
3.1,0.0,1,400.0,22.0,-1,0.100013971329,0,94.0,1,8,4.00547274408,-3.47076188991,5.3,3.0,5.0,500.0,5
3.1,0.0,1,400.0,22.0,0,0.10005402565,0,94.0,2,8,4.00547274408,-3.47076188991,5.3,3.0,5.0,500.0,5
3.1,0.0,2,400.0,22.0,0,0.100087165833,0,94.0,1,7,4.82104957538,-2.20169956891,5.3,3.0,5.0,500.0,5
3.1,0.0,2,400.0,22.0,-2,0.100162029266,-2,94.0,2,20,-2.86539633251,4.45864372401,5.3,3.0,5.0,500.0,5
3.1,0.0,2,400.0,22.0,1,0.100124120712,0,94.0,1,21,-1.49318255126,5.08531276016,5.3,3.0,5.0,500.0,5
3.1,0.0,2,400.0,22.0,-2,0.100105047226,0,94.0,2,7,4.82104957538,-2.20169956891,5.3,3.0,5.0,500.0,5
3.1,0.0,2,400.0,22.0,-1,0.100048065186,-1,94.0,2,19,-4.00547274408,3.47076188991,5.3,3.0,5.0,500.0,5
3.1,0.0,2,400.0,22.0,1,0.100133180618,1,94.0,2,20,-2.86539633251,4.45864372401,5.3,3.0,5.0,500.0,5
3.1,0.0,2,400.0,22.0,0,0.100130796432,1,94.0,1,7,4.82104957538,-2.20169956891,5.3,3.0,5.0,500.0,5
3.1,0.0,1,400.0,22.0,2,0.100229024887,2,94.0,1,3,4.00547274408,3.47076188991,5.3,3.0,5.0,500.0,5
3.1,0.0,2,400.0,22.0,0,0.100147008896,-1,94.0,1,6,5.24605364197,-0.754268642848,5.3,3.0,5.0,500.0,5
3.1,0.0,2,400.0,22.0,0,0.100133895874,0,94.0,1,4,4.82104957538,2.20169956891,5.3,3.0,5.0,500.0,5
3.1,0.0,1,400.0,22.0,0,0.100153923035,-2,94.0,1,21,-1.49318255126,5.08531276016,5.3,3.0,5.0,500.0,5
3.1,0.0,2,400.0,22.0,-1,0.100097894669,-2,94.0,1,19,-4.00547274408,3.47076188991,5.3,3.0,5.0,500.0,5
3.1,0.0,2,400.0,22.0,0,0.100054979324,0,94.0,1,8,4.00547274408,-3.47076188991,5.3,3.0,5.0,500.0,5
3.1,0.0,2,400.0,22.0,0,0.100098133087,0,94.0,1,19,-4.00547274408,3.47076188991,5.3,3.0,5.0,500.0,5
3.1,0.0,1,400.0,22.0,2,0.100126028061,2,94.0,1,3,4.00547274408,3.47076188991,5.3,3.0,5.0,500.0,5
3.1,0.0,1,400.0,22.0,0,0.100136995316,-2,94.0,1,6,5.24605364197,-0.754268642848,5.3,3.0,5.0,500.0,5
3.1,0.0,1,400.0,22.0,-1,0.100028991699,1,94.0,1,18,-4.82104957538,2.20169956891,5.3,3.0,5.0,500.0,5
3.1,0.0,2,400.0,22.0,1,0.100049972534,1,94.0,2,17,-5.24605364197,0.754268642848,5.3,3.0,5.0,500.0,5
3.1,0.0,1,400.0,22.0,1,0.100100040436,1,94.0,2,8,4.00547274408,-3.47076188991,5.3,3.0,5.0,500.0,5
3.1,0.0,2,400.0,22.0,-1,0.100142002106,0,94.0,1,11,6.49041367526e-16,-5.3,5.3,3.0,5.0,500.0,5
3.1,0.0,2,400.0,22.0,2,0.100117921829,-2,94.0,1,9,2.86539633251,-4.45864372401,5.3,3.0,5.0,500.0,5
3.1,0.0,1,400.0,22.0,2,0.1001329422,2,94.0,1,6,5.24605364197,-0.754268642848,5.3,3.0,5.0,500.0,5
3.1,0.0,1,400.0,22.0,0,0.100039958954,2,94.0,1,17,-5.24605364197,0.754268642848,5.3,3.0,5.0,500.0,5
3.1,0.0,2,400.0,22.0,0,0.100112915039,0,94.0,1,18,-4.82104957538,2.20169956891,5.3,3.0,5.0,500.0,5
3.1,0.0,2,400.0,22.0,0,0.100079059601,0,94.0,1,10,1.49318255126,-5.08531276016,5.3,3.0,5.0,500.0,5
3.1,0.0,2,400.0,22.0,0,0.100092887878,0,94.0,1,16,-5.24605364197,-0.754268642848,5.3,3.0,5.0,500.0,5
3.1,0.0,2,400.0,22.0,0,0.0999989509583,0,94.0,1,8,4.00547274408,-3.47076188991,5.3,3.0,5.0,500.0,5
3.1,0.0,1,400.0,22.0,-2,0.100084066391,-2,94.0,1,21,-1.49318255126,5.08531276016,5.3,3.0,5.0,500.0,5
3.1,0.0,2,400.0,22.0,-1,0.100119113922,-1,94.0,1,13,-2.86539633251,-4.45864372401,5.3,3.0,5.0,500.0,5
3.1,0.0,2,400.0,22.0,0,0.100100040436,0,94.0,1,4,4.82104957538,2.20169956891,5.3,3.0,5.0,500.0,5
3.1,0.0,2,400.0,22.0,0,0.100154161453,1,94.0,2,3,4.00547274408,3.47076188991,5.3,3.0,5.0,500.0,5
3.1,0.0,1,400.0,22.0,-2,0.100112915039,-1,94.0,1,3,4.00547274408,3.47076188991,5.3,3.0,5.0,500.0,5
3.1,0.0,1,400.0,22.0,0,0.100120067596,2,94.0,1,5,5.24605364197,0.754268642848,5.3,3.0,5.0,500.0,5
3.1,0.0,2,400.0,22.0,-2,0.100128173828,-2,94.0,1,11,6.49041367526e-16,-5.3,5.3,3.0,5.0,500.0,5
3.1,0.0,1,400.0,22.0,1,0.100126981735,2,94.0,1,2,2.86539633251,4.45864372401,5.3,3.0,5.0,500.0,5
3.1,0.0,2,400.0,22.0,2,0.100035905838,2,94.0,2,15,-4.82104957538,-2.20169956891,5.3,3.0,5.0,500.0,5
3.1,0.0,1,400.0,22.0,0,0.10002207756,0,94.0,1,2,2.86539633251,4.45864372401,5.3,3.0,5.0,500.0,5
3.1,0.0,1,400.0,22.0,-2,0.100121021271,0,94.0,2,7,4.82104957538,-2.20169956891,5.3,3.0,5.0,500.0,5
3.1,0.0,2,400.0,22.0,0,0.100091934204,0,94.0,1,10,1.49318255126,-5.08531276016,5.3,3.0,5.0,500.0,5
3.1,0.0,1,400.0,22.0,0,0.100126028061,2,94.0,1,20,-2.86539633251,4.45864372401,5.3,3.0,5.0,500.0,5
3.1,0.0,2,400.0,22.0,0,0.100080013275,0,94.0,2,18,-4.82104957538,2.20169956891,5.3,3.0,5.0,500.0,5
3.1,0.0,1,400.0,22.0,0,0.100107908249,0,94.0,1,18,-4.82104957538,2.20169956891,5.3,3.0,5.0,500.0,5
3.1,0.0,2,400.0,22.0,-1,0.100108861923,0,94.0,2,3,4.00547274408,3.47076188991,5.3,3.0,5.0,500.0,5
3.1,0.0,2,400.0,22.0,0,0.100119113922,1,94.0,2,19,-4.00547274408,3.47076188991,5.3,3.0,5.0,500.0,5
3.1,0.0,2,400.0,22.0,0,0.100138187408,0,94.0,1,4,4.82104957538,2.20169956891,5.3,3.0,5.0,500.0,5
3.1,0.0,1,400.0,22.0,2,0.100123882294,-1,94.0,1,16,-5.24605364197,-0.754268642848,5.3,3.0,5.0,500.0,5
3.1,0.0,2,400.0,22.0,0,0.100518941879,0,94.0,1,8,4.00547274408,-3.47076188991,5.3,3.0,5.0,500.0,5
3.1,0.0,1,400.0,22.0,0,0.100112915039,-1,94.0,1,4,4.82104957538,2.20169956891,5.3,3.0,5.0,500.0,5
3.1,0.0,1,400.0,22.0,-2,0.100114107132,-2,94.0,1,21,-1.49318255126,5.08531276016,5.3,3.0,5.0,500.0,5
3.1,0.0,2,400.0,22.0,1,0.100150108337,1,94.0,1,5,5.24605364197,0.754268642848,5.3,3.0,5.0,500.0,5
3.1,0.0,1,400.0,22.0,2,0.100214958191,2,94.0,1,9,2.86539633251,-4.45864372401,5.3,3.0,5.0,500.0,5
3.1,0.0,2,400.0,22.0,0,0.100180864334,0,94.0,1,7,4.82104957538,-2.20169956891,5.3,3.0,5.0,500.0,5
3.1,0.0,1,400.0,22.0,1,0.100190162659,2,94.0,2,15,-4.82104957538,-2.20169956891,5.3,3.0,5.0,500.0,5
3.1,0.0,2,400.0,22.0,0,0.100075006485,0,94.0,1,7,4.82104957538,-2.20169956891,5.3,3.0,5.0,500.0,5
3.1,0.0,2,400.0,22.0,0,0.100112199783,1,94.0,1,5,5.24605364197,0.754268642848,5.3,3.0,5.0,500.0,5
3.1,0.0,2,400.0,22.0,0,0.100143909454,-2,94.0,2,16,-5.24605364197,-0.754268642848,5.3,3.0,5.0,500.0,5
3.1,0.0,2,400.0,22.0,0,0.10008597374,0,94.0,1,3,4.00547274408,3.47076188991,5.3,3.0,5.0,500.0,5
3.1,0.0,2,400.0,22.0,-1,0.100126981735,-1,94.0,2,5,5.24605364197,0.754268642848,5.3,3.0,5.0,500.0,5
3.1,0.0,2,400.0,22.0,0,0.100172996521,-2,94.0,2,3,4.00547274408,3.47076188991,5.3,3.0,5.0,500.0,5
3.1,0.0,1,400.0,22.0,1,0.100143909454,-1,94.0,1,19,-4.00547274408,3.47076188991,5.3,3.0,5.0,500.0,5
3.1,0.0,1,400.0,22.0,-2,0.100129127502,-2,94.0,1,17,-5.24605364197,0.754268642848,5.3,3.0,5.0,500.0,5
3.1,0.0,2,400.0,22.0,-2,0.10015296936,0,94.0,1,7,4.82104957538,-2.20169956891,5.3,3.0,5.0,500.0,5
3.1,0.0,2,400.0,22.0,-2,0.100081920624,1,94.0,2,9,2.86539633251,-4.45864372401,5.3,3.0,5.0,500.0,5
3.1,0.0,2,400.0,22.0,0,0.100106954575,0,94.0,1,9,2.86539633251,-4.45864372401,5.3,3.0,5.0,500.0,5
3.1,0.0,1,400.0,22.0,1,0.100143194199,1,94.0,2,1,1.49318255126,5.08531276016,5.3,3.0,5.0,500.0,5
3.1,0.0,2,400.0,22.0,-1,0.100167989731,-1,94.0,1,10,1.49318255126,-5.08531276016,5.3,3.0,5.0,500.0,5
3.1,0.0,1,400.0,22.0,-1,0.10014295578,-1,94.0,1,10,1.49318255126,-5.08531276016,5.3,3.0,5.0,500.0,5
3.1,0.0,2,400.0,22.0,2,0.10011100769,0,94.0,2,7,4.82104957538,-2.20169956891,5.3,3.0,5.0,500.0,5
3.1,0.0,2,400.0,22.0,-1,0.100126028061,-1,94.0,2,19,-4.00547274408,3.47076188991,5.3,3.0,5.0,500.0,5
3.1,0.0,1,400.0,22.0,-2,0.100123882294,2,94.0,2,2,2.86539633251,4.45864372401,5.3,3.0,5.0,500.0,5
3.1,0.0,2,400.0,22.0,0,0.100151062012,0,94.0,1,5,5.24605364197,0.754268642848,5.3,3.0,5.0,500.0,5
3.1,0.0,2,400.0,22.0,0,0.100156784058,-1,94.0,1,16,-5.24605364197,-0.754268642848,5.3,3.0,5.0,500.0,5
3.1,0.0,2,400.0,22.0,0,0.100069046021,0,94.0,1,17,-5.24605364197,0.754268642848,5.3,3.0,5.0,500.0,5
3.1,0.0,1,400.0,22.0,1,0.10014295578,1,94.0,1,0,0.0,5.3,5.3,3.0,5.0,500.0,5
3.1,0.0,1,400.0,22.0,0,0.100082159042,-2,94.0,2,14,-4.00547274408,-3.47076188991,5.3,3.0,5.0,500.0,5
3.1,0.0,1,400.0,22.0,-2,0.100074052811,-1,94.0,2,14,-4.00547274408,-3.47076188991,5.3,3.0,5.0,500.0,5
3.1,0.0,1,400.0,22.0,0,0.100056171417,-2,94.0,1,11,6.49041367526e-16,-5.3,5.3,3.0,5.0,500.0,5
3.1,0.0,2,400.0,22.0,1,0.100113153458,1,94.0,1,13,-2.86539633251,-4.45864372401,5.3,3.0,5.0,500.0,5
3.1,0.0,2,400.0,22.0,-2,0.100122928619,-1,94.0,1,10,1.49318255126,-5.08531276016,5.3,3.0,5.0,500.0,5
3.1,0.0,2,400.0,22.0,1,0.1001060009,1,94.0,1,14,-4.00547274408,-3.47076188991,5.3,3.0,5.0,500.0,5
3.1,0.0,2,400.0,22.0,0,0.100135803223,0,94.0,2,21,-1.49318255126,5.08531276016,5.3,3.0,5.0,500.0,5
3.1,0.0,1,400.0,22.0,-2,0.100122928619,-2,94.0,1,14,-4.00547274408,-3.47076188991,5.3,3.0,5.0,500.0,5
3.1,0.0,2,400.0,22.0,0,0.100126981735,1,94.0,1,7,4.82104957538,-2.20169956891,5.3,3.0,5.0,500.0,5
3.1,0.0,1,400.0,22.0,-1,0.100113868713,1,94.0,2,2,2.86539633251,4.45864372401,5.3,3.0,5.0,500.0,5
3.1,0.0,2,400.0,22.0,1,0.100126028061,0,94.0,2,8,4.00547274408,-3.47076188991,5.3,3.0,5.0,500.0,5
3.1,0.0,2,400.0,22.0,0,0.100319862366,0,94.0,1,4,4.82104957538,2.20169956891,5.3,3.0,5.0,500.0,5
3.1,0.0,1,400.0,22.0,2,0.100082159042,1,94.0,1,13,-2.86539633251,-4.45864372401,5.3,3.0,5.0,500.0,5
3.1,0.0,2,400.0,22.0,1,0.100082874298,1,94.0,2,20,-2.86539633251,4.45864372401,5.3,3.0,5.0,500.0,5
3.1,0.0,2,400.0,22.0,0,0.100116968155,1,94.0,1,19,-4.00547274408,3.47076188991,5.3,3.0,5.0,500.0,5
3.1,0.0,2,400.0,22.0,2,0.100056171417,-2,94.0,1,13,-2.86539633251,-4.45864372401,5.3,3.0,5.0,500.0,5
3.1,0.0,2,400.0,22.0,0,0.100113868713,0,94.0,1,15,-4.82104957538,-2.20169956891,5.3,3.0,5.0,500.0,5
3.1,0.0,2,400.0,22.0,-1,0.0998408794403,-1,94.0,1,11,6.49041367526e-16,-5.3,5.3,3.0,5.0,500.0,5
3.1,0.0,2,400.0,22.0,0,0.1001060009,0,94.0,2,13,-2.86539633251,-4.45864372401,5.3,3.0,5.0,500.0,5
3.1,0.0,1,400.0,22.0,0,0.10012793541,2,94.0,1,9,2.86539633251,-4.45864372401,5.3,3.0,5.0,500.0,5
3.1,0.0,2,400.0,22.0,0,0.100153207779,2,94.0,1,11,6.49041367526e-16,-5.3,5.3,3.0,5.0,500.0,5
3.1,0.0,1,400.0,22.0,1,0.100146055222,0,94.0,1,2,2.86539633251,4.45864372401,5.3,3.0,5.0,500.0,5
3.1,0.0,2,400.0,22.0,1,0.100136041641,0,94.0,2,0,0.0,5.3,5.3,3.0,5.0,500.0,5
3.1,0.0,1,400.0,22.0,0,0.100126028061,-2,94.0,1,17,-5.24605364197,0.754268642848,5.3,3.0,5.0,500.0,5
3.1,0.0,2,400.0,22.0,2,0.10010099411,2,94.0,2,21,-1.49318255126,5.08531276016,5.3,3.0,5.0,500.0,5
3.1,0.0,1,400.0,22.0,2,0.100096940994,-1,94.0,1,4,4.82104957538,2.20169956891,5.3,3.0,5.0,500.0,5
3.1,0.0,1,400.0,22.0,-1,0.100138902664,-1,94.0,1,20,-2.86539633251,4.45864372401,5.3,3.0,5.0,500.0,5
3.1,0.0,2,400.0,22.0,0,0.100109815598,-1,94.0,1,20,-2.86539633251,4.45864372401,5.3,3.0,5.0,500.0,5
3.1,0.0,1,400.0,22.0,-1,0.0999639034271,-1,94.0,1,1,1.49318255126,5.08531276016,5.3,3.0,5.0,500.0,5
3.1,0.0,2,400.0,22.0,0,0.1001329422,0,94.0,1,5,5.24605364197,0.754268642848,5.3,3.0,5.0,500.0,5
3.1,0.0,1,400.0,22.0,1,0.100138902664,0,94.0,1,21,-1.49318255126,5.08531276016,5.3,3.0,5.0,500.0,5
3.1,0.0,2,400.0,22.0,0,0.100124120712,0,94.0,1,2,2.86539633251,4.45864372401,5.3,3.0,5.0,500.0,5
3.1,0.0,2,400.0,22.0,0,0.100056886673,-2,94.0,1,4,4.82104957538,2.20169956891,5.3,3.0,5.0,500.0,5
3.1,0.0,2,400.0,22.0,0,0.100121974945,0,94.0,1,6,5.24605364197,-0.754268642848,5.3,3.0,5.0,500.0,5
3.1,0.0,2,400.0,22.0,2,0.0998339653015,2,94.0,2,14,-4.00547274408,-3.47076188991,5.3,3.0,5.0,500.0,5
3.1,0.0,1,400.0,22.0,-2,0.100115060806,-2,94.0,1,21,-1.49318255126,5.08531276016,5.3,3.0,5.0,500.0,5
3.1,0.0,2,400.0,22.0,1,0.100358963013,0,94.0,1,4,4.82104957538,2.20169956891,5.3,3.0,5.0,500.0,5
3.1,0.0,1,400.0,22.0,-2,0.100122928619,0,94.0,1,11,6.49041367526e-16,-5.3,5.3,3.0,5.0,500.0,5
3.1,0.0,1,400.0,22.0,-1,0.100104093552,2,94.0,1,15,-4.82104957538,-2.20169956891,5.3,3.0,5.0,500.0,5
3.1,0.0,2,400.0,22.0,0,0.100239038467,0,94.0,1,5,5.24605364197,0.754268642848,5.3,3.0,5.0,500.0,5
3.1,0.0,2,400.0,22.0,-1,0.100175857544,1,94.0,2,21,-1.49318255126,5.08531276016,5.3,3.0,5.0,500.0,5
3.1,0.0,1,400.0,22.0,-2,0.10012793541,-2,94.0,1,20,-2.86539633251,4.45864372401,5.3,3.0,5.0,500.0,5
3.1,0.0,2,400.0,22.0,0,0.100158929825,0,94.0,1,5,5.24605364197,0.754268642848,5.3,3.0,5.0,500.0,5
3.1,0.0,1,400.0,22.0,2,0.1001329422,2,94.0,1,16,-5.24605364197,-0.754268642848,5.3,3.0,5.0,500.0,5
3.1,0.0,1,400.0,22.0,1,0.099928855896,1,94.0,1,16,-5.24605364197,-0.754268642848,5.3,3.0,5.0,500.0,5
3.1,0.0,1,400.0,22.0,-1,0.100108861923,1,94.0,1,11,6.49041367526e-16,-5.3,5.3,3.0,5.0,500.0,5
3.1,0.0,1,400.0,22.0,-1,0.100138902664,-2,94.0,1,9,2.86539633251,-4.45864372401,5.3,3.0,5.0,500.0,5
3.1,0.0,1,400.0,22.0,1,0.100037097931,1,94.0,2,3,4.00547274408,3.47076188991,5.3,3.0,5.0,500.0,5
3.1,0.0,2,400.0,22.0,1,0.100104093552,2,94.0,2,16,-5.24605364197,-0.754268642848,5.3,3.0,5.0,500.0,5
3.1,0.0,2,400.0,22.0,1,0.100133895874,0,94.0,1,5,5.24605364197,0.754268642848,5.3,3.0,5.0,500.0,5
3.1,0.0,2,400.0,22.0,0,0.100124835968,0,94.0,2,8,4.00547274408,-3.47076188991,5.3,3.0,5.0,500.0,5
3.1,0.0,1,400.0,22.0,-1,0.100129127502,-2,94.0,1,4,4.82104957538,2.20169956891,5.3,3.0,5.0,500.0,5
3.1,0.0,2,400.0,22.0,0,0.100114107132,0,94.0,1,3,4.00547274408,3.47076188991,5.3,3.0,5.0,500.0,5
3.1,0.0,1,400.0,22.0,2,0.100074052811,-2,94.0,1,2,2.86539633251,4.45864372401,5.3,3.0,5.0,500.0,5
3.1,0.0,2,400.0,22.0,-1,0.100115060806,-1,94.0,1,1,1.49318255126,5.08531276016,5.3,3.0,5.0,500.0,5
3.1,0.0,2,400.0,22.0,0,0.100108861923,0,94.0,1,1,1.49318255126,5.08531276016,5.3,3.0,5.0,500.0,5
3.1,0.0,1,400.0,22.0,2,0.100121021271,2,94.0,1,5,5.24605364197,0.754268642848,5.3,3.0,5.0,500.0,5
3.1,0.0,2,400.0,22.0,-2,0.100106954575,1,94.0,2,0,0.0,5.3,5.3,3.0,5.0,500.0,5
3.1,0.0,2,400.0,22.0,1,0.100136041641,1,94.0,2,4,4.82104957538,2.20169956891,5.3,3.0,5.0,500.0,5
3.1,0.0,2,400.0,22.0,0,0.100136995316,0,94.0,1,7,4.82104957538,-2.20169956891,5.3,3.0,5.0,500.0,5
3.1,0.0,2,400.0,22.0,1,0.100124120712,1,94.0,1,3,4.00547274408,3.47076188991,5.3,3.0,5.0,500.0,5
3.1,0.0,2,400.0,22.0,2,0.100146055222,0,94.0,1,9,2.86539633251,-4.45864372401,5.3,3.0,5.0,500.0,5
3.1,0.0,2,400.0,22.0,0,0.10009098053,0,94.0,2,18,-4.82104957538,2.20169956891,5.3,3.0,5.0,500.0,5
3.1,0.0,2,400.0,22.0,2,0.100101947784,2,94.0,2,18,-4.82104957538,2.20169956891,5.3,3.0,5.0,500.0,5
3.1,0.0,2,400.0,22.0,0,0.100191116333,0,94.0,1,6,5.24605364197,-0.754268642848,5.3,3.0,5.0,500.0,5
3.1,0.0,2,400.0,22.0,0,0.100092887878,-1,94.0,1,10,1.49318255126,-5.08531276016,5.3,3.0,5.0,500.0,5
3.1,0.0,2,400.0,22.0,1,0.100101947784,1,94.0,1,2,2.86539633251,4.45864372401,5.3,3.0,5.0,500.0,5
3.1,0.0,1,400.0,22.0,-2,0.100110054016,-2,94.0,1,19,-4.00547274408,3.47076188991,5.3,3.0,5.0,500.0,5
3.1,0.0,2,400.0,22.0,0,0.100126028061,0,94.0,1,4,4.82104957538,2.20169956891,5.3,3.0,5.0,500.0,5
3.1,0.0,1,400.0,22.0,2,0.100119829178,0,94.0,1,15,-4.82104957538,-2.20169956891,5.3,3.0,5.0,500.0,5
3.1,0.0,2,400.0,22.0,-1,0.100130081177,-1,94.0,2,21,-1.49318255126,5.08531276016,5.3,3.0,5.0,500.0,5
3.1,0.0,2,400.0,22.0,0,0.100128889084,0,94.0,1,16,-5.24605364197,-0.754268642848,5.3,3.0,5.0,500.0,5
3.1,0.0,2,400.0,22.0,-1,0.10011100769,-1,94.0,1,19,-4.00547274408,3.47076188991,5.3,3.0,5.0,500.0,5
3.1,0.0,2,400.0,22.0,2,0.100146055222,1,94.0,1,3,4.00547274408,3.47076188991,5.3,3.0,5.0,500.0,5
3.1,0.0,2,400.0,22.0,0,0.100092887878,0,94.0,1,21,-1.49318255126,5.08531276016,5.3,3.0,5.0,500.0,5
3.1,0.0,2,400.0,22.0,0,0.100094079971,0,94.0,1,7,4.82104957538,-2.20169956891,5.3,3.0,5.0,500.0,5
3.1,0.0,1,400.0,22.0,0,0.100126981735,1,94.0,1,5,5.24605364197,0.754268642848,5.3,3.0,5.0,500.0,5
3.1,0.0,2,400.0,22.0,-1,0.0998029708862,-1,94.0,2,12,-1.49318255126,-5.08531276016,5.3,3.0,5.0,500.0,5
3.1,0.0,1,400.0,22.0,-2,0.1001060009,0,94.0,1,8,4.00547274408,-3.47076188991,5.3,3.0,5.0,500.0,5
3.1,0.0,1,400.0,22.0,-1,0.100134849548,-1,94.0,1,1,1.49318255126,5.08531276016,5.3,3.0,5.0,500.0,5
3.1,0.0,2,400.0,22.0,-1,0.100164890289,-1,94.0,1,20,-2.86539633251,4.45864372401,5.3,3.0,5.0,500.0,5
3.1,0.0,1,400.0,22.0,0,0.100038051605,2,94.0,1,11,6.49041367526e-16,-5.3,5.3,3.0,5.0,500.0,5
3.1,0.0,2,400.0,22.0,0,0.100149154663,-1,94.0,1,9,2.86539633251,-4.45864372401,5.3,3.0,5.0,500.0,5
3.1,0.0,2,400.0,22.0,0,0.100050926208,-1,94.0,1,10,1.49318255126,-5.08531276016,5.3,3.0,5.0,500.0,5
3.1,0.0,2,400.0,22.0,0,0.100188016891,0,94.0,1,12,-1.49318255126,-5.08531276016,5.3,3.0,5.0,500.0,5
3.1,0.0,1,400.0,22.0,0,0.1001329422,2,94.0,1,7,4.82104957538,-2.20169956891,5.3,3.0,5.0,500.0,5
3.1,0.0,2,400.0,22.0,1,0.100123882294,0,94.0,1,5,5.24605364197,0.754268642848,5.3,3.0,5.0,500.0,5
3.1,0.0,2,400.0,22.0,2,0.100121021271,0,94.0,2,8,4.00547274408,-3.47076188991,5.3,3.0,5.0,500.0,5
3.1,0.0,1,400.0,22.0,-1,0.100166082382,-1,94.0,1,3,4.00547274408,3.47076188991,5.3,3.0,5.0,500.0,5
3.1,0.0,2,400.0,22.0,0,0.100123882294,0,94.0,1,8,4.00547274408,-3.47076188991,5.3,3.0,5.0,500.0,5
3.1,0.0,2,400.0,22.0,0,0.100097894669,0,94.0,1,17,-5.24605364197,0.754268642848,5.3,3.0,5.0,500.0,5
3.1,0.0,1,400.0,22.0,-2,0.100103139877,-2,94.0,1,21,-1.49318255126,5.08531276016,5.3,3.0,5.0,500.0,5
3.1,0.0,2,400.0,22.0,0,0.100128889084,0,94.0,1,17,-5.24605364197,0.754268642848,5.3,3.0,5.0,500.0,5
3.1,0.0,2,400.0,22.0,0,0.100129127502,0,94.0,1,4,4.82104957538,2.20169956891,5.3,3.0,5.0,500.0,5
3.1,0.0,2,400.0,22.0,0,0.100093126297,0,94.0,1,7,4.82104957538,-2.20169956891,5.3,3.0,5.0,500.0,5
3.1,0.0,2,400.0,22.0,1,0.100122928619,1,94.0,2,8,4.00547274408,-3.47076188991,5.3,3.0,5.0,500.0,5
3.1,0.0,2,400.0,22.0,2,0.100094795227,1,94.0,1,17,-5.24605364197,0.754268642848,5.3,3.0,5.0,500.0,5
3.1,0.0,2,400.0,22.0,0,0.10031914711,0,94.0,1,17,-5.24605364197,0.754268642848,5.3,3.0,5.0,500.0,5
3.1,0.0,1,400.0,22.0,1,0.100172996521,1,94.0,1,1,1.49318255126,5.08531276016,5.3,3.0,5.0,500.0,5
3.1,0.0,2,400.0,22.0,0,0.100167036057,-1,94.0,1,7,4.82104957538,-2.20169956891,5.3,3.0,5.0,500.0,5
3.1,0.0,2,400.0,22.0,-1,0.100150823593,2,94.0,2,11,6.49041367526e-16,-5.3,5.3,3.0,5.0,500.0,5
3.1,0.0,2,400.0,22.0,0,0.100130081177,-2,94.0,1,13,-2.86539633251,-4.45864372401,5.3,3.0,5.0,500.0,5
3.1,0.0,2,400.0,22.0,-1,0.100319862366,-1,94.0,1,18,-4.82104957538,2.20169956891,5.3,3.0,5.0,500.0,5
3.1,0.0,2,400.0,22.0,0,0.100139856339,0,94.0,2,9,2.86539633251,-4.45864372401,5.3,3.0,5.0,500.0,5
3.1,0.0,2,400.0,22.0,0,0.100146770477,0,94.0,1,5,5.24605364197,0.754268642848,5.3,3.0,5.0,500.0,5
3.1,0.0,2,400.0,22.0,-1,0.100048065186,-1,94.0,2,13,-2.86539633251,-4.45864372401,5.3,3.0,5.0,500.0,5
3.1,0.0,1,400.0,22.0,2,0.100114822388,2,94.0,1,21,-1.49318255126,5.08531276016,5.3,3.0,5.0,500.0,5
3.1,0.0,2,400.0,22.0,1,0.100144863129,-1,94.0,2,8,4.00547274408,-3.47076188991,5.3,3.0,5.0,500.0,5
3.1,0.0,1,400.0,22.0,-2,0.100126981735,-2,94.0,1,0,0.0,5.3,5.3,3.0,5.0,500.0,5
3.1,0.0,2,400.0,22.0,-2,0.100116968155,-2,94.0,2,11,6.49041367526e-16,-5.3,5.3,3.0,5.0,500.0,5
3.1,0.0,2,400.0,22.0,0,0.100147008896,0,94.0,1,7,4.82104957538,-2.20169956891,5.3,3.0,5.0,500.0,5
3.1,0.0,2,400.0,22.0,0,0.100155115128,0,94.0,1,6,5.24605364197,-0.754268642848,5.3,3.0,5.0,500.0,5
3.1,0.0,1,400.0,22.0,0,0.10005903244,-2,94.0,1,4,4.82104957538,2.20169956891,5.3,3.0,5.0,500.0,5
3.1,0.0,2,400.0,22.0,0,0.100136995316,0,94.0,1,5,5.24605364197,0.754268642848,5.3,3.0,5.0,500.0,5
3.1,0.0,1,400.0,22.0,-2,0.100134849548,-2,94.0,1,17,-5.24605364197,0.754268642848,5.3,3.0,5.0,500.0,5
3.1,0.0,1,400.0,22.0,-2,0.100096940994,-2,94.0,1,8,4.00547274408,-3.47076188991,5.3,3.0,5.0,500.0,5
3.1,0.0,2,400.0,22.0,-1,0.100143909454,-1,94.0,1,8,4.00547274408,-3.47076188991,5.3,3.0,5.0,500.0,5
3.1,0.0,2,400.0,22.0,0,0.100098848343,0,94.0,1,7,4.82104957538,-2.20169956891,5.3,3.0,5.0,500.0,5
3.1,0.0,2,400.0,22.0,2,0.100090026855,1,94.0,1,2,2.86539633251,4.45864372401,5.3,3.0,5.0,500.0,5
3.1,0.0,2,400.0,22.0,-2,0.100119113922,-2,94.0,2,11,6.49041367526e-16,-5.3,5.3,3.0,5.0,500.0,5
3.1,0.0,1,400.0,22.0,0,0.100145101547,0,94.0,1,8,4.00547274408,-3.47076188991,5.3,3.0,5.0,500.0,5
3.1,0.0,1,400.0,22.0,1,0.100136995316,0,94.0,2,1,1.49318255126,5.08531276016,5.3,3.0,5.0,500.0,5
3.1,0.0,1,400.0,22.0,2,0.100102186203,2,94.0,1,9,2.86539633251,-4.45864372401,5.3,3.0,5.0,500.0,5
3.1,0.0,1,400.0,22.0,-1,0.100135087967,2,94.0,1,9,2.86539633251,-4.45864372401,5.3,3.0,5.0,500.0,5
3.1,0.0,2,400.0,22.0,-2,0.100164890289,2,94.0,1,12,-1.49318255126,-5.08531276016,5.3,3.0,5.0,500.0,5
3.1,0.0,2,400.0,22.0,1,0.0999851226807,0,94.0,1,2,2.86539633251,4.45864372401,5.3,3.0,5.0,500.0,5
3.1,0.0,2,400.0,22.0,0,0.100080013275,1,94.0,1,4,4.82104957538,2.20169956891,5.3,3.0,5.0,500.0,5
3.1,0.0,2,400.0,22.0,-2,0.100118875504,-2,94.0,1,11,6.49041367526e-16,-5.3,5.3,3.0,5.0,500.0,5
3.1,0.0,2,400.0,22.0,0,0.100123167038,0,94.0,1,10,1.49318255126,-5.08531276016,5.3,3.0,5.0,500.0,5
3.1,0.0,2,400.0,22.0,0,0.100047826767,2,94.0,1,9,2.86539633251,-4.45864372401,5.3,3.0,5.0,500.0,5
3.1,0.0,1,400.0,22.0,0,0.100152015686,-1,94.0,2,18,-4.82104957538,2.20169956891,5.3,3.0,5.0,500.0,5
3.1,0.0,1,400.0,22.0,1,0.100067853928,1,94.0,1,1,1.49318255126,5.08531276016,5.3,3.0,5.0,500.0,5
3.1,0.0,2,400.0,22.0,0,0.100134134293,0,94.0,1,17,-5.24605364197,0.754268642848,5.3,3.0,5.0,500.0,5
3.1,0.0,1,400.0,22.0,-1,0.100119113922,-1,94.0,1,19,-4.00547274408,3.47076188991,5.3,3.0,5.0,500.0,5
3.1,0.0,1,400.0,22.0,0,0.10012793541,0,94.0,1,2,2.86539633251,4.45864372401,5.3,3.0,5.0,500.0,5
3.1,0.0,2,400.0,22.0,-1,0.100004911423,-1,94.0,1,2,2.86539633251,4.45864372401,5.3,3.0,5.0,500.0,5
3.1,0.0,1,400.0,22.0,-1,0.100151062012,1,94.0,2,21,-1.49318255126,5.08531276016,5.3,3.0,5.0,500.0,5
3.1,0.0,1,400.0,22.0,2,0.100147008896,2,94.0,1,4,4.82104957538,2.20169956891,5.3,3.0,5.0,500.0,5
3.1,0.0,2,400.0,22.0,1,0.100059986115,0,94.0,1,11,6.49041367526e-16,-5.3,5.3,3.0,5.0,500.0,5
3.1,0.0,2,400.0,22.0,1,0.100142002106,1,94.0,1,3,4.00547274408,3.47076188991,5.3,3.0,5.0,500.0,5
3.1,0.0,1,400.0,22.0,-2,0.100111961365,1,94.0,2,8,4.00547274408,-3.47076188991,5.3,3.0,5.0,500.0,5
3.1,0.0,2,400.0,22.0,-1,0.100559949875,-1,94.0,1,9,2.86539633251,-4.45864372401,5.3,3.0,5.0,500.0,5
3.1,0.0,1,400.0,22.0,0,0.100116014481,0,94.0,1,17,-5.24605364197,0.754268642848,5.3,3.0,5.0,500.0,5
3.1,0.0,1,400.0,22.0,1,0.100041866302,1,94.0,1,16,-5.24605364197,-0.754268642848,5.3,3.0,5.0,500.0,5
3.1,0.0,1,400.0,22.0,0,0.100096940994,2,94.0,2,7,4.82104957538,-2.20169956891,5.3,3.0,5.0,500.0,5
3.1,0.0,2,400.0,22.0,-2,0.100131988525,-2,94.0,2,0,0.0,5.3,5.3,3.0,5.0,500.0,5
3.1,0.0,2,400.0,22.0,0,0.100130081177,0,94.0,1,0,0.0,5.3,5.3,3.0,5.0,500.0,5
3.1,0.0,2,400.0,22.0,-2,0.100111961365,-2,94.0,1,19,-4.00547274408,3.47076188991,5.3,3.0,5.0,500.0,5
3.1,0.0,1,400.0,22.0,0,0.100131988525,1,94.0,1,12,-1.49318255126,-5.08531276016,5.3,3.0,5.0,500.0,5
3.1,0.0,2,400.0,22.0,-1,0.100125074387,0,94.0,2,18,-4.82104957538,2.20169956891,5.3,3.0,5.0,500.0,5
3.1,0.0,1,400.0,22.0,1,0.100116968155,1,94.0,1,5,5.24605364197,0.754268642848,5.3,3.0,5.0,500.0,5
3.1,0.0,2,400.0,22.0,0,0.100083112717,0,94.0,1,6,5.24605364197,-0.754268642848,5.3,3.0,5.0,500.0,5
3.1,0.0,2,400.0,22.0,0,0.100033998489,0,94.0,2,6,5.24605364197,-0.754268642848,5.3,3.0,5.0,500.0,5
3.1,0.0,2,400.0,22.0,0,0.0998649597168,0,94.0,1,10,1.49318255126,-5.08531276016,5.3,3.0,5.0,500.0,5
3.1,0.0,2,400.0,22.0,2,0.100158929825,0,94.0,2,9,2.86539633251,-4.45864372401,5.3,3.0,5.0,500.0,5
3.1,0.0,2,400.0,22.0,1,0.100147008896,1,94.0,2,21,-1.49318255126,5.08531276016,5.3,3.0,5.0,500.0,5
3.1,0.0,2,400.0,22.0,1,0.100178003311,1,94.0,1,3,4.00547274408,3.47076188991,5.3,3.0,5.0,500.0,5
3.1,0.0,2,400.0,22.0,0,0.100123882294,0,94.0,1,6,5.24605364197,-0.754268642848,5.3,3.0,5.0,500.0,5
3.1,0.0,1,400.0,22.0,-1,0.100136995316,-1,94.0,1,19,-4.00547274408,3.47076188991,5.3,3.0,5.0,500.0,5
3.1,0.0,1,400.0,22.0,0,0.100213050842,0,94.0,1,12,-1.49318255126,-5.08531276016,5.3,3.0,5.0,500.0,5
3.1,0.0,2,400.0,22.0,1,0.100133895874,1,94.0,2,4,4.82104957538,2.20169956891,5.3,3.0,5.0,500.0,5
3.1,0.0,2,400.0,22.0,1,0.100151062012,0,94.0,1,4,4.82104957538,2.20169956891,5.3,3.0,5.0,500.0,5
3.1,0.0,2,400.0,22.0,0,0.100145101547,1,94.0,1,3,4.00547274408,3.47076188991,5.3,3.0,5.0,500.0,5
3.1,0.0,1,400.0,22.0,0,0.100120067596,-2,94.0,1,1,1.49318255126,5.08531276016,5.3,3.0,5.0,500.0,5
3.1,0.0,2,400.0,22.0,2,0.100152015686,2,94.0,1,5,5.24605364197,0.754268642848,5.3,3.0,5.0,500.0,5
3.1,0.0,1,400.0,22.0,1,0.100098848343,-1,94.0,1,0,0.0,5.3,5.3,3.0,5.0,500.0,5
3.1,0.0,2,400.0,22.0,1,0.100125074387,0,94.0,1,8,4.00547274408,-3.47076188991,5.3,3.0,5.0,500.0,5
3.1,0.0,1,400.0,22.0,-1,0.100138902664,0,94.0,1,9,2.86539633251,-4.45864372401,5.3,3.0,5.0,500.0,5
3.1,0.0,2,400.0,22.0,2,0.100100040436,2,94.0,2,16,-5.24605364197,-0.754268642848,5.3,3.0,5.0,500.0,5
3.1,0.0,2,400.0,22.0,-2,0.100129127502,-2,94.0,1,2,2.86539633251,4.45864372401,5.3,3.0,5.0,500.0,5
3.1,0.0,2,400.0,22.0,0,0.10014796257,0,94.0,1,2,2.86539633251,4.45864372401,5.3,3.0,5.0,500.0,5
3.1,0.0,2,400.0,22.0,0,0.100171089172,0,94.0,1,19,-4.00547274408,3.47076188991,5.3,3.0,5.0,500.0,5
3.1,0.0,1,400.0,22.0,0,0.10001707077,0,94.0,1,11,6.49041367526e-16,-5.3,5.3,3.0,5.0,500.0,5
3.1,0.0,2,400.0,22.0,0,0.100112915039,0,94.0,1,6,5.24605364197,-0.754268642848,5.3,3.0,5.0,500.0,5
3.1,0.0,2,400.0,22.0,0,0.100106954575,-1,94.0,1,11,6.49041367526e-16,-5.3,5.3,3.0,5.0,500.0,5
3.1,0.0,2,400.0,22.0,-2,0.100101947784,-2,94.0,2,19,-4.00547274408,3.47076188991,5.3,3.0,5.0,500.0,5
3.1,0.0,2,400.0,22.0,0,0.100143909454,1,94.0,1,16,-5.24605364197,-0.754268642848,5.3,3.0,5.0,500.0,5
3.1,0.0,2,400.0,22.0,0,0.100057125092,-1,94.0,1,7,4.82104957538,-2.20169956891,5.3,3.0,5.0,500.0,5
3.1,0.0,2,400.0,22.0,1,0.100102901459,1,94.0,2,15,-4.82104957538,-2.20169956891,5.3,3.0,5.0,500.0,5
3.1,0.0,2,400.0,22.0,-1,0.100147008896,2,94.0,1,7,4.82104957538,-2.20169956891,5.3,3.0,5.0,500.0,5
3.1,0.0,2,400.0,22.0,-1,0.0997838973999,-1,94.0,2,10,1.49318255126,-5.08531276016,5.3,3.0,5.0,500.0,5
3.1,0.0,2,400.0,22.0,1,0.100117921829,2,94.0,1,13,-2.86539633251,-4.45864372401,5.3,3.0,5.0,500.0,5
3.1,0.0,2,400.0,22.0,0,0.100110054016,0,94.0,2,19,-4.00547274408,3.47076188991,5.3,3.0,5.0,500.0,5
3.1,0.0,2,400.0,22.0,1,0.10011100769,1,94.0,2,4,4.82104957538,2.20169956891,5.3,3.0,5.0,500.0,5
3.1,0.0,1,400.0,22.0,1,0.100172042847,-1,94.0,1,0,0.0,5.3,5.3,3.0,5.0,500.0,5
3.1,0.0,2,400.0,22.0,1,0.100024938583,-1,94.0,1,20,-2.86539633251,4.45864372401,5.3,3.0,5.0,500.0,5
3.1,0.0,2,400.0,22.0,1,0.100042819977,-1,94.0,1,11,6.49041367526e-16,-5.3,5.3,3.0,5.0,500.0,5
3.1,0.0,2,400.0,22.0,-2,0.100131034851,0,94.0,1,17,-5.24605364197,0.754268642848,5.3,3.0,5.0,500.0,5
3.1,0.0,1,400.0,22.0,0,0.100080013275,0,94.0,1,5,5.24605364197,0.754268642848,5.3,3.0,5.0,500.0,5
3.1,0.0,2,400.0,22.0,0,0.099846124649,0,94.0,1,7,4.82104957538,-2.20169956891,5.3,3.0,5.0,500.0,5
3.1,0.0,1,400.0,22.0,0,0.100058078766,0,94.0,1,15,-4.82104957538,-2.20169956891,5.3,3.0,5.0,500.0,5
3.1,0.0,1,400.0,22.0,-2,0.100172042847,-2,94.0,1,21,-1.49318255126,5.08531276016,5.3,3.0,5.0,500.0,5
3.1,0.0,2,400.0,22.0,-1,0.100049972534,-1,94.0,2,6,5.24605364197,-0.754268642848,5.3,3.0,5.0,500.0,5
3.1,0.0,1,400.0,22.0,0,0.100161075592,0,94.0,1,21,-1.49318255126,5.08531276016,5.3,3.0,5.0,500.0,5
3.1,0.0,2,400.0,22.0,0,0.100121021271,0,94.0,1,7,4.82104957538,-2.20169956891,5.3,3.0,5.0,500.0,5
3.1,0.0,2,400.0,22.0,0,0.100136041641,1,94.0,1,1,1.49318255126,5.08531276016,5.3,3.0,5.0,500.0,5
3.1,0.0,2,400.0,22.0,0,0.100131988525,-1,94.0,1,15,-4.82104957538,-2.20169956891,5.3,3.0,5.0,500.0,5
3.1,0.0,2,400.0,22.0,-1,0.100129842758,0,94.0,1,13,-2.86539633251,-4.45864372401,5.3,3.0,5.0,500.0,5
3.1,0.0,1,400.0,22.0,1,0.100116968155,1,94.0,1,8,4.00547274408,-3.47076188991,5.3,3.0,5.0,500.0,5
3.1,0.0,2,400.0,22.0,0,0.100107908249,-2,94.0,1,1,1.49318255126,5.08531276016,5.3,3.0,5.0,500.0,5
3.1,0.0,2,400.0,22.0,0,0.100114822388,0,94.0,1,7,4.82104957538,-2.20169956891,5.3,3.0,5.0,500.0,5
3.1,0.0,1,400.0,22.0,-2,0.10004901886,-2,94.0,1,13,-2.86539633251,-4.45864372401,5.3,3.0,5.0,500.0,5
3.1,0.0,1,400.0,22.0,-1,0.100116014481,-1,94.0,1,21,-1.49318255126,5.08531276016,5.3,3.0,5.0,500.0,5
3.1,0.0,2,400.0,22.0,0,0.100141048431,-1,94.0,1,18,-4.82104957538,2.20169956891,5.3,3.0,5.0,500.0,5
3.1,0.0,2,400.0,22.0,0,0.100097179413,0,94.0,2,21,-1.49318255126,5.08531276016,5.3,3.0,5.0,500.0,5
3.1,0.0,2,400.0,22.0,2,0.100156068802,1,94.0,2,1,1.49318255126,5.08531276016,5.3,3.0,5.0,500.0,5
3.1,0.0,2,400.0,22.0,1,0.100005149841,1,94.0,1,14,-4.00547274408,-3.47076188991,5.3,3.0,5.0,500.0,5
3.1,0.0,2,400.0,22.0,0,0.100044965744,0,94.0,1,0,0.0,5.3,5.3,3.0,5.0,500.0,5
3.1,0.0,2,400.0,22.0,-2,0.100050926208,-2,94.0,2,0,0.0,5.3,5.3,3.0,5.0,500.0,5
3.1,0.0,2,400.0,22.0,0,0.10011100769,0,94.0,1,6,5.24605364197,-0.754268642848,5.3,3.0,5.0,500.0,5
3.1,0.0,2,400.0,22.0,-2,0.100106954575,-1,94.0,2,11,6.49041367526e-16,-5.3,5.3,3.0,5.0,500.0,5
3.1,0.0,2,400.0,22.0,-2,0.0998780727386,1,94.0,1,12,-1.49318255126,-5.08531276016,5.3,3.0,5.0,500.0,5
3.1,0.0,1,400.0,22.0,0,0.100140094757,0,94.0,1,12,-1.49318255126,-5.08531276016,5.3,3.0,5.0,500.0,5
3.1,0.0,2,400.0,22.0,1,0.100124120712,1,94.0,2,3,4.00547274408,3.47076188991,5.3,3.0,5.0,500.0,5
3.1,0.0,2,400.0,22.0,2,0.100144147873,2,94.0,2,13,-2.86539633251,-4.45864372401,5.3,3.0,5.0,500.0,5
3.1,0.0,2,400.0,22.0,-1,0.100117921829,2,94.0,1,21,-1.49318255126,5.08531276016,5.3,3.0,5.0,500.0,5
3.1,0.0,2,400.0,22.0,1,0.100147008896,-1,94.0,1,7,4.82104957538,-2.20169956891,5.3,3.0,5.0,500.0,5
3.1,0.0,2,400.0,22.0,-1,0.100133895874,-1,94.0,2,1,1.49318255126,5.08531276016,5.3,3.0,5.0,500.0,5
3.1,0.0,1,400.0,22.0,-1,0.100159883499,-1,94.0,1,10,1.49318255126,-5.08531276016,5.3,3.0,5.0,500.0,5
3.1,0.0,2,400.0,22.0,-1,0.100138902664,0,94.0,2,16,-5.24605364197,-0.754268642848,5.3,3.0,5.0,500.0,5
3.1,0.0,1,400.0,22.0,-1,0.100114107132,-2,94.0,2,15,-4.82104957538,-2.20169956891,5.3,3.0,5.0,500.0,5
3.1,0.0,2,400.0,22.0,-1,0.100108861923,0,94.0,1,20,-2.86539633251,4.45864372401,5.3,3.0,5.0,500.0,5
3.1,0.0,2,400.0,22.0,0,0.100088834763,0,94.0,2,1,1.49318255126,5.08531276016,5.3,3.0,5.0,500.0,5
3.1,0.0,2,400.0,22.0,-1,0.100109815598,1,94.0,1,10,1.49318255126,-5.08531276016,5.3,3.0,5.0,500.0,5
3.1,0.0,2,400.0,22.0,0,0.101048946381,0,94.0,1,19,-4.00547274408,3.47076188991,5.3,3.0,5.0,500.0,5
3.1,0.0,2,400.0,22.0,0,0.100102901459,0,94.0,1,16,-5.24605364197,-0.754268642848,5.3,3.0,5.0,500.0,5
3.1,0.0,1,400.0,22.0,1,0.100112915039,1,94.0,1,18,-4.82104957538,2.20169956891,5.3,3.0,5.0,500.0,5
3.1,0.0,1,400.0,22.0,0,0.100147008896,2,94.0,1,6,5.24605364197,-0.754268642848,5.3,3.0,5.0,500.0,5
3.1,0.0,2,400.0,22.0,1,0.100128889084,-2,94.0,1,2,2.86539633251,4.45864372401,5.3,3.0,5.0,500.0,5
3.1,0.0,1,400.0,22.0,0,0.100138902664,-2,94.0,1,18,-4.82104957538,2.20169956891,5.3,3.0,5.0,500.0,5
3.1,0.0,2,400.0,22.0,-1,0.100086927414,-1,94.0,1,9,2.86539633251,-4.45864372401,5.3,3.0,5.0,500.0,5
3.1,0.0,2,400.0,22.0,-1,0.100124120712,-1,94.0,2,15,-4.82104957538,-2.20169956891,5.3,3.0,5.0,500.0,5
3.1,0.0,1,400.0,22.0,1,0.100248098373,-2,94.0,2,10,1.49318255126,-5.08531276016,5.3,3.0,5.0,500.0,5
3.1,0.0,2,400.0,22.0,-1,0.100114107132,-2,94.0,1,2,2.86539633251,4.45864372401,5.3,3.0,5.0,500.0,5
3.1,0.0,1,400.0,22.0,-2,0.100125074387,-2,94.0,1,10,1.49318255126,-5.08531276016,5.3,3.0,5.0,500.0,5
3.1,0.0,1,400.0,22.0,0,0.0999810695648,2,94.0,1,9,2.86539633251,-4.45864372401,5.3,3.0,5.0,500.0,5
3.1,0.0,1,400.0,22.0,1,0.100120067596,1,94.0,2,13,-2.86539633251,-4.45864372401,5.3,3.0,5.0,500.0,5
3.1,0.0,2,400.0,22.0,0,0.100150823593,0,94.0,1,16,-5.24605364197,-0.754268642848,5.3,3.0,5.0,500.0,5
3.1,0.0,2,400.0,22.0,0,0.0998129844666,0,94.0,1,8,4.00547274408,-3.47076188991,5.3,3.0,5.0,500.0,5
3.1,0.0,2,400.0,22.0,0,0.1001329422,0,94.0,1,12,-1.49318255126,-5.08531276016,5.3,3.0,5.0,500.0,5
3.1,0.0,1,400.0,22.0,-2,0.10009598732,-1,94.0,2,17,-5.24605364197,0.754268642848,5.3,3.0,5.0,500.0,5
3.1,0.0,1,400.0,22.0,1,0.100203990936,1,94.0,1,7,4.82104957538,-2.20169956891,5.3,3.0,5.0,500.0,5
3.1,0.0,1,400.0,22.0,1,0.100168943405,1,94.0,1,6,5.24605364197,-0.754268642848,5.3,3.0,5.0,500.0,5
3.1,0.0,1,400.0,22.0,0,0.100142002106,0,94.0,1,14,-4.00547274408,-3.47076188991,5.3,3.0,5.0,500.0,5
3.1,0.0,2,400.0,22.0,0,0.100051164627,0,94.0,1,7,4.82104957538,-2.20169956891,5.3,3.0,5.0,500.0,5
3.1,0.0,2,400.0,22.0,-1,0.10009598732,-2,94.0,1,10,1.49318255126,-5.08531276016,5.3,3.0,5.0,500.0,5
3.1,0.0,1,400.0,22.0,2,0.100089073181,2,94.0,1,1,1.49318255126,5.08531276016,5.3,3.0,5.0,500.0,5
3.1,0.0,1,400.0,22.0,0,0.10015296936,2,94.0,1,15,-4.82104957538,-2.20169956891,5.3,3.0,5.0,500.0,5
3.1,0.0,2,400.0,22.0,-2,0.100084066391,1,94.0,2,20,-2.86539633251,4.45864372401,5.3,3.0,5.0,500.0,5
3.1,0.0,2,400.0,22.0,0,0.100093126297,0,94.0,2,13,-2.86539633251,-4.45864372401,5.3,3.0,5.0,500.0,5
3.1,0.0,2,400.0,22.0,0,0.100122213364,0,94.0,2,16,-5.24605364197,-0.754268642848,5.3,3.0,5.0,500.0,5
3.1,0.0,2,400.0,22.0,0,0.100167036057,0,94.0,1,13,-2.86539633251,-4.45864372401,5.3,3.0,5.0,500.0,5
3.1,0.0,1,400.0,22.0,-1,0.100208997726,-1,94.0,1,10,1.49318255126,-5.08531276016,5.3,3.0,5.0,500.0,5
3.1,0.0,1,400.0,22.0,1,0.100286006927,1,94.0,1,4,4.82104957538,2.20169956891,5.3,3.0,5.0,500.0,5
3.1,0.0,2,400.0,22.0,0,0.100111961365,0,94.0,1,1,1.49318255126,5.08531276016,5.3,3.0,5.0,500.0,5
3.1,0.0,1,400.0,22.0,1,0.100405931473,-2,94.0,2,18,-4.82104957538,2.20169956891,5.3,3.0,5.0,500.0,5
3.1,0.0,2,400.0,22.0,0,0.100147008896,0,94.0,1,21,-1.49318255126,5.08531276016,5.3,3.0,5.0,500.0,5
3.1,0.0,2,400.0,22.0,0,0.100126981735,0,94.0,1,8,4.00547274408,-3.47076188991,5.3,3.0,5.0,500.0,5
3.1,0.0,2,400.0,22.0,-2,0.10014295578,-2,94.0,2,9,2.86539633251,-4.45864372401,5.3,3.0,5.0,500.0,5
3.1,0.0,1,400.0,22.0,1,0.10011100769,1,94.0,1,7,4.82104957538,-2.20169956891,5.3,3.0,5.0,500.0,5
3.1,0.0,2,400.0,22.0,0,0.100147008896,2,94.0,1,6,5.24605364197,-0.754268642848,5.3,3.0,5.0,500.0,5
3.1,0.0,1,400.0,22.0,-1,0.10027718544,-1,94.0,1,8,4.00547274408,-3.47076188991,5.3,3.0,5.0,500.0,5
3.1,0.0,1,400.0,22.0,-1,0.100136041641,-1,94.0,1,20,-2.86539633251,4.45864372401,5.3,3.0,5.0,500.0,5
3.1,0.0,2,400.0,22.0,1,0.100116968155,1,94.0,1,15,-4.82104957538,-2.20169956891,5.3,3.0,5.0,500.0,5
3.1,0.0,2,400.0,22.0,1,0.100576877594,-1,94.0,1,16,-5.24605364197,-0.754268642848,5.3,3.0,5.0,500.0,5
3.1,0.0,2,400.0,22.0,1,0.100128173828,0,94.0,2,6,5.24605364197,-0.754268642848,5.3,3.0,5.0,500.0,5
3.1,0.0,2,400.0,22.0,0,0.100101947784,0,94.0,1,17,-5.24605364197,0.754268642848,5.3,3.0,5.0,500.0,5
3.1,0.0,1,400.0,22.0,2,0.100106954575,1,94.0,1,20,-2.86539633251,4.45864372401,5.3,3.0,5.0,500.0,5
3.1,0.0,2,400.0,22.0,0,0.100099802017,0,94.0,1,11,6.49041367526e-16,-5.3,5.3,3.0,5.0,500.0,5
3.1,0.0,2,400.0,22.0,0,0.100134134293,0,94.0,1,15,-4.82104957538,-2.20169956891,5.3,3.0,5.0,500.0,5
3.1,0.0,1,400.0,22.0,2,0.100126028061,0,94.0,2,2,2.86539633251,4.45864372401,5.3,3.0,5.0,500.0,5
3.1,0.0,2,400.0,22.0,1,0.100121021271,2,94.0,1,8,4.00547274408,-3.47076188991,5.3,3.0,5.0,500.0,5
3.1,0.0,1,400.0,22.0,0,0.100106954575,1,94.0,1,14,-4.00547274408,-3.47076188991,5.3,3.0,5.0,500.0,5
3.1,0.0,1,400.0,22.0,0,0.100146055222,-1,94.0,1,5,5.24605364197,0.754268642848,5.3,3.0,5.0,500.0,5
3.1,0.0,2,400.0,22.0,1,0.100143194199,1,94.0,2,2,2.86539633251,4.45864372401,5.3,3.0,5.0,500.0,5
3.1,0.0,2,400.0,22.0,-1,0.100122928619,-1,94.0,1,9,2.86539633251,-4.45864372401,5.3,3.0,5.0,500.0,5
3.1,0.0,2,400.0,22.0,-1,0.100133895874,-1,94.0,2,0,0.0,5.3,5.3,3.0,5.0,500.0,5
3.1,0.0,2,400.0,22.0,1,0.100114107132,0,94.0,1,1,1.49318255126,5.08531276016,5.3,3.0,5.0,500.0,5
3.1,0.0,2,400.0,22.0,0,0.100144863129,1,94.0,1,7,4.82104957538,-2.20169956891,5.3,3.0,5.0,500.0,5
3.1,0.0,2,400.0,22.0,0,0.10011100769,0,94.0,1,8,4.00547274408,-3.47076188991,5.3,3.0,5.0,500.0,5
3.1,0.0,1,400.0,22.0,-1,0.100113153458,0,94.0,1,18,-4.82104957538,2.20169956891,5.3,3.0,5.0,500.0,5
3.1,0.0,1,400.0,22.0,-1,0.100141763687,0,94.0,1,8,4.00547274408,-3.47076188991,5.3,3.0,5.0,500.0,5
3.1,0.0,1,400.0,22.0,0,0.100143909454,0,94.0,2,19,-4.00547274408,3.47076188991,5.3,3.0,5.0,500.0,5
3.1,0.0,2,400.0,22.0,-1,0.100092172623,0,94.0,2,1,1.49318255126,5.08531276016,5.3,3.0,5.0,500.0,5
3.1,0.0,2,400.0,22.0,1,0.100113153458,-1,94.0,1,8,4.00547274408,-3.47076188991,5.3,3.0,5.0,500.0,5
3.1,0.0,2,400.0,22.0,-1,0.100134134293,-1,94.0,1,19,-4.00547274408,3.47076188991,5.3,3.0,5.0,500.0,5
3.1,0.0,2,400.0,22.0,-2,0.100148916245,-2,94.0,2,16,-5.24605364197,-0.754268642848,5.3,3.0,5.0,500.0,5
3.1,0.0,1,400.0,22.0,0,0.100149869919,-1,94.0,1,16,-5.24605364197,-0.754268642848,5.3,3.0,5.0,500.0,5
3.1,0.0,2,400.0,22.0,0,0.10009098053,0,94.0,1,18,-4.82104957538,2.20169956891,5.3,3.0,5.0,500.0,5
3.1,0.0,2,400.0,22.0,2,0.100107192993,2,94.0,1,2,2.86539633251,4.45864372401,5.3,3.0,5.0,500.0,5
3.1,0.0,2,400.0,22.0,0,0.100075006485,1,94.0,1,11,6.49041367526e-16,-5.3,5.3,3.0,5.0,500.0,5
3.1,0.0,1,400.0,22.0,0,0.100101947784,2,94.0,1,20,-2.86539633251,4.45864372401,5.3,3.0,5.0,500.0,5
3.1,0.0,2,400.0,22.0,0,0.100111961365,1,94.0,1,7,4.82104957538,-2.20169956891,5.3,3.0,5.0,500.0,5
3.1,0.0,1,400.0,22.0,-2,0.100118160248,-2,94.0,1,9,2.86539633251,-4.45864372401,5.3,3.0,5.0,500.0,5
3.1,0.0,1,400.0,22.0,0,0.100131988525,0,94.0,1,18,-4.82104957538,2.20169956891,5.3,3.0,5.0,500.0,5
3.1,0.0,2,400.0,22.0,0,0.100118160248,0,94.0,1,3,4.00547274408,3.47076188991,5.3,3.0,5.0,500.0,5
3.1,0.0,2,400.0,22.0,1,0.100107908249,1,94.0,2,18,-4.82104957538,2.20169956891,5.3,3.0,5.0,500.0,5
3.1,0.0,1,400.0,22.0,-1,0.100106954575,-1,94.0,1,15,-4.82104957538,-2.20169956891,5.3,3.0,5.0,500.0,5
3.1,0.0,2,400.0,22.0,0,0.100141048431,-1,94.0,1,17,-5.24605364197,0.754268642848,5.3,3.0,5.0,500.0,5
3.1,0.0,2,400.0,22.0,-2,0.100130796432,0,94.0,2,14,-4.00547274408,-3.47076188991,5.3,3.0,5.0,500.0,5
3.1,0.0,2,400.0,22.0,2,0.100097179413,0,94.0,2,17,-5.24605364197,0.754268642848,5.3,3.0,5.0,500.0,5
3.1,0.0,2,400.0,22.0,0,0.100116014481,0,94.0,1,5,5.24605364197,0.754268642848,5.3,3.0,5.0,500.0,5
3.1,0.0,2,400.0,22.0,2,0.100049972534,-2,94.0,1,4,4.82104957538,2.20169956891,5.3,3.0,5.0,500.0,5
3.1,0.0,2,400.0,22.0,0,0.100084066391,2,94.0,1,19,-4.00547274408,3.47076188991,5.3,3.0,5.0,500.0,5
3.1,0.0,2,400.0,22.0,0,0.100126981735,0,94.0,1,7,4.82104957538,-2.20169956891,5.3,3.0,5.0,500.0,5
3.1,0.0,1,400.0,22.0,0,0.100175857544,0,94.0,1,17,-5.24605364197,0.754268642848,5.3,3.0,5.0,500.0,5
3.1,0.0,2,400.0,22.0,0,0.100118160248,0,94.0,1,8,4.00547274408,-3.47076188991,5.3,3.0,5.0,500.0,5
3.1,0.0,2,400.0,22.0,0,0.100080013275,0,94.0,1,15,-4.82104957538,-2.20169956891,5.3,3.0,5.0,500.0,5
3.1,0.0,2,400.0,22.0,0,0.100163936615,0,94.0,1,12,-1.49318255126,-5.08531276016,5.3,3.0,5.0,500.0,5
3.1,0.0,1,400.0,22.0,1,0.100128889084,1,94.0,1,10,1.49318255126,-5.08531276016,5.3,3.0,5.0,500.0,5
3.1,0.0,2,400.0,22.0,-1,0.100157022476,-1,94.0,2,6,5.24605364197,-0.754268642848,5.3,3.0,5.0,500.0,5
3.1,0.0,2,400.0,22.0,0,0.100154161453,1,94.0,1,19,-4.00547274408,3.47076188991,5.3,3.0,5.0,500.0,5
3.1,0.0,2,400.0,22.0,0,0.100049972534,0,94.0,2,13,-2.86539633251,-4.45864372401,5.3,3.0,5.0,500.0,5
3.1,0.0,2,400.0,22.0,1,0.100044965744,1,94.0,2,4,4.82104957538,2.20169956891,5.3,3.0,5.0,500.0,5
3.1,0.0,2,400.0,22.0,2,0.100105047226,0,94.0,2,12,-1.49318255126,-5.08531276016,5.3,3.0,5.0,500.0,5
3.1,0.0,2,400.0,22.0,1,0.100572824478,1,94.0,2,18,-4.82104957538,2.20169956891,5.3,3.0,5.0,500.0,5
3.1,0.0,2,400.0,22.0,0,0.100109100342,0,94.0,1,7,4.82104957538,-2.20169956891,5.3,3.0,5.0,500.0,5
3.1,0.0,1,400.0,22.0,2,0.100121974945,0,94.0,1,0,0.0,5.3,5.3,3.0,5.0,500.0,5
3.1,0.0,1,400.0,22.0,0,0.100260019302,0,94.0,1,14,-4.00547274408,-3.47076188991,5.3,3.0,5.0,500.0,5
3.1,0.0,2,400.0,22.0,1,0.100126981735,-1,94.0,2,10,1.49318255126,-5.08531276016,5.3,3.0,5.0,500.0,5
3.1,0.0,1,400.0,22.0,1,0.100047826767,1,94.0,1,17,-5.24605364197,0.754268642848,5.3,3.0,5.0,500.0,5
3.1,0.0,1,400.0,22.0,0,0.100160121918,-2,94.0,1,8,4.00547274408,-3.47076188991,5.3,3.0,5.0,500.0,5
3.1,0.0,1,400.0,22.0,1,0.100190877914,1,94.0,1,4,4.82104957538,2.20169956891,5.3,3.0,5.0,500.0,5
3.1,0.0,2,400.0,22.0,2,0.100130081177,2,94.0,2,2,2.86539633251,4.45864372401,5.3,3.0,5.0,500.0,5
3.1,0.0,2,400.0,22.0,-1,0.100137233734,0,94.0,1,7,4.82104957538,-2.20169956891,5.3,3.0,5.0,500.0,5
3.1,0.0,2,400.0,22.0,2,0.100095033646,2,94.0,1,0,0.0,5.3,5.3,3.0,5.0,500.0,5
3.1,0.0,1,400.0,22.0,0,0.100083827972,-2,94.0,1,15,-4.82104957538,-2.20169956891,5.3,3.0,5.0,500.0,5
3.1,0.0,2,400.0,22.0,0,0.1001060009,0,94.0,1,6,5.24605364197,-0.754268642848,5.3,3.0,5.0,500.0,5
3.1,0.0,1,400.0,22.0,-1,0.100142002106,-1,94.0,1,21,-1.49318255126,5.08531276016,5.3,3.0,5.0,500.0,5
3.1,0.0,2,400.0,22.0,1,0.100141048431,1,94.0,1,14,-4.00547274408,-3.47076188991,5.3,3.0,5.0,500.0,5
3.1,0.0,2,400.0,22.0,2,0.100134134293,-1,94.0,1,3,4.00547274408,3.47076188991,5.3,3.0,5.0,500.0,5
3.1,0.0,1,400.0,22.0,1,0.100138902664,2,94.0,1,9,2.86539633251,-4.45864372401,5.3,3.0,5.0,500.0,5
3.1,0.0,1,400.0,22.0,-1,0.100152015686,-1,94.0,1,19,-4.00547274408,3.47076188991,5.3,3.0,5.0,500.0,5
3.1,0.0,2,400.0,22.0,0,0.1001060009,2,94.0,1,12,-1.49318255126,-5.08531276016,5.3,3.0,5.0,500.0,5
3.1,0.0,1,400.0,22.0,1,0.100059986115,0,94.0,1,15,-4.82104957538,-2.20169956891,5.3,3.0,5.0,500.0,5
3.1,0.0,1,400.0,22.0,-1,0.100093841553,0,94.0,1,15,-4.82104957538,-2.20169956891,5.3,3.0,5.0,500.0,5
3.1,0.0,2,400.0,22.0,0,0.10014796257,0,94.0,1,14,-4.00547274408,-3.47076188991,5.3,3.0,5.0,500.0,5
3.1,0.0,2,400.0,22.0,0,0.100046873093,0,94.0,1,1,1.49318255126,5.08531276016,5.3,3.0,5.0,500.0,5
3.1,0.0,2,400.0,22.0,0,0.100136995316,-1,94.0,1,8,4.00547274408,-3.47076188991,5.3,3.0,5.0,500.0,5
3.1,0.0,1,400.0,22.0,0,0.100104093552,0,94.0,1,17,-5.24605364197,0.754268642848,5.3,3.0,5.0,500.0,5
3.1,0.0,2,400.0,22.0,-1,0.100158929825,-2,94.0,2,0,0.0,5.3,5.3,3.0,5.0,500.0,5
3.1,0.0,2,400.0,22.0,0,0.100117921829,0,94.0,1,17,-5.24605364197,0.754268642848,5.3,3.0,5.0,500.0,5
3.1,0.0,1,400.0,22.0,-1,0.100066184998,1,94.0,1,10,1.49318255126,-5.08531276016,5.3,3.0,5.0,500.0,5
3.1,0.0,2,400.0,22.0,0,0.100147008896,0,94.0,1,15,-4.82104957538,-2.20169956891,5.3,3.0,5.0,500.0,5
3.1,0.0,1,400.0,22.0,-2,0.10009098053,2,94.0,2,21,-1.49318255126,5.08531276016,5.3,3.0,5.0,500.0,5
3.1,0.0,1,400.0,22.0,0,0.100136995316,-2,94.0,1,3,4.00547274408,3.47076188991,5.3,3.0,5.0,500.0,5
3.1,0.0,2,400.0,22.0,0,0.100124120712,0,94.0,2,1,1.49318255126,5.08531276016,5.3,3.0,5.0,500.0,5
3.1,0.0,1,400.0,22.0,0,0.100116014481,0,94.0,1,1,1.49318255126,5.08531276016,5.3,3.0,5.0,500.0,5
3.1,0.0,1,400.0,22.0,0,0.100081920624,0,94.0,1,11,6.49041367526e-16,-5.3,5.3,3.0,5.0,500.0,5
3.1,0.0,1,400.0,22.0,-1,0.100092887878,2,94.0,2,15,-4.82104957538,-2.20169956891,5.3,3.0,5.0,500.0,5
3.1,0.0,1,400.0,22.0,-2,0.100097894669,-2,94.0,1,20,-2.86539633251,4.45864372401,5.3,3.0,5.0,500.0,5
3.1,0.0,2,400.0,22.0,-2,0.100140094757,0,94.0,1,15,-4.82104957538,-2.20169956891,5.3,3.0,5.0,500.0,5
3.1,0.0,1,400.0,22.0,2,0.100160121918,-1,94.0,1,18,-4.82104957538,2.20169956891,5.3,3.0,5.0,500.0,5
3.1,0.0,2,400.0,22.0,0,0.100135087967,2,94.0,1,2,2.86539633251,4.45864372401,5.3,3.0,5.0,500.0,5
3.1,0.0,2,400.0,22.0,0,0.100163936615,-2,94.0,1,16,-5.24605364197,-0.754268642848,5.3,3.0,5.0,500.0,5
3.1,0.0,2,400.0,22.0,0,0.10014295578,0,94.0,2,8,4.00547274408,-3.47076188991,5.3,3.0,5.0,500.0,5
3.1,0.0,2,400.0,22.0,0,0.100135087967,2,94.0,1,12,-1.49318255126,-5.08531276016,5.3,3.0,5.0,500.0,5
3.1,0.0,2,400.0,22.0,2,0.100147008896,1,94.0,2,0,0.0,5.3,5.3,3.0,5.0,500.0,5
3.1,0.0,1,400.0,22.0,0,0.100138902664,-2,94.0,1,7,4.82104957538,-2.20169956891,5.3,3.0,5.0,500.0,5
3.1,0.0,1,400.0,22.0,0,0.100098133087,0,94.0,1,1,1.49318255126,5.08531276016,5.3,3.0,5.0,500.0,5
3.1,0.0,2,400.0,22.0,-1,0.100149869919,-1,94.0,2,13,-2.86539633251,-4.45864372401,5.3,3.0,5.0,500.0,5
3.1,0.0,2,400.0,22.0,1,0.100107192993,1,94.0,1,2,2.86539633251,4.45864372401,5.3,3.0,5.0,500.0,5
3.1,0.0,2,400.0,22.0,0,0.100181102753,0,94.0,1,4,4.82104957538,2.20169956891,5.3,3.0,5.0,500.0,5
3.1,0.0,2,400.0,22.0,-1,0.1001329422,-1,94.0,1,7,4.82104957538,-2.20169956891,5.3,3.0,5.0,500.0,5
3.1,0.0,2,400.0,22.0,1,0.100136041641,1,94.0,1,15,-4.82104957538,-2.20169956891,5.3,3.0,5.0,500.0,5
3.1,0.0,2,400.0,22.0,-1,0.100062131882,0,94.0,1,8,4.00547274408,-3.47076188991,5.3,3.0,5.0,500.0,5
3.1,0.0,1,400.0,22.0,0,0.100104808807,0,94.0,1,3,4.00547274408,3.47076188991,5.3,3.0,5.0,500.0,5
3.1,0.0,1,400.0,22.0,1,0.100102901459,1,94.0,1,15,-4.82104957538,-2.20169956891,5.3,3.0,5.0,500.0,5
3.1,0.0,2,400.0,22.0,-1,0.100085020065,-1,94.0,2,19,-4.00547274408,3.47076188991,5.3,3.0,5.0,500.0,5
3.1,0.0,2,400.0,22.0,-1,0.100085020065,0,94.0,1,16,-5.24605364197,-0.754268642848,5.3,3.0,5.0,500.0,5
3.1,0.0,2,400.0,22.0,0,0.100100040436,0,94.0,1,8,4.00547274408,-3.47076188991,5.3,3.0,5.0,500.0,5
3.1,0.0,2,400.0,22.0,0,0.100130081177,-2,94.0,1,14,-4.00547274408,-3.47076188991,5.3,3.0,5.0,500.0,5
3.1,0.0,2,400.0,22.0,0,0.099996805191,0,94.0,2,8,4.00547274408,-3.47076188991,5.3,3.0,5.0,500.0,5
3.1,0.0,2,400.0,22.0,-2,0.100147008896,-2,94.0,2,10,1.49318255126,-5.08531276016,5.3,3.0,5.0,500.0,5
3.1,0.0,2,400.0,22.0,1,0.100161075592,1,94.0,1,2,2.86539633251,4.45864372401,5.3,3.0,5.0,500.0,5
3.1,0.0,2,400.0,22.0,0,0.100040197372,0,94.0,1,18,-4.82104957538,2.20169956891,5.3,3.0,5.0,500.0,5
3.1,0.0,1,400.0,22.0,0,0.100104093552,1,94.0,2,9,2.86539633251,-4.45864372401,5.3,3.0,5.0,500.0,5
3.1,0.0,2,400.0,22.0,1,0.100051164627,1,94.0,2,12,-1.49318255126,-5.08531276016,5.3,3.0,5.0,500.0,5
3.1,0.0,2,400.0,22.0,1,0.100103139877,0,94.0,2,12,-1.49318255126,-5.08531276016,5.3,3.0,5.0,500.0,5
3.1,0.0,1,400.0,22.0,-2,0.100088119507,-2,94.0,1,14,-4.00547274408,-3.47076188991,5.3,3.0,5.0,500.0,5
3.1,0.0,2,400.0,22.0,-1,0.100131988525,2,94.0,2,1,1.49318255126,5.08531276016,5.3,3.0,5.0,500.0,5
3.1,0.0,2,400.0,22.0,1,0.100096940994,-2,94.0,1,4,4.82104957538,2.20169956891,5.3,3.0,5.0,500.0,5
3.1,0.0,2,400.0,22.0,0,0.100134134293,0,94.0,1,18,-4.82104957538,2.20169956891,5.3,3.0,5.0,500.0,5
3.1,0.0,2,400.0,22.0,-1,0.100152015686,-1,94.0,2,1,1.49318255126,5.08531276016,5.3,3.0,5.0,500.0,5
3.1,0.0,2,400.0,22.0,-1,0.100095033646,-1,94.0,1,19,-4.00547274408,3.47076188991,5.3,3.0,5.0,500.0,5
3.1,0.0,2,400.0,22.0,-1,0.100178003311,-1,94.0,1,9,2.86539633251,-4.45864372401,5.3,3.0,5.0,500.0,5
3.1,0.0,2,400.0,22.0,1,0.100100040436,-1,94.0,1,16,-5.24605364197,-0.754268642848,5.3,3.0,5.0,500.0,5
3.1,0.0,1,400.0,22.0,0,0.100249052048,1,94.0,1,21,-1.49318255126,5.08531276016,5.3,3.0,5.0,500.0,5
3.1,0.0,2,400.0,22.0,-2,0.100136995316,-2,94.0,2,20,-2.86539633251,4.45864372401,5.3,3.0,5.0,500.0,5
3.1,0.0,1,400.0,22.0,-1,0.100111961365,-2,94.0,1,15,-4.82104957538,-2.20169956891,5.3,3.0,5.0,500.0,5
3.1,0.0,2,400.0,22.0,0,0.100116968155,0,94.0,1,17,-5.24605364197,0.754268642848,5.3,3.0,5.0,500.0,5
3.1,0.0,1,400.0,22.0,-2,0.100546836853,-2,94.0,1,10,1.49318255126,-5.08531276016,5.3,3.0,5.0,500.0,5
3.1,0.0,1,400.0,22.0,1,0.0999751091003,1,94.0,1,2,2.86539633251,4.45864372401,5.3,3.0,5.0,500.0,5
3.1,0.0,2,400.0,22.0,0,0.100145101547,2,94.0,1,14,-4.00547274408,-3.47076188991,5.3,3.0,5.0,500.0,5
3.1,0.0,1,400.0,22.0,1,0.100146055222,2,94.0,1,4,4.82104957538,2.20169956891,5.3,3.0,5.0,500.0,5
3.1,0.0,1,400.0,22.0,0,0.100080966949,0,94.0,1,15,-4.82104957538,-2.20169956891,5.3,3.0,5.0,500.0,5
3.1,0.0,2,400.0,22.0,0,0.100120067596,0,94.0,1,17,-5.24605364197,0.754268642848,5.3,3.0,5.0,500.0,5
3.1,0.0,1,400.0,22.0,-2,0.100112915039,1,94.0,2,7,4.82104957538,-2.20169956891,5.3,3.0,5.0,500.0,5
3.1,0.0,2,400.0,22.0,0,0.100101947784,0,94.0,1,3,4.00547274408,3.47076188991,5.3,3.0,5.0,500.0,5
3.1,0.0,2,400.0,22.0,0,0.0998840332031,0,94.0,1,0,0.0,5.3,5.3,3.0,5.0,500.0,5
3.1,0.0,2,400.0,22.0,2,0.100152015686,2,94.0,2,21,-1.49318255126,5.08531276016,5.3,3.0,5.0,500.0,5
3.1,0.0,2,400.0,22.0,0,0.100170850754,0,94.0,1,5,5.24605364197,0.754268642848,5.3,3.0,5.0,500.0,5
3.1,0.0,2,400.0,22.0,0,0.100116968155,0,94.0,1,17,-5.24605364197,0.754268642848,5.3,3.0,5.0,500.0,5
3.1,0.0,2,400.0,22.0,1,0.100031137466,0,94.0,1,4,4.82104957538,2.20169956891,5.3,3.0,5.0,500.0,5
3.1,0.0,2,400.0,22.0,-1,0.100123167038,-1,94.0,1,9,2.86539633251,-4.45864372401,5.3,3.0,5.0,500.0,5
