cue-length,ms-precue,resp-v-hv,ms-st-cue,nitems,resp-h-pos,actualStimOn,resp-v-pos,ms-stimon,resp-h-hv,cue-loc-int,cue-loc-x,cue-loc-y,radius,bars-or-spot,npractice,ntrials,offsett
3.1,0.0,1,400.0,22.0,0,0.100086927414,2,94.0,2,4,4.82104957538,2.20169956891,5.3,0,5.0,400.0,-10.5
3.1,0.0,1,400.0,22.0,-2,0.100079059601,2,94.0,1,3,4.00547274408,3.47076188991,5.3,0,5.0,400.0,-10.5
3.1,0.0,2,400.0,22.0,0,0.100075960159,1,94.0,1,17,-5.24605364197,0.754268642848,5.3,0,5.0,400.0,-10.5
3.1,0.0,1,400.0,22.0,0,0.100104093552,-1,94.0,2,13,-2.86539633251,-4.45864372401,5.3,0,5.0,400.0,-10.5
3.1,0.0,2,400.0,22.0,0,0.100088119507,2,94.0,1,4,4.82104957538,2.20169956891,5.3,0,5.0,400.0,-10.5
3.1,0.0,2,400.0,22.0,-1,0.100144863129,0,94.0,1,3,4.00547274408,3.47076188991,5.3,0,5.0,400.0,-10.5
3.1,0.0,2,400.0,22.0,0,0.100121974945,-1,94.0,2,16,-5.24605364197,-0.754268642848,5.3,0,5.0,400.0,-10.5
3.1,0.0,1,400.0,22.0,0,0.0997760295868,-2,94.0,2,1,1.49318255126,5.08531276016,5.3,0,5.0,400.0,-10.5
3.1,0.0,2,400.0,22.0,2,0.100197792053,0,94.0,1,1,1.49318255126,5.08531276016,5.3,0,5.0,400.0,-10.5
3.1,0.0,2,400.0,22.0,1,0.100138187408,2,94.0,1,1,1.49318255126,5.08531276016,5.3,0,5.0,400.0,-10.5
3.1,0.0,1,400.0,22.0,1,0.099949836731,1,94.0,2,10,1.49318255126,-5.08531276016,5.3,0,5.0,400.0,-10.5
3.1,0.0,2,400.0,22.0,0,0.100144147873,-2,94.0,1,5,5.24605364197,0.754268642848,5.3,0,5.0,400.0,-10.5
3.1,0.0,1,400.0,22.0,-1,0.10017991066,-2,94.0,2,0,0.0,5.3,5.3,0,5.0,400.0,-10.5
3.1,0.0,2,400.0,22.0,1,0.100112915039,0,94.0,1,5,5.24605364197,0.754268642848,5.3,0,5.0,400.0,-10.5
3.1,0.0,2,400.0,22.0,1,0.099898815155,0,94.0,1,11,6.49041367526e-16,-5.3,5.3,0,5.0,400.0,-10.5
3.1,0.0,2,400.0,22.0,0,0.100129842758,1,94.0,2,9,2.86539633251,-4.45864372401,5.3,0,5.0,400.0,-10.5
3.1,0.0,2,400.0,22.0,0,0.100155830383,0,94.0,1,10,1.49318255126,-5.08531276016,5.3,0,5.0,400.0,-10.5
3.1,0.0,2,400.0,22.0,-2,0.100089073181,-1,94.0,2,3,4.00547274408,3.47076188991,5.3,0,5.0,400.0,-10.5
3.1,0.0,2,400.0,22.0,0,0.0999031066895,0,94.0,1,14,-4.00547274408,-3.47076188991,5.3,0,5.0,400.0,-10.5
3.1,0.0,1,400.0,22.0,0,0.10005402565,-2,94.0,2,19,-4.00547274408,3.47076188991,5.3,0,5.0,400.0,-10.5
3.1,0.0,1,400.0,22.0,2,0.100052833557,-1,94.0,1,20,-2.86539633251,4.45864372401,5.3,0,5.0,400.0,-10.5
3.1,0.0,1,400.0,22.0,0,0.100124120712,-2,94.0,1,11,6.49041367526e-16,-5.3,5.3,0,5.0,400.0,-10.5
3.1,0.0,2,400.0,22.0,-1,0.100307941437,-2,94.0,2,2,2.86539633251,4.45864372401,5.3,0,5.0,400.0,-10.5
3.1,0.0,2,400.0,22.0,-2,0.100140094757,2,94.0,2,19,-4.00547274408,3.47076188991,5.3,0,5.0,400.0,-10.5
3.1,0.0,2,400.0,22.0,-1,0.1001060009,1,94.0,1,16,-5.24605364197,-0.754268642848,5.3,0,5.0,400.0,-10.5
3.1,0.0,2,400.0,22.0,-2,0.100155115128,2,94.0,2,9,2.86539633251,-4.45864372401,5.3,0,5.0,400.0,-10.5
3.1,0.0,1,400.0,22.0,1,0.10041809082,-2,94.0,1,1,1.49318255126,5.08531276016,5.3,0,5.0,400.0,-10.5
3.1,0.0,2,400.0,22.0,0,0.100077867508,2,94.0,2,10,1.49318255126,-5.08531276016,5.3,0,5.0,400.0,-10.5
3.1,0.0,2,400.0,22.0,-1,0.100096940994,0,94.0,1,15,-4.82104957538,-2.20169956891,5.3,0,5.0,400.0,-10.5
3.1,0.0,2,400.0,22.0,0,0.100070953369,2,94.0,2,1,1.49318255126,5.08531276016,5.3,0,5.0,400.0,-10.5
3.1,0.0,2,400.0,22.0,2,0.100144863129,-1,94.0,2,9,2.86539633251,-4.45864372401,5.3,0,5.0,400.0,-10.5
3.1,0.0,1,400.0,22.0,0,0.100077152252,-2,94.0,1,15,-4.82104957538,-2.20169956891,5.3,0,5.0,400.0,-10.5
3.1,0.0,2,400.0,22.0,1,0.100080013275,0,94.0,2,6,5.24605364197,-0.754268642848,5.3,0,5.0,400.0,-10.5
3.1,0.0,2,400.0,22.0,0,0.100115060806,0,94.0,1,8,4.00547274408,-3.47076188991,5.3,0,5.0,400.0,-10.5
3.1,0.0,2,400.0,22.0,2,0.100060939789,1,94.0,1,4,4.82104957538,2.20169956891,5.3,0,5.0,400.0,-10.5
3.1,0.0,2,400.0,22.0,1,0.100105047226,0,94.0,1,8,4.00547274408,-3.47076188991,5.3,0,5.0,400.0,-10.5
3.1,0.0,1,400.0,22.0,0,0.10004901886,-1,94.0,2,13,-2.86539633251,-4.45864372401,5.3,0,5.0,400.0,-10.5
3.1,0.0,2,400.0,22.0,0,0.100078105927,1,94.0,2,6,5.24605364197,-0.754268642848,5.3,0,5.0,400.0,-10.5
3.1,0.0,1,400.0,22.0,1,0.100092887878,-1,94.0,2,21,-1.49318255126,5.08531276016,5.3,0,5.0,400.0,-10.5
3.1,0.0,1,400.0,22.0,-1,0.100107908249,-1,94.0,2,2,2.86539633251,4.45864372401,5.3,0,5.0,400.0,-10.5
3.1,0.0,1,400.0,22.0,-1,0.100126028061,-2,94.0,1,9,2.86539633251,-4.45864372401,5.3,0,5.0,400.0,-10.5
3.1,0.0,1,400.0,22.0,-2,0.100095033646,2,94.0,2,13,-2.86539633251,-4.45864372401,5.3,0,5.0,400.0,-10.5
3.1,0.0,1,400.0,22.0,0,0.1001060009,0,94.0,2,5,5.24605364197,0.754268642848,5.3,0,5.0,400.0,-10.5
3.1,0.0,2,400.0,22.0,0,0.100327968597,0,94.0,1,7,4.82104957538,-2.20169956891,5.3,0,5.0,400.0,-10.5
3.1,0.0,1,400.0,22.0,-1,0.100101947784,-2,94.0,2,19,-4.00547274408,3.47076188991,5.3,0,5.0,400.0,-10.5
3.1,0.0,2,400.0,22.0,2,0.100103855133,-1,94.0,1,0,0.0,5.3,5.3,0,5.0,400.0,-10.5
3.1,0.0,2,400.0,22.0,0,0.100129127502,1,94.0,2,0,0.0,5.3,5.3,0,5.0,400.0,-10.5
3.1,0.0,1,400.0,22.0,0,0.100076198578,-1,94.0,1,18,-4.82104957538,2.20169956891,5.3,0,5.0,400.0,-10.5
3.1,0.0,2,400.0,22.0,0,0.10010099411,0,94.0,1,1,1.49318255126,5.08531276016,5.3,0,5.0,400.0,-10.5
3.1,0.0,2,400.0,22.0,2,0.0998678207397,-1,94.0,2,9,2.86539633251,-4.45864372401,5.3,0,5.0,400.0,-10.5
3.1,0.0,2,400.0,22.0,1,0.100100040436,-2,94.0,2,4,4.82104957538,2.20169956891,5.3,0,5.0,400.0,-10.5
3.1,0.0,2,400.0,22.0,2,0.100123882294,0,94.0,2,17,-5.24605364197,0.754268642848,5.3,0,5.0,400.0,-10.5
3.1,0.0,2,400.0,22.0,0,0.100336074829,0,94.0,1,21,-1.49318255126,5.08531276016,5.3,0,5.0,400.0,-10.5
3.1,0.0,1,400.0,22.0,0,0.100292921066,1,94.0,1,5,5.24605364197,0.754268642848,5.3,0,5.0,400.0,-10.5
3.1,0.0,2,400.0,22.0,0,0.0997660160065,-1,94.0,1,15,-4.82104957538,-2.20169956891,5.3,0,5.0,400.0,-10.5
3.1,0.0,2,400.0,22.0,1,0.100021839142,1,94.0,1,3,4.00547274408,3.47076188991,5.3,0,5.0,400.0,-10.5
3.1,0.0,2,400.0,22.0,-1,0.100075960159,0,94.0,1,20,-2.86539633251,4.45864372401,5.3,0,5.0,400.0,-10.5
3.1,0.0,2,400.0,22.0,0,0.100063085556,2,94.0,1,4,4.82104957538,2.20169956891,5.3,0,5.0,400.0,-10.5
3.1,0.0,2,400.0,22.0,0,0.100146055222,-1,94.0,1,1,1.49318255126,5.08531276016,5.3,0,5.0,400.0,-10.5
3.1,0.0,1,400.0,22.0,0,0.100111961365,1,94.0,1,14,-4.00547274408,-3.47076188991,5.3,0,5.0,400.0,-10.5
3.1,0.0,1,400.0,22.0,-2,0.10009098053,0,94.0,2,15,-4.82104957538,-2.20169956891,5.3,0,5.0,400.0,-10.5
3.1,0.0,2,400.0,22.0,2,0.100105047226,-1,94.0,2,13,-2.86539633251,-4.45864372401,5.3,0,5.0,400.0,-10.5
3.1,0.0,2,400.0,22.0,0,0.100131034851,1,94.0,1,21,-1.49318255126,5.08531276016,5.3,0,5.0,400.0,-10.5
3.1,0.0,2,400.0,22.0,-1,0.100095033646,1,94.0,1,15,-4.82104957538,-2.20169956891,5.3,0,5.0,400.0,-10.5
3.1,0.0,2,400.0,22.0,-2,0.100121974945,0,94.0,1,19,-4.00547274408,3.47076188991,5.3,0,5.0,400.0,-10.5
3.1,0.0,2,400.0,22.0,1,0.100093841553,-1,94.0,1,12,-1.49318255126,-5.08531276016,5.3,0,5.0,400.0,-10.5
3.1,0.0,2,400.0,22.0,-1,0.100098848343,2,94.0,1,12,-1.49318255126,-5.08531276016,5.3,0,5.0,400.0,-10.5
3.1,0.0,2,400.0,22.0,1,0.100091934204,0,94.0,2,9,2.86539633251,-4.45864372401,5.3,0,5.0,400.0,-10.5
3.1,0.0,2,400.0,22.0,-1,0.100074052811,0,94.0,2,13,-2.86539633251,-4.45864372401,5.3,0,5.0,400.0,-10.5
3.1,0.0,2,400.0,22.0,0,0.100062131882,0,94.0,1,5,5.24605364197,0.754268642848,5.3,0,5.0,400.0,-10.5
3.1,0.0,2,400.0,22.0,0,0.100068807602,0,94.0,1,14,-4.00547274408,-3.47076188991,5.3,0,5.0,400.0,-10.5
3.1,0.0,2,400.0,22.0,1,0.100070953369,1,94.0,1,4,4.82104957538,2.20169956891,5.3,0,5.0,400.0,-10.5
3.1,0.0,2,400.0,22.0,0,0.10011100769,0,94.0,1,16,-5.24605364197,-0.754268642848,5.3,0,5.0,400.0,-10.5
3.1,0.0,1,400.0,22.0,1,0.100103139877,0,94.0,1,2,2.86539633251,4.45864372401,5.3,0,5.0,400.0,-10.5
3.1,0.0,2,400.0,22.0,2,0.100107192993,1,94.0,2,4,4.82104957538,2.20169956891,5.3,0,5.0,400.0,-10.5
3.1,0.0,2,400.0,22.0,0,0.100071907043,0,94.0,1,19,-4.00547274408,3.47076188991,5.3,0,5.0,400.0,-10.5
3.1,0.0,2,400.0,22.0,0,0.1001329422,2,94.0,1,11,6.49041367526e-16,-5.3,5.3,0,5.0,400.0,-10.5
3.1,0.0,2,400.0,22.0,1,0.100083112717,-1,94.0,1,0,0.0,5.3,5.3,0,5.0,400.0,-10.5
3.1,0.0,2,400.0,22.0,0,0.100183963776,1,94.0,1,21,-1.49318255126,5.08531276016,5.3,0,5.0,400.0,-10.5
3.1,0.0,2,400.0,22.0,0,0.100142002106,0,94.0,1,3,4.00547274408,3.47076188991,5.3,0,5.0,400.0,-10.5
3.1,0.0,2,400.0,22.0,1,0.100126981735,1,94.0,1,4,4.82104957538,2.20169956891,5.3,0,5.0,400.0,-10.5
3.1,0.0,2,400.0,22.0,2,0.100081920624,0,94.0,2,10,1.49318255126,-5.08531276016,5.3,0,5.0,400.0,-10.5
3.1,0.0,1,400.0,22.0,1,0.100116014481,-2,94.0,2,19,-4.00547274408,3.47076188991,5.3,0,5.0,400.0,-10.5
3.1,0.0,2,400.0,22.0,-2,0.100947141647,2,94.0,2,15,-4.82104957538,-2.20169956891,5.3,0,5.0,400.0,-10.5
3.1,0.0,1,400.0,22.0,-1,0.10008597374,0,94.0,1,12,-1.49318255126,-5.08531276016,5.3,0,5.0,400.0,-10.5
3.1,0.0,2,400.0,22.0,0,0.100123167038,0,94.0,1,2,2.86539633251,4.45864372401,5.3,0,5.0,400.0,-10.5
3.1,0.0,1,400.0,22.0,0,0.100095033646,-1,94.0,1,9,2.86539633251,-4.45864372401,5.3,0,5.0,400.0,-10.5
3.1,0.0,2,400.0,22.0,0,0.100153923035,0,94.0,1,17,-5.24605364197,0.754268642848,5.3,0,5.0,400.0,-10.5
3.1,0.0,2,400.0,22.0,0,0.10010099411,0,94.0,1,7,4.82104957538,-2.20169956891,5.3,0,5.0,400.0,-10.5
3.1,0.0,1,400.0,22.0,-1,0.100175142288,-2,94.0,1,0,0.0,5.3,5.3,0,5.0,400.0,-10.5
3.1,0.0,1,400.0,22.0,0,0.100152015686,-1,94.0,2,17,-5.24605364197,0.754268642848,5.3,0,5.0,400.0,-10.5
3.1,0.0,2,400.0,22.0,0,0.10009598732,0,94.0,1,8,4.00547274408,-3.47076188991,5.3,0,5.0,400.0,-10.5
3.1,0.0,2,400.0,22.0,-1,0.100126981735,-2,94.0,1,5,5.24605364197,0.754268642848,5.3,0,5.0,400.0,-10.5
3.1,0.0,2,400.0,22.0,0,0.100301980972,0,94.0,1,0,0.0,5.3,5.3,0,5.0,400.0,-10.5
3.1,0.0,2,400.0,22.0,1,0.099977016449,1,94.0,1,4,4.82104957538,2.20169956891,5.3,0,5.0,400.0,-10.5
3.1,0.0,2,400.0,22.0,1,0.100157976151,0,94.0,2,2,2.86539633251,4.45864372401,5.3,0,5.0,400.0,-10.5
3.1,0.0,2,400.0,22.0,0,0.100093126297,0,94.0,1,8,4.00547274408,-3.47076188991,5.3,0,5.0,400.0,-10.5
3.1,0.0,2,400.0,22.0,0,0.100108146667,-1,94.0,2,12,-1.49318255126,-5.08531276016,5.3,0,5.0,400.0,-10.5
3.1,0.0,1,400.0,22.0,2,0.100088834763,0,94.0,1,17,-5.24605364197,0.754268642848,5.3,0,5.0,400.0,-10.5
3.1,0.0,2,400.0,22.0,-1,0.100131988525,1,94.0,1,19,-4.00547274408,3.47076188991,5.3,0,5.0,400.0,-10.5
3.1,0.0,1,400.0,22.0,1,0.0999889373779,0,94.0,2,3,4.00547274408,3.47076188991,5.3,0,5.0,400.0,-10.5
3.1,0.0,2,400.0,22.0,1,0.100032806396,2,94.0,1,14,-4.00547274408,-3.47076188991,5.3,0,5.0,400.0,-10.5
3.1,0.0,2,400.0,22.0,2,0.1001329422,0,94.0,2,15,-4.82104957538,-2.20169956891,5.3,0,5.0,400.0,-10.5
3.1,0.0,1,400.0,22.0,-1,0.100121974945,1,94.0,1,2,2.86539633251,4.45864372401,5.3,0,5.0,400.0,-10.5
3.1,0.0,2,400.0,22.0,-1,0.100068092346,-1,94.0,1,18,-4.82104957538,2.20169956891,5.3,0,5.0,400.0,-10.5
3.1,0.0,1,400.0,22.0,0,0.100135087967,-1,94.0,1,10,1.49318255126,-5.08531276016,5.3,0,5.0,400.0,-10.5
3.1,0.0,1,400.0,22.0,-1,0.10009598732,1,94.0,2,2,2.86539633251,4.45864372401,5.3,0,5.0,400.0,-10.5
3.1,0.0,2,400.0,22.0,0,0.100075006485,0,94.0,1,6,5.24605364197,-0.754268642848,5.3,0,5.0,400.0,-10.5
3.1,0.0,2,400.0,22.0,0,0.100069046021,0,94.0,1,11,6.49041367526e-16,-5.3,5.3,0,5.0,400.0,-10.5
3.1,0.0,2,400.0,22.0,0,0.100099086761,0,94.0,1,15,-4.82104957538,-2.20169956891,5.3,0,5.0,400.0,-10.5
3.1,0.0,2,400.0,22.0,1,0.10009098053,0,94.0,1,15,-4.82104957538,-2.20169956891,5.3,0,5.0,400.0,-10.5
3.1,0.0,1,400.0,22.0,1,0.100144147873,1,94.0,2,6,5.24605364197,-0.754268642848,5.3,0,5.0,400.0,-10.5
3.1,0.0,1,400.0,22.0,0,0.100134849548,-1,94.0,2,21,-1.49318255126,5.08531276016,5.3,0,5.0,400.0,-10.5
3.1,0.0,2,400.0,22.0,1,0.100173950195,0,94.0,2,8,4.00547274408,-3.47076188991,5.3,0,5.0,400.0,-10.5
3.1,0.0,2,400.0,22.0,0,0.100129842758,0,94.0,1,14,-4.00547274408,-3.47076188991,5.3,0,5.0,400.0,-10.5
3.1,0.0,2,400.0,22.0,0,0.100134134293,0,94.0,2,15,-4.82104957538,-2.20169956891,5.3,0,5.0,400.0,-10.5
3.1,0.0,2,400.0,22.0,1,0.100089073181,0,94.0,1,16,-5.24605364197,-0.754268642848,5.3,0,5.0,400.0,-10.5
3.1,0.0,2,400.0,22.0,0,0.100333929062,0,94.0,1,8,4.00547274408,-3.47076188991,5.3,0,5.0,400.0,-10.5
3.1,0.0,2,400.0,22.0,-2,0.100059986115,0,94.0,1,21,-1.49318255126,5.08531276016,5.3,0,5.0,400.0,-10.5
3.1,0.0,2,400.0,22.0,0,0.10014796257,0,94.0,1,15,-4.82104957538,-2.20169956891,5.3,0,5.0,400.0,-10.5
3.1,0.0,2,400.0,22.0,0,0.100146055222,1,94.0,1,8,4.00547274408,-3.47076188991,5.3,0,5.0,400.0,-10.5
3.1,0.0,2,400.0,22.0,0,0.100111961365,0,94.0,1,10,1.49318255126,-5.08531276016,5.3,0,5.0,400.0,-10.5
3.1,0.0,2,400.0,22.0,0,0.100086927414,1,94.0,2,12,-1.49318255126,-5.08531276016,5.3,0,5.0,400.0,-10.5
3.1,0.0,2,400.0,22.0,1,0.100157022476,1,94.0,1,6,5.24605364197,-0.754268642848,5.3,0,5.0,400.0,-10.5
3.1,0.0,2,400.0,22.0,0,0.0999889373779,0,94.0,1,11,6.49041367526e-16,-5.3,5.3,0,5.0,400.0,-10.5
3.1,0.0,2,400.0,22.0,0,0.100077867508,0,94.0,1,10,1.49318255126,-5.08531276016,5.3,0,5.0,400.0,-10.5
3.1,0.0,2,400.0,22.0,-1,0.100160837173,-1,94.0,1,17,-5.24605364197,0.754268642848,5.3,0,5.0,400.0,-10.5
3.1,0.0,2,400.0,22.0,1,0.100147008896,1,94.0,1,4,4.82104957538,2.20169956891,5.3,0,5.0,400.0,-10.5
3.1,0.0,2,400.0,22.0,1,0.100108146667,0,94.0,1,2,2.86539633251,4.45864372401,5.3,0,5.0,400.0,-10.5
3.1,0.0,1,400.0,22.0,0,0.100309848785,-2,94.0,1,18,-4.82104957538,2.20169956891,5.3,0,5.0,400.0,-10.5
3.1,0.0,1,400.0,22.0,2,0.100176095963,-1,94.0,2,19,-4.00547274408,3.47076188991,5.3,0,5.0,400.0,-10.5
3.1,0.0,2,400.0,22.0,1,0.100105047226,0,94.0,2,15,-4.82104957538,-2.20169956891,5.3,0,5.0,400.0,-10.5
3.1,0.0,2,400.0,22.0,1,0.100508928299,1,94.0,1,4,4.82104957538,2.20169956891,5.3,0,5.0,400.0,-10.5
3.1,0.0,2,400.0,22.0,0,0.100117921829,0,94.0,1,16,-5.24605364197,-0.754268642848,5.3,0,5.0,400.0,-10.5
3.1,0.0,2,400.0,22.0,0,0.100141048431,0,94.0,1,8,4.00547274408,-3.47076188991,5.3,0,5.0,400.0,-10.5
3.1,0.0,2,400.0,22.0,0,0.100126981735,0,94.0,1,9,2.86539633251,-4.45864372401,5.3,0,5.0,400.0,-10.5
3.1,0.0,2,400.0,22.0,1,0.100098848343,1,94.0,1,5,5.24605364197,0.754268642848,5.3,0,5.0,400.0,-10.5
3.1,0.0,1,400.0,22.0,2,0.0999441146851,2,94.0,2,2,2.86539633251,4.45864372401,5.3,0,5.0,400.0,-10.5
3.1,0.0,1,400.0,22.0,-1,0.100148916245,0,94.0,2,6,5.24605364197,-0.754268642848,5.3,0,5.0,400.0,-10.5
3.1,0.0,2,400.0,22.0,0,0.10012793541,0,94.0,1,5,5.24605364197,0.754268642848,5.3,0,5.0,400.0,-10.5
3.1,0.0,2,400.0,22.0,0,0.100110054016,0,94.0,1,15,-4.82104957538,-2.20169956891,5.3,0,5.0,400.0,-10.5
3.1,0.0,2,400.0,22.0,-1,0.100073099136,2,94.0,2,2,2.86539633251,4.45864372401,5.3,0,5.0,400.0,-10.5
3.1,0.0,2,400.0,22.0,0,0.100163936615,0,94.0,1,6,5.24605364197,-0.754268642848,5.3,0,5.0,400.0,-10.5
3.1,0.0,2,400.0,22.0,0,0.100081920624,1,94.0,2,6,5.24605364197,-0.754268642848,5.3,0,5.0,400.0,-10.5
3.1,0.0,2,400.0,22.0,2,0.0996098518372,-1,94.0,2,21,-1.49318255126,5.08531276016,5.3,0,5.0,400.0,-10.5
3.1,0.0,2,400.0,22.0,1,0.100110054016,1,94.0,1,4,4.82104957538,2.20169956891,5.3,0,5.0,400.0,-10.5
3.1,0.0,1,400.0,22.0,0,0.100088834763,-1,94.0,1,3,4.00547274408,3.47076188991,5.3,0,5.0,400.0,-10.5
3.1,0.0,2,400.0,22.0,0,0.10013794899,0,94.0,1,7,4.82104957538,-2.20169956891,5.3,0,5.0,400.0,-10.5
3.1,0.0,2,400.0,22.0,0,0.100154876709,-2,94.0,1,14,-4.00547274408,-3.47076188991,5.3,0,5.0,400.0,-10.5
3.1,0.0,2,400.0,22.0,2,0.100092172623,1,94.0,1,3,4.00547274408,3.47076188991,5.3,0,5.0,400.0,-10.5
3.1,0.0,1,400.0,22.0,0,0.100056886673,1,94.0,1,3,4.00547274408,3.47076188991,5.3,0,5.0,400.0,-10.5
3.1,0.0,2,400.0,22.0,1,0.100160121918,1,94.0,1,6,5.24605364197,-0.754268642848,5.3,0,5.0,400.0,-10.5
3.1,0.0,2,400.0,22.0,0,0.100052118301,0,94.0,1,9,2.86539633251,-4.45864372401,5.3,0,5.0,400.0,-10.5
3.1,0.0,1,400.0,22.0,-2,0.100119113922,-1,94.0,1,12,-1.49318255126,-5.08531276016,5.3,0,5.0,400.0,-10.5
3.1,0.0,2,400.0,22.0,2,0.100112915039,0,94.0,1,2,2.86539633251,4.45864372401,5.3,0,5.0,400.0,-10.5
3.1,0.0,2,400.0,22.0,-1,0.100105047226,0,94.0,1,19,-4.00547274408,3.47076188991,5.3,0,5.0,400.0,-10.5
3.1,0.0,2,400.0,22.0,1,0.100167989731,2,94.0,2,14,-4.00547274408,-3.47076188991,5.3,0,5.0,400.0,-10.5
3.1,0.0,2,400.0,22.0,0,0.100115060806,0,94.0,1,14,-4.00547274408,-3.47076188991,5.3,0,5.0,400.0,-10.5
3.1,0.0,1,400.0,22.0,-2,0.100085020065,2,94.0,1,20,-2.86539633251,4.45864372401,5.3,0,5.0,400.0,-10.5
3.1,0.0,2,400.0,22.0,0,0.100090026855,2,94.0,1,6,5.24605364197,-0.754268642848,5.3,0,5.0,400.0,-10.5
3.1,0.0,2,400.0,22.0,0,0.100188016891,0,94.0,1,15,-4.82104957538,-2.20169956891,5.3,0,5.0,400.0,-10.5
3.1,0.0,2,400.0,22.0,-1,0.100078105927,-2,94.0,1,20,-2.86539633251,4.45864372401,5.3,0,5.0,400.0,-10.5
3.1,0.0,2,400.0,22.0,-1,0.100167036057,0,94.0,1,18,-4.82104957538,2.20169956891,5.3,0,5.0,400.0,-10.5
3.1,0.0,1,400.0,22.0,1,0.100080013275,-1,94.0,1,6,5.24605364197,-0.754268642848,5.3,0,5.0,400.0,-10.5
3.1,0.0,2,400.0,22.0,-1,0.100092887878,-1,94.0,1,19,-4.00547274408,3.47076188991,5.3,0,5.0,400.0,-10.5
3.1,0.0,1,400.0,22.0,-2,0.100116014481,2,94.0,1,14,-4.00547274408,-3.47076188991,5.3,0,5.0,400.0,-10.5
3.1,0.0,2,400.0,22.0,2,0.100116014481,-1,94.0,1,20,-2.86539633251,4.45864372401,5.3,0,5.0,400.0,-10.5
3.1,0.0,2,400.0,22.0,0,0.0999758243561,-1,94.0,2,14,-4.00547274408,-3.47076188991,5.3,0,5.0,400.0,-10.5
3.1,0.0,1,400.0,22.0,-1,0.100116014481,0,94.0,2,17,-5.24605364197,0.754268642848,5.3,0,5.0,400.0,-10.5
3.1,0.0,2,400.0,22.0,0,0.10009598732,0,94.0,1,14,-4.00547274408,-3.47076188991,5.3,0,5.0,400.0,-10.5
3.1,0.0,1,400.0,22.0,0,0.100074052811,-1,94.0,2,17,-5.24605364197,0.754268642848,5.3,0,5.0,400.0,-10.5
3.1,0.0,1,400.0,22.0,-1,0.100089073181,1,94.0,1,3,4.00547274408,3.47076188991,5.3,0,5.0,400.0,-10.5
3.1,0.0,2,400.0,22.0,1,0.100115060806,0,94.0,1,4,4.82104957538,2.20169956891,5.3,0,5.0,400.0,-10.5
3.1,0.0,2,400.0,22.0,-1,0.100122928619,0,94.0,1,18,-4.82104957538,2.20169956891,5.3,0,5.0,400.0,-10.5
3.1,0.0,2,400.0,22.0,1,0.0999610424042,1,94.0,1,6,5.24605364197,-0.754268642848,5.3,0,5.0,400.0,-10.5
3.1,0.0,2,400.0,22.0,2,0.100155830383,-1,94.0,1,21,-1.49318255126,5.08531276016,5.3,0,5.0,400.0,-10.5
3.1,0.0,2,400.0,22.0,2,0.10009098053,2,94.0,1,14,-4.00547274408,-3.47076188991,5.3,0,5.0,400.0,-10.5
3.1,0.0,2,400.0,22.0,0,0.0999660491943,0,94.0,1,5,5.24605364197,0.754268642848,5.3,0,5.0,400.0,-10.5
3.1,0.0,1,400.0,22.0,1,0.100158929825,0,94.0,2,18,-4.82104957538,2.20169956891,5.3,0,5.0,400.0,-10.5
3.1,0.0,1,400.0,22.0,0,0.100322961807,-1,94.0,2,20,-2.86539633251,4.45864372401,5.3,0,5.0,400.0,-10.5
3.1,0.0,2,400.0,22.0,0,0.100152015686,0,94.0,1,12,-1.49318255126,-5.08531276016,5.3,0,5.0,400.0,-10.5
3.1,0.0,2,400.0,22.0,-1,0.100050926208,0,94.0,1,10,1.49318255126,-5.08531276016,5.3,0,5.0,400.0,-10.5
3.1,0.0,2,400.0,22.0,0,0.100138187408,0,94.0,1,20,-2.86539633251,4.45864372401,5.3,0,5.0,400.0,-10.5
3.1,0.0,2,400.0,22.0,0,0.100111961365,0,94.0,1,8,4.00547274408,-3.47076188991,5.3,0,5.0,400.0,-10.5
3.1,0.0,2,400.0,22.0,0,0.100126028061,1,94.0,1,13,-2.86539633251,-4.45864372401,5.3,0,5.0,400.0,-10.5
3.1,0.0,2,400.0,22.0,0,0.100100040436,0,94.0,1,15,-4.82104957538,-2.20169956891,5.3,0,5.0,400.0,-10.5
3.1,0.0,1,400.0,22.0,0,0.100133180618,-1,94.0,1,9,2.86539633251,-4.45864372401,5.3,0,5.0,400.0,-10.5
3.1,0.0,2,400.0,22.0,1,0.100130081177,1,94.0,1,9,2.86539633251,-4.45864372401,5.3,0,5.0,400.0,-10.5
3.1,0.0,2,400.0,22.0,0,0.100155830383,0,94.0,1,7,4.82104957538,-2.20169956891,5.3,0,5.0,400.0,-10.5
3.1,0.0,2,400.0,22.0,0,0.100131034851,0,94.0,1,16,-5.24605364197,-0.754268642848,5.3,0,5.0,400.0,-10.5
3.1,0.0,2,400.0,22.0,1,0.0999867916107,1,94.0,1,12,-1.49318255126,-5.08531276016,5.3,0,5.0,400.0,-10.5
3.1,0.0,2,400.0,22.0,0,0.100302934647,0,94.0,1,15,-4.82104957538,-2.20169956891,5.3,0,5.0,400.0,-10.5
3.1,0.0,1,400.0,22.0,0,0.0998871326447,1,94.0,2,17,-5.24605364197,0.754268642848,5.3,0,5.0,400.0,-10.5
3.1,0.0,2,400.0,22.0,-1,0.100140094757,0,94.0,2,6,5.24605364197,-0.754268642848,5.3,0,5.0,400.0,-10.5
3.1,0.0,2,400.0,22.0,-1,0.100081920624,-2,94.0,2,2,2.86539633251,4.45864372401,5.3,0,5.0,400.0,-10.5
3.1,0.0,2,400.0,22.0,0,0.100125789642,0,94.0,1,13,-2.86539633251,-4.45864372401,5.3,0,5.0,400.0,-10.5
3.1,0.0,2,400.0,22.0,-1,0.100129842758,-1,94.0,1,9,2.86539633251,-4.45864372401,5.3,0,5.0,400.0,-10.5
3.1,0.0,1,400.0,22.0,0,0.100126028061,1,94.0,2,21,-1.49318255126,5.08531276016,5.3,0,5.0,400.0,-10.5
3.1,0.0,2,400.0,22.0,0,0.100048065186,0,94.0,1,15,-4.82104957538,-2.20169956891,5.3,0,5.0,400.0,-10.5
3.1,0.0,2,400.0,22.0,0,0.100066900253,0,94.0,1,7,4.82104957538,-2.20169956891,5.3,0,5.0,400.0,-10.5
3.1,0.0,2,400.0,22.0,0,0.100124120712,0,94.0,1,10,1.49318255126,-5.08531276016,5.3,0,5.0,400.0,-10.5
3.1,0.0,2,400.0,22.0,0,0.0995709896088,2,94.0,1,20,-2.86539633251,4.45864372401,5.3,0,5.0,400.0,-10.5
3.1,0.0,1,400.0,22.0,0,0.0999190807343,-1,94.0,2,1,1.49318255126,5.08531276016,5.3,0,5.0,400.0,-10.5
3.1,0.0,1,400.0,22.0,0,0.100131988525,-2,94.0,1,13,-2.86539633251,-4.45864372401,5.3,0,5.0,400.0,-10.5
3.1,0.0,2,400.0,22.0,1,0.10011100769,2,94.0,2,19,-4.00547274408,3.47076188991,5.3,0,5.0,400.0,-10.5
3.1,0.0,1,400.0,22.0,0,0.100075960159,-2,94.0,2,5,5.24605364197,0.754268642848,5.3,0,5.0,400.0,-10.5
3.1,0.0,2,400.0,22.0,0,0.100087165833,-1,94.0,1,2,2.86539633251,4.45864372401,5.3,0,5.0,400.0,-10.5
3.1,0.0,1,400.0,22.0,0,0.100094795227,-1,94.0,1,16,-5.24605364197,-0.754268642848,5.3,0,5.0,400.0,-10.5
3.1,0.0,2,400.0,22.0,0,0.100120067596,0,94.0,1,14,-4.00547274408,-3.47076188991,5.3,0,5.0,400.0,-10.5
3.1,0.0,2,400.0,22.0,1,0.100094079971,1,94.0,1,4,4.82104957538,2.20169956891,5.3,0,5.0,400.0,-10.5
3.1,0.0,2,400.0,22.0,-1,0.100126981735,0,94.0,2,9,2.86539633251,-4.45864372401,5.3,0,5.0,400.0,-10.5
3.1,0.0,2,400.0,22.0,-2,0.100091934204,2,94.0,2,17,-5.24605364197,0.754268642848,5.3,0,5.0,400.0,-10.5
3.1,0.0,2,400.0,22.0,0,0.10011100769,1,94.0,1,13,-2.86539633251,-4.45864372401,5.3,0,5.0,400.0,-10.5
3.1,0.0,2,400.0,22.0,-1,0.100122928619,2,94.0,2,0,0.0,5.3,5.3,0,5.0,400.0,-10.5
3.1,0.0,2,400.0,22.0,0,0.0997898578644,0,94.0,1,16,-5.24605364197,-0.754268642848,5.3,0,5.0,400.0,-10.5
3.1,0.0,1,400.0,22.0,0,0.100144147873,-1,94.0,1,5,5.24605364197,0.754268642848,5.3,0,5.0,400.0,-10.5
3.1,0.0,2,400.0,22.0,0,0.100049972534,0,94.0,1,16,-5.24605364197,-0.754268642848,5.3,0,5.0,400.0,-10.5
3.1,0.0,1,400.0,22.0,1,0.10009598732,1,94.0,2,19,-4.00547274408,3.47076188991,5.3,0,5.0,400.0,-10.5
3.1,0.0,2,400.0,22.0,-1,0.100113153458,0,94.0,2,12,-1.49318255126,-5.08531276016,5.3,0,5.0,400.0,-10.5
3.1,0.0,1,400.0,22.0,0,0.100105047226,0,94.0,2,9,2.86539633251,-4.45864372401,5.3,0,5.0,400.0,-10.5
3.1,0.0,1,400.0,22.0,0,0.100078105927,-2,94.0,2,21,-1.49318255126,5.08531276016,5.3,0,5.0,400.0,-10.5
3.1,0.0,2,400.0,22.0,-1,0.100044965744,1,94.0,1,0,0.0,5.3,5.3,0,5.0,400.0,-10.5
3.1,0.0,2,400.0,22.0,2,0.100383996964,1,94.0,1,4,4.82104957538,2.20169956891,5.3,0,5.0,400.0,-10.5
3.1,0.0,2,400.0,22.0,1,0.100088834763,1,94.0,1,5,5.24605364197,0.754268642848,5.3,0,5.0,400.0,-10.5
3.1,0.0,1,400.0,22.0,2,0.10011100769,0,94.0,1,13,-2.86539633251,-4.45864372401,5.3,0,5.0,400.0,-10.5
3.1,0.0,2,400.0,22.0,0,0.100134134293,1,94.0,1,14,-4.00547274408,-3.47076188991,5.3,0,5.0,400.0,-10.5
3.1,0.0,1,400.0,22.0,0,0.0995528697968,2,94.0,2,5,5.24605364197,0.754268642848,5.3,0,5.0,400.0,-10.5
3.1,0.0,2,400.0,22.0,-2,0.100018978119,0,94.0,1,11,6.49041367526e-16,-5.3,5.3,0,5.0,400.0,-10.5
3.1,0.0,1,400.0,22.0,-1,0.100170850754,-2,94.0,1,18,-4.82104957538,2.20169956891,5.3,0,5.0,400.0,-10.5
3.1,0.0,2,400.0,22.0,-1,0.10018491745,1,94.0,2,1,1.49318255126,5.08531276016,5.3,0,5.0,400.0,-10.5
3.1,0.0,2,400.0,22.0,-1,0.10009598732,0,94.0,1,14,-4.00547274408,-3.47076188991,5.3,0,5.0,400.0,-10.5
3.1,0.0,2,400.0,22.0,-1,0.100090026855,2,94.0,2,21,-1.49318255126,5.08531276016,5.3,0,5.0,400.0,-10.5
3.1,0.0,2,400.0,22.0,0,0.100119113922,0,94.0,1,7,4.82104957538,-2.20169956891,5.3,0,5.0,400.0,-10.5
3.1,0.0,2,400.0,22.0,1,0.100198984146,0,94.0,2,12,-1.49318255126,-5.08531276016,5.3,0,5.0,400.0,-10.5
3.1,0.0,2,400.0,22.0,1,0.100165128708,0,94.0,1,5,5.24605364197,0.754268642848,5.3,0,5.0,400.0,-10.5
3.1,0.0,2,400.0,22.0,1,0.10010099411,1,94.0,1,5,5.24605364197,0.754268642848,5.3,0,5.0,400.0,-10.5
3.1,0.0,2,400.0,22.0,1,0.100106954575,1,94.0,1,4,4.82104957538,2.20169956891,5.3,0,5.0,400.0,-10.5
3.1,0.0,2,400.0,22.0,-2,0.100069999695,1,94.0,1,1,1.49318255126,5.08531276016,5.3,0,5.0,400.0,-10.5
3.1,0.0,2,400.0,22.0,0,0.100080966949,-2,94.0,2,16,-5.24605364197,-0.754268642848,5.3,0,5.0,400.0,-10.5
3.1,0.0,2,400.0,22.0,2,0.100154161453,0,94.0,2,2,2.86539633251,4.45864372401,5.3,0,5.0,400.0,-10.5
3.1,0.0,2,400.0,22.0,-2,0.100133895874,0,94.0,1,20,-2.86539633251,4.45864372401,5.3,0,5.0,400.0,-10.5
3.1,0.0,2,400.0,22.0,2,0.100070953369,0,94.0,2,17,-5.24605364197,0.754268642848,5.3,0,5.0,400.0,-10.5
3.1,0.0,1,400.0,22.0,1,0.10004901886,1,94.0,2,9,2.86539633251,-4.45864372401,5.3,0,5.0,400.0,-10.5
3.1,0.0,2,400.0,22.0,-1,0.1001329422,0,94.0,2,11,6.49041367526e-16,-5.3,5.3,0,5.0,400.0,-10.5
3.1,0.0,2,400.0,22.0,1,0.100134849548,2,94.0,2,2,2.86539633251,4.45864372401,5.3,0,5.0,400.0,-10.5
3.1,0.0,2,400.0,22.0,-2,0.0997848510742,-2,94.0,1,18,-4.82104957538,2.20169956891,5.3,0,5.0,400.0,-10.5
3.1,0.0,1,400.0,22.0,0,0.100080013275,-1,94.0,1,8,4.00547274408,-3.47076188991,5.3,0,5.0,400.0,-10.5
3.1,0.0,2,400.0,22.0,-2,0.0999028682709,0,94.0,1,1,1.49318255126,5.08531276016,5.3,0,5.0,400.0,-10.5
3.1,0.0,2,400.0,22.0,1,0.100158929825,-1,94.0,2,18,-4.82104957538,2.20169956891,5.3,0,5.0,400.0,-10.5
3.1,0.0,2,400.0,22.0,1,0.100089788437,0,94.0,1,4,4.82104957538,2.20169956891,5.3,0,5.0,400.0,-10.5
3.1,0.0,2,400.0,22.0,1,0.100131034851,0,94.0,1,9,2.86539633251,-4.45864372401,5.3,0,5.0,400.0,-10.5
3.1,0.0,2,400.0,22.0,1,0.0999670028687,1,94.0,1,3,4.00547274408,3.47076188991,5.3,0,5.0,400.0,-10.5
3.1,0.0,2,400.0,22.0,0,0.100159883499,0,94.0,1,17,-5.24605364197,0.754268642848,5.3,0,5.0,400.0,-10.5
3.1,0.0,2,400.0,22.0,0,0.100994110107,1,94.0,2,14,-4.00547274408,-3.47076188991,5.3,0,5.0,400.0,-10.5
3.1,0.0,2,400.0,22.0,0,0.100124120712,-1,94.0,2,18,-4.82104957538,2.20169956891,5.3,0,5.0,400.0,-10.5
3.1,0.0,2,400.0,22.0,0,0.100136041641,0,94.0,1,6,5.24605364197,-0.754268642848,5.3,0,5.0,400.0,-10.5
3.1,0.0,2,400.0,22.0,-2,0.100114107132,0,94.0,2,21,-1.49318255126,5.08531276016,5.3,0,5.0,400.0,-10.5
3.1,0.0,2,400.0,22.0,0,0.100028991699,0,94.0,1,11,6.49041367526e-16,-5.3,5.3,0,5.0,400.0,-10.5
3.1,0.0,1,400.0,22.0,2,0.100093841553,-1,94.0,2,3,4.00547274408,3.47076188991,5.3,0,5.0,400.0,-10.5
3.1,0.0,2,400.0,22.0,-1,0.100069046021,-1,94.0,1,19,-4.00547274408,3.47076188991,5.3,0,5.0,400.0,-10.5
3.1,0.0,2,400.0,22.0,0,0.100121021271,1,94.0,2,20,-2.86539633251,4.45864372401,5.3,0,5.0,400.0,-10.5
3.1,0.0,2,400.0,22.0,0,0.0999150276184,0,94.0,1,21,-1.49318255126,5.08531276016,5.3,0,5.0,400.0,-10.5
3.1,0.0,1,400.0,22.0,-1,0.1001060009,-1,94.0,2,19,-4.00547274408,3.47076188991,5.3,0,5.0,400.0,-10.5
3.1,0.0,2,400.0,22.0,1,0.10011100769,1,94.0,1,3,4.00547274408,3.47076188991,5.3,0,5.0,400.0,-10.5
3.1,0.0,2,400.0,22.0,1,0.100072860718,0,94.0,1,9,2.86539633251,-4.45864372401,5.3,0,5.0,400.0,-10.5
3.1,0.0,1,400.0,22.0,1,0.100122928619,2,94.0,1,5,5.24605364197,0.754268642848,5.3,0,5.0,400.0,-10.5
3.1,0.0,1,400.0,22.0,1,0.100029945374,-1,94.0,1,10,1.49318255126,-5.08531276016,5.3,0,5.0,400.0,-10.5
3.1,0.0,2,400.0,22.0,-2,0.100098848343,-1,94.0,1,19,-4.00547274408,3.47076188991,5.3,0,5.0,400.0,-10.5
3.1,0.0,2,400.0,22.0,-1,0.100090026855,-1,94.0,1,8,4.00547274408,-3.47076188991,5.3,0,5.0,400.0,-10.5
3.1,0.0,2,400.0,22.0,0,0.0999050140381,1,94.0,2,2,2.86539633251,4.45864372401,5.3,0,5.0,400.0,-10.5
3.1,0.0,2,400.0,22.0,0,0.100054979324,0,94.0,1,0,0.0,5.3,5.3,0,5.0,400.0,-10.5
3.1,0.0,2,400.0,22.0,-1,0.100161075592,-1,94.0,1,21,-1.49318255126,5.08531276016,5.3,0,5.0,400.0,-10.5
3.1,0.0,2,400.0,22.0,1,0.0995359420776,0,94.0,1,2,2.86539633251,4.45864372401,5.3,0,5.0,400.0,-10.5
3.1,0.0,2,400.0,22.0,0,0.0999050140381,0,94.0,1,1,1.49318255126,5.08531276016,5.3,0,5.0,400.0,-10.5
3.1,0.0,2,400.0,22.0,1,0.100106954575,-1,94.0,1,10,1.49318255126,-5.08531276016,5.3,0,5.0,400.0,-10.5
3.1,0.0,2,400.0,22.0,2,0.100109100342,-1,94.0,1,16,-5.24605364197,-0.754268642848,5.3,0,5.0,400.0,-10.5
3.1,0.0,2,400.0,22.0,2,0.100041866302,-1,94.0,2,1,1.49318255126,5.08531276016,5.3,0,5.0,400.0,-10.5
3.1,0.0,2,400.0,22.0,-1,0.100094795227,0,94.0,1,8,4.00547274408,-3.47076188991,5.3,0,5.0,400.0,-10.5
3.1,0.0,2,400.0,22.0,-2,0.100111961365,1,94.0,1,12,-1.49318255126,-5.08531276016,5.3,0,5.0,400.0,-10.5
3.1,0.0,2,400.0,22.0,1,0.100106954575,2,94.0,1,1,1.49318255126,5.08531276016,5.3,0,5.0,400.0,-10.5
3.1,0.0,2,400.0,22.0,0,0.0999341011047,0,94.0,1,10,1.49318255126,-5.08531276016,5.3,0,5.0,400.0,-10.5
3.1,0.0,1,400.0,22.0,0,0.10023188591,0,94.0,2,16,-5.24605364197,-0.754268642848,5.3,0,5.0,400.0,-10.5
3.1,0.0,2,400.0,22.0,0,0.100074052811,1,94.0,1,16,-5.24605364197,-0.754268642848,5.3,0,5.0,400.0,-10.5
3.1,0.0,1,400.0,22.0,-1,0.100103139877,-2,94.0,1,18,-4.82104957538,2.20169956891,5.3,0,5.0,400.0,-10.5
3.1,0.0,2,400.0,22.0,0,0.100055932999,0,94.0,1,15,-4.82104957538,-2.20169956891,5.3,0,5.0,400.0,-10.5
3.1,0.0,2,400.0,22.0,0,0.100125074387,0,94.0,1,0,0.0,5.3,5.3,0,5.0,400.0,-10.5
3.1,0.0,1,400.0,22.0,-1,0.100110054016,-1,94.0,2,19,-4.00547274408,3.47076188991,5.3,0,5.0,400.0,-10.5
3.1,0.0,2,400.0,22.0,-1,0.100116968155,0,94.0,2,19,-4.00547274408,3.47076188991,5.3,0,5.0,400.0,-10.5
3.1,0.0,2,400.0,22.0,0,0.100101947784,0,94.0,1,11,6.49041367526e-16,-5.3,5.3,0,5.0,400.0,-10.5
3.1,0.0,2,400.0,22.0,0,0.0998160839081,0,94.0,1,5,5.24605364197,0.754268642848,5.3,0,5.0,400.0,-10.5
3.1,0.0,2,400.0,22.0,0,0.100102901459,1,94.0,2,4,4.82104957538,2.20169956891,5.3,0,5.0,400.0,-10.5
3.1,0.0,2,400.0,22.0,0,0.100107192993,0,94.0,1,15,-4.82104957538,-2.20169956891,5.3,0,5.0,400.0,-10.5
3.1,0.0,2,400.0,22.0,-2,0.10015296936,-1,94.0,2,19,-4.00547274408,3.47076188991,5.3,0,5.0,400.0,-10.5
3.1,0.0,2,400.0,22.0,1,0.100402116776,1,94.0,1,3,4.00547274408,3.47076188991,5.3,0,5.0,400.0,-10.5
3.1,0.0,1,400.0,22.0,0,0.100107908249,-1,94.0,1,20,-2.86539633251,4.45864372401,5.3,0,5.0,400.0,-10.5
3.1,0.0,2,400.0,22.0,0,0.100089073181,-1,94.0,2,19,-4.00547274408,3.47076188991,5.3,0,5.0,400.0,-10.5
3.1,0.0,2,400.0,22.0,0,0.100116014481,-2,94.0,2,11,6.49041367526e-16,-5.3,5.3,0,5.0,400.0,-10.5
3.1,0.0,2,400.0,22.0,-1,0.10004901886,0,94.0,1,16,-5.24605364197,-0.754268642848,5.3,0,5.0,400.0,-10.5
3.1,0.0,2,400.0,22.0,0,0.0999779701233,-2,94.0,2,9,2.86539633251,-4.45864372401,5.3,0,5.0,400.0,-10.5
3.1,0.0,2,400.0,22.0,0,0.1001060009,1,94.0,2,3,4.00547274408,3.47076188991,5.3,0,5.0,400.0,-10.5
3.1,0.0,2,400.0,22.0,1,0.100144147873,1,94.0,1,3,4.00547274408,3.47076188991,5.3,0,5.0,400.0,-10.5
3.1,0.0,2,400.0,22.0,0,0.100863933563,0,94.0,1,4,4.82104957538,2.20169956891,5.3,0,5.0,400.0,-10.5
3.1,0.0,2,400.0,22.0,1,0.100118160248,0,94.0,2,0,0.0,5.3,5.3,0,5.0,400.0,-10.5
3.1,0.0,2,400.0,22.0,1,0.100097179413,0,94.0,2,14,-4.00547274408,-3.47076188991,5.3,0,5.0,400.0,-10.5
3.1,0.0,2,400.0,22.0,0,0.100130081177,0,94.0,1,16,-5.24605364197,-0.754268642848,5.3,0,5.0,400.0,-10.5
3.1,0.0,2,400.0,22.0,0,0.100112915039,-1,94.0,1,18,-4.82104957538,2.20169956891,5.3,0,5.0,400.0,-10.5
3.1,0.0,2,400.0,22.0,1,0.100069046021,2,94.0,2,13,-2.86539633251,-4.45864372401,5.3,0,5.0,400.0,-10.5
3.1,0.0,2,400.0,22.0,0,0.100136995316,-2,94.0,2,0,0.0,5.3,5.3,0,5.0,400.0,-10.5
3.1,0.0,2,400.0,22.0,1,0.100111961365,0,94.0,1,4,4.82104957538,2.20169956891,5.3,0,5.0,400.0,-10.5
3.1,0.0,2,400.0,22.0,-1,0.100110054016,0,94.0,2,6,5.24605364197,-0.754268642848,5.3,0,5.0,400.0,-10.5
3.1,0.0,2,400.0,22.0,1,0.100079059601,0,94.0,2,3,4.00547274408,3.47076188991,5.3,0,5.0,400.0,-10.5
3.1,0.0,2,400.0,22.0,0,0.100091934204,-1,94.0,1,17,-5.24605364197,0.754268642848,5.3,0,5.0,400.0,-10.5
3.1,0.0,2,400.0,22.0,0,0.10009098053,2,94.0,1,7,4.82104957538,-2.20169956891,5.3,0,5.0,400.0,-10.5
3.1,0.0,2,400.0,22.0,2,0.100120067596,1,94.0,2,20,-2.86539633251,4.45864372401,5.3,0,5.0,400.0,-10.5
3.1,0.0,2,400.0,22.0,0,0.100092172623,-1,94.0,2,17,-5.24605364197,0.754268642848,5.3,0,5.0,400.0,-10.5
3.1,0.0,1,400.0,22.0,0,0.100113868713,-2,94.0,1,12,-1.49318255126,-5.08531276016,5.3,0,5.0,400.0,-10.5
3.1,0.0,2,400.0,22.0,1,0.100152015686,-1,94.0,1,19,-4.00547274408,3.47076188991,5.3,0,5.0,400.0,-10.5
3.1,0.0,2,400.0,22.0,0,0.100028038025,0,94.0,1,6,5.24605364197,-0.754268642848,5.3,0,5.0,400.0,-10.5
3.1,0.0,2,400.0,22.0,-1,0.100055932999,-1,94.0,1,19,-4.00547274408,3.47076188991,5.3,0,5.0,400.0,-10.5
3.1,0.0,1,400.0,22.0,0,0.0999131202698,-1,94.0,2,17,-5.24605364197,0.754268642848,5.3,0,5.0,400.0,-10.5
3.1,0.0,2,400.0,22.0,-2,0.100244045258,-2,94.0,1,9,2.86539633251,-4.45864372401,5.3,0,5.0,400.0,-10.5
3.1,0.0,2,400.0,22.0,1,0.100152015686,0,94.0,2,5,5.24605364197,0.754268642848,5.3,0,5.0,400.0,-10.5
3.1,0.0,2,400.0,22.0,0,0.100091934204,0,94.0,1,7,4.82104957538,-2.20169956891,5.3,0,5.0,400.0,-10.5
3.1,0.0,1,400.0,22.0,1,0.100063085556,0,94.0,1,5,5.24605364197,0.754268642848,5.3,0,5.0,400.0,-10.5
3.1,0.0,2,400.0,22.0,-2,0.10008597374,2,94.0,2,10,1.49318255126,-5.08531276016,5.3,0,5.0,400.0,-10.5
3.1,0.0,1,400.0,22.0,-1,0.100068807602,1,94.0,2,20,-2.86539633251,4.45864372401,5.3,0,5.0,400.0,-10.5
3.1,0.0,1,400.0,22.0,0,0.100065946579,1,94.0,2,1,1.49318255126,5.08531276016,5.3,0,5.0,400.0,-10.5
3.1,0.0,2,400.0,22.0,1,0.100134134293,-2,94.0,1,20,-2.86539633251,4.45864372401,5.3,0,5.0,400.0,-10.5
3.1,0.0,1,400.0,22.0,0,0.100074052811,-1,94.0,1,17,-5.24605364197,0.754268642848,5.3,0,5.0,400.0,-10.5
3.1,0.0,2,400.0,22.0,1,0.100126028061,-1,94.0,1,10,1.49318255126,-5.08531276016,5.3,0,5.0,400.0,-10.5
3.1,0.0,2,400.0,22.0,0,0.10009598732,0,94.0,1,19,-4.00547274408,3.47076188991,5.3,0,5.0,400.0,-10.5
3.1,0.0,2,400.0,22.0,0,0.1001329422,0,94.0,1,17,-5.24605364197,0.754268642848,5.3,0,5.0,400.0,-10.5
3.1,0.0,2,400.0,22.0,-1,0.10011100769,1,94.0,1,12,-1.49318255126,-5.08531276016,5.3,0,5.0,400.0,-10.5
3.1,0.0,2,400.0,22.0,0,0.100146055222,-1,94.0,1,20,-2.86539633251,4.45864372401,5.3,0,5.0,400.0,-10.5
3.1,0.0,2,400.0,22.0,-1,0.100183963776,0,94.0,1,11,6.49041367526e-16,-5.3,5.3,0,5.0,400.0,-10.5
3.1,0.0,1,400.0,22.0,-1,0.100048065186,1,94.0,1,14,-4.00547274408,-3.47076188991,5.3,0,5.0,400.0,-10.5
3.1,0.0,2,400.0,22.0,-2,0.100147008896,0,94.0,1,1,1.49318255126,5.08531276016,5.3,0,5.0,400.0,-10.5
3.1,0.0,2,400.0,22.0,-1,0.100118875504,0,94.0,2,21,-1.49318255126,5.08531276016,5.3,0,5.0,400.0,-10.5
3.1,0.0,2,400.0,22.0,0,0.100110054016,0,94.0,1,16,-5.24605364197,-0.754268642848,5.3,0,5.0,400.0,-10.5
3.1,0.0,2,400.0,22.0,1,0.100071907043,0,94.0,1,19,-4.00547274408,3.47076188991,5.3,0,5.0,400.0,-10.5
3.1,0.0,2,400.0,22.0,-1,0.100096940994,-2,94.0,1,15,-4.82104957538,-2.20169956891,5.3,0,5.0,400.0,-10.5
3.1,0.0,2,400.0,22.0,0,0.10014796257,-1,94.0,1,19,-4.00547274408,3.47076188991,5.3,0,5.0,400.0,-10.5
3.1,0.0,2,400.0,22.0,1,0.100131034851,-1,94.0,1,18,-4.82104957538,2.20169956891,5.3,0,5.0,400.0,-10.5
3.1,0.0,2,400.0,22.0,0,0.10011100769,0,94.0,1,11,6.49041367526e-16,-5.3,5.3,0,5.0,400.0,-10.5
3.1,0.0,2,400.0,22.0,0,0.100305080414,0,94.0,1,16,-5.24605364197,-0.754268642848,5.3,0,5.0,400.0,-10.5
3.1,0.0,2,400.0,22.0,1,0.10146188736,2,94.0,1,5,5.24605364197,0.754268642848,5.3,0,5.0,400.0,-10.5
3.1,0.0,2,400.0,22.0,0,0.101717948914,0,94.0,1,7,4.82104957538,-2.20169956891,5.3,0,5.0,400.0,-10.5
3.1,0.0,2,400.0,22.0,2,0.100079059601,0,94.0,2,3,4.00547274408,3.47076188991,5.3,0,5.0,400.0,-10.5
3.1,0.0,2,400.0,22.0,0,0.100092172623,0,94.0,1,11,6.49041367526e-16,-5.3,5.3,0,5.0,400.0,-10.5
3.1,0.0,2,400.0,22.0,0,0.100166082382,-2,94.0,1,19,-4.00547274408,3.47076188991,5.3,0,5.0,400.0,-10.5
3.1,0.0,2,400.0,22.0,0,0.100150823593,0,94.0,1,16,-5.24605364197,-0.754268642848,5.3,0,5.0,400.0,-10.5
3.1,0.0,2,400.0,22.0,1,0.100116014481,1,94.0,1,20,-2.86539633251,4.45864372401,5.3,0,5.0,400.0,-10.5
3.1,0.0,2,400.0,22.0,2,0.100092172623,0,94.0,2,6,5.24605364197,-0.754268642848,5.3,0,5.0,400.0,-10.5
3.1,0.0,2,400.0,22.0,1,0.100133895874,0,94.0,1,13,-2.86539633251,-4.45864372401,5.3,0,5.0,400.0,-10.5
3.1,0.0,2,400.0,22.0,1,0.100108861923,0,94.0,1,4,4.82104957538,2.20169956891,5.3,0,5.0,400.0,-10.5
3.1,0.0,1,400.0,22.0,0,0.100107908249,-1,94.0,1,11,6.49041367526e-16,-5.3,5.3,0,5.0,400.0,-10.5
3.1,0.0,2,400.0,22.0,0,0.0998721122742,0,94.0,1,6,5.24605364197,-0.754268642848,5.3,0,5.0,400.0,-10.5
3.1,0.0,2,400.0,22.0,1,0.100070953369,2,94.0,1,21,-1.49318255126,5.08531276016,5.3,0,5.0,400.0,-10.5
3.1,0.0,1,400.0,22.0,-1,0.100146055222,0,94.0,2,18,-4.82104957538,2.20169956891,5.3,0,5.0,400.0,-10.5
3.1,0.0,2,400.0,22.0,1,0.100085020065,0,94.0,2,21,-1.49318255126,5.08531276016,5.3,0,5.0,400.0,-10.5
3.1,0.0,2,400.0,22.0,0,0.100162029266,-1,94.0,1,8,4.00547274408,-3.47076188991,5.3,0,5.0,400.0,-10.5
3.1,0.0,2,400.0,22.0,1,0.100147008896,1,94.0,1,16,-5.24605364197,-0.754268642848,5.3,0,5.0,400.0,-10.5
3.1,0.0,2,400.0,22.0,-1,0.100031137466,0,94.0,1,18,-4.82104957538,2.20169956891,5.3,0,5.0,400.0,-10.5
3.1,0.0,2,400.0,22.0,1,0.100102901459,-1,94.0,2,9,2.86539633251,-4.45864372401,5.3,0,5.0,400.0,-10.5
3.1,0.0,1,400.0,22.0,-1,0.100126028061,-2,94.0,2,18,-4.82104957538,2.20169956891,5.3,0,5.0,400.0,-10.5
3.1,0.0,2,400.0,22.0,-1,0.0999999046326,-1,94.0,1,21,-1.49318255126,5.08531276016,5.3,0,5.0,400.0,-10.5
3.1,0.0,2,400.0,22.0,1,0.100390911102,0,94.0,1,4,4.82104957538,2.20169956891,5.3,0,5.0,400.0,-10.5
3.1,0.0,2,400.0,22.0,0,0.0998640060425,0,94.0,1,17,-5.24605364197,0.754268642848,5.3,0,5.0,400.0,-10.5
3.1,0.0,2,400.0,22.0,0,0.100103139877,-2,94.0,2,18,-4.82104957538,2.20169956891,5.3,0,5.0,400.0,-10.5
3.1,0.0,2,400.0,22.0,-1,0.10009598732,-1,94.0,1,18,-4.82104957538,2.20169956891,5.3,0,5.0,400.0,-10.5
3.1,0.0,2,400.0,22.0,1,0.100088119507,1,94.0,1,4,4.82104957538,2.20169956891,5.3,0,5.0,400.0,-10.5
3.1,0.0,2,400.0,22.0,0,0.100133895874,0,94.0,1,17,-5.24605364197,0.754268642848,5.3,0,5.0,400.0,-10.5
3.1,0.0,2,400.0,22.0,-1,0.10015296936,0,94.0,1,12,-1.49318255126,-5.08531276016,5.3,0,5.0,400.0,-10.5
3.1,0.0,2,400.0,22.0,-1,0.100078105927,-2,94.0,2,1,1.49318255126,5.08531276016,5.3,0,5.0,400.0,-10.5
3.1,0.0,2,400.0,22.0,0,0.100139141083,1,94.0,1,0,0.0,5.3,5.3,0,5.0,400.0,-10.5
3.1,0.0,1,400.0,22.0,-1,0.100147008896,-2,94.0,1,10,1.49318255126,-5.08531276016,5.3,0,5.0,400.0,-10.5
3.1,0.0,2,400.0,22.0,-1,0.100061893463,0,94.0,1,10,1.49318255126,-5.08531276016,5.3,0,5.0,400.0,-10.5
3.1,0.0,1,400.0,22.0,0,0.100167989731,0,94.0,2,1,1.49318255126,5.08531276016,5.3,0,5.0,400.0,-10.5
3.1,0.0,2,400.0,22.0,0,0.100214004517,0,94.0,1,2,2.86539633251,4.45864372401,5.3,0,5.0,400.0,-10.5
3.1,0.0,2,400.0,22.0,-2,0.0998251438141,0,94.0,1,5,5.24605364197,0.754268642848,5.3,0,5.0,400.0,-10.5
3.1,0.0,2,400.0,22.0,1,0.100052833557,0,94.0,1,9,2.86539633251,-4.45864372401,5.3,0,5.0,400.0,-10.5
3.1,0.0,2,400.0,22.0,0,0.100069999695,0,94.0,1,9,2.86539633251,-4.45864372401,5.3,0,5.0,400.0,-10.5
3.1,0.0,2,400.0,22.0,-2,0.100155115128,-1,94.0,2,20,-2.86539633251,4.45864372401,5.3,0,5.0,400.0,-10.5
3.1,0.0,2,400.0,22.0,1,0.100094079971,0,94.0,2,2,2.86539633251,4.45864372401,5.3,0,5.0,400.0,-10.5
3.1,0.0,2,400.0,22.0,-1,0.099928855896,-1,94.0,1,9,2.86539633251,-4.45864372401,5.3,0,5.0,400.0,-10.5
3.1,0.0,1,400.0,22.0,1,0.100091934204,0,94.0,2,12,-1.49318255126,-5.08531276016,5.3,0,5.0,400.0,-10.5
3.1,0.0,2,400.0,22.0,-1,0.100054979324,-2,94.0,2,18,-4.82104957538,2.20169956891,5.3,0,5.0,400.0,-10.5
3.1,0.0,2,400.0,22.0,0,0.100131034851,0,94.0,1,5,5.24605364197,0.754268642848,5.3,0,5.0,400.0,-10.5
3.1,0.0,2,400.0,22.0,-1,0.100046873093,0,94.0,2,5,5.24605364197,0.754268642848,5.3,0,5.0,400.0,-10.5
3.1,0.0,2,400.0,22.0,-2,0.100094079971,0,94.0,1,19,-4.00547274408,3.47076188991,5.3,0,5.0,400.0,-10.5
3.1,0.0,2,400.0,22.0,-1,0.10009598732,-2,94.0,1,16,-5.24605364197,-0.754268642848,5.3,0,5.0,400.0,-10.5
3.1,0.0,2,400.0,22.0,2,0.100105047226,1,94.0,2,13,-2.86539633251,-4.45864372401,5.3,0,5.0,400.0,-10.5
3.1,0.0,1,400.0,22.0,1,0.100117921829,-1,94.0,2,4,4.82104957538,2.20169956891,5.3,0,5.0,400.0,-10.5
3.1,0.0,1,400.0,22.0,0,0.100121021271,-1,94.0,1,19,-4.00547274408,3.47076188991,5.3,0,5.0,400.0,-10.5
3.1,0.0,2,400.0,22.0,-1,0.10008597374,1,94.0,2,21,-1.49318255126,5.08531276016,5.3,0,5.0,400.0,-10.5
3.1,0.0,2,400.0,22.0,-2,0.100089073181,-1,94.0,2,11,6.49041367526e-16,-5.3,5.3,0,5.0,400.0,-10.5
3.1,0.0,1,400.0,22.0,0,0.100101947784,2,94.0,1,0,0.0,5.3,5.3,0,5.0,400.0,-10.5
3.1,0.0,2,400.0,22.0,0,0.100100040436,0,94.0,1,7,4.82104957538,-2.20169956891,5.3,0,5.0,400.0,-10.5
3.1,0.0,2,400.0,22.0,-1,0.100085020065,0,94.0,2,19,-4.00547274408,3.47076188991,5.3,0,5.0,400.0,-10.5
3.1,0.0,2,400.0,22.0,-1,0.099828004837,0,94.0,2,17,-5.24605364197,0.754268642848,5.3,0,5.0,400.0,-10.5
