cue-length,ms-precue,resp-v-hv,ms-st-cue,nitems,offset2,resp-h-pos,actualStimOn,resp-v-pos,ms-stimon,resp-h-hv,cue-loc-int,cue-loc-x,cue-loc-y,radius,bars-or-spot,version,offset,npractice,ntrials
3.1,0.0,1,400.0,22.0,10,-1,0.0971851348877,1,94.0,2,1,1.49318255126,5.08531276016,5.3,5,8,8,5.0,400.0
3.1,0.0,2,400.0,22.0,10,1,0.0972120761871,2,94.0,2,1,1.49318255126,5.08531276016,5.3,5,8,8,5.0,400.0
3.1,0.0,2,400.0,22.0,10,2,0.0972058773041,-2,94.0,2,12,-1.49318255126,-5.08531276016,5.3,5,8,8,5.0,400.0
3.1,0.0,1,400.0,22.0,10,-1,0.0971939563751,-2,94.0,2,14,-4.00547274408,-3.47076188991,5.3,5,8,8,5.0,400.0
3.1,0.0,2,400.0,22.0,10,2,0.0972111225128,1,94.0,1,21,-1.49318255126,5.08531276016,5.3,5,8,8,5.0,400.0
3.1,0.0,1,400.0,22.0,10,-1,0.0972020626068,0,94.0,1,5,5.24605364197,0.754268642848,5.3,5,8,8,5.0,400.0
3.1,0.0,1,400.0,22.0,10,0,0.09716796875,0,94.0,2,0,0.0,5.3,5.3,5,8,8,5.0,400.0
3.1,0.0,2,400.0,22.0,10,1,0.0971810817719,2,94.0,1,15,-4.82104957538,-2.20169956891,5.3,5,8,8,5.0,400.0
3.1,0.0,1,400.0,22.0,10,2,0.0972051620483,-1,94.0,1,20,-2.86539633251,4.45864372401,5.3,5,8,8,5.0,400.0
3.1,0.0,1,400.0,22.0,10,0,0.097156047821,-1,94.0,1,15,-4.82104957538,-2.20169956891,5.3,5,8,8,5.0,400.0
3.1,0.0,2,400.0,22.0,10,1,0.0971751213074,-1,94.0,2,18,-4.82104957538,2.20169956891,5.3,5,8,8,5.0,400.0
3.1,0.0,1,400.0,22.0,10,0,0.0972230434418,1,94.0,2,6,5.24605364197,-0.754268642848,5.3,5,8,8,5.0,400.0
3.1,0.0,1,400.0,22.0,10,1,0.0971820354462,-2,94.0,2,19,-4.00547274408,3.47076188991,5.3,5,8,8,5.0,400.0
3.1,0.0,2,400.0,22.0,10,0,0.0970258712769,1,94.0,2,2,2.86539633251,4.45864372401,5.3,5,8,8,5.0,400.0
3.1,0.0,2,400.0,22.0,10,0,0.0970079898834,1,94.0,2,4,4.82104957538,2.20169956891,5.3,5,8,8,5.0,400.0
3.1,0.0,2,400.0,22.0,10,0,0.0972101688385,0,94.0,2,14,-4.00547274408,-3.47076188991,5.3,5,8,8,5.0,400.0
3.1,0.0,1,400.0,22.0,10,1,0.0970089435577,1,94.0,1,13,-2.86539633251,-4.45864372401,5.3,5,8,8,5.0,400.0
3.1,0.0,2,400.0,22.0,10,0,0.0970129966736,-2,94.0,2,19,-4.00547274408,3.47076188991,5.3,5,8,8,5.0,400.0
3.1,0.0,1,400.0,22.0,10,1,0.0970239639282,-1,94.0,2,17,-5.24605364197,0.754268642848,5.3,5,8,8,5.0,400.0
3.1,0.0,2,400.0,22.0,10,0,0.0970358848572,0,94.0,2,21,-1.49318255126,5.08531276016,5.3,5,8,8,5.0,400.0
3.1,0.0,2,400.0,22.0,10,1,0.0970311164856,1,94.0,2,12,-1.49318255126,-5.08531276016,5.3,5,8,8,5.0,400.0
3.1,0.0,2,400.0,22.0,10,0,0.0972180366516,-1,94.0,2,18,-4.82104957538,2.20169956891,5.3,5,8,8,5.0,400.0
3.1,0.0,2,400.0,22.0,10,0,0.0971660614014,-1,94.0,2,6,5.24605364197,-0.754268642848,5.3,5,8,8,5.0,400.0
3.1,0.0,2,400.0,22.0,10,1,0.0970470905304,0,94.0,1,18,-4.82104957538,2.20169956891,5.3,5,8,8,5.0,400.0
3.1,0.0,2,400.0,22.0,10,-2,0.0970361232758,2,94.0,2,7,4.82104957538,-2.20169956891,5.3,5,8,8,5.0,400.0
3.1,0.0,2,400.0,22.0,10,-2,0.0970261096954,1,94.0,2,1,1.49318255126,5.08531276016,5.3,5,8,8,5.0,400.0
3.1,0.0,1,400.0,22.0,10,-1,0.097058057785,-2,94.0,2,21,-1.49318255126,5.08531276016,5.3,5,8,8,5.0,400.0
3.1,0.0,1,400.0,22.0,10,-2,0.0971357822418,-2,94.0,1,11,6.49041367526e-16,-5.3,5.3,5,8,8,5.0,400.0
3.1,0.0,1,400.0,22.0,10,2,0.0971720218658,2,94.0,1,5,5.24605364197,0.754268642848,5.3,5,8,8,5.0,400.0
3.1,0.0,1,400.0,22.0,10,-2,0.0971949100494,-2,94.0,2,13,-2.86539633251,-4.45864372401,5.3,5,8,8,5.0,400.0
3.1,0.0,1,400.0,22.0,10,-1,0.0972020626068,0,94.0,1,2,2.86539633251,4.45864372401,5.3,5,8,8,5.0,400.0
3.1,0.0,1,400.0,22.0,10,0,0.097198009491,1,94.0,2,19,-4.00547274408,3.47076188991,5.3,5,8,8,5.0,400.0
3.1,0.0,2,400.0,22.0,10,-1,0.0971908569336,0,94.0,1,15,-4.82104957538,-2.20169956891,5.3,5,8,8,5.0,400.0
3.1,0.0,1,400.0,22.0,10,1,0.0972099304199,2,94.0,2,0,0.0,5.3,5.3,5,8,8,5.0,400.0
3.1,0.0,1,400.0,22.0,10,1,0.0972120761871,0,94.0,2,9,2.86539633251,-4.45864372401,5.3,5,8,8,5.0,400.0
3.1,0.0,2,400.0,22.0,10,-1,0.0970661640167,-1,94.0,2,10,1.49318255126,-5.08531276016,5.3,5,8,8,5.0,400.0
3.1,0.0,1,400.0,22.0,10,2,0.0972151756287,-2,94.0,2,3,4.00547274408,3.47076188991,5.3,5,8,8,5.0,400.0
3.1,0.0,1,400.0,22.0,10,2,0.0971958637238,-1,94.0,1,5,5.24605364197,0.754268642848,5.3,5,8,8,5.0,400.0
3.1,0.0,2,400.0,22.0,10,0,0.0971789360046,0,94.0,2,6,5.24605364197,-0.754268642848,5.3,5,8,8,5.0,400.0
3.1,0.0,2,400.0,22.0,10,2,0.0971741676331,1,94.0,1,21,-1.49318255126,5.08531276016,5.3,5,8,8,5.0,400.0
3.1,0.0,1,400.0,22.0,10,2,0.0972290039062,-1,94.0,1,3,4.00547274408,3.47076188991,5.3,5,8,8,5.0,400.0
3.1,0.0,2,400.0,22.0,10,-1,0.0972208976746,0,94.0,1,1,1.49318255126,5.08531276016,5.3,5,8,8,5.0,400.0
3.1,0.0,1,400.0,22.0,10,0,0.0971670150757,-1,94.0,2,20,-2.86539633251,4.45864372401,5.3,5,8,8,5.0,400.0
3.1,0.0,1,400.0,22.0,10,-2,0.0971899032593,-1,94.0,2,13,-2.86539633251,-4.45864372401,5.3,5,8,8,5.0,400.0
3.1,0.0,2,400.0,22.0,10,-2,0.0971910953522,0,94.0,2,20,-2.86539633251,4.45864372401,5.3,5,8,8,5.0,400.0
3.1,0.0,2,400.0,22.0,10,-1,0.0970680713654,-1,94.0,2,19,-4.00547274408,3.47076188991,5.3,5,8,8,5.0,400.0
3.1,0.0,1,400.0,22.0,10,0,0.0971870422363,0,94.0,2,17,-5.24605364197,0.754268642848,5.3,5,8,8,5.0,400.0
3.1,0.0,2,400.0,22.0,10,2,0.0970060825348,2,94.0,1,19,-4.00547274408,3.47076188991,5.3,5,8,8,5.0,400.0
3.1,0.0,1,400.0,22.0,10,-1,0.0971760749817,0,94.0,1,0,0.0,5.3,5.3,5,8,8,5.0,400.0
3.1,0.0,1,400.0,22.0,10,-1,0.0972340106964,0,94.0,1,4,4.82104957538,2.20169956891,5.3,5,8,8,5.0,400.0
3.1,0.0,1,400.0,22.0,10,-1,0.0971949100494,0,94.0,1,4,4.82104957538,2.20169956891,5.3,5,8,8,5.0,400.0
3.1,0.0,2,400.0,22.0,10,2,0.0972089767456,-1,94.0,1,1,1.49318255126,5.08531276016,5.3,5,8,8,5.0,400.0
3.1,0.0,2,400.0,22.0,10,2,0.0972058773041,0,94.0,1,6,5.24605364197,-0.754268642848,5.3,5,8,8,5.0,400.0
3.1,0.0,1,400.0,22.0,10,-1,0.0971930027008,0,94.0,2,15,-4.82104957538,-2.20169956891,5.3,5,8,8,5.0,400.0
3.1,0.0,1,400.0,22.0,10,-1,0.0972030162811,-1,94.0,1,8,4.00547274408,-3.47076188991,5.3,5,8,8,5.0,400.0
3.1,0.0,2,400.0,22.0,10,-1,0.0971930027008,2,94.0,2,8,4.00547274408,-3.47076188991,5.3,5,8,8,5.0,400.0
3.1,0.0,2,400.0,22.0,10,1,0.0971961021423,1,94.0,2,14,-4.00547274408,-3.47076188991,5.3,5,8,8,5.0,400.0
3.1,0.0,1,400.0,22.0,10,-1,0.0972080230713,-2,94.0,2,21,-1.49318255126,5.08531276016,5.3,5,8,8,5.0,400.0
3.1,0.0,2,400.0,22.0,10,2,0.0971660614014,2,94.0,2,7,4.82104957538,-2.20169956891,5.3,5,8,8,5.0,400.0
3.1,0.0,1,400.0,22.0,10,-1,0.0972228050232,1,94.0,2,11,6.49041367526e-16,-5.3,5.3,5,8,8,5.0,400.0
3.1,0.0,1,400.0,22.0,10,0,0.0972452163696,-1,94.0,2,4,4.82104957538,2.20169956891,5.3,5,8,8,5.0,400.0
3.1,0.0,2,400.0,22.0,10,1,0.0970339775085,1,94.0,2,12,-1.49318255126,-5.08531276016,5.3,5,8,8,5.0,400.0
3.1,0.0,1,400.0,22.0,10,1,0.0970408916473,1,94.0,1,13,-2.86539633251,-4.45864372401,5.3,5,8,8,5.0,400.0
3.1,0.0,1,400.0,22.0,10,1,0.0971760749817,1,94.0,1,7,4.82104957538,-2.20169956891,5.3,5,8,8,5.0,400.0
3.1,0.0,1,400.0,22.0,10,-2,0.0971708297729,1,94.0,1,12,-1.49318255126,-5.08531276016,5.3,5,8,8,5.0,400.0
3.1,0.0,1,400.0,22.0,10,2,0.0970199108124,2,94.0,2,19,-4.00547274408,3.47076188991,5.3,5,8,8,5.0,400.0
3.1,0.0,2,400.0,22.0,10,-2,0.0970249176025,-2,94.0,2,14,-4.00547274408,-3.47076188991,5.3,5,8,8,5.0,400.0
3.1,0.0,1,400.0,22.0,10,2,0.0970289707184,1,94.0,1,14,-4.00547274408,-3.47076188991,5.3,5,8,8,5.0,400.0
3.1,0.0,1,400.0,22.0,10,-2,0.097021818161,0,94.0,2,3,4.00547274408,3.47076188991,5.3,5,8,8,5.0,400.0
3.1,0.0,1,400.0,22.0,10,0,0.0970129966736,0,94.0,2,7,4.82104957538,-2.20169956891,5.3,5,8,8,5.0,400.0
3.1,0.0,2,400.0,22.0,10,-1,0.0971858501434,-1,94.0,2,13,-2.86539633251,-4.45864372401,5.3,5,8,8,5.0,400.0
3.1,0.0,2,400.0,22.0,10,1,0.0971958637238,1,94.0,2,11,6.49041367526e-16,-5.3,5.3,5,8,8,5.0,400.0
3.1,0.0,2,400.0,22.0,10,1,0.0971829891205,1,94.0,2,21,-1.49318255126,5.08531276016,5.3,5,8,8,5.0,400.0
3.1,0.0,1,400.0,22.0,10,1,0.0971789360046,-1,94.0,1,17,-5.24605364197,0.754268642848,5.3,5,8,8,5.0,400.0
3.1,0.0,1,400.0,22.0,10,-1,0.0971670150757,2,94.0,1,18,-4.82104957538,2.20169956891,5.3,5,8,8,5.0,400.0
3.1,0.0,2,400.0,22.0,10,0,0.0969998836517,0,94.0,2,4,4.82104957538,2.20169956891,5.3,5,8,8,5.0,400.0
3.1,0.0,1,400.0,22.0,10,1,0.0970120429993,0,94.0,1,15,-4.82104957538,-2.20169956891,5.3,5,8,8,5.0,400.0
3.1,0.0,2,400.0,22.0,10,-1,0.0970180034637,1,94.0,2,16,-5.24605364197,-0.754268642848,5.3,5,8,8,5.0,400.0
3.1,0.0,1,400.0,22.0,10,0,0.0970070362091,2,94.0,2,13,-2.86539633251,-4.45864372401,5.3,5,8,8,5.0,400.0
3.1,0.0,1,400.0,22.0,10,-1,0.0970318317413,-2,94.0,1,14,-4.00547274408,-3.47076188991,5.3,5,8,8,5.0,400.0
3.1,0.0,2,400.0,22.0,10,-1,0.0970358848572,1,94.0,1,5,5.24605364197,0.754268642848,5.3,5,8,8,5.0,400.0
3.1,0.0,2,400.0,22.0,10,0,0.0972051620483,0,94.0,2,13,-2.86539633251,-4.45864372401,5.3,5,8,8,5.0,400.0
3.1,0.0,2,400.0,22.0,10,0,0.0971989631653,0,94.0,1,13,-2.86539633251,-4.45864372401,5.3,5,8,8,5.0,400.0
3.1,0.0,1,400.0,22.0,10,-1,0.0971648693085,-1,94.0,2,21,-1.49318255126,5.08531276016,5.3,5,8,8,5.0,400.0
3.1,0.0,2,400.0,22.0,10,0,0.0971269607544,1,94.0,2,17,-5.24605364197,0.754268642848,5.3,5,8,8,5.0,400.0
3.1,0.0,2,400.0,22.0,10,-2,0.0971579551697,-2,94.0,1,18,-4.82104957538,2.20169956891,5.3,5,8,8,5.0,400.0
3.1,0.0,1,400.0,22.0,10,1,0.0971789360046,-2,94.0,1,19,-4.00547274408,3.47076188991,5.3,5,8,8,5.0,400.0
3.1,0.0,2,400.0,22.0,10,0,0.0971789360046,0,94.0,2,6,5.24605364197,-0.754268642848,5.3,5,8,8,5.0,400.0
3.1,0.0,1,400.0,22.0,10,-1,0.0971939563751,-2,94.0,1,5,5.24605364197,0.754268642848,5.3,5,8,8,5.0,400.0
3.1,0.0,2,400.0,22.0,10,1,0.097088098526,-2,94.0,1,8,4.00547274408,-3.47076188991,5.3,5,8,8,5.0,400.0
3.1,0.0,1,400.0,22.0,10,-2,0.0971870422363,2,94.0,1,14,-4.00547274408,-3.47076188991,5.3,5,8,8,5.0,400.0
3.1,0.0,2,400.0,22.0,10,-1,0.0971610546112,0,94.0,1,4,4.82104957538,2.20169956891,5.3,5,8,8,5.0,400.0
3.1,0.0,2,400.0,22.0,10,-1,0.097195148468,2,94.0,1,5,5.24605364197,0.754268642848,5.3,5,8,8,5.0,400.0
3.1,0.0,2,400.0,22.0,10,0,0.0970358848572,0,94.0,2,14,-4.00547274408,-3.47076188991,5.3,5,8,8,5.0,400.0
3.1,0.0,1,400.0,22.0,10,2,0.0970301628113,2,94.0,2,5,5.24605364197,0.754268642848,5.3,5,8,8,5.0,400.0
3.1,0.0,2,400.0,22.0,10,2,0.0970230102539,2,94.0,2,9,2.86539633251,-4.45864372401,5.3,5,8,8,5.0,400.0
3.1,0.0,2,400.0,22.0,10,-1,0.0971732139587,-1,94.0,1,18,-4.82104957538,2.20169956891,5.3,5,8,8,5.0,400.0
3.1,0.0,1,400.0,22.0,10,-2,0.097198009491,-2,94.0,1,11,6.49041367526e-16,-5.3,5.3,5,8,8,5.0,400.0
3.1,0.0,1,400.0,22.0,10,1,0.0970041751862,1,94.0,1,11,6.49041367526e-16,-5.3,5.3,5,8,8,5.0,400.0
3.1,0.0,1,400.0,22.0,10,-1,0.0971758365631,-2,94.0,1,14,-4.00547274408,-3.47076188991,5.3,5,8,8,5.0,400.0
3.1,0.0,2,400.0,22.0,10,2,0.0971992015839,2,94.0,2,12,-1.49318255126,-5.08531276016,5.3,5,8,8,5.0,400.0
3.1,0.0,2,400.0,22.0,10,-1,0.0972061157227,2,94.0,1,1,1.49318255126,5.08531276016,5.3,5,8,8,5.0,400.0
3.1,0.0,2,400.0,22.0,10,1,0.0970258712769,0,94.0,1,12,-1.49318255126,-5.08531276016,5.3,5,8,8,5.0,400.0
3.1,0.0,2,400.0,22.0,10,0,0.0970060825348,1,94.0,1,17,-5.24605364197,0.754268642848,5.3,5,8,8,5.0,400.0
3.1,0.0,2,400.0,22.0,10,-1,0.0970060825348,0,94.0,2,11,6.49041367526e-16,-5.3,5.3,5,8,8,5.0,400.0
3.1,0.0,2,400.0,22.0,10,0,0.0970208644867,1,94.0,1,14,-4.00547274408,-3.47076188991,5.3,5,8,8,5.0,400.0
3.1,0.0,1,400.0,22.0,10,-1,0.0972011089325,2,94.0,2,17,-5.24605364197,0.754268642848,5.3,5,8,8,5.0,400.0
3.1,0.0,2,400.0,22.0,10,-2,0.0972061157227,2,94.0,2,11,6.49041367526e-16,-5.3,5.3,5,8,8,5.0,400.0
3.1,0.0,1,400.0,22.0,10,-2,0.0972230434418,0,94.0,1,0,0.0,5.3,5.3,5,8,8,5.0,400.0
3.1,0.0,2,400.0,22.0,10,-2,0.0971729755402,0,94.0,1,9,2.86539633251,-4.45864372401,5.3,5,8,8,5.0,400.0
3.1,0.0,1,400.0,22.0,10,-1,0.0970509052277,-1,94.0,2,14,-4.00547274408,-3.47076188991,5.3,5,8,8,5.0,400.0
3.1,0.0,1,400.0,22.0,10,0,0.097048997879,-2,94.0,1,3,4.00547274408,3.47076188991,5.3,5,8,8,5.0,400.0
3.1,0.0,1,400.0,22.0,10,2,0.0970330238342,0,94.0,1,4,4.82104957538,2.20169956891,5.3,5,8,8,5.0,400.0
3.1,0.0,2,400.0,22.0,10,0,0.0970330238342,0,94.0,2,14,-4.00547274408,-3.47076188991,5.3,5,8,8,5.0,400.0
3.1,0.0,1,400.0,22.0,10,1,0.097188949585,1,94.0,2,8,4.00547274408,-3.47076188991,5.3,5,8,8,5.0,400.0
3.1,0.0,1,400.0,22.0,10,-2,0.0970277786255,0,94.0,1,5,5.24605364197,0.754268642848,5.3,5,8,8,5.0,400.0
3.1,0.0,2,400.0,22.0,10,0,0.0970680713654,0,94.0,2,4,4.82104957538,2.20169956891,5.3,5,8,8,5.0,400.0
3.1,0.0,2,400.0,22.0,10,1,0.0970189571381,0,94.0,1,14,-4.00547274408,-3.47076188991,5.3,5,8,8,5.0,400.0
3.1,0.0,1,400.0,22.0,10,2,0.0970289707184,2,94.0,2,12,-1.49318255126,-5.08531276016,5.3,5,8,8,5.0,400.0
3.1,0.0,1,400.0,22.0,10,1,0.0970509052277,-1,94.0,2,16,-5.24605364197,-0.754268642848,5.3,5,8,8,5.0,400.0
3.1,0.0,1,400.0,22.0,10,-1,0.0971858501434,1,94.0,1,9,2.86539633251,-4.45864372401,5.3,5,8,8,5.0,400.0
3.1,0.0,2,400.0,22.0,10,2,0.0971870422363,1,94.0,2,4,4.82104957538,2.20169956891,5.3,5,8,8,5.0,400.0
3.1,0.0,1,400.0,22.0,10,-1,0.0971820354462,-1,94.0,1,10,1.49318255126,-5.08531276016,5.3,5,8,8,5.0,400.0
3.1,0.0,2,400.0,22.0,10,-2,0.097177028656,1,94.0,2,20,-2.86539633251,4.45864372401,5.3,5,8,8,5.0,400.0
3.1,0.0,1,400.0,22.0,10,1,0.0971717834473,0,94.0,2,8,4.00547274408,-3.47076188991,5.3,5,8,8,5.0,400.0
3.1,0.0,1,400.0,22.0,10,0,0.0970089435577,-2,94.0,2,0,0.0,5.3,5.3,5,8,8,5.0,400.0
3.1,0.0,1,400.0,22.0,10,2,0.0972220897675,-1,94.0,1,5,5.24605364197,0.754268642848,5.3,5,8,8,5.0,400.0
3.1,0.0,2,400.0,22.0,10,-2,0.0970129966736,2,94.0,2,8,4.00547274408,-3.47076188991,5.3,5,8,8,5.0,400.0
3.1,0.0,2,400.0,22.0,10,0,0.0970070362091,-1,94.0,2,21,-1.49318255126,5.08531276016,5.3,5,8,8,5.0,400.0
3.1,0.0,1,400.0,22.0,10,0,0.0970270633698,-2,94.0,1,21,-1.49318255126,5.08531276016,5.3,5,8,8,5.0,400.0
3.1,0.0,1,400.0,22.0,10,1,0.0972058773041,1,94.0,2,13,-2.86539633251,-4.45864372401,5.3,5,8,8,5.0,400.0
3.1,0.0,1,400.0,22.0,10,-1,0.0972080230713,2,94.0,2,20,-2.86539633251,4.45864372401,5.3,5,8,8,5.0,400.0
3.1,0.0,1,400.0,22.0,10,0,0.097207069397,2,94.0,2,10,1.49318255126,-5.08531276016,5.3,5,8,8,5.0,400.0
3.1,0.0,2,400.0,22.0,10,2,0.0970470905304,-2,94.0,2,19,-4.00547274408,3.47076188991,5.3,5,8,8,5.0,400.0
3.1,0.0,1,400.0,22.0,10,-1,0.0972108840942,-1,94.0,2,20,-2.86539633251,4.45864372401,5.3,5,8,8,5.0,400.0
3.1,0.0,1,400.0,22.0,10,-1,0.0971648693085,2,94.0,2,21,-1.49318255126,5.08531276016,5.3,5,8,8,5.0,400.0
3.1,0.0,2,400.0,22.0,10,0,0.0971789360046,-2,94.0,2,0,0.0,5.3,5.3,5,8,8,5.0,400.0
3.1,0.0,2,400.0,22.0,10,0,0.0971729755402,0,94.0,2,7,4.82104957538,-2.20169956891,5.3,5,8,8,5.0,400.0
3.1,0.0,2,400.0,22.0,10,-2,0.097090959549,2,94.0,2,20,-2.86539633251,4.45864372401,5.3,5,8,8,5.0,400.0
3.1,0.0,1,400.0,22.0,10,0,0.097048997879,2,94.0,1,15,-4.82104957538,-2.20169956891,5.3,5,8,8,5.0,400.0
3.1,0.0,1,400.0,22.0,10,2,0.097030878067,1,94.0,2,20,-2.86539633251,4.45864372401,5.3,5,8,8,5.0,400.0
3.1,0.0,1,400.0,22.0,10,2,0.097177028656,2,94.0,2,9,2.86539633251,-4.45864372401,5.3,5,8,8,5.0,400.0
3.1,0.0,1,400.0,22.0,10,2,0.0971701145172,2,94.0,2,9,2.86539633251,-4.45864372401,5.3,5,8,8,5.0,400.0
3.1,0.0,1,400.0,22.0,10,-1,0.0971829891205,2,94.0,1,16,-5.24605364197,-0.754268642848,5.3,5,8,8,5.0,400.0
3.1,0.0,2,400.0,22.0,10,2,0.0971651077271,0,94.0,2,7,4.82104957538,-2.20169956891,5.3,5,8,8,5.0,400.0
3.1,0.0,1,400.0,22.0,10,1,0.0971760749817,1,94.0,2,2,2.86539633251,4.45864372401,5.3,5,8,8,5.0,400.0
3.1,0.0,1,400.0,22.0,10,1,0.0971970558167,-2,94.0,2,15,-4.82104957538,-2.20169956891,5.3,5,8,8,5.0,400.0
3.1,0.0,1,400.0,22.0,10,0,0.0972018241882,0,94.0,2,16,-5.24605364197,-0.754268642848,5.3,5,8,8,5.0,400.0
3.1,0.0,1,400.0,22.0,10,0,0.0972111225128,1,94.0,1,6,5.24605364197,-0.754268642848,5.3,5,8,8,5.0,400.0
3.1,0.0,1,400.0,22.0,10,0,0.0970709323883,0,94.0,1,19,-4.00547274408,3.47076188991,5.3,5,8,8,5.0,400.0
3.1,0.0,1,400.0,22.0,10,1,0.0972018241882,0,94.0,2,4,4.82104957538,2.20169956891,5.3,5,8,8,5.0,400.0
3.1,0.0,1,400.0,22.0,10,-1,0.0972080230713,1,94.0,1,14,-4.00547274408,-3.47076188991,5.3,5,8,8,5.0,400.0
3.1,0.0,1,400.0,22.0,10,-1,0.0972249507904,2,94.0,2,14,-4.00547274408,-3.47076188991,5.3,5,8,8,5.0,400.0
3.1,0.0,1,400.0,22.0,10,-2,0.097011089325,1,94.0,1,13,-2.86539633251,-4.45864372401,5.3,5,8,8,5.0,400.0
3.1,0.0,1,400.0,22.0,10,0,0.0970921516418,-2,94.0,1,6,5.24605364197,-0.754268642848,5.3,5,8,8,5.0,400.0
3.1,0.0,2,400.0,22.0,10,0,0.0972039699554,-1,94.0,2,3,4.00547274408,3.47076188991,5.3,5,8,8,5.0,400.0
3.1,0.0,1,400.0,22.0,10,0,0.0971839427948,-1,94.0,2,18,-4.82104957538,2.20169956891,5.3,5,8,8,5.0,400.0
3.1,0.0,1,400.0,22.0,10,0,0.0972030162811,0,94.0,1,21,-1.49318255126,5.08531276016,5.3,5,8,8,5.0,400.0
3.1,0.0,2,400.0,22.0,10,-1,0.0971899032593,0,94.0,2,18,-4.82104957538,2.20169956891,5.3,5,8,8,5.0,400.0
3.1,0.0,1,400.0,22.0,10,-2,0.0972089767456,2,94.0,2,5,5.24605364197,0.754268642848,5.3,5,8,8,5.0,400.0
3.1,0.0,1,400.0,22.0,10,1,0.0972049236298,0,94.0,1,10,1.49318255126,-5.08531276016,5.3,5,8,8,5.0,400.0
3.1,0.0,2,400.0,22.0,10,0,0.0970540046692,0,94.0,1,8,4.00547274408,-3.47076188991,5.3,5,8,8,5.0,400.0
3.1,0.0,1,400.0,22.0,10,2,0.0970511436462,0,94.0,2,13,-2.86539633251,-4.45864372401,5.3,5,8,8,5.0,400.0
3.1,0.0,1,400.0,22.0,10,2,0.0970411300659,1,94.0,1,2,2.86539633251,4.45864372401,5.3,5,8,8,5.0,400.0
3.1,0.0,2,400.0,22.0,10,-2,0.0970709323883,-2,94.0,2,13,-2.86539633251,-4.45864372401,5.3,5,8,8,5.0,400.0
3.1,0.0,1,400.0,22.0,10,0,0.0971651077271,0,94.0,1,9,2.86539633251,-4.45864372401,5.3,5,8,8,5.0,400.0
3.1,0.0,1,400.0,22.0,10,0,0.0971930027008,0,94.0,2,8,4.00547274408,-3.47076188991,5.3,5,8,8,5.0,400.0
3.1,0.0,2,400.0,22.0,10,0,0.0972192287445,0,94.0,1,9,2.86539633251,-4.45864372401,5.3,5,8,8,5.0,400.0
3.1,0.0,2,400.0,22.0,10,-1,0.0972008705139,1,94.0,2,5,5.24605364197,0.754268642848,5.3,5,8,8,5.0,400.0
3.1,0.0,1,400.0,22.0,10,0,0.0971848964691,1,94.0,2,10,1.49318255126,-5.08531276016,5.3,5,8,8,5.0,400.0
3.1,0.0,2,400.0,22.0,10,0,0.0970289707184,-2,94.0,2,4,4.82104957538,2.20169956891,5.3,5,8,8,5.0,400.0
3.1,0.0,2,400.0,22.0,10,-2,0.0970280170441,0,94.0,1,14,-4.00547274408,-3.47076188991,5.3,5,8,8,5.0,400.0
3.1,0.0,1,400.0,22.0,10,-2,0.0970129966736,-2,94.0,1,8,4.00547274408,-3.47076188991,5.3,5,8,8,5.0,400.0
3.1,0.0,2,400.0,22.0,10,-1,0.0971210002899,0,94.0,1,2,2.86539633251,4.45864372401,5.3,5,8,8,5.0,400.0
3.1,0.0,1,400.0,22.0,10,0,0.0970108509064,0,94.0,2,4,4.82104957538,2.20169956891,5.3,5,8,8,5.0,400.0
3.1,0.0,1,400.0,22.0,10,-2,0.0970129966736,0,94.0,1,16,-5.24605364197,-0.754268642848,5.3,5,8,8,5.0,400.0
3.1,0.0,1,400.0,22.0,10,0,0.0971879959106,-1,94.0,2,5,5.24605364197,0.754268642848,5.3,5,8,8,5.0,400.0
3.1,0.0,2,400.0,22.0,10,-2,0.0970180034637,0,94.0,1,5,5.24605364197,0.754268642848,5.3,5,8,8,5.0,400.0
3.1,0.0,2,400.0,22.0,10,-2,0.0970129966736,-2,94.0,1,17,-5.24605364197,0.754268642848,5.3,5,8,8,5.0,400.0
3.1,0.0,1,400.0,22.0,10,-1,0.0972208976746,0,94.0,2,10,1.49318255126,-5.08531276016,5.3,5,8,8,5.0,400.0
3.1,0.0,1,400.0,22.0,10,-2,0.0971848964691,0,94.0,2,16,-5.24605364197,-0.754268642848,5.3,5,8,8,5.0,400.0
3.1,0.0,2,400.0,22.0,10,-1,0.0972220897675,-2,94.0,1,1,1.49318255126,5.08531276016,5.3,5,8,8,5.0,400.0
3.1,0.0,2,400.0,22.0,10,-1,0.097039937973,-1,94.0,2,21,-1.49318255126,5.08531276016,5.3,5,8,8,5.0,400.0
3.1,0.0,2,400.0,22.0,10,0,0.0970749855042,-2,94.0,2,20,-2.86539633251,4.45864372401,5.3,5,8,8,5.0,400.0
3.1,0.0,2,400.0,22.0,10,0,0.0970449447632,-2,94.0,1,7,4.82104957538,-2.20169956891,5.3,5,8,8,5.0,400.0
3.1,0.0,1,400.0,22.0,10,2,0.0970530509949,0,94.0,2,1,1.49318255126,5.08531276016,5.3,5,8,8,5.0,400.0
3.1,0.0,2,400.0,22.0,10,1,0.0970959663391,1,94.0,1,17,-5.24605364197,0.754268642848,5.3,5,8,8,5.0,400.0
3.1,0.0,2,400.0,22.0,10,2,0.0972139835358,0,94.0,2,2,2.86539633251,4.45864372401,5.3,5,8,8,5.0,400.0
3.1,0.0,1,400.0,22.0,10,0,0.0970349311829,-1,94.0,2,13,-2.86539633251,-4.45864372401,5.3,5,8,8,5.0,400.0
3.1,0.0,2,400.0,22.0,10,1,0.0970389842987,2,94.0,1,12,-1.49318255126,-5.08531276016,5.3,5,8,8,5.0,400.0
3.1,0.0,2,400.0,22.0,10,1,0.0972249507904,0,94.0,1,14,-4.00547274408,-3.47076188991,5.3,5,8,8,5.0,400.0
3.1,0.0,2,400.0,22.0,10,2,0.0971539020538,0,94.0,2,15,-4.82104957538,-2.20169956891,5.3,5,8,8,5.0,400.0
3.1,0.0,2,400.0,22.0,10,-2,0.0971648693085,0,94.0,2,9,2.86539633251,-4.45864372401,5.3,5,8,8,5.0,400.0
3.1,0.0,1,400.0,22.0,10,-1,0.097186088562,-1,94.0,1,7,4.82104957538,-2.20169956891,5.3,5,8,8,5.0,400.0
3.1,0.0,2,400.0,22.0,10,0,0.0971400737762,0,94.0,1,13,-2.86539633251,-4.45864372401,5.3,5,8,8,5.0,400.0
3.1,0.0,1,400.0,22.0,10,1,0.0972619056702,2,94.0,2,1,1.49318255126,5.08531276016,5.3,5,8,8,5.0,400.0
3.1,0.0,1,400.0,22.0,10,1,0.097177028656,1,94.0,2,3,4.00547274408,3.47076188991,5.3,5,8,8,5.0,400.0
3.1,0.0,2,400.0,22.0,10,-2,0.0971848964691,-1,94.0,1,18,-4.82104957538,2.20169956891,5.3,5,8,8,5.0,400.0
3.1,0.0,2,400.0,22.0,10,1,0.0970220565796,-2,94.0,2,13,-2.86539633251,-4.45864372401,5.3,5,8,8,5.0,400.0
3.1,0.0,1,400.0,22.0,10,0,0.0972030162811,0,94.0,2,2,2.86539633251,4.45864372401,5.3,5,8,8,5.0,400.0
3.1,0.0,1,400.0,22.0,10,-2,0.0972158908844,1,94.0,1,16,-5.24605364197,-0.754268642848,5.3,5,8,8,5.0,400.0
3.1,0.0,1,400.0,22.0,10,-2,0.0972561836243,1,94.0,2,20,-2.86539633251,4.45864372401,5.3,5,8,8,5.0,400.0
3.1,0.0,2,400.0,22.0,10,2,0.0970010757446,0,94.0,2,14,-4.00547274408,-3.47076188991,5.3,5,8,8,5.0,400.0
3.1,0.0,2,400.0,22.0,10,-1,0.0971920490265,0,94.0,2,21,-1.49318255126,5.08531276016,5.3,5,8,8,5.0,400.0
3.1,0.0,1,400.0,22.0,10,-1,0.0970048904419,1,94.0,2,5,5.24605364197,0.754268642848,5.3,5,8,8,5.0,400.0
3.1,0.0,2,400.0,22.0,10,1,0.0973088741302,0,94.0,2,14,-4.00547274408,-3.47076188991,5.3,5,8,8,5.0,400.0
3.1,0.0,2,400.0,22.0,10,0,0.0971999168396,2,94.0,1,13,-2.86539633251,-4.45864372401,5.3,5,8,8,5.0,400.0
3.1,0.0,1,400.0,22.0,10,2,0.097021818161,0,94.0,2,21,-1.49318255126,5.08531276016,5.3,5,8,8,5.0,400.0
3.1,0.0,1,400.0,22.0,10,-1,0.0971968173981,1,94.0,2,0,0.0,5.3,5.3,5,8,8,5.0,400.0
3.1,0.0,2,400.0,22.0,10,1,0.0970571041107,0,94.0,2,18,-4.82104957538,2.20169956891,5.3,5,8,8,5.0,400.0
3.1,0.0,1,400.0,22.0,10,-2,0.0972030162811,1,94.0,2,9,2.86539633251,-4.45864372401,5.3,5,8,8,5.0,400.0
3.1,0.0,2,400.0,22.0,10,2,0.0972130298615,0,94.0,1,5,5.24605364197,0.754268642848,5.3,5,8,8,5.0,400.0
3.1,0.0,2,400.0,22.0,10,0,0.0972108840942,1,94.0,1,1,1.49318255126,5.08531276016,5.3,5,8,8,5.0,400.0
3.1,0.0,1,400.0,22.0,10,-2,0.097188949585,0,94.0,2,17,-5.24605364197,0.754268642848,5.3,5,8,8,5.0,400.0
3.1,0.0,1,400.0,22.0,10,0,0.0972051620483,0,94.0,2,5,5.24605364197,0.754268642848,5.3,5,8,8,5.0,400.0
3.1,0.0,1,400.0,22.0,10,0,0.097198009491,2,94.0,1,14,-4.00547274408,-3.47076188991,5.3,5,8,8,5.0,400.0
3.1,0.0,1,400.0,22.0,10,-2,0.0971639156342,-1,94.0,1,18,-4.82104957538,2.20169956891,5.3,5,8,8,5.0,400.0
3.1,0.0,2,400.0,22.0,10,0,0.0971908569336,0,94.0,2,0,0.0,5.3,5.3,5,8,8,5.0,400.0
3.1,0.0,1,400.0,22.0,10,0,0.0972011089325,2,94.0,2,4,4.82104957538,2.20169956891,5.3,5,8,8,5.0,400.0
3.1,0.0,1,400.0,22.0,10,1,0.0971708297729,-2,94.0,1,1,1.49318255126,5.08531276016,5.3,5,8,8,5.0,400.0
3.1,0.0,2,400.0,22.0,10,0,0.097268819809,0,94.0,1,9,2.86539633251,-4.45864372401,5.3,5,8,8,5.0,400.0
3.1,0.0,1,400.0,22.0,10,-1,0.0972011089325,0,94.0,2,18,-4.82104957538,2.20169956891,5.3,5,8,8,5.0,400.0
3.1,0.0,2,400.0,22.0,10,0,0.0971751213074,2,94.0,1,8,4.00547274408,-3.47076188991,5.3,5,8,8,5.0,400.0
3.1,0.0,2,400.0,22.0,10,2,0.0971820354462,0,94.0,2,3,4.00547274408,3.47076188991,5.3,5,8,8,5.0,400.0
3.1,0.0,1,400.0,22.0,10,0,0.0971839427948,0,94.0,2,13,-2.86539633251,-4.45864372401,5.3,5,8,8,5.0,400.0
3.1,0.0,1,400.0,22.0,10,0,0.0971748828888,0,94.0,2,7,4.82104957538,-2.20169956891,5.3,5,8,8,5.0,400.0
3.1,0.0,2,400.0,22.0,10,1,0.097177028656,-2,94.0,2,16,-5.24605364197,-0.754268642848,5.3,5,8,8,5.0,400.0
3.1,0.0,1,400.0,22.0,10,0,0.0971720218658,0,94.0,1,9,2.86539633251,-4.45864372401,5.3,5,8,8,5.0,400.0
3.1,0.0,2,400.0,22.0,10,0,0.0971760749817,-2,94.0,2,7,4.82104957538,-2.20169956891,5.3,5,8,8,5.0,400.0
3.1,0.0,2,400.0,22.0,10,0,0.0971820354462,0,94.0,1,7,4.82104957538,-2.20169956891,5.3,5,8,8,5.0,400.0
3.1,0.0,1,400.0,22.0,10,2,0.0970349311829,0,94.0,2,13,-2.86539633251,-4.45864372401,5.3,5,8,8,5.0,400.0
3.1,0.0,1,400.0,22.0,10,0,0.0972058773041,0,94.0,1,10,1.49318255126,-5.08531276016,5.3,5,8,8,5.0,400.0
3.1,0.0,1,400.0,22.0,10,0,0.0972170829773,-2,94.0,2,1,1.49318255126,5.08531276016,5.3,5,8,8,5.0,400.0
3.1,0.0,2,400.0,22.0,10,1,0.0972058773041,0,94.0,2,12,-1.49318255126,-5.08531276016,5.3,5,8,8,5.0,400.0
3.1,0.0,2,400.0,22.0,10,0,0.0970139503479,-2,94.0,2,7,4.82104957538,-2.20169956891,5.3,5,8,8,5.0,400.0
3.1,0.0,2,400.0,22.0,10,2,0.0972859859467,-1,94.0,2,2,2.86539633251,4.45864372401,5.3,5,8,8,5.0,400.0
3.1,0.0,1,400.0,22.0,10,0,0.0971999168396,-2,94.0,2,19,-4.00547274408,3.47076188991,5.3,5,8,8,5.0,400.0
3.1,0.0,1,400.0,22.0,10,1,0.0972020626068,1,94.0,2,10,1.49318255126,-5.08531276016,5.3,5,8,8,5.0,400.0
3.1,0.0,2,400.0,22.0,10,0,0.097186088562,0,94.0,2,6,5.24605364197,-0.754268642848,5.3,5,8,8,5.0,400.0
3.1,0.0,2,400.0,22.0,10,0,0.097198009491,1,94.0,2,21,-1.49318255126,5.08531276016,5.3,5,8,8,5.0,400.0
3.1,0.0,2,400.0,22.0,10,-1,0.0972008705139,0,94.0,2,19,-4.00547274408,3.47076188991,5.3,5,8,8,5.0,400.0
3.1,0.0,2,400.0,22.0,10,1,0.0971920490265,-1,94.0,2,9,2.86539633251,-4.45864372401,5.3,5,8,8,5.0,400.0
3.1,0.0,2,400.0,22.0,10,0,0.0971739292145,-1,94.0,1,3,4.00547274408,3.47076188991,5.3,5,8,8,5.0,400.0
3.1,0.0,2,400.0,22.0,10,1,0.0971870422363,-2,94.0,2,3,4.00547274408,3.47076188991,5.3,5,8,8,5.0,400.0
3.1,0.0,2,400.0,22.0,10,-1,0.0971710681915,-1,94.0,2,15,-4.82104957538,-2.20169956891,5.3,5,8,8,5.0,400.0
3.1,0.0,2,400.0,22.0,10,1,0.0971858501434,1,94.0,2,14,-4.00547274408,-3.47076188991,5.3,5,8,8,5.0,400.0
3.1,0.0,1,400.0,22.0,10,1,0.0972158908844,-2,94.0,1,2,2.86539633251,4.45864372401,5.3,5,8,8,5.0,400.0
3.1,0.0,2,400.0,22.0,10,1,0.0971918106079,0,94.0,1,7,4.82104957538,-2.20169956891,5.3,5,8,8,5.0,400.0
3.1,0.0,2,400.0,22.0,10,0,0.0971999168396,-1,94.0,2,15,-4.82104957538,-2.20169956891,5.3,5,8,8,5.0,400.0
3.1,0.0,2,400.0,22.0,10,1,0.0972099304199,0,94.0,2,8,4.00547274408,-3.47076188991,5.3,5,8,8,5.0,400.0
3.1,0.0,1,400.0,22.0,10,0,0.0971670150757,0,94.0,2,11,6.49041367526e-16,-5.3,5.3,5,8,8,5.0,400.0
3.1,0.0,1,400.0,22.0,10,0,0.0972001552582,0,94.0,2,7,4.82104957538,-2.20169956891,5.3,5,8,8,5.0,400.0
3.1,0.0,2,400.0,22.0,10,1,0.0972139835358,-2,94.0,2,18,-4.82104957538,2.20169956891,5.3,5,8,8,5.0,400.0
3.1,0.0,1,400.0,22.0,10,0,0.0971610546112,-1,94.0,2,6,5.24605364197,-0.754268642848,5.3,5,8,8,5.0,400.0
3.1,0.0,1,400.0,22.0,10,-2,0.0971941947937,2,94.0,2,21,-1.49318255126,5.08531276016,5.3,5,8,8,5.0,400.0
3.1,0.0,1,400.0,22.0,10,-1,0.0971729755402,-1,94.0,2,13,-2.86539633251,-4.45864372401,5.3,5,8,8,5.0,400.0
3.1,0.0,2,400.0,22.0,10,0,0.097186088562,0,94.0,1,16,-5.24605364197,-0.754268642848,5.3,5,8,8,5.0,400.0
3.1,0.0,1,400.0,22.0,10,2,0.0971879959106,0,94.0,1,20,-2.86539633251,4.45864372401,5.3,5,8,8,5.0,400.0
3.1,0.0,1,400.0,22.0,10,1,0.0972168445587,2,94.0,2,4,4.82104957538,2.20169956891,5.3,5,8,8,5.0,400.0
3.1,0.0,1,400.0,22.0,10,-1,0.0971961021423,-2,94.0,1,14,-4.00547274408,-3.47076188991,5.3,5,8,8,5.0,400.0
3.1,0.0,1,400.0,22.0,10,-1,0.0972309112549,1,94.0,1,14,-4.00547274408,-3.47076188991,5.3,5,8,8,5.0,400.0
3.1,0.0,1,400.0,22.0,10,-1,0.0971891880035,1,94.0,2,17,-5.24605364197,0.754268642848,5.3,5,8,8,5.0,400.0
3.1,0.0,2,400.0,22.0,10,-1,0.0970950126648,-2,94.0,1,12,-1.49318255126,-5.08531276016,5.3,5,8,8,5.0,400.0
3.1,0.0,1,400.0,22.0,10,-1,0.0970439910889,0,94.0,2,20,-2.86539633251,4.45864372401,5.3,5,8,8,5.0,400.0
3.1,0.0,2,400.0,22.0,10,0,0.097207069397,1,94.0,2,10,1.49318255126,-5.08531276016,5.3,5,8,8,5.0,400.0
3.1,0.0,2,400.0,22.0,10,0,0.0972230434418,0,94.0,1,21,-1.49318255126,5.08531276016,5.3,5,8,8,5.0,400.0
3.1,0.0,1,400.0,22.0,10,0,0.0972089767456,-2,94.0,1,3,4.00547274408,3.47076188991,5.3,5,8,8,5.0,400.0
3.1,0.0,1,400.0,22.0,10,1,0.0970401763916,0,94.0,2,1,1.49318255126,5.08531276016,5.3,5,8,8,5.0,400.0
3.1,0.0,2,400.0,22.0,10,0,0.0970649719238,-2,94.0,1,6,5.24605364197,-0.754268642848,5.3,5,8,8,5.0,400.0
3.1,0.0,1,400.0,22.0,10,-1,0.0971949100494,1,94.0,2,20,-2.86539633251,4.45864372401,5.3,5,8,8,5.0,400.0
3.1,0.0,1,400.0,22.0,10,0,0.0971870422363,0,94.0,2,6,5.24605364197,-0.754268642848,5.3,5,8,8,5.0,400.0
3.1,0.0,1,400.0,22.0,10,-2,0.0971820354462,0,94.0,2,21,-1.49318255126,5.08531276016,5.3,5,8,8,5.0,400.0
3.1,0.0,1,400.0,22.0,10,0,0.0970759391785,1,94.0,1,18,-4.82104957538,2.20169956891,5.3,5,8,8,5.0,400.0
3.1,0.0,2,400.0,22.0,10,-1,0.0972030162811,-2,94.0,2,6,5.24605364197,-0.754268642848,5.3,5,8,8,5.0,400.0
3.1,0.0,2,400.0,22.0,10,1,0.0971708297729,-1,94.0,2,3,4.00547274408,3.47076188991,5.3,5,8,8,5.0,400.0
3.1,0.0,1,400.0,22.0,10,2,0.0970830917358,1,94.0,2,10,1.49318255126,-5.08531276016,5.3,5,8,8,5.0,400.0
3.1,0.0,1,400.0,22.0,10,-1,0.0970737934113,1,94.0,1,17,-5.24605364197,0.754268642848,5.3,5,8,8,5.0,400.0
3.1,0.0,2,400.0,22.0,10,1,0.0971829891205,0,94.0,1,5,5.24605364197,0.754268642848,5.3,5,8,8,5.0,400.0
3.1,0.0,2,400.0,22.0,10,1,0.0971529483795,1,94.0,2,12,-1.49318255126,-5.08531276016,5.3,5,8,8,5.0,400.0
3.1,0.0,2,400.0,22.0,10,2,0.0972039699554,1,94.0,1,3,4.00547274408,3.47076188991,5.3,5,8,8,5.0,400.0
3.1,0.0,2,400.0,22.0,10,2,0.0971879959106,2,94.0,1,15,-4.82104957538,-2.20169956891,5.3,5,8,8,5.0,400.0
3.1,0.0,1,400.0,22.0,10,-2,0.0972888469696,0,94.0,1,0,0.0,5.3,5.3,5,8,8,5.0,400.0
3.1,0.0,2,400.0,22.0,10,0,0.0971760749817,2,94.0,1,0,0.0,5.3,5.3,5,8,8,5.0,400.0
3.1,0.0,2,400.0,22.0,10,-2,0.0971848964691,-1,94.0,1,3,4.00547274408,3.47076188991,5.3,5,8,8,5.0,400.0
3.1,0.0,2,400.0,22.0,10,2,0.0970561504364,0,94.0,2,11,6.49041367526e-16,-5.3,5.3,5,8,8,5.0,400.0
3.1,0.0,2,400.0,22.0,10,-2,0.0972111225128,0,94.0,1,12,-1.49318255126,-5.08531276016,5.3,5,8,8,5.0,400.0
3.1,0.0,1,400.0,22.0,10,-2,0.0971870422363,2,94.0,1,20,-2.86539633251,4.45864372401,5.3,5,8,8,5.0,400.0
3.1,0.0,1,400.0,22.0,10,1,0.0972020626068,2,94.0,1,12,-1.49318255126,-5.08531276016,5.3,5,8,8,5.0,400.0
3.1,0.0,2,400.0,22.0,10,0,0.0972080230713,-2,94.0,2,19,-4.00547274408,3.47076188991,5.3,5,8,8,5.0,400.0
3.1,0.0,1,400.0,22.0,10,1,0.0972130298615,0,94.0,2,8,4.00547274408,-3.47076188991,5.3,5,8,8,5.0,400.0
3.1,0.0,1,400.0,22.0,10,0,0.0970098972321,0,94.0,2,7,4.82104957538,-2.20169956891,5.3,5,8,8,5.0,400.0
3.1,0.0,1,400.0,22.0,10,0,0.0971808433533,0,94.0,2,3,4.00547274408,3.47076188991,5.3,5,8,8,5.0,400.0
3.1,0.0,1,400.0,22.0,10,0,0.0972211360931,1,94.0,1,4,4.82104957538,2.20169956891,5.3,5,8,8,5.0,400.0
3.1,0.0,2,400.0,22.0,10,0,0.0971958637238,1,94.0,1,18,-4.82104957538,2.20169956891,5.3,5,8,8,5.0,400.0
3.1,0.0,2,400.0,22.0,10,2,0.0972099304199,-1,94.0,1,18,-4.82104957538,2.20169956891,5.3,5,8,8,5.0,400.0
3.1,0.0,1,400.0,22.0,10,-1,0.0970849990845,-2,94.0,2,17,-5.24605364197,0.754268642848,5.3,5,8,8,5.0,400.0
3.1,0.0,2,400.0,22.0,10,2,0.0971920490265,1,94.0,1,7,4.82104957538,-2.20169956891,5.3,5,8,8,5.0,400.0
3.1,0.0,1,400.0,22.0,10,1,0.0972199440002,2,94.0,1,1,1.49318255126,5.08531276016,5.3,5,8,8,5.0,400.0
3.1,0.0,1,400.0,22.0,10,0,0.0971720218658,0,94.0,2,18,-4.82104957538,2.20169956891,5.3,5,8,8,5.0,400.0
3.1,0.0,2,400.0,22.0,10,0,0.0971870422363,-1,94.0,1,13,-2.86539633251,-4.45864372401,5.3,5,8,8,5.0,400.0
3.1,0.0,2,400.0,22.0,10,0,0.0971760749817,0,94.0,2,17,-5.24605364197,0.754268642848,5.3,5,8,8,5.0,400.0
3.1,0.0,1,400.0,22.0,10,-2,0.0971698760986,0,94.0,1,1,1.49318255126,5.08531276016,5.3,5,8,8,5.0,400.0
3.1,0.0,1,400.0,22.0,10,0,0.0971670150757,2,94.0,1,18,-4.82104957538,2.20169956891,5.3,5,8,8,5.0,400.0
3.1,0.0,1,400.0,22.0,10,0,0.0971658229828,-2,94.0,1,3,4.00547274408,3.47076188991,5.3,5,8,8,5.0,400.0
3.1,0.0,1,400.0,22.0,10,0,0.097177028656,2,94.0,1,10,1.49318255126,-5.08531276016,5.3,5,8,8,5.0,400.0
3.1,0.0,2,400.0,22.0,10,-2,0.0971791744232,0,94.0,2,1,1.49318255126,5.08531276016,5.3,5,8,8,5.0,400.0
3.1,0.0,2,400.0,22.0,10,2,0.0971999168396,-1,94.0,2,20,-2.86539633251,4.45864372401,5.3,5,8,8,5.0,400.0
3.1,0.0,1,400.0,22.0,10,1,0.0972239971161,2,94.0,1,14,-4.00547274408,-3.47076188991,5.3,5,8,8,5.0,400.0
3.1,0.0,2,400.0,22.0,10,-1,0.0971839427948,1,94.0,1,0,0.0,5.3,5.3,5,8,8,5.0,400.0
3.1,0.0,1,400.0,22.0,10,2,0.097216129303,-2,94.0,2,20,-2.86539633251,4.45864372401,5.3,5,8,8,5.0,400.0
3.1,0.0,2,400.0,22.0,10,-1,0.09716796875,-1,94.0,1,12,-1.49318255126,-5.08531276016,5.3,5,8,8,5.0,400.0
3.1,0.0,2,400.0,22.0,10,1,0.0971870422363,-2,94.0,2,20,-2.86539633251,4.45864372401,5.3,5,8,8,5.0,400.0
3.1,0.0,1,400.0,22.0,10,0,0.0971779823303,1,94.0,2,6,5.24605364197,-0.754268642848,5.3,5,8,8,5.0,400.0
3.1,0.0,2,400.0,22.0,10,-2,0.0972011089325,1,94.0,1,13,-2.86539633251,-4.45864372401,5.3,5,8,8,5.0,400.0
3.1,0.0,1,400.0,22.0,10,1,0.0970051288605,0,94.0,2,20,-2.86539633251,4.45864372401,5.3,5,8,8,5.0,400.0
3.1,0.0,1,400.0,22.0,10,0,0.0971829891205,1,94.0,1,5,5.24605364197,0.754268642848,5.3,5,8,8,5.0,400.0
3.1,0.0,2,400.0,22.0,10,0,0.0971899032593,1,94.0,2,13,-2.86539633251,-4.45864372401,5.3,5,8,8,5.0,400.0
3.1,0.0,1,400.0,22.0,10,0,0.0971918106079,-1,94.0,1,19,-4.00547274408,3.47076188991,5.3,5,8,8,5.0,400.0
3.1,0.0,1,400.0,22.0,10,-1,0.0970129966736,0,94.0,1,19,-4.00547274408,3.47076188991,5.3,5,8,8,5.0,400.0
3.1,0.0,2,400.0,22.0,10,0,0.0970418453217,0,94.0,2,13,-2.86539633251,-4.45864372401,5.3,5,8,8,5.0,400.0
3.1,0.0,1,400.0,22.0,10,0,0.0972111225128,0,94.0,2,14,-4.00547274408,-3.47076188991,5.3,5,8,8,5.0,400.0
3.1,0.0,1,400.0,22.0,10,0,0.0971970558167,-2,94.0,2,1,1.49318255126,5.08531276016,5.3,5,8,8,5.0,400.0
3.1,0.0,1,400.0,22.0,10,-1,0.0971870422363,-1,94.0,2,7,4.82104957538,-2.20169956891,5.3,5,8,8,5.0,400.0
3.1,0.0,2,400.0,22.0,10,1,0.0970420837402,0,94.0,2,16,-5.24605364197,-0.754268642848,5.3,5,8,8,5.0,400.0
3.1,0.0,2,400.0,22.0,10,1,0.0972111225128,0,94.0,1,16,-5.24605364197,-0.754268642848,5.3,5,8,8,5.0,400.0
3.1,0.0,1,400.0,22.0,10,-1,0.0972189903259,1,94.0,1,6,5.24605364197,-0.754268642848,5.3,5,8,8,5.0,400.0
3.1,0.0,2,400.0,22.0,10,-1,0.0973000526428,1,94.0,2,11,6.49041367526e-16,-5.3,5.3,5,8,8,5.0,400.0
3.1,0.0,1,400.0,22.0,10,2,0.0971891880035,2,94.0,2,0,0.0,5.3,5.3,5,8,8,5.0,400.0
3.1,0.0,2,400.0,22.0,10,1,0.097100019455,-1,94.0,2,14,-4.00547274408,-3.47076188991,5.3,5,8,8,5.0,400.0
3.1,0.0,1,400.0,22.0,10,-1,0.0971660614014,1,94.0,2,5,5.24605364197,0.754268642848,5.3,5,8,8,5.0,400.0
3.1,0.0,1,400.0,22.0,10,-1,0.0971958637238,-1,94.0,1,12,-1.49318255126,-5.08531276016,5.3,5,8,8,5.0,400.0
3.1,0.0,2,400.0,22.0,10,2,0.0974910259247,2,94.0,2,20,-2.86539633251,4.45864372401,5.3,5,8,8,5.0,400.0
3.1,0.0,2,400.0,22.0,10,1,0.0971949100494,2,94.0,1,9,2.86539633251,-4.45864372401,5.3,5,8,8,5.0,400.0
3.1,0.0,2,400.0,22.0,10,0,0.0970740318298,2,94.0,2,3,4.00547274408,3.47076188991,5.3,5,8,8,5.0,400.0
3.1,0.0,2,400.0,22.0,10,0,0.0971739292145,2,94.0,2,14,-4.00547274408,-3.47076188991,5.3,5,8,8,5.0,400.0
3.1,0.0,1,400.0,22.0,10,2,0.0971870422363,1,94.0,1,5,5.24605364197,0.754268642848,5.3,5,8,8,5.0,400.0
3.1,0.0,1,400.0,22.0,10,-1,0.0971708297729,-2,94.0,1,9,2.86539633251,-4.45864372401,5.3,5,8,8,5.0,400.0
3.1,0.0,2,400.0,22.0,10,-2,0.0972380638123,2,94.0,1,8,4.00547274408,-3.47076188991,5.3,5,8,8,5.0,400.0
3.1,0.0,2,400.0,22.0,10,0,0.0972061157227,0,94.0,2,8,4.00547274408,-3.47076188991,5.3,5,8,8,5.0,400.0
3.1,0.0,2,400.0,22.0,10,2,0.0972118377686,2,94.0,1,19,-4.00547274408,3.47076188991,5.3,5,8,8,5.0,400.0
3.1,0.0,1,400.0,22.0,10,2,0.0971748828888,2,94.0,1,9,2.86539633251,-4.45864372401,5.3,5,8,8,5.0,400.0
3.1,0.0,1,400.0,22.0,10,0,0.0972731113434,-1,94.0,2,14,-4.00547274408,-3.47076188991,5.3,5,8,8,5.0,400.0
3.1,0.0,2,400.0,22.0,10,-2,0.0972199440002,2,94.0,1,11,6.49041367526e-16,-5.3,5.3,5,8,8,5.0,400.0
3.1,0.0,1,400.0,22.0,10,-2,0.0971710681915,1,94.0,1,16,-5.24605364197,-0.754268642848,5.3,5,8,8,5.0,400.0
3.1,0.0,2,400.0,22.0,10,0,0.0971879959106,1,94.0,2,13,-2.86539633251,-4.45864372401,5.3,5,8,8,5.0,400.0
3.1,0.0,1,400.0,22.0,10,0,0.0971779823303,2,94.0,2,17,-5.24605364197,0.754268642848,5.3,5,8,8,5.0,400.0
3.1,0.0,2,400.0,22.0,10,-1,0.0970430374146,-1,94.0,2,15,-4.82104957538,-2.20169956891,5.3,5,8,8,5.0,400.0
3.1,0.0,2,400.0,22.0,10,0,0.0972018241882,0,94.0,1,15,-4.82104957538,-2.20169956891,5.3,5,8,8,5.0,400.0
3.1,0.0,1,400.0,22.0,10,-2,0.0970048904419,1,94.0,2,2,2.86539633251,4.45864372401,5.3,5,8,8,5.0,400.0
3.1,0.0,2,400.0,22.0,10,1,0.0972011089325,-1,94.0,2,12,-1.49318255126,-5.08531276016,5.3,5,8,8,5.0,400.0
3.1,0.0,2,400.0,22.0,10,2,0.0970139503479,1,94.0,1,14,-4.00547274408,-3.47076188991,5.3,5,8,8,5.0,400.0
3.1,0.0,2,400.0,22.0,10,-1,0.0972170829773,-1,94.0,1,3,4.00547274408,3.47076188991,5.3,5,8,8,5.0,400.0
3.1,0.0,2,400.0,22.0,10,1,0.0972049236298,0,94.0,2,13,-2.86539633251,-4.45864372401,5.3,5,8,8,5.0,400.0
3.1,0.0,2,400.0,22.0,10,-2,0.0971961021423,2,94.0,1,5,5.24605364197,0.754268642848,5.3,5,8,8,5.0,400.0
3.1,0.0,2,400.0,22.0,10,0,0.0972199440002,-1,94.0,2,4,4.82104957538,2.20169956891,5.3,5,8,8,5.0,400.0
3.1,0.0,1,400.0,22.0,10,1,0.0972299575806,0,94.0,2,3,4.00547274408,3.47076188991,5.3,5,8,8,5.0,400.0
3.1,0.0,2,400.0,22.0,10,-1,0.0972080230713,0,94.0,2,12,-1.49318255126,-5.08531276016,5.3,5,8,8,5.0,400.0
3.1,0.0,2,400.0,22.0,10,-1,0.0972049236298,2,94.0,1,4,4.82104957538,2.20169956891,5.3,5,8,8,5.0,400.0
3.1,0.0,1,400.0,22.0,10,0,0.0972030162811,-1,94.0,2,18,-4.82104957538,2.20169956891,5.3,5,8,8,5.0,400.0
3.1,0.0,2,400.0,22.0,10,0,0.0972049236298,-2,94.0,1,16,-5.24605364197,-0.754268642848,5.3,5,8,8,5.0,400.0
3.1,0.0,2,400.0,22.0,10,-2,0.0972170829773,-1,94.0,1,15,-4.82104957538,-2.20169956891,5.3,5,8,8,5.0,400.0
3.1,0.0,2,400.0,22.0,10,-2,0.0971999168396,-2,94.0,2,13,-2.86539633251,-4.45864372401,5.3,5,8,8,5.0,400.0
3.1,0.0,1,400.0,22.0,10,-2,0.0971701145172,0,94.0,2,21,-1.49318255126,5.08531276016,5.3,5,8,8,5.0,400.0
3.1,0.0,1,400.0,22.0,10,2,0.0970549583435,-2,94.0,1,20,-2.86539633251,4.45864372401,5.3,5,8,8,5.0,400.0
3.1,0.0,1,400.0,22.0,10,0,0.0971651077271,0,94.0,1,8,4.00547274408,-3.47076188991,5.3,5,8,8,5.0,400.0
3.1,0.0,2,400.0,22.0,10,2,0.0971879959106,-1,94.0,1,13,-2.86539633251,-4.45864372401,5.3,5,8,8,5.0,400.0
3.1,0.0,1,400.0,22.0,10,1,0.097179889679,1,94.0,1,3,4.00547274408,3.47076188991,5.3,5,8,8,5.0,400.0
3.1,0.0,1,400.0,22.0,10,0,0.0970449447632,-2,94.0,2,9,2.86539633251,-4.45864372401,5.3,5,8,8,5.0,400.0
3.1,0.0,1,400.0,22.0,10,0,0.097039937973,1,94.0,1,8,4.00547274408,-3.47076188991,5.3,5,8,8,5.0,400.0
3.1,0.0,2,400.0,22.0,10,0,0.0971910953522,1,94.0,2,7,4.82104957538,-2.20169956891,5.3,5,8,8,5.0,400.0
3.1,0.0,1,400.0,22.0,10,0,0.097177028656,0,94.0,2,21,-1.49318255126,5.08531276016,5.3,5,8,8,5.0,400.0
3.1,0.0,2,400.0,22.0,10,0,0.0971970558167,-1,94.0,1,16,-5.24605364197,-0.754268642848,5.3,5,8,8,5.0,400.0
3.1,0.0,2,400.0,22.0,10,-1,0.0971999168396,0,94.0,1,16,-5.24605364197,-0.754268642848,5.3,5,8,8,5.0,400.0
3.1,0.0,1,400.0,22.0,10,2,0.0971789360046,2,94.0,1,10,1.49318255126,-5.08531276016,5.3,5,8,8,5.0,400.0
3.1,0.0,1,400.0,22.0,10,-1,0.0971839427948,2,94.0,1,4,4.82104957538,2.20169956891,5.3,5,8,8,5.0,400.0
3.1,0.0,1,400.0,22.0,10,-2,0.0971810817719,2,94.0,2,21,-1.49318255126,5.08531276016,5.3,5,8,8,5.0,400.0
3.1,0.0,2,400.0,22.0,10,0,0.0971848964691,0,94.0,2,19,-4.00547274408,3.47076188991,5.3,5,8,8,5.0,400.0
3.1,0.0,1,400.0,22.0,10,-1,0.0971739292145,-1,94.0,1,9,2.86539633251,-4.45864372401,5.3,5,8,8,5.0,400.0
3.1,0.0,2,400.0,22.0,10,0,0.0971729755402,1,94.0,1,3,4.00547274408,3.47076188991,5.3,5,8,8,5.0,400.0
3.1,0.0,1,400.0,22.0,10,0,0.0971820354462,0,94.0,2,15,-4.82104957538,-2.20169956891,5.3,5,8,8,5.0,400.0
3.1,0.0,1,400.0,22.0,10,0,0.097177028656,0,94.0,1,11,6.49041367526e-16,-5.3,5.3,5,8,8,5.0,400.0
3.1,0.0,2,400.0,22.0,10,2,0.0971961021423,0,94.0,1,18,-4.82104957538,2.20169956891,5.3,5,8,8,5.0,400.0
3.1,0.0,2,400.0,22.0,10,0,0.0971610546112,-2,94.0,2,19,-4.00547274408,3.47076188991,5.3,5,8,8,5.0,400.0
3.1,0.0,1,400.0,22.0,10,0,0.0971879959106,2,94.0,2,4,4.82104957538,2.20169956891,5.3,5,8,8,5.0,400.0
3.1,0.0,1,400.0,22.0,10,2,0.0971701145172,2,94.0,2,20,-2.86539633251,4.45864372401,5.3,5,8,8,5.0,400.0
3.1,0.0,2,400.0,22.0,10,-1,0.0971970558167,-1,94.0,2,10,1.49318255126,-5.08531276016,5.3,5,8,8,5.0,400.0
3.1,0.0,2,400.0,22.0,10,-1,0.0972049236298,-2,94.0,2,18,-4.82104957538,2.20169956891,5.3,5,8,8,5.0,400.0
3.1,0.0,1,400.0,22.0,10,-1,0.0972099304199,0,94.0,1,9,2.86539633251,-4.45864372401,5.3,5,8,8,5.0,400.0
3.1,0.0,2,400.0,22.0,10,1,0.0972068309784,0,94.0,2,8,4.00547274408,-3.47076188991,5.3,5,8,8,5.0,400.0
3.1,0.0,2,400.0,22.0,10,0,0.0971989631653,0,94.0,1,15,-4.82104957538,-2.20169956891,5.3,5,8,8,5.0,400.0
3.1,0.0,1,400.0,22.0,10,2,0.0972030162811,1,94.0,2,7,4.82104957538,-2.20169956891,5.3,5,8,8,5.0,400.0
3.1,0.0,2,400.0,22.0,10,0,0.0972130298615,2,94.0,1,3,4.00547274408,3.47076188991,5.3,5,8,8,5.0,400.0
3.1,0.0,2,400.0,22.0,10,2,0.0972118377686,-1,94.0,1,1,1.49318255126,5.08531276016,5.3,5,8,8,5.0,400.0
3.1,0.0,1,400.0,22.0,10,0,0.0972020626068,0,94.0,2,13,-2.86539633251,-4.45864372401,5.3,5,8,8,5.0,400.0
3.1,0.0,1,400.0,22.0,10,0,0.0970401763916,2,94.0,1,10,1.49318255126,-5.08531276016,5.3,5,8,8,5.0,400.0
3.1,0.0,2,400.0,22.0,10,0,0.097198009491,0,94.0,1,7,4.82104957538,-2.20169956891,5.3,5,8,8,5.0,400.0
3.1,0.0,1,400.0,22.0,10,2,0.0971829891205,2,94.0,1,14,-4.00547274408,-3.47076188991,5.3,5,8,8,5.0,400.0
3.1,0.0,1,400.0,22.0,10,2,0.0971939563751,0,94.0,1,21,-1.49318255126,5.08531276016,5.3,5,8,8,5.0,400.0
3.1,0.0,1,400.0,22.0,10,0,0.0970439910889,1,94.0,2,8,4.00547274408,-3.47076188991,5.3,5,8,8,5.0,400.0
3.1,0.0,2,400.0,22.0,10,1,0.0971629619598,0,94.0,1,1,1.49318255126,5.08531276016,5.3,5,8,8,5.0,400.0
