cue-length,ms-precue,resp-v-hv,ms-st-cue,nitems,offset2,resp-h-pos,actualStimOn,resp-v-pos,ms-stimon,resp-h-hv,cue-loc-int,cue-loc-x,cue-loc-y,radius,bars-or-spot,version,offset,npractice,ntrials
3.1,0.0,1,400.0,22.0,0,0,0.0970180034637,0,94.0,1,5,5.24605364197,0.754268642848,5.3,0,11,-12,5.0,400.0
3.1,0.0,2,400.0,22.0,0,2,0.0971682071686,2,94.0,2,18,-4.82104957538,2.20169956891,5.3,0,11,-12,5.0,400.0
3.1,0.0,1,400.0,22.0,0,0,0.0972111225128,0,94.0,1,14,-4.00547274408,-3.47076188991,5.3,0,11,-12,5.0,400.0
3.1,0.0,2,400.0,22.0,0,2,0.0971961021423,2,94.0,2,3,4.00547274408,3.47076188991,5.3,0,11,-12,5.0,400.0
3.1,0.0,1,400.0,22.0,0,2,0.097225189209,2,94.0,1,14,-4.00547274408,-3.47076188991,5.3,0,11,-12,5.0,400.0
3.1,0.0,1,400.0,22.0,0,0,0.0972020626068,0,94.0,1,17,-5.24605364197,0.754268642848,5.3,0,11,-12,5.0,400.0
3.1,0.0,2,400.0,22.0,0,1,0.0971930027008,1,94.0,2,19,-4.00547274408,3.47076188991,5.3,0,11,-12,5.0,400.0
3.1,0.0,2,400.0,22.0,0,0,0.0971739292145,0,94.0,2,2,2.86539633251,4.45864372401,5.3,0,11,-12,5.0,400.0
3.1,0.0,1,400.0,22.0,0,2,0.097195148468,2,94.0,1,2,2.86539633251,4.45864372401,5.3,0,11,-12,5.0,400.0
3.1,0.0,2,400.0,22.0,0,-1,0.0972199440002,-1,94.0,2,4,4.82104957538,2.20169956891,5.3,0,11,-12,5.0,400.0
3.1,0.0,2,400.0,22.0,0,1,0.0970070362091,1,94.0,2,16,-5.24605364197,-0.754268642848,5.3,0,11,-12,5.0,400.0
3.1,0.0,2,400.0,22.0,0,0,0.097235918045,0,94.0,2,10,1.49318255126,-5.08531276016,5.3,0,11,-12,5.0,400.0
3.1,0.0,2,400.0,22.0,0,0,0.0971939563751,0,94.0,2,21,-1.49318255126,5.08531276016,5.3,0,11,-12,5.0,400.0
3.1,0.0,1,400.0,22.0,0,1,0.0972030162811,1,94.0,1,1,1.49318255126,5.08531276016,5.3,0,11,-12,5.0,400.0
3.1,0.0,2,400.0,22.0,0,0,0.0972139835358,0,94.0,2,20,-2.86539633251,4.45864372401,5.3,0,11,-12,5.0,400.0
3.1,0.0,2,400.0,22.0,0,0,0.0970020294189,2,94.0,2,21,-1.49318255126,5.08531276016,5.3,0,11,-12,5.0,400.0
3.1,0.0,1,400.0,22.0,0,2,0.0971601009369,-1,94.0,1,11,6.49041367526e-16,-5.3,5.3,0,11,-12,5.0,400.0
3.1,0.0,2,400.0,22.0,0,0,0.0971338748932,-1,94.0,2,3,4.00547274408,3.47076188991,5.3,0,11,-12,5.0,400.0
3.1,0.0,2,400.0,22.0,0,0,0.0971801280975,0,94.0,2,17,-5.24605364197,0.754268642848,5.3,0,11,-12,5.0,400.0
3.1,0.0,2,400.0,22.0,0,1,0.0971820354462,1,94.0,2,7,4.82104957538,-2.20169956891,5.3,0,11,-12,5.0,400.0
3.1,0.0,1,400.0,22.0,0,1,0.0971698760986,1,94.0,1,14,-4.00547274408,-3.47076188991,5.3,0,11,-12,5.0,400.0
3.1,0.0,2,400.0,22.0,0,0,0.0971710681915,0,94.0,2,13,-2.86539633251,-4.45864372401,5.3,0,11,-12,5.0,400.0
3.1,0.0,2,400.0,22.0,0,-1,0.0972847938538,-1,94.0,2,17,-5.24605364197,0.754268642848,5.3,0,11,-12,5.0,400.0
3.1,0.0,1,400.0,22.0,0,-2,0.097188949585,-2,94.0,1,6,5.24605364197,-0.754268642848,5.3,0,11,-12,5.0,400.0
3.1,0.0,1,400.0,22.0,0,1,0.0972020626068,1,94.0,1,7,4.82104957538,-2.20169956891,5.3,0,11,-12,5.0,400.0
3.1,0.0,2,400.0,22.0,0,1,0.0972039699554,1,94.0,2,3,4.00547274408,3.47076188991,5.3,0,11,-12,5.0,400.0
3.1,0.0,1,400.0,22.0,0,1,0.097188949585,1,94.0,1,11,6.49041367526e-16,-5.3,5.3,0,11,-12,5.0,400.0
3.1,0.0,2,400.0,22.0,0,0,0.0971989631653,0,94.0,2,6,5.24605364197,-0.754268642848,5.3,0,11,-12,5.0,400.0
3.1,0.0,1,400.0,22.0,0,1,0.0971899032593,1,94.0,1,11,6.49041367526e-16,-5.3,5.3,0,11,-12,5.0,400.0
3.1,0.0,2,400.0,22.0,0,0,0.0972008705139,0,94.0,2,11,6.49041367526e-16,-5.3,5.3,0,11,-12,5.0,400.0
3.1,0.0,1,400.0,22.0,0,0,0.0972108840942,0,94.0,1,16,-5.24605364197,-0.754268642848,5.3,0,11,-12,5.0,400.0
3.1,0.0,2,400.0,22.0,0,-2,0.0972118377686,-2,94.0,2,20,-2.86539633251,4.45864372401,5.3,0,11,-12,5.0,400.0
3.1,0.0,1,400.0,22.0,0,-1,0.0970439910889,-1,94.0,1,10,1.49318255126,-5.08531276016,5.3,0,11,-12,5.0,400.0
3.1,0.0,2,400.0,22.0,0,0,0.0971930027008,0,94.0,2,15,-4.82104957538,-2.20169956891,5.3,0,11,-12,5.0,400.0
3.1,0.0,2,400.0,22.0,0,0,0.0970430374146,0,94.0,2,9,2.86539633251,-4.45864372401,5.3,0,11,-12,5.0,400.0
3.1,0.0,2,400.0,22.0,0,2,0.0970411300659,2,94.0,2,21,-1.49318255126,5.08531276016,5.3,0,11,-12,5.0,400.0
3.1,0.0,1,400.0,22.0,0,1,0.0972211360931,1,94.0,1,14,-4.00547274408,-3.47076188991,5.3,0,11,-12,5.0,400.0
3.1,0.0,1,400.0,22.0,0,0,0.0972049236298,0,94.0,1,16,-5.24605364197,-0.754268642848,5.3,0,11,-12,5.0,400.0
3.1,0.0,2,400.0,22.0,0,-1,0.0972061157227,-1,94.0,2,5,5.24605364197,0.754268642848,5.3,0,11,-12,5.0,400.0
3.1,0.0,2,400.0,22.0,0,1,0.0970659255981,1,94.0,2,4,4.82104957538,2.20169956891,5.3,0,11,-12,5.0,400.0
3.1,0.0,2,400.0,22.0,0,1,0.0972208976746,1,94.0,2,0,0.0,5.3,5.3,0,11,-12,5.0,400.0
3.1,0.0,1,400.0,22.0,0,0,0.0971910953522,0,94.0,1,19,-4.00547274408,3.47076188991,5.3,0,11,-12,5.0,400.0
3.1,0.0,2,400.0,22.0,0,0,0.0970559120178,0,94.0,2,9,2.86539633251,-4.45864372401,5.3,0,11,-12,5.0,400.0
3.1,0.0,2,400.0,22.0,0,0,0.0971848964691,0,94.0,2,0,0.0,5.3,5.3,0,11,-12,5.0,400.0
3.1,0.0,1,400.0,22.0,0,2,0.0971708297729,2,94.0,1,9,2.86539633251,-4.45864372401,5.3,0,11,-12,5.0,400.0
3.1,0.0,1,400.0,22.0,0,0,0.0971870422363,0,94.0,1,0,0.0,5.3,5.3,0,11,-12,5.0,400.0
3.1,0.0,1,400.0,22.0,0,2,0.0971667766571,2,94.0,1,13,-2.86539633251,-4.45864372401,5.3,0,11,-12,5.0,400.0
3.1,0.0,2,400.0,22.0,0,2,0.0971801280975,2,94.0,2,3,4.00547274408,3.47076188991,5.3,0,11,-12,5.0,400.0
3.1,0.0,2,400.0,22.0,0,-2,0.0971729755402,-2,94.0,2,12,-1.49318255126,-5.08531276016,5.3,0,11,-12,5.0,400.0
3.1,0.0,1,400.0,22.0,0,2,0.0972039699554,2,94.0,1,5,5.24605364197,0.754268642848,5.3,0,11,-12,5.0,400.0
3.1,0.0,1,400.0,22.0,0,0,0.0971930027008,0,94.0,1,17,-5.24605364197,0.754268642848,5.3,0,11,-12,5.0,400.0
3.1,0.0,1,400.0,22.0,0,0,0.0972018241882,0,94.0,1,9,2.86539633251,-4.45864372401,5.3,0,11,-12,5.0,400.0
3.1,0.0,1,400.0,22.0,0,1,0.0971958637238,1,94.0,1,9,2.86539633251,-4.45864372401,5.3,0,11,-12,5.0,400.0
3.1,0.0,1,400.0,22.0,0,1,0.0972080230713,1,94.0,1,14,-4.00547274408,-3.47076188991,5.3,0,11,-12,5.0,400.0
3.1,0.0,1,400.0,22.0,0,-1,0.0971958637238,-1,94.0,1,11,6.49041367526e-16,-5.3,5.3,0,11,-12,5.0,400.0
3.1,0.0,2,400.0,22.0,0,1,0.0972120761871,1,94.0,2,0,0.0,5.3,5.3,0,11,-12,5.0,400.0
3.1,0.0,2,400.0,22.0,0,1,0.097198009491,1,94.0,2,1,1.49318255126,5.08531276016,5.3,0,11,-12,5.0,400.0
3.1,0.0,1,400.0,22.0,0,0,0.0971961021423,0,94.0,1,10,1.49318255126,-5.08531276016,5.3,0,11,-12,5.0,400.0
3.1,0.0,1,400.0,22.0,0,-2,0.0972759723663,-2,94.0,1,12,-1.49318255126,-5.08531276016,5.3,0,11,-12,5.0,400.0
3.1,0.0,1,400.0,22.0,0,0,0.0970139503479,0,94.0,1,15,-4.82104957538,-2.20169956891,5.3,0,11,-12,5.0,400.0
3.1,0.0,2,400.0,22.0,0,0,0.0971968173981,0,94.0,2,16,-5.24605364197,-0.754268642848,5.3,0,11,-12,5.0,400.0
3.1,0.0,2,400.0,22.0,0,0,0.0972878932953,0,94.0,2,16,-5.24605364197,-0.754268642848,5.3,0,11,-12,5.0,400.0
3.1,0.0,2,400.0,22.0,0,0,0.0971829891205,0,94.0,2,7,4.82104957538,-2.20169956891,5.3,0,11,-12,5.0,400.0
3.1,0.0,2,400.0,22.0,0,1,0.0972099304199,1,94.0,2,2,2.86539633251,4.45864372401,5.3,0,11,-12,5.0,400.0
3.1,0.0,2,400.0,22.0,0,0,0.0971930027008,0,94.0,2,5,5.24605364197,0.754268642848,5.3,0,11,-12,5.0,400.0
3.1,0.0,1,400.0,22.0,0,-1,0.0971729755402,-1,94.0,1,0,0.0,5.3,5.3,0,11,-12,5.0,400.0
3.1,0.0,1,400.0,22.0,0,0,0.0972011089325,-1,94.0,2,19,-4.00547274408,3.47076188991,5.3,0,11,-12,5.0,400.0
3.1,0.0,2,400.0,22.0,0,0,0.0971708297729,0,94.0,2,4,4.82104957538,2.20169956891,5.3,0,11,-12,5.0,400.0
3.1,0.0,2,400.0,22.0,0,1,0.0971829891205,1,94.0,2,1,1.49318255126,5.08531276016,5.3,0,11,-12,5.0,400.0
3.1,0.0,2,400.0,22.0,0,0,0.0971751213074,0,94.0,2,3,4.00547274408,3.47076188991,5.3,0,11,-12,5.0,400.0
3.1,0.0,1,400.0,22.0,0,2,0.0971701145172,2,94.0,1,17,-5.24605364197,0.754268642848,5.3,0,11,-12,5.0,400.0
3.1,0.0,1,400.0,22.0,0,1,0.0970230102539,1,94.0,1,1,1.49318255126,5.08531276016,5.3,0,11,-12,5.0,400.0
3.1,0.0,2,400.0,22.0,0,2,0.0972061157227,2,94.0,2,9,2.86539633251,-4.45864372401,5.3,0,11,-12,5.0,400.0
3.1,0.0,1,400.0,22.0,0,2,0.0972058773041,2,94.0,1,16,-5.24605364197,-0.754268642848,5.3,0,11,-12,5.0,400.0
3.1,0.0,2,400.0,22.0,0,2,0.097198009491,2,94.0,2,0,0.0,5.3,5.3,0,11,-12,5.0,400.0
3.1,0.0,2,400.0,22.0,0,-1,0.0972099304199,-1,94.0,2,19,-4.00547274408,3.47076188991,5.3,0,11,-12,5.0,400.0
3.1,0.0,2,400.0,22.0,0,0,0.0972030162811,0,94.0,2,17,-5.24605364197,0.754268642848,5.3,0,11,-12,5.0,400.0
3.1,0.0,2,400.0,22.0,0,-1,0.0972101688385,-1,94.0,2,2,2.86539633251,4.45864372401,5.3,0,11,-12,5.0,400.0
3.1,0.0,2,400.0,22.0,0,0,0.0972030162811,0,94.0,2,7,4.82104957538,-2.20169956891,5.3,0,11,-12,5.0,400.0
3.1,0.0,1,400.0,22.0,0,1,0.0972180366516,1,94.0,1,12,-1.49318255126,-5.08531276016,5.3,0,11,-12,5.0,400.0
3.1,0.0,1,400.0,22.0,0,1,0.0971910953522,1,94.0,1,20,-2.86539633251,4.45864372401,5.3,0,11,-12,5.0,400.0
3.1,0.0,2,400.0,22.0,0,-1,0.0971989631653,-1,94.0,2,17,-5.24605364197,0.754268642848,5.3,0,11,-12,5.0,400.0
3.1,0.0,2,400.0,22.0,0,1,0.0971970558167,1,94.0,2,3,4.00547274408,3.47076188991,5.3,0,11,-12,5.0,400.0
3.1,0.0,2,400.0,22.0,0,1,0.0969998836517,1,94.0,2,15,-4.82104957538,-2.20169956891,5.3,0,11,-12,5.0,400.0
3.1,0.0,2,400.0,22.0,0,2,0.097195148468,2,94.0,2,8,4.00547274408,-3.47076188991,5.3,0,11,-12,5.0,400.0
3.1,0.0,1,400.0,22.0,0,1,0.0972039699554,1,94.0,1,4,4.82104957538,2.20169956891,5.3,0,11,-12,5.0,400.0
3.1,0.0,2,400.0,22.0,0,0,0.0971920490265,0,94.0,2,11,6.49041367526e-16,-5.3,5.3,0,11,-12,5.0,400.0
3.1,0.0,1,400.0,22.0,0,0,0.0971870422363,0,94.0,1,6,5.24605364197,-0.754268642848,5.3,0,11,-12,5.0,400.0
3.1,0.0,2,400.0,22.0,0,1,0.0971989631653,1,94.0,2,3,4.00547274408,3.47076188991,5.3,0,11,-12,5.0,400.0
3.1,0.0,1,400.0,22.0,0,0,0.0971851348877,0,94.0,1,4,4.82104957538,2.20169956891,5.3,0,11,-12,5.0,400.0
3.1,0.0,2,400.0,22.0,0,-1,0.0972220897675,-1,94.0,2,4,4.82104957538,2.20169956891,5.3,0,11,-12,5.0,400.0
3.1,0.0,2,400.0,22.0,0,0,0.0971939563751,0,94.0,2,8,4.00547274408,-3.47076188991,5.3,0,11,-12,5.0,400.0
3.1,0.0,1,400.0,22.0,0,0,0.0971970558167,0,94.0,1,16,-5.24605364197,-0.754268642848,5.3,0,11,-12,5.0,400.0
3.1,0.0,2,400.0,22.0,0,1,0.0971841812134,1,94.0,2,4,4.82104957538,2.20169956891,5.3,0,11,-12,5.0,400.0
3.1,0.0,1,400.0,22.0,0,0,0.097179889679,0,94.0,1,1,1.49318255126,5.08531276016,5.3,0,11,-12,5.0,400.0
3.1,0.0,1,400.0,22.0,0,0,0.0971829891205,0,94.0,1,17,-5.24605364197,0.754268642848,5.3,0,11,-12,5.0,400.0
3.1,0.0,2,400.0,22.0,0,0,0.097179889679,0,94.0,2,4,4.82104957538,2.20169956891,5.3,0,11,-12,5.0,400.0
3.1,0.0,2,400.0,22.0,0,1,0.0972900390625,1,94.0,2,12,-1.49318255126,-5.08531276016,5.3,0,11,-12,5.0,400.0
3.1,0.0,1,400.0,22.0,0,0,0.0971820354462,0,94.0,1,6,5.24605364197,-0.754268642848,5.3,0,11,-12,5.0,400.0
3.1,0.0,2,400.0,22.0,0,1,0.097179889679,1,94.0,2,0,0.0,5.3,5.3,0,11,-12,5.0,400.0
3.1,0.0,2,400.0,22.0,0,1,0.097156047821,1,94.0,2,12,-1.49318255126,-5.08531276016,5.3,0,11,-12,5.0,400.0
3.1,0.0,1,400.0,22.0,0,1,0.0971441268921,1,94.0,1,12,-1.49318255126,-5.08531276016,5.3,0,11,-12,5.0,400.0
3.1,0.0,2,400.0,22.0,0,-1,0.0973539352417,-1,94.0,2,12,-1.49318255126,-5.08531276016,5.3,0,11,-12,5.0,400.0
3.1,0.0,1,400.0,22.0,0,0,0.0972638130188,0,94.0,1,12,-1.49318255126,-5.08531276016,5.3,0,11,-12,5.0,400.0
3.1,0.0,1,400.0,22.0,0,0,0.0972199440002,0,94.0,1,6,5.24605364197,-0.754268642848,5.3,0,11,-12,5.0,400.0
3.1,0.0,1,400.0,22.0,0,2,0.0971999168396,2,94.0,1,10,1.49318255126,-5.08531276016,5.3,0,11,-12,5.0,400.0
3.1,0.0,1,400.0,22.0,0,1,0.0972020626068,1,94.0,1,2,2.86539633251,4.45864372401,5.3,0,11,-12,5.0,400.0
3.1,0.0,1,400.0,22.0,0,-1,0.0971999168396,-1,94.0,1,17,-5.24605364197,0.754268642848,5.3,0,11,-12,5.0,400.0
3.1,0.0,1,400.0,22.0,0,0,0.0971930027008,0,94.0,1,20,-2.86539633251,4.45864372401,5.3,0,11,-12,5.0,400.0
3.1,0.0,1,400.0,22.0,0,2,0.0972049236298,2,94.0,1,15,-4.82104957538,-2.20169956891,5.3,0,11,-12,5.0,400.0
3.1,0.0,1,400.0,22.0,0,0,0.097235918045,0,94.0,1,11,6.49041367526e-16,-5.3,5.3,0,11,-12,5.0,400.0
3.1,0.0,2,400.0,22.0,0,-1,0.0971961021423,-1,94.0,2,16,-5.24605364197,-0.754268642848,5.3,0,11,-12,5.0,400.0
3.1,0.0,1,400.0,22.0,0,2,0.0970509052277,2,94.0,1,3,4.00547274408,3.47076188991,5.3,0,11,-12,5.0,400.0
3.1,0.0,2,400.0,22.0,0,-1,0.0970478057861,-1,94.0,2,20,-2.86539633251,4.45864372401,5.3,0,11,-12,5.0,400.0
3.1,0.0,2,400.0,22.0,0,0,0.0972058773041,0,94.0,2,4,4.82104957538,2.20169956891,5.3,0,11,-12,5.0,400.0
3.1,0.0,2,400.0,22.0,0,-1,0.0971949100494,-1,94.0,2,19,-4.00547274408,3.47076188991,5.3,0,11,-12,5.0,400.0
3.1,0.0,1,400.0,22.0,0,1,0.097039937973,1,94.0,1,4,4.82104957538,2.20169956891,5.3,0,11,-12,5.0,400.0
3.1,0.0,2,400.0,22.0,0,1,0.0971970558167,1,94.0,2,10,1.49318255126,-5.08531276016,5.3,0,11,-12,5.0,400.0
3.1,0.0,1,400.0,22.0,0,1,0.0972330570221,1,94.0,1,2,2.86539633251,4.45864372401,5.3,0,11,-12,5.0,400.0
3.1,0.0,2,400.0,22.0,0,0,0.0971989631653,-1,94.0,1,19,-4.00547274408,3.47076188991,5.3,0,11,-12,5.0,400.0
3.1,0.0,1,400.0,22.0,0,-1,0.0971941947937,-1,94.0,1,3,4.00547274408,3.47076188991,5.3,0,11,-12,5.0,400.0
3.1,0.0,2,400.0,22.0,0,-1,0.097186088562,-1,94.0,2,14,-4.00547274408,-3.47076188991,5.3,0,11,-12,5.0,400.0
3.1,0.0,1,400.0,22.0,0,0,0.0971741676331,0,94.0,2,10,1.49318255126,-5.08531276016,5.3,0,11,-12,5.0,400.0
3.1,0.0,1,400.0,22.0,0,-1,0.0971901416779,-1,94.0,1,16,-5.24605364197,-0.754268642848,5.3,0,11,-12,5.0,400.0
3.1,0.0,2,400.0,22.0,0,-1,0.0971729755402,-1,94.0,2,10,1.49318255126,-5.08531276016,5.3,0,11,-12,5.0,400.0
3.1,0.0,1,400.0,22.0,0,0,0.0971820354462,0,94.0,1,3,4.00547274408,3.47076188991,5.3,0,11,-12,5.0,400.0
3.1,0.0,2,400.0,22.0,0,0,0.0972130298615,0,94.0,2,1,1.49318255126,5.08531276016,5.3,0,11,-12,5.0,400.0
3.1,0.0,1,400.0,22.0,0,-1,0.097198009491,-1,94.0,1,21,-1.49318255126,5.08531276016,5.3,0,11,-12,5.0,400.0
3.1,0.0,2,400.0,22.0,0,0,0.0971839427948,0,94.0,2,19,-4.00547274408,3.47076188991,5.3,0,11,-12,5.0,400.0
3.1,0.0,2,400.0,22.0,0,1,0.0971961021423,1,94.0,2,9,2.86539633251,-4.45864372401,5.3,0,11,-12,5.0,400.0
3.1,0.0,2,400.0,22.0,0,1,0.0972089767456,1,94.0,2,10,1.49318255126,-5.08531276016,5.3,0,11,-12,5.0,400.0
3.1,0.0,2,400.0,22.0,0,1,0.097225189209,0,94.0,2,16,-5.24605364197,-0.754268642848,5.3,0,11,-12,5.0,400.0
3.1,0.0,2,400.0,22.0,0,1,0.0971939563751,1,94.0,2,10,1.49318255126,-5.08531276016,5.3,0,11,-12,5.0,400.0
3.1,0.0,2,400.0,22.0,0,0,0.0972099304199,0,94.0,2,0,0.0,5.3,5.3,0,11,-12,5.0,400.0
3.1,0.0,2,400.0,22.0,0,1,0.0971999168396,1,94.0,2,12,-1.49318255126,-5.08531276016,5.3,0,11,-12,5.0,400.0
3.1,0.0,2,400.0,22.0,0,0,0.0970258712769,0,94.0,2,5,5.24605364197,0.754268642848,5.3,0,11,-12,5.0,400.0
3.1,0.0,1,400.0,22.0,0,-2,0.0970170497894,-2,94.0,1,18,-4.82104957538,2.20169956891,5.3,0,11,-12,5.0,400.0
3.1,0.0,1,400.0,22.0,0,-1,0.0971958637238,-1,94.0,1,15,-4.82104957538,-2.20169956891,5.3,0,11,-12,5.0,400.0
3.1,0.0,2,400.0,22.0,0,-1,0.0971992015839,-1,94.0,2,8,4.00547274408,-3.47076188991,5.3,0,11,-12,5.0,400.0
3.1,0.0,2,400.0,22.0,0,0,0.0971910953522,0,94.0,2,7,4.82104957538,-2.20169956891,5.3,0,11,-12,5.0,400.0
3.1,0.0,2,400.0,22.0,0,0,0.0971958637238,0,94.0,2,1,1.49318255126,5.08531276016,5.3,0,11,-12,5.0,400.0
3.1,0.0,2,400.0,22.0,0,-2,0.0972001552582,-2,94.0,2,11,6.49041367526e-16,-5.3,5.3,0,11,-12,5.0,400.0
3.1,0.0,2,400.0,22.0,0,2,0.0972080230713,2,94.0,2,21,-1.49318255126,5.08531276016,5.3,0,11,-12,5.0,400.0
3.1,0.0,1,400.0,22.0,0,0,0.0972089767456,0,94.0,1,18,-4.82104957538,2.20169956891,5.3,0,11,-12,5.0,400.0
3.1,0.0,2,400.0,22.0,0,0,0.0971941947937,0,94.0,2,5,5.24605364197,0.754268642848,5.3,0,11,-12,5.0,400.0
3.1,0.0,2,400.0,22.0,0,0,0.0971939563751,0,94.0,1,17,-5.24605364197,0.754268642848,5.3,0,11,-12,5.0,400.0
3.1,0.0,2,400.0,22.0,0,-1,0.0971910953522,-1,94.0,2,7,4.82104957538,-2.20169956891,5.3,0,11,-12,5.0,400.0
3.1,0.0,1,400.0,22.0,0,-2,0.0971801280975,-2,94.0,1,18,-4.82104957538,2.20169956891,5.3,0,11,-12,5.0,400.0
3.1,0.0,2,400.0,22.0,0,0,0.097198009491,0,94.0,1,18,-4.82104957538,2.20169956891,5.3,0,11,-12,5.0,400.0
3.1,0.0,1,400.0,22.0,0,2,0.0971739292145,2,94.0,1,9,2.86539633251,-4.45864372401,5.3,0,11,-12,5.0,400.0
3.1,0.0,2,400.0,22.0,0,-2,0.0973310470581,-2,94.0,2,14,-4.00547274408,-3.47076188991,5.3,0,11,-12,5.0,400.0
3.1,0.0,1,400.0,22.0,0,-1,0.0971760749817,-1,94.0,1,7,4.82104957538,-2.20169956891,5.3,0,11,-12,5.0,400.0
3.1,0.0,2,400.0,22.0,0,-2,0.0973088741302,0,94.0,2,17,-5.24605364197,0.754268642848,5.3,0,11,-12,5.0,400.0
3.1,0.0,1,400.0,22.0,0,0,0.0971920490265,0,94.0,1,16,-5.24605364197,-0.754268642848,5.3,0,11,-12,5.0,400.0
3.1,0.0,1,400.0,22.0,0,1,0.0972518920898,1,94.0,1,9,2.86539633251,-4.45864372401,5.3,0,11,-12,5.0,400.0
3.1,0.0,2,400.0,22.0,0,1,0.0970590114594,2,94.0,2,3,4.00547274408,3.47076188991,5.3,0,11,-12,5.0,400.0
3.1,0.0,2,400.0,22.0,0,2,0.0972180366516,2,94.0,2,0,0.0,5.3,5.3,0,11,-12,5.0,400.0
3.1,0.0,1,400.0,22.0,0,1,0.0971829891205,1,94.0,1,2,2.86539633251,4.45864372401,5.3,0,11,-12,5.0,400.0
3.1,0.0,1,400.0,22.0,0,-1,0.0973198413849,-1,94.0,1,19,-4.00547274408,3.47076188991,5.3,0,11,-12,5.0,400.0
3.1,0.0,2,400.0,22.0,0,1,0.0971970558167,1,94.0,2,17,-5.24605364197,0.754268642848,5.3,0,11,-12,5.0,400.0
3.1,0.0,1,400.0,22.0,0,1,0.0971879959106,1,94.0,1,12,-1.49318255126,-5.08531276016,5.3,0,11,-12,5.0,400.0
3.1,0.0,2,400.0,22.0,0,-1,0.097039937973,-1,94.0,2,15,-4.82104957538,-2.20169956891,5.3,0,11,-12,5.0,400.0
3.1,0.0,2,400.0,22.0,0,-2,0.097188949585,-2,94.0,2,10,1.49318255126,-5.08531276016,5.3,0,11,-12,5.0,400.0
3.1,0.0,1,400.0,22.0,0,0,0.0971779823303,0,94.0,1,16,-5.24605364197,-0.754268642848,5.3,0,11,-12,5.0,400.0
3.1,0.0,1,400.0,22.0,0,1,0.0971808433533,1,94.0,1,9,2.86539633251,-4.45864372401,5.3,0,11,-12,5.0,400.0
3.1,0.0,2,400.0,22.0,0,-1,0.0972099304199,-1,94.0,2,8,4.00547274408,-3.47076188991,5.3,0,11,-12,5.0,400.0
3.1,0.0,2,400.0,22.0,0,2,0.0972118377686,2,94.0,2,21,-1.49318255126,5.08531276016,5.3,0,11,-12,5.0,400.0
3.1,0.0,1,400.0,22.0,0,0,0.0971879959106,0,94.0,1,21,-1.49318255126,5.08531276016,5.3,0,11,-12,5.0,400.0
3.1,0.0,2,400.0,22.0,0,2,0.0970628261566,2,94.0,2,15,-4.82104957538,-2.20169956891,5.3,0,11,-12,5.0,400.0
3.1,0.0,2,400.0,22.0,0,0,0.0971438884735,0,94.0,2,16,-5.24605364197,-0.754268642848,5.3,0,11,-12,5.0,400.0
3.1,0.0,2,400.0,22.0,0,1,0.0972020626068,1,94.0,2,9,2.86539633251,-4.45864372401,5.3,0,11,-12,5.0,400.0
3.1,0.0,2,400.0,22.0,0,0,0.0971870422363,0,94.0,1,6,5.24605364197,-0.754268642848,5.3,0,11,-12,5.0,400.0
3.1,0.0,2,400.0,22.0,0,-2,0.097140789032,-2,94.0,2,2,2.86539633251,4.45864372401,5.3,0,11,-12,5.0,400.0
3.1,0.0,2,400.0,22.0,0,0,0.0971891880035,0,94.0,2,6,5.24605364197,-0.754268642848,5.3,0,11,-12,5.0,400.0
3.1,0.0,2,400.0,22.0,0,1,0.0971758365631,-1,94.0,1,21,-1.49318255126,5.08531276016,5.3,0,11,-12,5.0,400.0
3.1,0.0,2,400.0,22.0,0,-1,0.097207069397,-1,94.0,2,19,-4.00547274408,3.47076188991,5.3,0,11,-12,5.0,400.0
3.1,0.0,2,400.0,22.0,0,0,0.0971958637238,0,94.0,2,2,2.86539633251,4.45864372401,5.3,0,11,-12,5.0,400.0
3.1,0.0,1,400.0,22.0,0,1,0.09716796875,1,94.0,1,3,4.00547274408,3.47076188991,5.3,0,11,-12,5.0,400.0
3.1,0.0,2,400.0,22.0,0,0,0.0971460342407,0,94.0,2,1,1.49318255126,5.08531276016,5.3,0,11,-12,5.0,400.0
3.1,0.0,2,400.0,22.0,0,0,0.0970380306244,0,94.0,1,4,4.82104957538,2.20169956891,5.3,0,11,-12,5.0,400.0
3.1,0.0,1,400.0,22.0,0,-2,0.0971939563751,-2,94.0,1,11,6.49041367526e-16,-5.3,5.3,0,11,-12,5.0,400.0
3.1,0.0,2,400.0,22.0,0,0,0.0971989631653,0,94.0,1,5,5.24605364197,0.754268642848,5.3,0,11,-12,5.0,400.0
3.1,0.0,2,400.0,22.0,0,0,0.0971930027008,0,94.0,1,4,4.82104957538,2.20169956891,5.3,0,11,-12,5.0,400.0
3.1,0.0,2,400.0,22.0,0,2,0.0971989631653,2,94.0,2,20,-2.86539633251,4.45864372401,5.3,0,11,-12,5.0,400.0
3.1,0.0,2,400.0,22.0,0,-1,0.0971918106079,-1,94.0,2,20,-2.86539633251,4.45864372401,5.3,0,11,-12,5.0,400.0
3.1,0.0,2,400.0,22.0,0,-1,0.097188949585,-1,94.0,2,13,-2.86539633251,-4.45864372401,5.3,0,11,-12,5.0,400.0
3.1,0.0,2,400.0,22.0,0,0,0.0971989631653,0,94.0,1,4,4.82104957538,2.20169956891,5.3,0,11,-12,5.0,400.0
3.1,0.0,1,400.0,22.0,0,0,0.0971109867096,0,94.0,1,15,-4.82104957538,-2.20169956891,5.3,0,11,-12,5.0,400.0
3.1,0.0,2,400.0,22.0,0,0,0.0970129966736,0,94.0,2,17,-5.24605364197,0.754268642848,5.3,0,11,-12,5.0,400.0
3.1,0.0,2,400.0,22.0,0,-2,0.0971961021423,-2,94.0,2,9,2.86539633251,-4.45864372401,5.3,0,11,-12,5.0,400.0
3.1,0.0,1,400.0,22.0,0,-2,0.0971930027008,-2,94.0,1,2,2.86539633251,4.45864372401,5.3,0,11,-12,5.0,400.0
3.1,0.0,1,400.0,22.0,0,-1,0.0970509052277,-1,94.0,1,17,-5.24605364197,0.754268642848,5.3,0,11,-12,5.0,400.0
3.1,0.0,2,400.0,22.0,0,-2,0.0973069667816,-2,94.0,2,2,2.86539633251,4.45864372401,5.3,0,11,-12,5.0,400.0
3.1,0.0,1,400.0,22.0,0,0,0.0970101356506,0,94.0,1,7,4.82104957538,-2.20169956891,5.3,0,11,-12,5.0,400.0
3.1,0.0,1,400.0,22.0,0,1,0.0971899032593,1,94.0,1,12,-1.49318255126,-5.08531276016,5.3,0,11,-12,5.0,400.0
3.1,0.0,1,400.0,22.0,0,0,0.0971810817719,0,94.0,1,13,-2.86539633251,-4.45864372401,5.3,0,11,-12,5.0,400.0
3.1,0.0,2,400.0,22.0,0,0,0.0971891880035,0,94.0,1,6,5.24605364197,-0.754268642848,5.3,0,11,-12,5.0,400.0
3.1,0.0,1,400.0,22.0,0,-1,0.0971810817719,-1,94.0,1,17,-5.24605364197,0.754268642848,5.3,0,11,-12,5.0,400.0
3.1,0.0,2,400.0,22.0,0,-1,0.0971441268921,1,94.0,1,18,-4.82104957538,2.20169956891,5.3,0,11,-12,5.0,400.0
3.1,0.0,2,400.0,22.0,0,1,0.0971958637238,1,94.0,2,12,-1.49318255126,-5.08531276016,5.3,0,11,-12,5.0,400.0
3.1,0.0,1,400.0,22.0,0,1,0.0972011089325,1,94.0,1,5,5.24605364197,0.754268642848,5.3,0,11,-12,5.0,400.0
3.1,0.0,2,400.0,22.0,0,1,0.0972011089325,1,94.0,2,12,-1.49318255126,-5.08531276016,5.3,0,11,-12,5.0,400.0
3.1,0.0,2,400.0,22.0,0,0,0.0972430706024,0,94.0,2,6,5.24605364197,-0.754268642848,5.3,0,11,-12,5.0,400.0
3.1,0.0,1,400.0,22.0,0,1,0.0971810817719,1,94.0,1,3,4.00547274408,3.47076188991,5.3,0,11,-12,5.0,400.0
3.1,0.0,1,400.0,22.0,0,1,0.0972008705139,1,94.0,1,4,4.82104957538,2.20169956891,5.3,0,11,-12,5.0,400.0
3.1,0.0,1,400.0,22.0,0,-1,0.0971639156342,-1,94.0,1,18,-4.82104957538,2.20169956891,5.3,0,11,-12,5.0,400.0
3.1,0.0,2,400.0,22.0,0,0,0.097030878067,0,94.0,2,3,4.00547274408,3.47076188991,5.3,0,11,-12,5.0,400.0
3.1,0.0,2,400.0,22.0,0,0,0.0970630645752,0,94.0,1,16,-5.24605364197,-0.754268642848,5.3,0,11,-12,5.0,400.0
3.1,0.0,2,400.0,22.0,0,0,0.0971858501434,0,94.0,2,19,-4.00547274408,3.47076188991,5.3,0,11,-12,5.0,400.0
3.1,0.0,2,400.0,22.0,0,-1,0.0971939563751,-1,94.0,2,19,-4.00547274408,3.47076188991,5.3,0,11,-12,5.0,400.0
3.1,0.0,2,400.0,22.0,0,0,0.0971939563751,0,94.0,1,16,-5.24605364197,-0.754268642848,5.3,0,11,-12,5.0,400.0
3.1,0.0,1,400.0,22.0,0,-1,0.0972039699554,-1,94.0,1,0,0.0,5.3,5.3,0,11,-12,5.0,400.0
3.1,0.0,2,400.0,22.0,0,-1,0.0973370075226,0,94.0,2,5,5.24605364197,0.754268642848,5.3,0,11,-12,5.0,400.0
3.1,0.0,1,400.0,22.0,0,-1,0.0971839427948,-2,94.0,1,1,1.49318255126,5.08531276016,5.3,0,11,-12,5.0,400.0
3.1,0.0,2,400.0,22.0,0,-1,0.0972089767456,-2,94.0,1,21,-1.49318255126,5.08531276016,5.3,0,11,-12,5.0,400.0
3.1,0.0,2,400.0,22.0,0,0,0.0971989631653,0,94.0,2,7,4.82104957538,-2.20169956891,5.3,0,11,-12,5.0,400.0
3.1,0.0,2,400.0,22.0,0,0,0.0971908569336,0,94.0,2,7,4.82104957538,-2.20169956891,5.3,0,11,-12,5.0,400.0
3.1,0.0,1,400.0,22.0,0,1,0.0972101688385,0,94.0,1,17,-5.24605364197,0.754268642848,5.3,0,11,-12,5.0,400.0
3.1,0.0,1,400.0,22.0,0,-1,0.0973038673401,-1,94.0,1,19,-4.00547274408,3.47076188991,5.3,0,11,-12,5.0,400.0
3.1,0.0,2,400.0,22.0,0,1,0.0971920490265,1,94.0,2,13,-2.86539633251,-4.45864372401,5.3,0,11,-12,5.0,400.0
3.1,0.0,1,400.0,22.0,0,1,0.0971920490265,1,94.0,1,3,4.00547274408,3.47076188991,5.3,0,11,-12,5.0,400.0
3.1,0.0,1,400.0,22.0,0,0,0.0971839427948,0,94.0,1,17,-5.24605364197,0.754268642848,5.3,0,11,-12,5.0,400.0
3.1,0.0,2,400.0,22.0,0,-2,0.0971879959106,-2,94.0,2,9,2.86539633251,-4.45864372401,5.3,0,11,-12,5.0,400.0
3.1,0.0,2,400.0,22.0,0,-1,0.0971817970276,-1,94.0,2,2,2.86539633251,4.45864372401,5.3,0,11,-12,5.0,400.0
3.1,0.0,2,400.0,22.0,0,-2,0.097146987915,-2,94.0,2,20,-2.86539633251,4.45864372401,5.3,0,11,-12,5.0,400.0
3.1,0.0,1,400.0,22.0,0,-1,0.0971758365631,-1,94.0,1,8,4.00547274408,-3.47076188991,5.3,0,11,-12,5.0,400.0
3.1,0.0,2,400.0,22.0,0,-2,0.0971460342407,-2,94.0,2,16,-5.24605364197,-0.754268642848,5.3,0,11,-12,5.0,400.0
3.1,0.0,2,400.0,22.0,0,1,0.0971410274506,1,94.0,2,15,-4.82104957538,-2.20169956891,5.3,0,11,-12,5.0,400.0
3.1,0.0,1,400.0,22.0,0,-1,0.097177028656,-1,94.0,1,10,1.49318255126,-5.08531276016,5.3,0,11,-12,5.0,400.0
3.1,0.0,1,400.0,22.0,0,0,0.0971760749817,0,94.0,1,12,-1.49318255126,-5.08531276016,5.3,0,11,-12,5.0,400.0
3.1,0.0,1,400.0,22.0,0,0,0.0971989631653,0,94.0,1,9,2.86539633251,-4.45864372401,5.3,0,11,-12,5.0,400.0
3.1,0.0,2,400.0,22.0,0,-2,0.0971989631653,-2,94.0,2,5,5.24605364197,0.754268642848,5.3,0,11,-12,5.0,400.0
3.1,0.0,2,400.0,22.0,0,1,0.097198009491,1,94.0,2,3,4.00547274408,3.47076188991,5.3,0,11,-12,5.0,400.0
3.1,0.0,2,400.0,22.0,0,1,0.097195148468,1,94.0,2,8,4.00547274408,-3.47076188991,5.3,0,11,-12,5.0,400.0
3.1,0.0,2,400.0,22.0,0,-2,0.0971970558167,-2,94.0,2,20,-2.86539633251,4.45864372401,5.3,0,11,-12,5.0,400.0
3.1,0.0,1,400.0,22.0,0,1,0.0972001552582,1,94.0,1,14,-4.00547274408,-3.47076188991,5.3,0,11,-12,5.0,400.0
3.1,0.0,2,400.0,22.0,0,-2,0.0972030162811,-2,94.0,2,19,-4.00547274408,3.47076188991,5.3,0,11,-12,5.0,400.0
3.1,0.0,2,400.0,22.0,0,0,0.0973019599915,0,94.0,2,10,1.49318255126,-5.08531276016,5.3,0,11,-12,5.0,400.0
3.1,0.0,2,400.0,22.0,0,0,0.0971939563751,0,94.0,1,17,-5.24605364197,0.754268642848,5.3,0,11,-12,5.0,400.0
3.1,0.0,1,400.0,22.0,0,0,0.0971970558167,0,94.0,1,4,4.82104957538,2.20169956891,5.3,0,11,-12,5.0,400.0
3.1,0.0,2,400.0,22.0,0,1,0.0972170829773,1,94.0,2,5,5.24605364197,0.754268642848,5.3,0,11,-12,5.0,400.0
3.1,0.0,2,400.0,22.0,0,-1,0.0972979068756,-1,94.0,2,19,-4.00547274408,3.47076188991,5.3,0,11,-12,5.0,400.0
3.1,0.0,1,400.0,22.0,0,0,0.0972971916199,0,94.0,1,7,4.82104957538,-2.20169956891,5.3,0,11,-12,5.0,400.0
3.1,0.0,1,400.0,22.0,0,-2,0.0970067977905,-2,94.0,1,14,-4.00547274408,-3.47076188991,5.3,0,11,-12,5.0,400.0
3.1,0.0,1,400.0,22.0,0,-1,0.0972011089325,-1,94.0,1,10,1.49318255126,-5.08531276016,5.3,0,11,-12,5.0,400.0
3.1,0.0,1,400.0,22.0,0,-1,0.0971961021423,-1,94.0,1,11,6.49041367526e-16,-5.3,5.3,0,11,-12,5.0,400.0
3.1,0.0,2,400.0,22.0,0,-2,0.097188949585,-2,94.0,2,3,4.00547274408,3.47076188991,5.3,0,11,-12,5.0,400.0
3.1,0.0,1,400.0,22.0,0,1,0.097048997879,1,94.0,1,0,0.0,5.3,5.3,0,11,-12,5.0,400.0
3.1,0.0,2,400.0,22.0,0,-1,0.0971879959106,-1,94.0,2,11,6.49041367526e-16,-5.3,5.3,0,11,-12,5.0,400.0
3.1,0.0,1,400.0,22.0,0,-1,0.0971939563751,-1,94.0,1,8,4.00547274408,-3.47076188991,5.3,0,11,-12,5.0,400.0
3.1,0.0,2,400.0,22.0,0,0,0.097188949585,0,94.0,2,21,-1.49318255126,5.08531276016,5.3,0,11,-12,5.0,400.0
3.1,0.0,2,400.0,22.0,0,-1,0.0971858501434,-1,94.0,2,21,-1.49318255126,5.08531276016,5.3,0,11,-12,5.0,400.0
3.1,0.0,2,400.0,22.0,0,-1,0.0971648693085,-1,94.0,2,13,-2.86539633251,-4.45864372401,5.3,0,11,-12,5.0,400.0
3.1,0.0,1,400.0,22.0,0,0,0.0971751213074,0,94.0,1,1,1.49318255126,5.08531276016,5.3,0,11,-12,5.0,400.0
3.1,0.0,2,400.0,22.0,0,0,0.0971820354462,0,94.0,2,6,5.24605364197,-0.754268642848,5.3,0,11,-12,5.0,400.0
3.1,0.0,1,400.0,22.0,0,0,0.0971801280975,0,94.0,1,4,4.82104957538,2.20169956891,5.3,0,11,-12,5.0,400.0
3.1,0.0,2,400.0,22.0,0,1,0.0970621109009,1,94.0,2,4,4.82104957538,2.20169956891,5.3,0,11,-12,5.0,400.0
3.1,0.0,2,400.0,22.0,0,-2,0.0971760749817,-2,94.0,2,17,-5.24605364197,0.754268642848,5.3,0,11,-12,5.0,400.0
3.1,0.0,2,400.0,22.0,0,1,0.0971801280975,1,94.0,2,17,-5.24605364197,0.754268642848,5.3,0,11,-12,5.0,400.0
3.1,0.0,2,400.0,22.0,0,0,0.0971789360046,0,94.0,2,0,0.0,5.3,5.3,0,11,-12,5.0,400.0
3.1,0.0,2,400.0,22.0,0,0,0.0971958637238,0,94.0,2,6,5.24605364197,-0.754268642848,5.3,0,11,-12,5.0,400.0
3.1,0.0,2,400.0,22.0,0,0,0.0971839427948,0,94.0,1,18,-4.82104957538,2.20169956891,5.3,0,11,-12,5.0,400.0
3.1,0.0,2,400.0,22.0,0,-2,0.0972719192505,-2,94.0,2,12,-1.49318255126,-5.08531276016,5.3,0,11,-12,5.0,400.0
3.1,0.0,2,400.0,22.0,0,0,0.0972380638123,0,94.0,2,9,2.86539633251,-4.45864372401,5.3,0,11,-12,5.0,400.0
3.1,0.0,2,400.0,22.0,0,2,0.097198009491,2,94.0,2,9,2.86539633251,-4.45864372401,5.3,0,11,-12,5.0,400.0
3.1,0.0,2,400.0,22.0,0,2,0.0971999168396,2,94.0,2,1,1.49318255126,5.08531276016,5.3,0,11,-12,5.0,400.0
3.1,0.0,2,400.0,22.0,0,-1,0.0972020626068,-1,94.0,2,21,-1.49318255126,5.08531276016,5.3,0,11,-12,5.0,400.0
3.1,0.0,1,400.0,22.0,0,-2,0.0972130298615,-2,94.0,1,1,1.49318255126,5.08531276016,5.3,0,11,-12,5.0,400.0
3.1,0.0,2,400.0,22.0,0,1,0.0971939563751,1,94.0,2,8,4.00547274408,-3.47076188991,5.3,0,11,-12,5.0,400.0
3.1,0.0,1,400.0,22.0,0,0,0.0972011089325,0,94.0,1,8,4.00547274408,-3.47076188991,5.3,0,11,-12,5.0,400.0
3.1,0.0,1,400.0,22.0,0,1,0.0972099304199,1,94.0,1,19,-4.00547274408,3.47076188991,5.3,0,11,-12,5.0,400.0
3.1,0.0,2,400.0,22.0,0,0,0.0972130298615,0,94.0,1,6,5.24605364197,-0.754268642848,5.3,0,11,-12,5.0,400.0
3.1,0.0,1,400.0,22.0,0,-1,0.0972030162811,-1,94.0,1,0,0.0,5.3,5.3,0,11,-12,5.0,400.0
3.1,0.0,1,400.0,22.0,0,0,0.0970449447632,0,94.0,2,5,5.24605364197,0.754268642848,5.3,0,11,-12,5.0,400.0
3.1,0.0,1,400.0,22.0,0,-1,0.0972089767456,1,94.0,2,17,-5.24605364197,0.754268642848,5.3,0,11,-12,5.0,400.0
3.1,0.0,2,400.0,22.0,0,0,0.0971949100494,0,94.0,2,0,0.0,5.3,5.3,0,11,-12,5.0,400.0
3.1,0.0,2,400.0,22.0,0,-2,0.0972030162811,-2,94.0,2,15,-4.82104957538,-2.20169956891,5.3,0,11,-12,5.0,400.0
3.1,0.0,1,400.0,22.0,0,-2,0.0971989631653,-2,94.0,1,0,0.0,5.3,5.3,0,11,-12,5.0,400.0
3.1,0.0,1,400.0,22.0,0,-1,0.0971930027008,-1,94.0,1,15,-4.82104957538,-2.20169956891,5.3,0,11,-12,5.0,400.0
3.1,0.0,1,400.0,22.0,0,-1,0.0971949100494,-1,94.0,1,20,-2.86539633251,4.45864372401,5.3,0,11,-12,5.0,400.0
3.1,0.0,2,400.0,22.0,0,1,0.097186088562,1,94.0,2,9,2.86539633251,-4.45864372401,5.3,0,11,-12,5.0,400.0
3.1,0.0,1,400.0,22.0,0,1,0.0971839427948,1,94.0,1,3,4.00547274408,3.47076188991,5.3,0,11,-12,5.0,400.0
3.1,0.0,2,400.0,22.0,0,2,0.0971438884735,2,94.0,2,0,0.0,5.3,5.3,0,11,-12,5.0,400.0
3.1,0.0,2,400.0,22.0,0,-1,0.0971660614014,-1,94.0,2,16,-5.24605364197,-0.754268642848,5.3,0,11,-12,5.0,400.0
3.1,0.0,1,400.0,22.0,0,2,0.0970599651337,2,94.0,1,21,-1.49318255126,5.08531276016,5.3,0,11,-12,5.0,400.0
3.1,0.0,1,400.0,22.0,0,0,0.0971961021423,0,94.0,1,10,1.49318255126,-5.08531276016,5.3,0,11,-12,5.0,400.0
3.1,0.0,2,400.0,22.0,0,-1,0.097204208374,-1,94.0,2,4,4.82104957538,2.20169956891,5.3,0,11,-12,5.0,400.0
3.1,0.0,1,400.0,22.0,0,0,0.097198009491,0,94.0,1,15,-4.82104957538,-2.20169956891,5.3,0,11,-12,5.0,400.0
3.1,0.0,2,400.0,22.0,0,0,0.0972008705139,0,94.0,2,5,5.24605364197,0.754268642848,5.3,0,11,-12,5.0,400.0
3.1,0.0,1,400.0,22.0,0,0,0.097195148468,0,94.0,1,10,1.49318255126,-5.08531276016,5.3,0,11,-12,5.0,400.0
3.1,0.0,1,400.0,22.0,0,2,0.0973138809204,2,94.0,1,19,-4.00547274408,3.47076188991,5.3,0,11,-12,5.0,400.0
3.1,0.0,2,400.0,22.0,0,-2,0.0972049236298,-2,94.0,2,19,-4.00547274408,3.47076188991,5.3,0,11,-12,5.0,400.0
3.1,0.0,1,400.0,22.0,0,0,0.0971992015839,0,94.0,1,18,-4.82104957538,2.20169956891,5.3,0,11,-12,5.0,400.0
3.1,0.0,2,400.0,22.0,0,0,0.0971839427948,0,94.0,2,15,-4.82104957538,-2.20169956891,5.3,0,11,-12,5.0,400.0
3.1,0.0,2,400.0,22.0,0,0,0.0972011089325,0,94.0,1,5,5.24605364197,0.754268642848,5.3,0,11,-12,5.0,400.0
3.1,0.0,1,400.0,22.0,0,0,0.0971920490265,0,94.0,1,3,4.00547274408,3.47076188991,5.3,0,11,-12,5.0,400.0
3.1,0.0,1,400.0,22.0,0,-1,0.097198009491,-1,94.0,1,14,-4.00547274408,-3.47076188991,5.3,0,11,-12,5.0,400.0
3.1,0.0,2,400.0,22.0,0,-1,0.0971920490265,-1,94.0,2,11,6.49041367526e-16,-5.3,5.3,0,11,-12,5.0,400.0
3.1,0.0,1,400.0,22.0,0,0,0.0972080230713,0,94.0,1,11,6.49041367526e-16,-5.3,5.3,0,11,-12,5.0,400.0
3.1,0.0,2,400.0,22.0,0,0,0.0972020626068,0,94.0,1,19,-4.00547274408,3.47076188991,5.3,0,11,-12,5.0,400.0
3.1,0.0,1,400.0,22.0,0,0,0.0971910953522,0,94.0,2,4,4.82104957538,2.20169956891,5.3,0,11,-12,5.0,400.0
3.1,0.0,2,400.0,22.0,0,0,0.0971920490265,0,94.0,2,0,0.0,5.3,5.3,0,11,-12,5.0,400.0
3.1,0.0,2,400.0,22.0,0,-2,0.0971901416779,-2,94.0,2,8,4.00547274408,-3.47076188991,5.3,0,11,-12,5.0,400.0
3.1,0.0,2,400.0,22.0,0,0,0.0972030162811,0,94.0,2,4,4.82104957538,2.20169956891,5.3,0,11,-12,5.0,400.0
3.1,0.0,1,400.0,22.0,0,-1,0.0972430706024,-1,94.0,1,11,6.49041367526e-16,-5.3,5.3,0,11,-12,5.0,400.0
3.1,0.0,2,400.0,22.0,0,0,0.0971848964691,0,94.0,2,21,-1.49318255126,5.08531276016,5.3,0,11,-12,5.0,400.0
3.1,0.0,2,400.0,22.0,0,1,0.0970129966736,1,94.0,2,1,1.49318255126,5.08531276016,5.3,0,11,-12,5.0,400.0
3.1,0.0,1,400.0,22.0,0,0,0.0970640182495,0,94.0,1,3,4.00547274408,3.47076188991,5.3,0,11,-12,5.0,400.0
3.1,0.0,2,400.0,22.0,0,-1,0.0971479415894,-1,94.0,1,19,-4.00547274408,3.47076188991,5.3,0,11,-12,5.0,400.0
3.1,0.0,2,400.0,22.0,0,0,0.0971670150757,0,94.0,2,13,-2.86539633251,-4.45864372401,5.3,0,11,-12,5.0,400.0
3.1,0.0,1,400.0,22.0,0,0,0.0971870422363,0,94.0,1,19,-4.00547274408,3.47076188991,5.3,0,11,-12,5.0,400.0
3.1,0.0,2,400.0,22.0,0,0,0.0971999168396,0,94.0,2,5,5.24605364197,0.754268642848,5.3,0,11,-12,5.0,400.0
3.1,0.0,1,400.0,22.0,0,0,0.0971870422363,0,94.0,1,6,5.24605364197,-0.754268642848,5.3,0,11,-12,5.0,400.0
3.1,0.0,2,400.0,22.0,0,-1,0.0971930027008,-1,94.0,2,19,-4.00547274408,3.47076188991,5.3,0,11,-12,5.0,400.0
3.1,0.0,1,400.0,22.0,0,1,0.0972101688385,1,94.0,1,0,0.0,5.3,5.3,0,11,-12,5.0,400.0
3.1,0.0,2,400.0,22.0,0,0,0.0972008705139,0,94.0,2,4,4.82104957538,2.20169956891,5.3,0,11,-12,5.0,400.0
3.1,0.0,1,400.0,22.0,0,1,0.097217798233,1,94.0,1,8,4.00547274408,-3.47076188991,5.3,0,11,-12,5.0,400.0
3.1,0.0,2,400.0,22.0,0,2,0.0971539020538,2,94.0,2,13,-2.86539633251,-4.45864372401,5.3,0,11,-12,5.0,400.0
3.1,0.0,2,400.0,22.0,0,0,0.0972049236298,0,94.0,1,3,4.00547274408,3.47076188991,5.3,0,11,-12,5.0,400.0
3.1,0.0,2,400.0,22.0,0,0,0.0971999168396,0,94.0,2,6,5.24605364197,-0.754268642848,5.3,0,11,-12,5.0,400.0
3.1,0.0,1,400.0,22.0,0,0,0.0971868038177,0,94.0,1,16,-5.24605364197,-0.754268642848,5.3,0,11,-12,5.0,400.0
3.1,0.0,1,400.0,22.0,0,0,0.0972030162811,0,94.0,1,17,-5.24605364197,0.754268642848,5.3,0,11,-12,5.0,400.0
3.1,0.0,1,400.0,22.0,0,1,0.0972018241882,1,94.0,1,4,4.82104957538,2.20169956891,5.3,0,11,-12,5.0,400.0
3.1,0.0,2,400.0,22.0,0,1,0.097188949585,1,94.0,2,19,-4.00547274408,3.47076188991,5.3,0,11,-12,5.0,400.0
3.1,0.0,1,400.0,22.0,0,-1,0.0971970558167,-1,94.0,1,13,-2.86539633251,-4.45864372401,5.3,0,11,-12,5.0,400.0
3.1,0.0,2,400.0,22.0,0,0,0.097195148468,0,94.0,2,9,2.86539633251,-4.45864372401,5.3,0,11,-12,5.0,400.0
3.1,0.0,2,400.0,22.0,0,1,0.0971910953522,1,94.0,2,13,-2.86539633251,-4.45864372401,5.3,0,11,-12,5.0,400.0
3.1,0.0,2,400.0,22.0,0,1,0.0971961021423,1,94.0,2,12,-1.49318255126,-5.08531276016,5.3,0,11,-12,5.0,400.0
3.1,0.0,1,400.0,22.0,0,-2,0.0972108840942,-2,94.0,1,14,-4.00547274408,-3.47076188991,5.3,0,11,-12,5.0,400.0
3.1,0.0,2,400.0,22.0,0,2,0.0971908569336,2,94.0,2,21,-1.49318255126,5.08531276016,5.3,0,11,-12,5.0,400.0
3.1,0.0,2,400.0,22.0,0,0,0.0971961021423,0,94.0,2,8,4.00547274408,-3.47076188991,5.3,0,11,-12,5.0,400.0
3.1,0.0,1,400.0,22.0,0,1,0.0970070362091,1,94.0,1,1,1.49318255126,5.08531276016,5.3,0,11,-12,5.0,400.0
3.1,0.0,1,400.0,22.0,0,0,0.0971920490265,0,94.0,1,5,5.24605364197,0.754268642848,5.3,0,11,-12,5.0,400.0
3.1,0.0,2,400.0,22.0,0,1,0.0971939563751,1,94.0,2,20,-2.86539633251,4.45864372401,5.3,0,11,-12,5.0,400.0
3.1,0.0,2,400.0,22.0,0,0,0.0972011089325,0,94.0,2,17,-5.24605364197,0.754268642848,5.3,0,11,-12,5.0,400.0
3.1,0.0,1,400.0,22.0,0,-2,0.097207069397,-2,94.0,1,2,2.86539633251,4.45864372401,5.3,0,11,-12,5.0,400.0
3.1,0.0,1,400.0,22.0,0,1,0.0971901416779,1,94.0,1,4,4.82104957538,2.20169956891,5.3,0,11,-12,5.0,400.0
3.1,0.0,1,400.0,22.0,0,0,0.0970230102539,0,94.0,1,6,5.24605364197,-0.754268642848,5.3,0,11,-12,5.0,400.0
3.1,0.0,1,400.0,22.0,0,2,0.0971977710724,2,94.0,1,13,-2.86539633251,-4.45864372401,5.3,0,11,-12,5.0,400.0
3.1,0.0,1,400.0,22.0,0,0,0.0971732139587,0,94.0,1,16,-5.24605364197,-0.754268642848,5.3,0,11,-12,5.0,400.0
3.1,0.0,2,400.0,22.0,0,-2,0.0971789360046,-2,94.0,2,12,-1.49318255126,-5.08531276016,5.3,0,11,-12,5.0,400.0
3.1,0.0,2,400.0,22.0,0,1,0.0971810817719,1,94.0,2,3,4.00547274408,3.47076188991,5.3,0,11,-12,5.0,400.0
3.1,0.0,1,400.0,22.0,0,0,0.0971961021423,0,94.0,1,11,6.49041367526e-16,-5.3,5.3,0,11,-12,5.0,400.0
3.1,0.0,1,400.0,22.0,0,-1,0.0971419811249,-1,94.0,1,19,-4.00547274408,3.47076188991,5.3,0,11,-12,5.0,400.0
3.1,0.0,2,400.0,22.0,0,0,0.0971870422363,0,94.0,2,1,1.49318255126,5.08531276016,5.3,0,11,-12,5.0,400.0
3.1,0.0,2,400.0,22.0,0,1,0.0971939563751,1,94.0,2,1,1.49318255126,5.08531276016,5.3,0,11,-12,5.0,400.0
3.1,0.0,2,400.0,22.0,0,-2,0.0972089767456,-2,94.0,2,14,-4.00547274408,-3.47076188991,5.3,0,11,-12,5.0,400.0
3.1,0.0,2,400.0,22.0,0,-1,0.0971930027008,-1,94.0,2,7,4.82104957538,-2.20169956891,5.3,0,11,-12,5.0,400.0
3.1,0.0,1,400.0,22.0,0,0,0.0971970558167,0,94.0,1,19,-4.00547274408,3.47076188991,5.3,0,11,-12,5.0,400.0
3.1,0.0,2,400.0,22.0,0,0,0.0972139835358,0,94.0,2,10,1.49318255126,-5.08531276016,5.3,0,11,-12,5.0,400.0
3.1,0.0,1,400.0,22.0,0,-2,0.0973010063171,-2,94.0,1,9,2.86539633251,-4.45864372401,5.3,0,11,-12,5.0,400.0
3.1,0.0,1,400.0,22.0,0,0,0.0972049236298,0,94.0,1,17,-5.24605364197,0.754268642848,5.3,0,11,-12,5.0,400.0
3.1,0.0,2,400.0,22.0,0,-1,0.0972111225128,-1,94.0,2,9,2.86539633251,-4.45864372401,5.3,0,11,-12,5.0,400.0
3.1,0.0,2,400.0,22.0,0,0,0.0971968173981,0,94.0,2,5,5.24605364197,0.754268642848,5.3,0,11,-12,5.0,400.0
3.1,0.0,1,400.0,22.0,0,2,0.0972001552582,2,94.0,1,2,2.86539633251,4.45864372401,5.3,0,11,-12,5.0,400.0
3.1,0.0,2,400.0,22.0,0,0,0.0971989631653,0,94.0,2,11,6.49041367526e-16,-5.3,5.3,0,11,-12,5.0,400.0
3.1,0.0,2,400.0,22.0,0,-1,0.0972030162811,-1,94.0,2,19,-4.00547274408,3.47076188991,5.3,0,11,-12,5.0,400.0
3.1,0.0,1,400.0,22.0,0,1,0.0971949100494,1,94.0,1,14,-4.00547274408,-3.47076188991,5.3,0,11,-12,5.0,400.0
3.1,0.0,1,400.0,22.0,0,0,0.0971629619598,0,94.0,1,2,2.86539633251,4.45864372401,5.3,0,11,-12,5.0,400.0
3.1,0.0,2,400.0,22.0,0,0,0.0972440242767,0,94.0,2,4,4.82104957538,2.20169956891,5.3,0,11,-12,5.0,400.0
3.1,0.0,2,400.0,22.0,0,0,0.0972068309784,0,94.0,2,4,4.82104957538,2.20169956891,5.3,0,11,-12,5.0,400.0
3.1,0.0,2,400.0,22.0,0,1,0.097188949585,1,94.0,2,13,-2.86539633251,-4.45864372401,5.3,0,11,-12,5.0,400.0
3.1,0.0,2,400.0,22.0,0,-2,0.0970420837402,-2,94.0,2,19,-4.00547274408,3.47076188991,5.3,0,11,-12,5.0,400.0
3.1,0.0,1,400.0,22.0,0,0,0.0970089435577,0,94.0,1,7,4.82104957538,-2.20169956891,5.3,0,11,-12,5.0,400.0
3.1,0.0,2,400.0,22.0,0,0,0.097188949585,0,94.0,2,12,-1.49318255126,-5.08531276016,5.3,0,11,-12,5.0,400.0
3.1,0.0,2,400.0,22.0,0,1,0.0971879959106,0,94.0,1,5,5.24605364197,0.754268642848,5.3,0,11,-12,5.0,400.0
3.1,0.0,2,400.0,22.0,0,0,0.0971930027008,0,94.0,2,4,4.82104957538,2.20169956891,5.3,0,11,-12,5.0,400.0
3.1,0.0,1,400.0,22.0,0,2,0.0971848964691,-2,94.0,2,18,-4.82104957538,2.20169956891,5.3,0,11,-12,5.0,400.0
3.1,0.0,2,400.0,22.0,0,0,0.0971729755402,0,94.0,2,13,-2.86539633251,-4.45864372401,5.3,0,11,-12,5.0,400.0
3.1,0.0,2,400.0,22.0,0,1,0.0971729755402,0,94.0,1,2,2.86539633251,4.45864372401,5.3,0,11,-12,5.0,400.0
3.1,0.0,2,400.0,22.0,0,0,0.0970220565796,0,94.0,1,6,5.24605364197,-0.754268642848,5.3,0,11,-12,5.0,400.0
3.1,0.0,1,400.0,22.0,0,2,0.0971779823303,-1,94.0,1,9,2.86539633251,-4.45864372401,5.3,0,11,-12,5.0,400.0
3.1,0.0,2,400.0,22.0,0,0,0.0971939563751,1,94.0,2,2,2.86539633251,4.45864372401,5.3,0,11,-12,5.0,400.0
3.1,0.0,1,400.0,22.0,0,-1,0.0972318649292,-1,94.0,1,10,1.49318255126,-5.08531276016,5.3,0,11,-12,5.0,400.0
3.1,0.0,1,400.0,22.0,0,0,0.0971670150757,0,94.0,1,2,2.86539633251,4.45864372401,5.3,0,11,-12,5.0,400.0
3.1,0.0,2,400.0,22.0,0,0,0.0971648693085,0,94.0,2,18,-4.82104957538,2.20169956891,5.3,0,11,-12,5.0,400.0
3.1,0.0,1,400.0,22.0,0,0,0.0971729755402,0,94.0,1,2,2.86539633251,4.45864372401,5.3,0,11,-12,5.0,400.0
3.1,0.0,1,400.0,22.0,0,1,0.0971641540527,1,94.0,1,15,-4.82104957538,-2.20169956891,5.3,0,11,-12,5.0,400.0
3.1,0.0,1,400.0,22.0,0,1,0.0971581935883,1,94.0,1,5,5.24605364197,0.754268642848,5.3,0,11,-12,5.0,400.0
3.1,0.0,2,400.0,22.0,0,-1,0.0972030162811,-1,94.0,2,19,-4.00547274408,3.47076188991,5.3,0,11,-12,5.0,400.0
3.1,0.0,2,400.0,22.0,0,0,0.0970430374146,0,94.0,2,5,5.24605364197,0.754268642848,5.3,0,11,-12,5.0,400.0
3.1,0.0,1,400.0,22.0,0,0,0.0970339775085,0,94.0,1,12,-1.49318255126,-5.08531276016,5.3,0,11,-12,5.0,400.0
3.1,0.0,2,400.0,22.0,0,-1,0.0971908569336,-1,94.0,2,21,-1.49318255126,5.08531276016,5.3,0,11,-12,5.0,400.0
3.1,0.0,2,400.0,22.0,0,1,0.0970280170441,1,94.0,2,16,-5.24605364197,-0.754268642848,5.3,0,11,-12,5.0,400.0
3.1,0.0,2,400.0,22.0,0,1,0.0971930027008,0,94.0,2,4,4.82104957538,2.20169956891,5.3,0,11,-12,5.0,400.0
3.1,0.0,2,400.0,22.0,0,-1,0.0971908569336,-1,94.0,2,7,4.82104957538,-2.20169956891,5.3,0,11,-12,5.0,400.0
3.1,0.0,2,400.0,22.0,0,-1,0.0971961021423,-1,94.0,2,8,4.00547274408,-3.47076188991,5.3,0,11,-12,5.0,400.0
3.1,0.0,1,400.0,22.0,0,1,0.0971930027008,1,94.0,1,11,6.49041367526e-16,-5.3,5.3,0,11,-12,5.0,400.0
3.1,0.0,1,400.0,22.0,0,1,0.0972239971161,1,94.0,1,3,4.00547274408,3.47076188991,5.3,0,11,-12,5.0,400.0
3.1,0.0,2,400.0,22.0,0,-1,0.0972089767456,-1,94.0,2,19,-4.00547274408,3.47076188991,5.3,0,11,-12,5.0,400.0
3.1,0.0,2,400.0,22.0,0,0,0.0972030162811,0,94.0,2,21,-1.49318255126,5.08531276016,5.3,0,11,-12,5.0,400.0
3.1,0.0,2,400.0,22.0,0,1,0.097198009491,1,94.0,2,16,-5.24605364197,-0.754268642848,5.3,0,11,-12,5.0,400.0
3.1,0.0,2,400.0,22.0,0,0,0.0972061157227,0,94.0,2,14,-4.00547274408,-3.47076188991,5.3,0,11,-12,5.0,400.0
3.1,0.0,2,400.0,22.0,0,0,0.0971961021423,0,94.0,2,11,6.49041367526e-16,-5.3,5.3,0,11,-12,5.0,400.0
3.1,0.0,2,400.0,22.0,0,0,0.0972189903259,0,94.0,2,12,-1.49318255126,-5.08531276016,5.3,0,11,-12,5.0,400.0
3.1,0.0,1,400.0,22.0,0,1,0.0971760749817,1,94.0,1,12,-1.49318255126,-5.08531276016,5.3,0,11,-12,5.0,400.0
3.1,0.0,2,400.0,22.0,0,0,0.0971901416779,0,94.0,2,21,-1.49318255126,5.08531276016,5.3,0,11,-12,5.0,400.0
3.1,0.0,2,400.0,22.0,0,0,0.0972230434418,0,94.0,2,15,-4.82104957538,-2.20169956891,5.3,0,11,-12,5.0,400.0
3.1,0.0,1,400.0,22.0,0,1,0.0971519947052,1,94.0,1,3,4.00547274408,3.47076188991,5.3,0,11,-12,5.0,400.0
3.1,0.0,1,400.0,22.0,0,0,0.0971460342407,0,94.0,1,2,2.86539633251,4.45864372401,5.3,0,11,-12,5.0,400.0
