cue-length,ms-precue,resp-v-hv,ms-st-cue,nitems,offset2,resp-h-pos,actualStimOn,resp-v-pos,ms-stimon,resp-h-hv,cue-loc-int,cue-loc-x,cue-loc-y,radius,bars-or-spot,version,offset,npractice,ntrials
3.1,0.0,2,400.0,22.0,0,-2,0.0970349311829,-2,94.0,2,0,0.0,5.3,5.3,1,13,0,5.0,300.0
3.1,0.0,1,400.0,22.0,0,2,0.0971820354462,2,94.0,2,8,4.00547274408,-3.47076188991,5.3,1,13,0,5.0,300.0
3.1,0.0,1,400.0,22.0,0,2,0.0971689224243,-2,94.0,1,16,-5.24605364197,-0.754268642848,5.3,1,13,0,5.0,300.0
3.1,0.0,1,400.0,22.0,0,2,0.0970320701599,-1,94.0,1,2,2.86539633251,4.45864372401,5.3,1,13,0,5.0,300.0
3.1,0.0,1,400.0,22.0,0,-2,0.0971810817719,-2,94.0,1,3,4.00547274408,3.47076188991,5.3,1,13,0,5.0,300.0
3.1,0.0,1,400.0,22.0,0,0,0.097177028656,2,94.0,2,8,4.00547274408,-3.47076188991,5.3,1,13,0,5.0,300.0
3.1,0.0,2,400.0,22.0,0,0,0.0971748828888,0,94.0,2,4,4.82104957538,2.20169956891,5.3,1,13,0,5.0,300.0
3.1,0.0,2,400.0,22.0,0,0,0.097069978714,-2,94.0,1,5,5.24605364197,0.754268642848,5.3,1,13,0,5.0,300.0
3.1,0.0,2,400.0,22.0,0,2,0.0971908569336,2,94.0,1,4,4.82104957538,2.20169956891,5.3,1,13,0,5.0,300.0
3.1,0.0,1,400.0,22.0,0,2,0.0970568656921,2,94.0,1,5,5.24605364197,0.754268642848,5.3,1,13,0,5.0,300.0
3.1,0.0,1,400.0,22.0,0,-2,0.097021818161,0,94.0,1,10,1.49318255126,-5.08531276016,5.3,1,13,0,5.0,300.0
3.1,0.0,2,400.0,22.0,0,1,0.0972321033478,1,94.0,2,7,4.82104957538,-2.20169956891,5.3,1,13,0,5.0,300.0
3.1,0.0,1,400.0,22.0,0,-1,0.0971839427948,-1,94.0,1,5,5.24605364197,0.754268642848,5.3,1,13,0,5.0,300.0
3.1,0.0,1,400.0,22.0,0,1,0.0970251560211,1,94.0,1,19,-4.00547274408,3.47076188991,5.3,1,13,0,5.0,300.0
3.1,0.0,2,400.0,22.0,0,2,0.0971739292145,2,94.0,2,16,-5.24605364197,-0.754268642848,5.3,1,13,0,5.0,300.0
3.1,0.0,2,400.0,22.0,0,-2,0.0971958637238,-2,94.0,2,9,2.86539633251,-4.45864372401,5.3,1,13,0,5.0,300.0
3.1,0.0,2,400.0,22.0,0,2,0.097188949585,2,94.0,2,13,-2.86539633251,-4.45864372401,5.3,1,13,0,5.0,300.0
3.1,0.0,1,400.0,22.0,0,1,0.0971779823303,1,94.0,1,18,-4.82104957538,2.20169956891,5.3,1,13,0,5.0,300.0
3.1,0.0,1,400.0,22.0,0,-1,0.0972120761871,1,94.0,1,5,5.24605364197,0.754268642848,5.3,1,13,0,5.0,300.0
3.1,0.0,2,400.0,22.0,0,2,0.097179889679,-2,94.0,1,0,0.0,5.3,5.3,1,13,0,5.0,300.0
3.1,0.0,1,400.0,22.0,0,0,0.0972020626068,1,94.0,2,1,1.49318255126,5.08531276016,5.3,1,13,0,5.0,300.0
3.1,0.0,2,400.0,22.0,0,0,0.0971961021423,-1,94.0,1,12,-1.49318255126,-5.08531276016,5.3,1,13,0,5.0,300.0
3.1,0.0,1,400.0,22.0,0,1,0.0971908569336,-1,94.0,1,9,2.86539633251,-4.45864372401,5.3,1,13,0,5.0,300.0
3.1,0.0,1,400.0,22.0,0,-1,0.0971829891205,-1,94.0,2,10,1.49318255126,-5.08531276016,5.3,1,13,0,5.0,300.0
3.1,0.0,1,400.0,22.0,0,-2,0.0971620082855,1,94.0,1,10,1.49318255126,-5.08531276016,5.3,1,13,0,5.0,300.0
3.1,0.0,2,400.0,22.0,0,0,0.0971989631653,2,94.0,1,2,2.86539633251,4.45864372401,5.3,1,13,0,5.0,300.0
3.1,0.0,1,400.0,22.0,0,-2,0.0970208644867,2,94.0,2,10,1.49318255126,-5.08531276016,5.3,1,13,0,5.0,300.0
3.1,0.0,1,400.0,22.0,0,-1,0.0972728729248,2,94.0,2,0,0.0,5.3,5.3,1,13,0,5.0,300.0
3.1,0.0,1,400.0,22.0,0,-2,0.0970571041107,2,94.0,1,5,5.24605364197,0.754268642848,5.3,1,13,0,5.0,300.0
3.1,0.0,2,400.0,22.0,0,-2,0.0971639156342,0,94.0,2,3,4.00547274408,3.47076188991,5.3,1,13,0,5.0,300.0
3.1,0.0,2,400.0,22.0,0,-1,0.0971729755402,1,94.0,1,4,4.82104957538,2.20169956891,5.3,1,13,0,5.0,300.0
3.1,0.0,2,400.0,22.0,0,-1,0.0971810817719,-1,94.0,1,5,5.24605364197,0.754268642848,5.3,1,13,0,5.0,300.0
3.1,0.0,1,400.0,22.0,0,0,0.097177028656,1,94.0,2,17,-5.24605364197,0.754268642848,5.3,1,13,0,5.0,300.0
3.1,0.0,2,400.0,22.0,0,2,0.0971801280975,0,94.0,1,17,-5.24605364197,0.754268642848,5.3,1,13,0,5.0,300.0
3.1,0.0,1,400.0,22.0,0,-2,0.0971748828888,-1,94.0,1,9,2.86539633251,-4.45864372401,5.3,1,13,0,5.0,300.0
3.1,0.0,1,400.0,22.0,0,0,0.0971748828888,1,94.0,2,17,-5.24605364197,0.754268642848,5.3,1,13,0,5.0,300.0
3.1,0.0,1,400.0,22.0,0,2,0.0971691608429,0,94.0,1,6,5.24605364197,-0.754268642848,5.3,1,13,0,5.0,300.0
3.1,0.0,1,400.0,22.0,0,1,0.0971789360046,-2,94.0,2,21,-1.49318255126,5.08531276016,5.3,1,13,0,5.0,300.0
3.1,0.0,2,400.0,22.0,0,0,0.0972020626068,2,94.0,1,20,-2.86539633251,4.45864372401,5.3,1,13,0,5.0,300.0
3.1,0.0,2,400.0,22.0,0,1,0.0971789360046,-1,94.0,2,18,-4.82104957538,2.20169956891,5.3,1,13,0,5.0,300.0
3.1,0.0,1,400.0,22.0,0,0,0.0971791744232,2,94.0,2,14,-4.00547274408,-3.47076188991,5.3,1,13,0,5.0,300.0
3.1,0.0,2,400.0,22.0,0,-2,0.097177028656,-1,94.0,2,11,6.49041367526e-16,-5.3,5.3,1,13,0,5.0,300.0
3.1,0.0,1,400.0,22.0,0,0,0.0971848964691,-2,94.0,2,6,5.24605364197,-0.754268642848,5.3,1,13,0,5.0,300.0
3.1,0.0,1,400.0,22.0,0,0,0.097179889679,-1,94.0,2,0,0.0,5.3,5.3,1,13,0,5.0,300.0
3.1,0.0,1,400.0,22.0,0,-1,0.0971870422363,1,94.0,2,4,4.82104957538,2.20169956891,5.3,1,13,0,5.0,300.0
3.1,0.0,2,400.0,22.0,0,1,0.0971751213074,0,94.0,1,7,4.82104957538,-2.20169956891,5.3,1,13,0,5.0,300.0
3.1,0.0,1,400.0,22.0,0,0,0.0971939563751,2,94.0,1,17,-5.24605364197,0.754268642848,5.3,1,13,0,5.0,300.0
3.1,0.0,1,400.0,22.0,0,2,0.0971739292145,-2,94.0,1,15,-4.82104957538,-2.20169956891,5.3,1,13,0,5.0,300.0
3.1,0.0,1,400.0,22.0,0,-1,0.0971820354462,-2,94.0,1,10,1.49318255126,-5.08531276016,5.3,1,13,0,5.0,300.0
3.1,0.0,1,400.0,22.0,0,-2,0.0973079204559,2,94.0,1,9,2.86539633251,-4.45864372401,5.3,1,13,0,5.0,300.0
3.1,0.0,2,400.0,22.0,0,0,0.0971801280975,1,94.0,1,2,2.86539633251,4.45864372401,5.3,1,13,0,5.0,300.0
3.1,0.0,1,400.0,22.0,0,-1,0.0971810817719,2,94.0,1,20,-2.86539633251,4.45864372401,5.3,1,13,0,5.0,300.0
3.1,0.0,1,400.0,22.0,0,0,0.097156047821,0,94.0,1,4,4.82104957538,2.20169956891,5.3,1,13,0,5.0,300.0
3.1,0.0,1,400.0,22.0,0,0,0.0971970558167,1,94.0,1,9,2.86539633251,-4.45864372401,5.3,1,13,0,5.0,300.0
3.1,0.0,2,400.0,22.0,0,-1,0.0971729755402,0,94.0,2,10,1.49318255126,-5.08531276016,5.3,1,13,0,5.0,300.0
3.1,0.0,2,400.0,22.0,0,-1,0.0971879959106,1,94.0,1,8,4.00547274408,-3.47076188991,5.3,1,13,0,5.0,300.0
3.1,0.0,2,400.0,22.0,0,-2,0.0971729755402,-1,94.0,2,14,-4.00547274408,-3.47076188991,5.3,1,13,0,5.0,300.0
3.1,0.0,1,400.0,22.0,0,-2,0.0970230102539,1,94.0,1,11,6.49041367526e-16,-5.3,5.3,1,13,0,5.0,300.0
3.1,0.0,1,400.0,22.0,0,0,0.0971820354462,2,94.0,2,4,4.82104957538,2.20169956891,5.3,1,13,0,5.0,300.0
3.1,0.0,1,400.0,22.0,0,-2,0.097177028656,-2,94.0,1,11,6.49041367526e-16,-5.3,5.3,1,13,0,5.0,300.0
3.1,0.0,2,400.0,22.0,0,-2,0.0971817970276,1,94.0,1,5,5.24605364197,0.754268642848,5.3,1,13,0,5.0,300.0
3.1,0.0,1,400.0,22.0,0,0,0.0971920490265,-1,94.0,2,5,5.24605364197,0.754268642848,5.3,1,13,0,5.0,300.0
3.1,0.0,1,400.0,22.0,0,-1,0.097020149231,-2,94.0,2,9,2.86539633251,-4.45864372401,5.3,1,13,0,5.0,300.0
3.1,0.0,1,400.0,22.0,0,-2,0.0971808433533,-2,94.0,2,7,4.82104957538,-2.20169956891,5.3,1,13,0,5.0,300.0
3.1,0.0,1,400.0,22.0,0,2,0.097226858139,0,94.0,1,17,-5.24605364197,0.754268642848,5.3,1,13,0,5.0,300.0
3.1,0.0,2,400.0,22.0,0,-2,0.097188949585,1,94.0,2,17,-5.24605364197,0.754268642848,5.3,1,13,0,5.0,300.0
3.1,0.0,2,400.0,22.0,0,-2,0.097195148468,0,94.0,2,10,1.49318255126,-5.08531276016,5.3,1,13,0,5.0,300.0
3.1,0.0,2,400.0,22.0,0,1,0.0971848964691,-1,94.0,2,15,-4.82104957538,-2.20169956891,5.3,1,13,0,5.0,300.0
3.1,0.0,1,400.0,22.0,0,0,0.0972068309784,2,94.0,1,14,-4.00547274408,-3.47076188991,5.3,1,13,0,5.0,300.0
3.1,0.0,2,400.0,22.0,0,-1,0.0970070362091,-2,94.0,2,16,-5.24605364197,-0.754268642848,5.3,1,13,0,5.0,300.0
3.1,0.0,1,400.0,22.0,0,-2,0.0972030162811,1,94.0,1,6,5.24605364197,-0.754268642848,5.3,1,13,0,5.0,300.0
3.1,0.0,2,400.0,22.0,0,-1,0.0969939231873,1,94.0,2,16,-5.24605364197,-0.754268642848,5.3,1,13,0,5.0,300.0
3.1,0.0,2,400.0,22.0,0,1,0.0971779823303,1,94.0,1,10,1.49318255126,-5.08531276016,5.3,1,13,0,5.0,300.0
3.1,0.0,2,400.0,22.0,0,0,0.0972158908844,1,94.0,1,3,4.00547274408,3.47076188991,5.3,1,13,0,5.0,300.0
3.1,0.0,1,400.0,22.0,0,1,0.0972051620483,-2,94.0,1,4,4.82104957538,2.20169956891,5.3,1,13,0,5.0,300.0
3.1,0.0,2,400.0,22.0,0,2,0.0971901416779,1,94.0,1,5,5.24605364197,0.754268642848,5.3,1,13,0,5.0,300.0
3.1,0.0,1,400.0,22.0,0,2,0.0971918106079,-2,94.0,1,5,5.24605364197,0.754268642848,5.3,1,13,0,5.0,300.0
3.1,0.0,1,400.0,22.0,0,-1,0.0970530509949,1,94.0,1,7,4.82104957538,-2.20169956891,5.3,1,13,0,5.0,300.0
3.1,0.0,2,400.0,22.0,0,0,0.0971710681915,-1,94.0,2,0,0.0,5.3,5.3,1,13,0,5.0,300.0
3.1,0.0,1,400.0,22.0,0,-2,0.0971949100494,1,94.0,2,16,-5.24605364197,-0.754268642848,5.3,1,13,0,5.0,300.0
3.1,0.0,1,400.0,22.0,0,1,0.0971789360046,2,94.0,2,7,4.82104957538,-2.20169956891,5.3,1,13,0,5.0,300.0
3.1,0.0,2,400.0,22.0,0,1,0.097186088562,0,94.0,1,13,-2.86539633251,-4.45864372401,5.3,1,13,0,5.0,300.0
3.1,0.0,1,400.0,22.0,0,-1,0.0971992015839,0,94.0,1,5,5.24605364197,0.754268642848,5.3,1,13,0,5.0,300.0
3.1,0.0,2,400.0,22.0,0,2,0.0971901416779,1,94.0,1,18,-4.82104957538,2.20169956891,5.3,1,13,0,5.0,300.0
3.1,0.0,1,400.0,22.0,0,-1,0.0971839427948,0,94.0,2,13,-2.86539633251,-4.45864372401,5.3,1,13,0,5.0,300.0
3.1,0.0,1,400.0,22.0,0,-1,0.0971832275391,-1,94.0,2,14,-4.00547274408,-3.47076188991,5.3,1,13,0,5.0,300.0
3.1,0.0,1,400.0,22.0,0,-2,0.0971989631653,0,94.0,1,16,-5.24605364197,-0.754268642848,5.3,1,13,0,5.0,300.0
3.1,0.0,2,400.0,22.0,0,-2,0.0972030162811,1,94.0,2,18,-4.82104957538,2.20169956891,5.3,1,13,0,5.0,300.0
3.1,0.0,2,400.0,22.0,0,-2,0.0972008705139,-2,94.0,1,20,-2.86539633251,4.45864372401,5.3,1,13,0,5.0,300.0
3.1,0.0,2,400.0,22.0,0,1,0.0971879959106,0,94.0,1,17,-5.24605364197,0.754268642848,5.3,1,13,0,5.0,300.0
3.1,0.0,1,400.0,22.0,0,-1,0.0972189903259,-2,94.0,1,5,5.24605364197,0.754268642848,5.3,1,13,0,5.0,300.0
3.1,0.0,1,400.0,22.0,0,1,0.0971620082855,1,94.0,2,7,4.82104957538,-2.20169956891,5.3,1,13,0,5.0,300.0
3.1,0.0,2,400.0,22.0,0,1,0.0972011089325,0,94.0,2,1,1.49318255126,5.08531276016,5.3,1,13,0,5.0,300.0
3.1,0.0,1,400.0,22.0,0,-1,0.0972061157227,0,94.0,2,3,4.00547274408,3.47076188991,5.3,1,13,0,5.0,300.0
3.1,0.0,2,400.0,22.0,0,2,0.0972030162811,-2,94.0,1,21,-1.49318255126,5.08531276016,5.3,1,13,0,5.0,300.0
3.1,0.0,2,400.0,22.0,0,-1,0.0972049236298,1,94.0,2,12,-1.49318255126,-5.08531276016,5.3,1,13,0,5.0,300.0
3.1,0.0,2,400.0,22.0,0,-2,0.0972058773041,1,94.0,2,19,-4.00547274408,3.47076188991,5.3,1,13,0,5.0,300.0
3.1,0.0,2,400.0,22.0,0,2,0.0972220897675,-2,94.0,2,4,4.82104957538,2.20169956891,5.3,1,13,0,5.0,300.0
3.1,0.0,1,400.0,22.0,0,1,0.0971989631653,-2,94.0,1,16,-5.24605364197,-0.754268642848,5.3,1,13,0,5.0,300.0
3.1,0.0,1,400.0,22.0,0,-1,0.0971848964691,0,94.0,1,9,2.86539633251,-4.45864372401,5.3,1,13,0,5.0,300.0
3.1,0.0,2,400.0,22.0,0,-1,0.0970900058746,1,94.0,1,21,-1.49318255126,5.08531276016,5.3,1,13,0,5.0,300.0
3.1,0.0,1,400.0,22.0,0,-2,0.0972139835358,-1,94.0,2,21,-1.49318255126,5.08531276016,5.3,1,13,0,5.0,300.0
3.1,0.0,2,400.0,22.0,0,-2,0.0972030162811,2,94.0,1,14,-4.00547274408,-3.47076188991,5.3,1,13,0,5.0,300.0
3.1,0.0,2,400.0,22.0,0,0,0.0972929000854,1,94.0,1,10,1.49318255126,-5.08531276016,5.3,1,13,0,5.0,300.0
3.1,0.0,1,400.0,22.0,0,-1,0.0972151756287,-2,94.0,1,18,-4.82104957538,2.20169956891,5.3,1,13,0,5.0,300.0
3.1,0.0,2,400.0,22.0,0,-1,0.0972001552582,1,94.0,1,16,-5.24605364197,-0.754268642848,5.3,1,13,0,5.0,300.0
3.1,0.0,1,400.0,22.0,0,-1,0.0971870422363,1,94.0,1,8,4.00547274408,-3.47076188991,5.3,1,13,0,5.0,300.0
3.1,0.0,1,400.0,22.0,0,-2,0.0971810817719,2,94.0,1,0,0.0,5.3,5.3,1,13,0,5.0,300.0
3.1,0.0,2,400.0,22.0,0,2,0.0971901416779,-2,94.0,2,17,-5.24605364197,0.754268642848,5.3,1,13,0,5.0,300.0
3.1,0.0,1,400.0,22.0,0,0,0.0971820354462,-1,94.0,2,6,5.24605364197,-0.754268642848,5.3,1,13,0,5.0,300.0
3.1,0.0,2,400.0,22.0,0,2,0.0971899032593,0,94.0,1,5,5.24605364197,0.754268642848,5.3,1,13,0,5.0,300.0
3.1,0.0,1,400.0,22.0,0,2,0.0972049236298,2,94.0,2,0,0.0,5.3,5.3,1,13,0,5.0,300.0
3.1,0.0,2,400.0,22.0,0,0,0.0972080230713,1,94.0,2,15,-4.82104957538,-2.20169956891,5.3,1,13,0,5.0,300.0
3.1,0.0,2,400.0,22.0,0,-2,0.0972089767456,2,94.0,2,8,4.00547274408,-3.47076188991,5.3,1,13,0,5.0,300.0
3.1,0.0,2,400.0,22.0,0,1,0.0972089767456,-2,94.0,2,14,-4.00547274408,-3.47076188991,5.3,1,13,0,5.0,300.0
3.1,0.0,1,400.0,22.0,0,0,0.0971970558167,2,94.0,2,10,1.49318255126,-5.08531276016,5.3,1,13,0,5.0,300.0
3.1,0.0,1,400.0,22.0,0,1,0.097216129303,-1,94.0,1,5,5.24605364197,0.754268642848,5.3,1,13,0,5.0,300.0
3.1,0.0,2,400.0,22.0,0,2,0.0972130298615,1,94.0,2,3,4.00547274408,3.47076188991,5.3,1,13,0,5.0,300.0
3.1,0.0,1,400.0,22.0,0,-1,0.0972030162811,1,94.0,2,7,4.82104957538,-2.20169956891,5.3,1,13,0,5.0,300.0
3.1,0.0,1,400.0,22.0,0,-1,0.0972020626068,0,94.0,2,10,1.49318255126,-5.08531276016,5.3,1,13,0,5.0,300.0
3.1,0.0,2,400.0,22.0,0,-2,0.097207069397,-1,94.0,2,6,5.24605364197,-0.754268642848,5.3,1,13,0,5.0,300.0
3.1,0.0,2,400.0,22.0,0,0,0.097198009491,2,94.0,1,8,4.00547274408,-3.47076188991,5.3,1,13,0,5.0,300.0
3.1,0.0,2,400.0,22.0,0,0,0.0972130298615,2,94.0,1,5,5.24605364197,0.754268642848,5.3,1,13,0,5.0,300.0
3.1,0.0,1,400.0,22.0,0,0,0.0972089767456,-2,94.0,2,6,5.24605364197,-0.754268642848,5.3,1,13,0,5.0,300.0
3.1,0.0,2,400.0,22.0,0,0,0.0971920490265,0,94.0,1,2,2.86539633251,4.45864372401,5.3,1,13,0,5.0,300.0
3.1,0.0,1,400.0,22.0,0,2,0.0972011089325,-2,94.0,2,10,1.49318255126,-5.08531276016,5.3,1,13,0,5.0,300.0
3.1,0.0,2,400.0,22.0,0,-2,0.0972099304199,1,94.0,2,16,-5.24605364197,-0.754268642848,5.3,1,13,0,5.0,300.0
3.1,0.0,2,400.0,22.0,0,-2,0.0972149372101,-1,94.0,2,4,4.82104957538,2.20169956891,5.3,1,13,0,5.0,300.0
3.1,0.0,1,400.0,22.0,0,0,0.0972061157227,0,94.0,1,16,-5.24605364197,-0.754268642848,5.3,1,13,0,5.0,300.0
3.1,0.0,1,400.0,22.0,0,-2,0.0972180366516,-1,94.0,2,10,1.49318255126,-5.08531276016,5.3,1,13,0,5.0,300.0
3.1,0.0,1,400.0,22.0,0,0,0.097195148468,2,94.0,2,13,-2.86539633251,-4.45864372401,5.3,1,13,0,5.0,300.0
3.1,0.0,1,400.0,22.0,0,1,0.0972001552582,-1,94.0,2,19,-4.00547274408,3.47076188991,5.3,1,13,0,5.0,300.0
3.1,0.0,1,400.0,22.0,0,0,0.0971848964691,-2,94.0,1,12,-1.49318255126,-5.08531276016,5.3,1,13,0,5.0,300.0
3.1,0.0,1,400.0,22.0,0,1,0.0971760749817,0,94.0,1,19,-4.00547274408,3.47076188991,5.3,1,13,0,5.0,300.0
3.1,0.0,2,400.0,22.0,0,0,0.097188949585,0,94.0,1,14,-4.00547274408,-3.47076188991,5.3,1,13,0,5.0,300.0
3.1,0.0,2,400.0,22.0,0,-1,0.0971829891205,1,94.0,1,9,2.86539633251,-4.45864372401,5.3,1,13,0,5.0,300.0
3.1,0.0,1,400.0,22.0,0,0,0.0972058773041,-1,94.0,2,8,4.00547274408,-3.47076188991,5.3,1,13,0,5.0,300.0
3.1,0.0,1,400.0,22.0,0,-1,0.0971970558167,-2,94.0,2,7,4.82104957538,-2.20169956891,5.3,1,13,0,5.0,300.0
3.1,0.0,1,400.0,22.0,0,-1,0.0972130298615,1,94.0,1,2,2.86539633251,4.45864372401,5.3,1,13,0,5.0,300.0
3.1,0.0,2,400.0,22.0,0,0,0.0972201824188,0,94.0,1,9,2.86539633251,-4.45864372401,5.3,1,13,0,5.0,300.0
3.1,0.0,2,400.0,22.0,0,-1,0.0972080230713,-2,94.0,1,16,-5.24605364197,-0.754268642848,5.3,1,13,0,5.0,300.0
3.1,0.0,1,400.0,22.0,0,-1,0.0972018241882,-2,94.0,1,11,6.49041367526e-16,-5.3,5.3,1,13,0,5.0,300.0
3.1,0.0,2,400.0,22.0,0,-2,0.0973048210144,-1,94.0,2,1,1.49318255126,5.08531276016,5.3,1,13,0,5.0,300.0
3.1,0.0,1,400.0,22.0,0,-2,0.0971989631653,-1,94.0,2,18,-4.82104957538,2.20169956891,5.3,1,13,0,5.0,300.0
3.1,0.0,2,400.0,22.0,0,-1,0.0972008705139,1,94.0,2,17,-5.24605364197,0.754268642848,5.3,1,13,0,5.0,300.0
3.1,0.0,1,400.0,22.0,0,1,0.0972058773041,2,94.0,2,7,4.82104957538,-2.20169956891,5.3,1,13,0,5.0,300.0
3.1,0.0,1,400.0,22.0,0,0,0.0972008705139,2,94.0,2,11,6.49041367526e-16,-5.3,5.3,1,13,0,5.0,300.0
3.1,0.0,2,400.0,22.0,0,-2,0.0972030162811,-1,94.0,1,21,-1.49318255126,5.08531276016,5.3,1,13,0,5.0,300.0
3.1,0.0,2,400.0,22.0,0,-1,0.0972049236298,2,94.0,2,14,-4.00547274408,-3.47076188991,5.3,1,13,0,5.0,300.0
3.1,0.0,2,400.0,22.0,0,2,0.0971851348877,1,94.0,1,15,-4.82104957538,-2.20169956891,5.3,1,13,0,5.0,300.0
3.1,0.0,2,400.0,22.0,0,2,0.0972020626068,-2,94.0,2,10,1.49318255126,-5.08531276016,5.3,1,13,0,5.0,300.0
3.1,0.0,1,400.0,22.0,0,-2,0.0970659255981,1,94.0,2,4,4.82104957538,2.20169956891,5.3,1,13,0,5.0,300.0
3.1,0.0,1,400.0,22.0,0,0,0.0971848964691,1,94.0,2,15,-4.82104957538,-2.20169956891,5.3,1,13,0,5.0,300.0
3.1,0.0,1,400.0,22.0,0,0,0.0972061157227,-1,94.0,2,14,-4.00547274408,-3.47076188991,5.3,1,13,0,5.0,300.0
3.1,0.0,2,400.0,22.0,0,1,0.0971870422363,-2,94.0,1,16,-5.24605364197,-0.754268642848,5.3,1,13,0,5.0,300.0
3.1,0.0,1,400.0,22.0,0,-2,0.0972011089325,2,94.0,1,20,-2.86539633251,4.45864372401,5.3,1,13,0,5.0,300.0
3.1,0.0,1,400.0,22.0,0,1,0.0972168445587,2,94.0,1,8,4.00547274408,-3.47076188991,5.3,1,13,0,5.0,300.0
3.1,0.0,1,400.0,22.0,0,-2,0.097188949585,2,94.0,2,15,-4.82104957538,-2.20169956891,5.3,1,13,0,5.0,300.0
3.1,0.0,2,400.0,22.0,0,2,0.0971858501434,2,94.0,1,12,-1.49318255126,-5.08531276016,5.3,1,13,0,5.0,300.0
3.1,0.0,2,400.0,22.0,0,2,0.0971879959106,1,94.0,2,2,2.86539633251,4.45864372401,5.3,1,13,0,5.0,300.0
3.1,0.0,1,400.0,22.0,0,2,0.0972099304199,-1,94.0,2,11,6.49041367526e-16,-5.3,5.3,1,13,0,5.0,300.0
3.1,0.0,1,400.0,22.0,0,-1,0.0972111225128,0,94.0,1,2,2.86539633251,4.45864372401,5.3,1,13,0,5.0,300.0
3.1,0.0,2,400.0,22.0,0,2,0.097198009491,0,94.0,1,8,4.00547274408,-3.47076188991,5.3,1,13,0,5.0,300.0
3.1,0.0,1,400.0,22.0,0,1,0.097207069397,-1,94.0,2,18,-4.82104957538,2.20169956891,5.3,1,13,0,5.0,300.0
3.1,0.0,2,400.0,22.0,0,1,0.0971999168396,2,94.0,2,6,5.24605364197,-0.754268642848,5.3,1,13,0,5.0,300.0
3.1,0.0,2,400.0,22.0,0,-2,0.0970358848572,0,94.0,2,16,-5.24605364197,-0.754268642848,5.3,1,13,0,5.0,300.0
3.1,0.0,1,400.0,22.0,0,0,0.0971939563751,-2,94.0,1,2,2.86539633251,4.45864372401,5.3,1,13,0,5.0,300.0
3.1,0.0,1,400.0,22.0,0,2,0.0971989631653,-1,94.0,2,4,4.82104957538,2.20169956891,5.3,1,13,0,5.0,300.0
3.1,0.0,1,400.0,22.0,0,2,0.0972080230713,-1,94.0,1,15,-4.82104957538,-2.20169956891,5.3,1,13,0,5.0,300.0
3.1,0.0,2,400.0,22.0,0,0,0.0971899032593,-2,94.0,1,4,4.82104957538,2.20169956891,5.3,1,13,0,5.0,300.0
3.1,0.0,1,400.0,22.0,0,-1,0.0972101688385,2,94.0,1,6,5.24605364197,-0.754268642848,5.3,1,13,0,5.0,300.0
3.1,0.0,1,400.0,22.0,0,-1,0.0971941947937,-1,94.0,2,6,5.24605364197,-0.754268642848,5.3,1,13,0,5.0,300.0
3.1,0.0,2,400.0,22.0,0,0,0.097188949585,2,94.0,1,18,-4.82104957538,2.20169956891,5.3,1,13,0,5.0,300.0
3.1,0.0,2,400.0,22.0,0,-1,0.097198009491,2,94.0,1,5,5.24605364197,0.754268642848,5.3,1,13,0,5.0,300.0
3.1,0.0,1,400.0,22.0,0,1,0.0971810817719,-2,94.0,1,0,0.0,5.3,5.3,1,13,0,5.0,300.0
3.1,0.0,2,400.0,22.0,0,-1,0.0971992015839,2,94.0,1,5,5.24605364197,0.754268642848,5.3,1,13,0,5.0,300.0
3.1,0.0,1,400.0,22.0,0,2,0.0972421169281,0,94.0,1,1,1.49318255126,5.08531276016,5.3,1,13,0,5.0,300.0
3.1,0.0,2,400.0,22.0,0,-1,0.097195148468,1,94.0,2,10,1.49318255126,-5.08531276016,5.3,1,13,0,5.0,300.0
3.1,0.0,1,400.0,22.0,0,-1,0.0972130298615,0,94.0,1,20,-2.86539633251,4.45864372401,5.3,1,13,0,5.0,300.0
3.1,0.0,1,400.0,22.0,0,2,0.097188949585,2,94.0,2,9,2.86539633251,-4.45864372401,5.3,1,13,0,5.0,300.0
3.1,0.0,1,400.0,22.0,0,-2,0.0971858501434,0,94.0,1,11,6.49041367526e-16,-5.3,5.3,1,13,0,5.0,300.0
3.1,0.0,2,400.0,22.0,0,2,0.0971920490265,1,94.0,1,7,4.82104957538,-2.20169956891,5.3,1,13,0,5.0,300.0
3.1,0.0,1,400.0,22.0,0,-1,0.0971949100494,-1,94.0,1,15,-4.82104957538,-2.20169956891,5.3,1,13,0,5.0,300.0
3.1,0.0,2,400.0,22.0,0,-1,0.0972039699554,0,94.0,1,0,0.0,5.3,5.3,1,13,0,5.0,300.0
3.1,0.0,2,400.0,22.0,0,-2,0.0970559120178,-2,94.0,2,16,-5.24605364197,-0.754268642848,5.3,1,13,0,5.0,300.0
3.1,0.0,2,400.0,22.0,0,-1,0.0974910259247,0,94.0,2,12,-1.49318255126,-5.08531276016,5.3,1,13,0,5.0,300.0
3.1,0.0,1,400.0,22.0,0,0,0.0971848964691,2,94.0,1,4,4.82104957538,2.20169956891,5.3,1,13,0,5.0,300.0
3.1,0.0,2,400.0,22.0,0,2,0.0971930027008,1,94.0,2,0,0.0,5.3,5.3,1,13,0,5.0,300.0
3.1,0.0,1,400.0,22.0,0,0,0.0971949100494,2,94.0,1,20,-2.86539633251,4.45864372401,5.3,1,13,0,5.0,300.0
3.1,0.0,1,400.0,22.0,0,-1,0.0972039699554,-1,94.0,2,20,-2.86539633251,4.45864372401,5.3,1,13,0,5.0,300.0
3.1,0.0,2,400.0,22.0,0,2,0.0971958637238,2,94.0,1,16,-5.24605364197,-0.754268642848,5.3,1,13,0,5.0,300.0
3.1,0.0,1,400.0,22.0,0,2,0.0971949100494,2,94.0,1,18,-4.82104957538,2.20169956891,5.3,1,13,0,5.0,300.0
3.1,0.0,1,400.0,22.0,0,-2,0.0971941947937,-1,94.0,1,2,2.86539633251,4.45864372401,5.3,1,13,0,5.0,300.0
3.1,0.0,2,400.0,22.0,0,-2,0.0972130298615,-2,94.0,2,0,0.0,5.3,5.3,1,13,0,5.0,300.0
3.1,0.0,1,400.0,22.0,0,0,0.0972039699554,-1,94.0,2,2,2.86539633251,4.45864372401,5.3,1,13,0,5.0,300.0
3.1,0.0,2,400.0,22.0,0,-2,0.0973010063171,2,94.0,2,14,-4.00547274408,-3.47076188991,5.3,1,13,0,5.0,300.0
3.1,0.0,2,400.0,22.0,0,-2,0.0972130298615,-1,94.0,1,20,-2.86539633251,4.45864372401,5.3,1,13,0,5.0,300.0
3.1,0.0,1,400.0,22.0,0,-1,0.0972080230713,1,94.0,1,13,-2.86539633251,-4.45864372401,5.3,1,13,0,5.0,300.0
3.1,0.0,1,400.0,22.0,0,-2,0.0971989631653,1,94.0,2,0,0.0,5.3,5.3,1,13,0,5.0,300.0
3.1,0.0,2,400.0,22.0,0,-2,0.097198009491,0,94.0,2,19,-4.00547274408,3.47076188991,5.3,1,13,0,5.0,300.0
3.1,0.0,2,400.0,22.0,0,-2,0.0972080230713,-2,94.0,1,15,-4.82104957538,-2.20169956891,5.3,1,13,0,5.0,300.0
3.1,0.0,1,400.0,22.0,0,0,0.0972380638123,-1,94.0,1,0,0.0,5.3,5.3,1,13,0,5.0,300.0
3.1,0.0,2,400.0,22.0,0,-2,0.0972030162811,2,94.0,2,5,5.24605364197,0.754268642848,5.3,1,13,0,5.0,300.0
3.1,0.0,1,400.0,22.0,0,1,0.0972080230713,-1,94.0,2,18,-4.82104957538,2.20169956891,5.3,1,13,0,5.0,300.0
3.1,0.0,1,400.0,22.0,0,0,0.0971901416779,-1,94.0,2,13,-2.86539633251,-4.45864372401,5.3,1,13,0,5.0,300.0
3.1,0.0,1,400.0,22.0,0,0,0.0973198413849,-1,94.0,1,21,-1.49318255126,5.08531276016,5.3,1,13,0,5.0,300.0
3.1,0.0,2,400.0,22.0,0,-2,0.0971910953522,-2,94.0,1,15,-4.82104957538,-2.20169956891,5.3,1,13,0,5.0,300.0
3.1,0.0,2,400.0,22.0,0,2,0.0971870422363,-1,94.0,1,14,-4.00547274408,-3.47076188991,5.3,1,13,0,5.0,300.0
3.1,0.0,2,400.0,22.0,0,2,0.0971829891205,-1,94.0,2,16,-5.24605364197,-0.754268642848,5.3,1,13,0,5.0,300.0
3.1,0.0,1,400.0,22.0,0,-1,0.0972170829773,1,94.0,2,19,-4.00547274408,3.47076188991,5.3,1,13,0,5.0,300.0
3.1,0.0,2,400.0,22.0,0,2,0.097188949585,-1,94.0,2,14,-4.00547274408,-3.47076188991,5.3,1,13,0,5.0,300.0
3.1,0.0,1,400.0,22.0,0,0,0.0973439216614,0,94.0,2,3,4.00547274408,3.47076188991,5.3,1,13,0,5.0,300.0
3.1,0.0,1,400.0,22.0,0,-1,0.0971958637238,0,94.0,2,4,4.82104957538,2.20169956891,5.3,1,13,0,5.0,300.0
3.1,0.0,1,400.0,22.0,0,-2,0.0971968173981,-1,94.0,2,9,2.86539633251,-4.45864372401,5.3,1,13,0,5.0,300.0
3.1,0.0,1,400.0,22.0,0,-1,0.0971870422363,1,94.0,2,11,6.49041367526e-16,-5.3,5.3,1,13,0,5.0,300.0
3.1,0.0,2,400.0,22.0,0,-1,0.0971989631653,-2,94.0,1,2,2.86539633251,4.45864372401,5.3,1,13,0,5.0,300.0
3.1,0.0,2,400.0,22.0,0,1,0.0971879959106,-1,94.0,2,20,-2.86539633251,4.45864372401,5.3,1,13,0,5.0,300.0
3.1,0.0,2,400.0,22.0,0,-1,0.0971989631653,-2,94.0,2,2,2.86539633251,4.45864372401,5.3,1,13,0,5.0,300.0
3.1,0.0,2,400.0,22.0,0,-2,0.0972089767456,-2,94.0,1,15,-4.82104957538,-2.20169956891,5.3,1,13,0,5.0,300.0
3.1,0.0,2,400.0,22.0,0,0,0.0971970558167,0,94.0,2,3,4.00547274408,3.47076188991,5.3,1,13,0,5.0,300.0
3.1,0.0,2,400.0,22.0,0,-2,0.0971879959106,2,94.0,2,19,-4.00547274408,3.47076188991,5.3,1,13,0,5.0,300.0
3.1,0.0,2,400.0,22.0,0,-2,0.0971879959106,2,94.0,1,17,-5.24605364197,0.754268642848,5.3,1,13,0,5.0,300.0
3.1,0.0,2,400.0,22.0,0,2,0.0973119735718,2,94.0,2,3,4.00547274408,3.47076188991,5.3,1,13,0,5.0,300.0
3.1,0.0,2,400.0,22.0,0,2,0.0971441268921,1,94.0,1,12,-1.49318255126,-5.08531276016,5.3,1,13,0,5.0,300.0
3.1,0.0,1,400.0,22.0,0,2,0.0972130298615,-2,94.0,1,18,-4.82104957538,2.20169956891,5.3,1,13,0,5.0,300.0
3.1,0.0,2,400.0,22.0,0,0,0.0971841812134,1,94.0,1,16,-5.24605364197,-0.754268642848,5.3,1,13,0,5.0,300.0
3.1,0.0,1,400.0,22.0,0,-2,0.0972239971161,0,94.0,1,16,-5.24605364197,-0.754268642848,5.3,1,13,0,5.0,300.0
3.1,0.0,1,400.0,22.0,0,2,0.0972068309784,-2,94.0,2,14,-4.00547274408,-3.47076188991,5.3,1,13,0,5.0,300.0
3.1,0.0,2,400.0,22.0,0,1,0.0972130298615,-1,94.0,1,9,2.86539633251,-4.45864372401,5.3,1,13,0,5.0,300.0
3.1,0.0,2,400.0,22.0,0,-1,0.0972039699554,-2,94.0,2,2,2.86539633251,4.45864372401,5.3,1,13,0,5.0,300.0
3.1,0.0,1,400.0,22.0,0,0,0.097335100174,-1,94.0,2,19,-4.00547274408,3.47076188991,5.3,1,13,0,5.0,300.0
3.1,0.0,1,400.0,22.0,0,0,0.0971848964691,-2,94.0,1,11,6.49041367526e-16,-5.3,5.3,1,13,0,5.0,300.0
3.1,0.0,2,400.0,22.0,0,2,0.0972430706024,1,94.0,1,13,-2.86539633251,-4.45864372401,5.3,1,13,0,5.0,300.0
3.1,0.0,1,400.0,22.0,0,1,0.0972008705139,1,94.0,2,14,-4.00547274408,-3.47076188991,5.3,1,13,0,5.0,300.0
3.1,0.0,1,400.0,22.0,0,2,0.0972259044647,2,94.0,2,15,-4.82104957538,-2.20169956891,5.3,1,13,0,5.0,300.0
3.1,0.0,2,400.0,22.0,0,0,0.0972080230713,0,94.0,2,13,-2.86539633251,-4.45864372401,5.3,1,13,0,5.0,300.0
3.1,0.0,1,400.0,22.0,0,-2,0.0970458984375,1,94.0,2,3,4.00547274408,3.47076188991,5.3,1,13,0,5.0,300.0
3.1,0.0,2,400.0,22.0,0,-2,0.0972058773041,-1,94.0,1,16,-5.24605364197,-0.754268642848,5.3,1,13,0,5.0,300.0
3.1,0.0,1,400.0,22.0,0,2,0.0971989631653,0,94.0,1,11,6.49041367526e-16,-5.3,5.3,1,13,0,5.0,300.0
3.1,0.0,1,400.0,22.0,0,0,0.0972681045532,1,94.0,1,10,1.49318255126,-5.08531276016,5.3,1,13,0,5.0,300.0
3.1,0.0,1,400.0,22.0,0,0,0.0972621440887,0,94.0,1,14,-4.00547274408,-3.47076188991,5.3,1,13,0,5.0,300.0
3.1,0.0,1,400.0,22.0,0,0,0.0972881317139,-1,94.0,1,16,-5.24605364197,-0.754268642848,5.3,1,13,0,5.0,300.0
3.1,0.0,1,400.0,22.0,0,0,0.0971760749817,1,94.0,1,20,-2.86539633251,4.45864372401,5.3,1,13,0,5.0,300.0
3.1,0.0,1,400.0,22.0,0,-1,0.0971820354462,2,94.0,1,12,-1.49318255126,-5.08531276016,5.3,1,13,0,5.0,300.0
3.1,0.0,2,400.0,22.0,0,0,0.0972008705139,0,94.0,2,15,-4.82104957538,-2.20169956891,5.3,1,13,0,5.0,300.0
3.1,0.0,2,400.0,22.0,0,-2,0.0972650051117,-2,94.0,2,0,0.0,5.3,5.3,1,13,0,5.0,300.0
3.1,0.0,1,400.0,22.0,0,-2,0.0971841812134,0,94.0,1,13,-2.86539633251,-4.45864372401,5.3,1,13,0,5.0,300.0
3.1,0.0,2,400.0,22.0,0,-2,0.0971858501434,1,94.0,1,3,4.00547274408,3.47076188991,5.3,1,13,0,5.0,300.0
3.1,0.0,1,400.0,22.0,0,-2,0.0971729755402,1,94.0,1,7,4.82104957538,-2.20169956891,5.3,1,13,0,5.0,300.0
3.1,0.0,2,400.0,22.0,0,1,0.0971930027008,2,94.0,2,10,1.49318255126,-5.08531276016,5.3,1,13,0,5.0,300.0
3.1,0.0,1,400.0,22.0,0,0,0.0971488952637,0,94.0,1,10,1.49318255126,-5.08531276016,5.3,1,13,0,5.0,300.0
3.1,0.0,2,400.0,22.0,0,1,0.0971958637238,1,94.0,2,13,-2.86539633251,-4.45864372401,5.3,1,13,0,5.0,300.0
3.1,0.0,1,400.0,22.0,0,-2,0.0971610546112,0,94.0,1,8,4.00547274408,-3.47076188991,5.3,1,13,0,5.0,300.0
3.1,0.0,1,400.0,22.0,0,1,0.0972888469696,1,94.0,2,1,1.49318255126,5.08531276016,5.3,1,13,0,5.0,300.0
3.1,0.0,2,400.0,22.0,0,0,0.0972011089325,0,94.0,2,8,4.00547274408,-3.47076188991,5.3,1,13,0,5.0,300.0
3.1,0.0,2,400.0,22.0,0,-1,0.0971848964691,2,94.0,2,21,-1.49318255126,5.08531276016,5.3,1,13,0,5.0,300.0
3.1,0.0,2,400.0,22.0,0,-1,0.097286939621,1,94.0,1,12,-1.49318255126,-5.08531276016,5.3,1,13,0,5.0,300.0
3.1,0.0,2,400.0,22.0,0,-1,0.097195148468,-1,94.0,2,8,4.00547274408,-3.47076188991,5.3,1,13,0,5.0,300.0
3.1,0.0,1,400.0,22.0,0,1,0.0972058773041,1,94.0,1,3,4.00547274408,3.47076188991,5.3,1,13,0,5.0,300.0
3.1,0.0,2,400.0,22.0,0,0,0.0972828865051,0,94.0,2,10,1.49318255126,-5.08531276016,5.3,1,13,0,5.0,300.0
3.1,0.0,2,400.0,22.0,0,2,0.0973989963531,-2,94.0,1,13,-2.86539633251,-4.45864372401,5.3,1,13,0,5.0,300.0
3.1,0.0,2,400.0,22.0,0,-2,0.0972859859467,0,94.0,1,17,-5.24605364197,0.754268642848,5.3,1,13,0,5.0,300.0
3.1,0.0,2,400.0,22.0,0,-1,0.0971801280975,1,94.0,2,8,4.00547274408,-3.47076188991,5.3,1,13,0,5.0,300.0
3.1,0.0,1,400.0,22.0,0,-1,0.0971820354462,-1,94.0,2,6,5.24605364197,-0.754268642848,5.3,1,13,0,5.0,300.0
3.1,0.0,1,400.0,22.0,0,2,0.0972759723663,1,94.0,2,5,5.24605364197,0.754268642848,5.3,1,13,0,5.0,300.0
3.1,0.0,1,400.0,22.0,0,0,0.0972230434418,1,94.0,2,13,-2.86539633251,-4.45864372401,5.3,1,13,0,5.0,300.0
3.1,0.0,1,400.0,22.0,0,-1,0.097177028656,2,94.0,1,5,5.24605364197,0.754268642848,5.3,1,13,0,5.0,300.0
3.1,0.0,2,400.0,22.0,0,-1,0.0971808433533,-1,94.0,1,7,4.82104957538,-2.20169956891,5.3,1,13,0,5.0,300.0
3.1,0.0,1,400.0,22.0,0,-2,0.0972650051117,0,94.0,2,6,5.24605364197,-0.754268642848,5.3,1,13,0,5.0,300.0
3.1,0.0,2,400.0,22.0,0,2,0.0971901416779,-2,94.0,1,8,4.00547274408,-3.47076188991,5.3,1,13,0,5.0,300.0
3.1,0.0,1,400.0,22.0,0,-1,0.0974140167236,-1,94.0,2,2,2.86539633251,4.45864372401,5.3,1,13,0,5.0,300.0
3.1,0.0,2,400.0,22.0,0,0,0.0972769260406,0,94.0,2,18,-4.82104957538,2.20169956891,5.3,1,13,0,5.0,300.0
3.1,0.0,1,400.0,22.0,0,1,0.0971992015839,1,94.0,1,4,4.82104957538,2.20169956891,5.3,1,13,0,5.0,300.0
3.1,0.0,2,400.0,22.0,0,-1,0.0971891880035,-1,94.0,2,4,4.82104957538,2.20169956891,5.3,1,13,0,5.0,300.0
3.1,0.0,2,400.0,22.0,0,2,0.0971910953522,2,94.0,2,0,0.0,5.3,5.3,1,13,0,5.0,300.0
3.1,0.0,2,400.0,22.0,0,-1,0.0972061157227,-1,94.0,2,0,0.0,5.3,5.3,1,13,0,5.0,300.0
3.1,0.0,1,400.0,22.0,0,-2,0.0971820354462,-2,94.0,1,5,5.24605364197,0.754268642848,5.3,1,13,0,5.0,300.0
3.1,0.0,2,400.0,22.0,0,0,0.0970139503479,0,94.0,2,18,-4.82104957538,2.20169956891,5.3,1,13,0,5.0,300.0
3.1,0.0,2,400.0,22.0,0,0,0.0973138809204,0,94.0,2,3,4.00547274408,3.47076188991,5.3,1,13,0,5.0,300.0
3.1,0.0,1,400.0,22.0,0,-1,0.0972068309784,-1,94.0,1,21,-1.49318255126,5.08531276016,5.3,1,13,0,5.0,300.0
3.1,0.0,2,400.0,22.0,0,-1,0.0971908569336,-1,94.0,2,10,1.49318255126,-5.08531276016,5.3,1,13,0,5.0,300.0
3.1,0.0,1,400.0,22.0,0,-2,0.0971879959106,-2,94.0,1,5,5.24605364197,0.754268642848,5.3,1,13,0,5.0,300.0
3.1,0.0,2,400.0,22.0,0,1,0.0971968173981,1,94.0,2,7,4.82104957538,-2.20169956891,5.3,1,13,0,5.0,300.0
3.1,0.0,1,400.0,22.0,0,0,0.0971851348877,1,94.0,1,17,-5.24605364197,0.754268642848,5.3,1,13,0,5.0,300.0
3.1,0.0,2,400.0,22.0,0,1,0.097149848938,1,94.0,2,1,1.49318255126,5.08531276016,5.3,1,13,0,5.0,300.0
3.1,0.0,2,400.0,22.0,0,1,0.0971908569336,2,94.0,2,21,-1.49318255126,5.08531276016,5.3,1,13,0,5.0,300.0
3.1,0.0,1,400.0,22.0,0,1,0.0972650051117,1,94.0,1,3,4.00547274408,3.47076188991,5.3,1,13,0,5.0,300.0
3.1,0.0,1,400.0,22.0,0,1,0.0971848964691,1,94.0,1,9,2.86539633251,-4.45864372401,5.3,1,13,0,5.0,300.0
3.1,0.0,2,400.0,22.0,0,2,0.0972571372986,2,94.0,2,18,-4.82104957538,2.20169956891,5.3,1,13,0,5.0,300.0
3.1,0.0,1,400.0,22.0,0,1,0.0971789360046,1,94.0,1,13,-2.86539633251,-4.45864372401,5.3,1,13,0,5.0,300.0
3.1,0.0,1,400.0,22.0,0,1,0.0971810817719,1,94.0,1,19,-4.00547274408,3.47076188991,5.3,1,13,0,5.0,300.0
3.1,0.0,1,400.0,22.0,0,2,0.0972738265991,2,94.0,1,2,2.86539633251,4.45864372401,5.3,1,13,0,5.0,300.0
3.1,0.0,2,400.0,22.0,0,-1,0.0972909927368,0,94.0,1,13,-2.86539633251,-4.45864372401,5.3,1,13,0,5.0,300.0
3.1,0.0,1,400.0,22.0,0,-1,0.0972130298615,1,94.0,1,3,4.00547274408,3.47076188991,5.3,1,13,0,5.0,300.0
3.1,0.0,2,400.0,22.0,0,-1,0.097247838974,2,94.0,1,4,4.82104957538,2.20169956891,5.3,1,13,0,5.0,300.0
3.1,0.0,2,400.0,22.0,0,-2,0.0971670150757,-1,94.0,1,15,-4.82104957538,-2.20169956891,5.3,1,13,0,5.0,300.0
3.1,0.0,2,400.0,22.0,0,1,0.0971879959106,-1,94.0,1,10,1.49318255126,-5.08531276016,5.3,1,13,0,5.0,300.0
3.1,0.0,2,400.0,22.0,0,2,0.0971701145172,0,94.0,2,15,-4.82104957538,-2.20169956891,5.3,1,13,0,5.0,300.0
3.1,0.0,2,400.0,22.0,0,-1,0.0971410274506,2,94.0,2,16,-5.24605364197,-0.754268642848,5.3,1,13,0,5.0,300.0
3.1,0.0,2,400.0,22.0,0,-1,0.0972700119019,1,94.0,2,9,2.86539633251,-4.45864372401,5.3,1,13,0,5.0,300.0
