cue-length,ms-precue,resp-v-hv,ms-st-cue,nitems,offset2,resp-h-pos,actualStimOn,resp-v-pos,ms-stimon,resp-h-hv,cue-loc-int,cue-loc-x,cue-loc-y,radius,bars-or-spot,version,offset,npractice,ntrials
3.1,0.0,2,400.0,22.0,0,-2,0.100129127502,2,94.0,2,4,4.82104957538,2.20169956891,5.3,0,11,-12,5.0,400.0
3.1,0.0,2,400.0,22.0,0,-2,0.100141048431,-2,94.0,2,15,-4.82104957538,-2.20169956891,5.3,0,11,-12,5.0,400.0
3.1,0.0,1,400.0,22.0,0,-2,0.0998759269714,-2,94.0,1,6,5.24605364197,-0.754268642848,5.3,0,11,-12,5.0,400.0
3.1,0.0,2,400.0,22.0,0,-2,0.100069999695,0,94.0,1,21,-1.49318255126,5.08531276016,5.3,0,11,-12,5.0,400.0
3.1,0.0,1,400.0,22.0,0,-1,0.100064992905,0,94.0,1,19,-4.00547274408,3.47076188991,5.3,0,11,-12,5.0,400.0
3.1,0.0,2,400.0,22.0,0,1,0.0999050140381,-1,94.0,2,11,6.49041367526e-16,-5.3,5.3,0,11,-12,5.0,400.0
3.1,0.0,1,400.0,22.0,0,0,0.100105047226,2,94.0,2,10,1.49318255126,-5.08531276016,5.3,0,11,-12,5.0,400.0
3.1,0.0,2,400.0,22.0,0,0,0.100223064423,0,94.0,2,14,-4.00547274408,-3.47076188991,5.3,0,11,-12,5.0,400.0
3.1,0.0,1,400.0,22.0,0,1,0.100101947784,1,94.0,1,13,-2.86539633251,-4.45864372401,5.3,0,11,-12,5.0,400.0
3.1,0.0,1,400.0,22.0,0,0,0.100116014481,0,94.0,1,10,1.49318255126,-5.08531276016,5.3,0,11,-12,5.0,400.0
3.1,0.0,2,400.0,22.0,0,-2,0.100152015686,0,94.0,2,7,4.82104957538,-2.20169956891,5.3,0,11,-12,5.0,400.0
3.1,0.0,1,400.0,22.0,0,0,0.0997381210327,0,94.0,1,14,-4.00547274408,-3.47076188991,5.3,0,11,-12,5.0,400.0
3.1,0.0,1,400.0,22.0,0,2,0.100019931793,2,94.0,1,3,4.00547274408,3.47076188991,5.3,0,11,-12,5.0,400.0
3.1,0.0,2,400.0,22.0,0,2,0.100073099136,2,94.0,2,19,-4.00547274408,3.47076188991,5.3,0,11,-12,5.0,400.0
3.1,0.0,1,400.0,22.0,0,-2,0.100151062012,-2,94.0,1,5,5.24605364197,0.754268642848,5.3,0,11,-12,5.0,400.0
3.1,0.0,1,400.0,22.0,0,1,0.0998430252075,1,94.0,1,17,-5.24605364197,0.754268642848,5.3,0,11,-12,5.0,400.0
3.1,0.0,2,400.0,22.0,0,0,0.100091934204,-2,94.0,1,21,-1.49318255126,5.08531276016,5.3,0,11,-12,5.0,400.0
3.1,0.0,2,400.0,22.0,0,-1,0.100021123886,-1,94.0,2,21,-1.49318255126,5.08531276016,5.3,0,11,-12,5.0,400.0
3.1,0.0,1,400.0,22.0,0,1,0.100056886673,1,94.0,1,7,4.82104957538,-2.20169956891,5.3,0,11,-12,5.0,400.0
3.1,0.0,2,400.0,22.0,0,1,0.0997619628906,1,94.0,2,9,2.86539633251,-4.45864372401,5.3,0,11,-12,5.0,400.0
3.1,0.0,2,400.0,22.0,0,0,0.100104093552,0,94.0,1,8,4.00547274408,-3.47076188991,5.3,0,11,-12,5.0,400.0
3.1,0.0,1,400.0,22.0,0,-1,0.099837064743,-1,94.0,1,4,4.82104957538,2.20169956891,5.3,0,11,-12,5.0,400.0
3.1,0.0,1,400.0,22.0,0,-1,0.100079059601,0,94.0,2,3,4.00547274408,3.47076188991,5.3,0,11,-12,5.0,400.0
3.1,0.0,2,400.0,22.0,0,-2,0.100095033646,0,94.0,2,19,-4.00547274408,3.47076188991,5.3,0,11,-12,5.0,400.0
3.1,0.0,2,400.0,22.0,0,-2,0.100060224533,-2,94.0,2,18,-4.82104957538,2.20169956891,5.3,0,11,-12,5.0,400.0
3.1,0.0,1,400.0,22.0,0,-2,0.100151062012,-2,94.0,1,21,-1.49318255126,5.08531276016,5.3,0,11,-12,5.0,400.0
3.1,0.0,2,400.0,22.0,0,0,0.100056171417,0,94.0,2,9,2.86539633251,-4.45864372401,5.3,0,11,-12,5.0,400.0
3.1,0.0,2,400.0,22.0,0,2,0.100060939789,2,94.0,2,20,-2.86539633251,4.45864372401,5.3,0,11,-12,5.0,400.0
3.1,0.0,1,400.0,22.0,0,-2,0.100086927414,-2,94.0,1,10,1.49318255126,-5.08531276016,5.3,0,11,-12,5.0,400.0
3.1,0.0,1,400.0,22.0,0,0,0.100217819214,0,94.0,2,9,2.86539633251,-4.45864372401,5.3,0,11,-12,5.0,400.0
3.1,0.0,1,400.0,22.0,0,0,0.100084066391,0,94.0,1,12,-1.49318255126,-5.08531276016,5.3,0,11,-12,5.0,400.0
3.1,0.0,2,400.0,22.0,0,2,0.10015296936,2,94.0,2,7,4.82104957538,-2.20169956891,5.3,0,11,-12,5.0,400.0
3.1,0.0,1,400.0,22.0,0,-2,0.100140810013,-2,94.0,1,1,1.49318255126,5.08531276016,5.3,0,11,-12,5.0,400.0
3.1,0.0,2,400.0,22.0,0,1,0.100097894669,1,94.0,1,0,0.0,5.3,5.3,0,11,-12,5.0,400.0
3.1,0.0,1,400.0,22.0,0,0,0.0999541282654,2,94.0,1,5,5.24605364197,0.754268642848,5.3,0,11,-12,5.0,400.0
3.1,0.0,2,400.0,22.0,0,2,0.100115060806,2,94.0,2,19,-4.00547274408,3.47076188991,5.3,0,11,-12,5.0,400.0
3.1,0.0,2,400.0,22.0,0,0,0.0998470783234,0,94.0,2,8,4.00547274408,-3.47076188991,5.3,0,11,-12,5.0,400.0
3.1,0.0,1,400.0,22.0,0,0,0.100251913071,0,94.0,2,9,2.86539633251,-4.45864372401,5.3,0,11,-12,5.0,400.0
3.1,0.0,2,400.0,22.0,0,2,0.100111961365,0,94.0,1,9,2.86539633251,-4.45864372401,5.3,0,11,-12,5.0,400.0
3.1,0.0,1,400.0,22.0,0,2,0.100093126297,0,94.0,1,2,2.86539633251,4.45864372401,5.3,0,11,-12,5.0,400.0
3.1,0.0,2,400.0,22.0,0,-2,0.100105047226,-2,94.0,2,5,5.24605364197,0.754268642848,5.3,0,11,-12,5.0,400.0
3.1,0.0,1,400.0,22.0,0,-1,0.100089788437,-1,94.0,1,14,-4.00547274408,-3.47076188991,5.3,0,11,-12,5.0,400.0
3.1,0.0,1,400.0,22.0,0,2,0.100107908249,2,94.0,1,19,-4.00547274408,3.47076188991,5.3,0,11,-12,5.0,400.0
3.1,0.0,1,400.0,22.0,0,-1,0.100141048431,-1,94.0,1,14,-4.00547274408,-3.47076188991,5.3,0,11,-12,5.0,400.0
3.1,0.0,2,400.0,22.0,0,1,0.100162982941,1,94.0,1,13,-2.86539633251,-4.45864372401,5.3,0,11,-12,5.0,400.0
3.1,0.0,2,400.0,22.0,0,0,0.100136995316,0,94.0,2,5,5.24605364197,0.754268642848,5.3,0,11,-12,5.0,400.0
3.1,0.0,2,400.0,22.0,0,1,0.10014295578,2,94.0,1,15,-4.82104957538,-2.20169956891,5.3,0,11,-12,5.0,400.0
3.1,0.0,1,400.0,22.0,0,-2,0.100360870361,1,94.0,2,12,-1.49318255126,-5.08531276016,5.3,0,11,-12,5.0,400.0
3.1,0.0,1,400.0,22.0,0,1,0.100130081177,1,94.0,1,1,1.49318255126,5.08531276016,5.3,0,11,-12,5.0,400.0
3.1,0.0,1,400.0,22.0,0,2,0.100167989731,2,94.0,1,2,2.86539633251,4.45864372401,5.3,0,11,-12,5.0,400.0
3.1,0.0,2,400.0,22.0,0,-1,0.10010099411,-1,94.0,2,4,4.82104957538,2.20169956891,5.3,0,11,-12,5.0,400.0
3.1,0.0,2,400.0,22.0,0,1,0.100157976151,1,94.0,2,12,-1.49318255126,-5.08531276016,5.3,0,11,-12,5.0,400.0
3.1,0.0,2,400.0,22.0,0,0,0.0999619960785,0,94.0,2,17,-5.24605364197,0.754268642848,5.3,0,11,-12,5.0,400.0
3.1,0.0,1,400.0,22.0,0,0,0.100129842758,0,94.0,1,16,-5.24605364197,-0.754268642848,5.3,0,11,-12,5.0,400.0
3.1,0.0,2,400.0,22.0,0,-2,0.100322008133,-2,94.0,2,20,-2.86539633251,4.45864372401,5.3,0,11,-12,5.0,400.0
3.1,0.0,1,400.0,22.0,0,-1,0.100141048431,-1,94.0,1,7,4.82104957538,-2.20169956891,5.3,0,11,-12,5.0,400.0
3.1,0.0,1,400.0,22.0,0,0,0.100083827972,0,94.0,1,21,-1.49318255126,5.08531276016,5.3,0,11,-12,5.0,400.0
3.1,0.0,2,400.0,22.0,0,2,0.100078821182,2,94.0,2,18,-4.82104957538,2.20169956891,5.3,0,11,-12,5.0,400.0
3.1,0.0,1,400.0,22.0,0,0,0.10009598732,0,94.0,1,3,4.00547274408,3.47076188991,5.3,0,11,-12,5.0,400.0
3.1,0.0,2,400.0,22.0,0,0,0.10014796257,0,94.0,2,7,4.82104957538,-2.20169956891,5.3,0,11,-12,5.0,400.0
3.1,0.0,2,400.0,22.0,0,0,0.100229978561,0,94.0,1,3,4.00547274408,3.47076188991,5.3,0,11,-12,5.0,400.0
3.1,0.0,1,400.0,22.0,0,0,0.100115060806,1,94.0,2,3,4.00547274408,3.47076188991,5.3,0,11,-12,5.0,400.0
3.1,0.0,2,400.0,22.0,0,-2,0.100187063217,1,94.0,2,18,-4.82104957538,2.20169956891,5.3,0,11,-12,5.0,400.0
3.1,0.0,2,400.0,22.0,0,0,0.100128173828,0,94.0,2,7,4.82104957538,-2.20169956891,5.3,0,11,-12,5.0,400.0
3.1,0.0,1,400.0,22.0,0,2,0.100080013275,0,94.0,1,12,-1.49318255126,-5.08531276016,5.3,0,11,-12,5.0,400.0
3.1,0.0,2,400.0,22.0,0,-1,0.100113153458,-2,94.0,1,11,6.49041367526e-16,-5.3,5.3,0,11,-12,5.0,400.0
3.1,0.0,2,400.0,22.0,0,-1,0.100217819214,2,94.0,2,11,6.49041367526e-16,-5.3,5.3,0,11,-12,5.0,400.0
3.1,0.0,1,400.0,22.0,0,-1,0.100102901459,-1,94.0,1,21,-1.49318255126,5.08531276016,5.3,0,11,-12,5.0,400.0
3.1,0.0,1,400.0,22.0,0,0,0.100161075592,0,94.0,1,21,-1.49318255126,5.08531276016,5.3,0,11,-12,5.0,400.0
3.1,0.0,2,400.0,22.0,0,2,0.100097894669,-1,94.0,1,7,4.82104957538,-2.20169956891,5.3,0,11,-12,5.0,400.0
3.1,0.0,1,400.0,22.0,0,1,0.10024189949,1,94.0,1,11,6.49041367526e-16,-5.3,5.3,0,11,-12,5.0,400.0
3.1,0.0,2,400.0,22.0,0,-2,0.100143909454,-2,94.0,2,13,-2.86539633251,-4.45864372401,5.3,0,11,-12,5.0,400.0
3.1,0.0,2,400.0,22.0,0,0,0.100141048431,0,94.0,2,6,5.24605364197,-0.754268642848,5.3,0,11,-12,5.0,400.0
3.1,0.0,2,400.0,22.0,0,-2,0.100116014481,-2,94.0,2,2,2.86539633251,4.45864372401,5.3,0,11,-12,5.0,400.0
3.1,0.0,2,400.0,22.0,0,1,0.100131988525,1,94.0,2,4,4.82104957538,2.20169956891,5.3,0,11,-12,5.0,400.0
3.1,0.0,1,400.0,22.0,0,2,0.0999808311462,2,94.0,1,13,-2.86539633251,-4.45864372401,5.3,0,11,-12,5.0,400.0
3.1,0.0,2,400.0,22.0,0,0,0.100150108337,0,94.0,2,4,4.82104957538,2.20169956891,5.3,0,11,-12,5.0,400.0
3.1,0.0,2,400.0,22.0,0,0,0.100131988525,-2,94.0,1,21,-1.49318255126,5.08531276016,5.3,0,11,-12,5.0,400.0
3.1,0.0,1,400.0,22.0,0,0,0.100416898727,2,94.0,1,8,4.00547274408,-3.47076188991,5.3,0,11,-12,5.0,400.0
3.1,0.0,2,400.0,22.0,0,1,0.100069999695,-2,94.0,2,3,4.00547274408,3.47076188991,5.3,0,11,-12,5.0,400.0
3.1,0.0,2,400.0,22.0,0,0,0.100078105927,1,94.0,1,21,-1.49318255126,5.08531276016,5.3,0,11,-12,5.0,400.0
3.1,0.0,2,400.0,22.0,0,0,0.100165128708,0,94.0,1,2,2.86539633251,4.45864372401,5.3,0,11,-12,5.0,400.0
3.1,0.0,1,400.0,22.0,0,-1,0.100053071976,-1,94.0,1,19,-4.00547274408,3.47076188991,5.3,0,11,-12,5.0,400.0
3.1,0.0,2,400.0,22.0,0,0,0.100096940994,-2,94.0,2,13,-2.86539633251,-4.45864372401,5.3,0,11,-12,5.0,400.0
3.1,0.0,1,400.0,22.0,0,-1,0.100121021271,-1,94.0,2,8,4.00547274408,-3.47076188991,5.3,0,11,-12,5.0,400.0
3.1,0.0,2,400.0,22.0,0,1,0.0998518466949,1,94.0,1,0,0.0,5.3,5.3,0,11,-12,5.0,400.0
3.1,0.0,2,400.0,22.0,0,0,0.100114822388,0,94.0,2,20,-2.86539633251,4.45864372401,5.3,0,11,-12,5.0,400.0
3.1,0.0,2,400.0,22.0,0,-1,0.100126981735,-1,94.0,2,15,-4.82104957538,-2.20169956891,5.3,0,11,-12,5.0,400.0
3.1,0.0,2,400.0,22.0,0,0,0.100062131882,0,94.0,2,16,-5.24605364197,-0.754268642848,5.3,0,11,-12,5.0,400.0
3.1,0.0,1,400.0,22.0,0,1,0.100122928619,1,94.0,1,11,6.49041367526e-16,-5.3,5.3,0,11,-12,5.0,400.0
3.1,0.0,2,400.0,22.0,0,0,0.100157022476,0,94.0,2,1,1.49318255126,5.08531276016,5.3,0,11,-12,5.0,400.0
3.1,0.0,2,400.0,22.0,0,2,0.100073099136,2,94.0,2,18,-4.82104957538,2.20169956891,5.3,0,11,-12,5.0,400.0
3.1,0.0,1,400.0,22.0,0,2,0.100067853928,2,94.0,1,14,-4.00547274408,-3.47076188991,5.3,0,11,-12,5.0,400.0
3.1,0.0,1,400.0,22.0,0,0,0.100080966949,0,94.0,1,4,4.82104957538,2.20169956891,5.3,0,11,-12,5.0,400.0
3.1,0.0,2,400.0,22.0,0,-1,0.100150823593,-1,94.0,2,7,4.82104957538,-2.20169956891,5.3,0,11,-12,5.0,400.0
3.1,0.0,2,400.0,22.0,0,-2,0.100228071213,1,94.0,2,20,-2.86539633251,4.45864372401,5.3,0,11,-12,5.0,400.0
3.1,0.0,1,400.0,22.0,0,1,0.100168943405,-2,94.0,1,3,4.00547274408,3.47076188991,5.3,0,11,-12,5.0,400.0
3.1,0.0,1,400.0,22.0,0,-1,0.100121974945,2,94.0,2,6,5.24605364197,-0.754268642848,5.3,0,11,-12,5.0,400.0
3.1,0.0,1,400.0,22.0,0,1,0.100126981735,1,94.0,1,1,1.49318255126,5.08531276016,5.3,0,11,-12,5.0,400.0
3.1,0.0,2,400.0,22.0,0,-2,0.0997688770294,0,94.0,1,19,-4.00547274408,3.47076188991,5.3,0,11,-12,5.0,400.0
3.1,0.0,2,400.0,22.0,0,1,0.100263118744,1,94.0,2,11,6.49041367526e-16,-5.3,5.3,0,11,-12,5.0,400.0
3.1,0.0,2,400.0,22.0,0,-2,0.100149154663,-1,94.0,2,6,5.24605364197,-0.754268642848,5.3,0,11,-12,5.0,400.0
3.1,0.0,2,400.0,22.0,0,1,0.100124120712,1,94.0,2,9,2.86539633251,-4.45864372401,5.3,0,11,-12,5.0,400.0
3.1,0.0,1,400.0,22.0,0,-1,0.100098133087,-1,94.0,1,21,-1.49318255126,5.08531276016,5.3,0,11,-12,5.0,400.0
3.1,0.0,1,400.0,22.0,0,2,0.100085020065,-2,94.0,1,6,5.24605364197,-0.754268642848,5.3,0,11,-12,5.0,400.0
3.1,0.0,1,400.0,22.0,0,-2,0.100116014481,-2,94.0,1,15,-4.82104957538,-2.20169956891,5.3,0,11,-12,5.0,400.0
3.1,0.0,1,400.0,22.0,0,1,0.100076913834,-1,94.0,1,1,1.49318255126,5.08531276016,5.3,0,11,-12,5.0,400.0
3.1,0.0,2,400.0,22.0,0,2,0.100100040436,2,94.0,2,15,-4.82104957538,-2.20169956891,5.3,0,11,-12,5.0,400.0
3.1,0.0,1,400.0,22.0,0,2,0.100183963776,2,94.0,1,13,-2.86539633251,-4.45864372401,5.3,0,11,-12,5.0,400.0
3.1,0.0,2,400.0,22.0,0,0,0.100121021271,2,94.0,2,1,1.49318255126,5.08531276016,5.3,0,11,-12,5.0,400.0
3.1,0.0,2,400.0,22.0,0,2,0.100136041641,1,94.0,1,5,5.24605364197,0.754268642848,5.3,0,11,-12,5.0,400.0
3.1,0.0,1,400.0,22.0,0,-1,0.100143909454,-1,94.0,1,14,-4.00547274408,-3.47076188991,5.3,0,11,-12,5.0,400.0
3.1,0.0,2,400.0,22.0,0,0,0.100087881088,0,94.0,2,15,-4.82104957538,-2.20169956891,5.3,0,11,-12,5.0,400.0
3.1,0.0,2,400.0,22.0,0,0,0.100136041641,0,94.0,2,2,2.86539633251,4.45864372401,5.3,0,11,-12,5.0,400.0
3.1,0.0,2,400.0,22.0,0,2,0.100190877914,-2,94.0,1,7,4.82104957538,-2.20169956891,5.3,0,11,-12,5.0,400.0
3.1,0.0,2,400.0,22.0,0,-1,0.100164175034,-2,94.0,1,13,-2.86539633251,-4.45864372401,5.3,0,11,-12,5.0,400.0
3.1,0.0,2,400.0,22.0,0,2,0.100063085556,0,94.0,1,11,6.49041367526e-16,-5.3,5.3,0,11,-12,5.0,400.0
3.1,0.0,1,400.0,22.0,0,1,0.0998737812042,0,94.0,1,9,2.86539633251,-4.45864372401,5.3,0,11,-12,5.0,400.0
3.1,0.0,2,400.0,22.0,0,1,0.100141048431,1,94.0,2,16,-5.24605364197,-0.754268642848,5.3,0,11,-12,5.0,400.0
3.1,0.0,1,400.0,22.0,0,2,0.100067138672,-2,94.0,1,9,2.86539633251,-4.45864372401,5.3,0,11,-12,5.0,400.0
3.1,0.0,2,400.0,22.0,0,0,0.1001060009,0,94.0,2,2,2.86539633251,4.45864372401,5.3,0,11,-12,5.0,400.0
3.1,0.0,2,400.0,22.0,0,-1,0.0999121665955,-1,94.0,2,4,4.82104957538,2.20169956891,5.3,0,11,-12,5.0,400.0
3.1,0.0,2,400.0,22.0,0,0,0.100102186203,0,94.0,2,5,5.24605364197,0.754268642848,5.3,0,11,-12,5.0,400.0
3.1,0.0,2,400.0,22.0,0,-1,0.099828004837,0,94.0,2,6,5.24605364197,-0.754268642848,5.3,0,11,-12,5.0,400.0
3.1,0.0,1,400.0,22.0,0,0,0.0997631549835,0,94.0,1,12,-1.49318255126,-5.08531276016,5.3,0,11,-12,5.0,400.0
3.1,0.0,1,400.0,22.0,0,-1,0.100342988968,-2,94.0,1,1,1.49318255126,5.08531276016,5.3,0,11,-12,5.0,400.0
3.1,0.0,2,400.0,22.0,0,-1,0.100126028061,2,94.0,2,5,5.24605364197,0.754268642848,5.3,0,11,-12,5.0,400.0
3.1,0.0,2,400.0,22.0,0,0,0.10013794899,0,94.0,1,5,5.24605364197,0.754268642848,5.3,0,11,-12,5.0,400.0
3.1,0.0,2,400.0,22.0,0,0,0.100183010101,-2,94.0,1,4,4.82104957538,2.20169956891,5.3,0,11,-12,5.0,400.0
3.1,0.0,2,400.0,22.0,0,-1,0.100096940994,-1,94.0,2,13,-2.86539633251,-4.45864372401,5.3,0,11,-12,5.0,400.0
3.1,0.0,1,400.0,22.0,0,0,0.100088834763,0,94.0,2,10,1.49318255126,-5.08531276016,5.3,0,11,-12,5.0,400.0
3.1,0.0,1,400.0,22.0,0,2,0.100873947144,-2,94.0,2,18,-4.82104957538,2.20169956891,5.3,0,11,-12,5.0,400.0
3.1,0.0,2,400.0,22.0,0,-2,0.100147008896,-2,94.0,2,4,4.82104957538,2.20169956891,5.3,0,11,-12,5.0,400.0
3.1,0.0,2,400.0,22.0,0,-1,0.0999419689178,0,94.0,2,18,-4.82104957538,2.20169956891,5.3,0,11,-12,5.0,400.0
3.1,0.0,2,400.0,22.0,0,0,0.100102901459,-1,94.0,2,16,-5.24605364197,-0.754268642848,5.3,0,11,-12,5.0,400.0
3.1,0.0,1,400.0,22.0,0,2,0.100396156311,-2,94.0,1,4,4.82104957538,2.20169956891,5.3,0,11,-12,5.0,400.0
3.1,0.0,2,400.0,22.0,0,0,0.10015296936,0,94.0,1,6,5.24605364197,-0.754268642848,5.3,0,11,-12,5.0,400.0
3.1,0.0,2,400.0,22.0,0,0,0.0999839305878,0,94.0,1,9,2.86539633251,-4.45864372401,5.3,0,11,-12,5.0,400.0
3.1,0.0,1,400.0,22.0,0,-1,0.0997359752655,0,94.0,2,4,4.82104957538,2.20169956891,5.3,0,11,-12,5.0,400.0
3.1,0.0,2,400.0,22.0,0,-1,0.100155115128,0,94.0,1,18,-4.82104957538,2.20169956891,5.3,0,11,-12,5.0,400.0
3.1,0.0,2,400.0,22.0,0,2,0.100102186203,1,94.0,1,8,4.00547274408,-3.47076188991,5.3,0,11,-12,5.0,400.0
3.1,0.0,2,400.0,22.0,0,2,0.100062847137,2,94.0,2,2,2.86539633251,4.45864372401,5.3,0,11,-12,5.0,400.0
3.1,0.0,1,400.0,22.0,0,2,0.100105047226,-2,94.0,1,13,-2.86539633251,-4.45864372401,5.3,0,11,-12,5.0,400.0
3.1,0.0,1,400.0,22.0,0,2,0.100112915039,2,94.0,1,20,-2.86539633251,4.45864372401,5.3,0,11,-12,5.0,400.0
3.1,0.0,1,400.0,22.0,0,2,0.100108861923,0,94.0,1,13,-2.86539633251,-4.45864372401,5.3,0,11,-12,5.0,400.0
3.1,0.0,2,400.0,22.0,0,-2,0.100105047226,-1,94.0,2,15,-4.82104957538,-2.20169956891,5.3,0,11,-12,5.0,400.0
3.1,0.0,2,400.0,22.0,0,-2,0.100152015686,-1,94.0,2,10,1.49318255126,-5.08531276016,5.3,0,11,-12,5.0,400.0
3.1,0.0,2,400.0,22.0,0,0,0.100080966949,-1,94.0,2,6,5.24605364197,-0.754268642848,5.3,0,11,-12,5.0,400.0
3.1,0.0,1,400.0,22.0,0,-2,0.100170850754,2,94.0,2,10,1.49318255126,-5.08531276016,5.3,0,11,-12,5.0,400.0
3.1,0.0,2,400.0,22.0,0,0,0.0999510288239,-1,94.0,1,18,-4.82104957538,2.20169956891,5.3,0,11,-12,5.0,400.0
3.1,0.0,2,400.0,22.0,0,0,0.100131034851,-1,94.0,2,7,4.82104957538,-2.20169956891,5.3,0,11,-12,5.0,400.0
3.1,0.0,1,400.0,22.0,0,1,0.100110054016,1,94.0,1,14,-4.00547274408,-3.47076188991,5.3,0,11,-12,5.0,400.0
3.1,0.0,1,400.0,22.0,0,-1,0.100115060806,0,94.0,2,21,-1.49318255126,5.08531276016,5.3,0,11,-12,5.0,400.0
3.1,0.0,2,400.0,22.0,0,-1,0.10009098053,0,94.0,1,4,4.82104957538,2.20169956891,5.3,0,11,-12,5.0,400.0
3.1,0.0,2,400.0,22.0,0,1,0.100142002106,1,94.0,2,20,-2.86539633251,4.45864372401,5.3,0,11,-12,5.0,400.0
3.1,0.0,2,400.0,22.0,0,-2,0.100145816803,-1,94.0,2,10,1.49318255126,-5.08531276016,5.3,0,11,-12,5.0,400.0
3.1,0.0,2,400.0,22.0,0,1,0.100023984909,0,94.0,2,20,-2.86539633251,4.45864372401,5.3,0,11,-12,5.0,400.0
3.1,0.0,2,400.0,22.0,0,-2,0.100064992905,1,94.0,2,7,4.82104957538,-2.20169956891,5.3,0,11,-12,5.0,400.0
3.1,0.0,1,400.0,22.0,0,0,0.10009098053,-1,94.0,1,16,-5.24605364197,-0.754268642848,5.3,0,11,-12,5.0,400.0
3.1,0.0,1,400.0,22.0,0,-1,0.100079059601,-1,94.0,1,20,-2.86539633251,4.45864372401,5.3,0,11,-12,5.0,400.0
3.1,0.0,1,400.0,22.0,0,0,0.100069046021,1,94.0,1,10,1.49318255126,-5.08531276016,5.3,0,11,-12,5.0,400.0
3.1,0.0,2,400.0,22.0,0,1,0.100030899048,0,94.0,1,1,1.49318255126,5.08531276016,5.3,0,11,-12,5.0,400.0
3.1,0.0,1,400.0,22.0,0,0,0.10004901886,0,94.0,2,3,4.00547274408,3.47076188991,5.3,0,11,-12,5.0,400.0
3.1,0.0,2,400.0,22.0,0,-1,0.100068807602,1,94.0,2,8,4.00547274408,-3.47076188991,5.3,0,11,-12,5.0,400.0
3.1,0.0,1,400.0,22.0,0,-2,0.100121974945,2,94.0,1,21,-1.49318255126,5.08531276016,5.3,0,11,-12,5.0,400.0
3.1,0.0,1,400.0,22.0,0,1,0.100136995316,-1,94.0,2,14,-4.00547274408,-3.47076188991,5.3,0,11,-12,5.0,400.0
3.1,0.0,2,400.0,22.0,0,-1,0.100203990936,-2,94.0,1,13,-2.86539633251,-4.45864372401,5.3,0,11,-12,5.0,400.0
3.1,0.0,2,400.0,22.0,0,-1,0.100055932999,-2,94.0,2,8,4.00547274408,-3.47076188991,5.3,0,11,-12,5.0,400.0
3.1,0.0,2,400.0,22.0,0,2,0.100089073181,-1,94.0,2,9,2.86539633251,-4.45864372401,5.3,0,11,-12,5.0,400.0
3.1,0.0,2,400.0,22.0,0,2,0.100108146667,2,94.0,2,13,-2.86539633251,-4.45864372401,5.3,0,11,-12,5.0,400.0
3.1,0.0,1,400.0,22.0,0,1,0.10013794899,2,94.0,1,5,5.24605364197,0.754268642848,5.3,0,11,-12,5.0,400.0
3.1,0.0,1,400.0,22.0,0,2,0.100178003311,0,94.0,1,18,-4.82104957538,2.20169956891,5.3,0,11,-12,5.0,400.0
3.1,0.0,1,400.0,22.0,0,0,0.100064992905,1,94.0,2,1,1.49318255126,5.08531276016,5.3,0,11,-12,5.0,400.0
3.1,0.0,2,400.0,22.0,0,0,0.100089073181,0,94.0,2,0,0.0,5.3,5.3,0,11,-12,5.0,400.0
3.1,0.0,1,400.0,22.0,0,0,0.100142002106,2,94.0,2,5,5.24605364197,0.754268642848,5.3,0,11,-12,5.0,400.0
3.1,0.0,1,400.0,22.0,0,0,0.100074052811,-1,94.0,2,20,-2.86539633251,4.45864372401,5.3,0,11,-12,5.0,400.0
3.1,0.0,1,400.0,22.0,0,-2,0.100092887878,-1,94.0,1,7,4.82104957538,-2.20169956891,5.3,0,11,-12,5.0,400.0
3.1,0.0,1,400.0,22.0,0,2,0.100089073181,-1,94.0,2,15,-4.82104957538,-2.20169956891,5.3,0,11,-12,5.0,400.0
3.1,0.0,1,400.0,22.0,0,0,0.100124120712,2,94.0,2,0,0.0,5.3,5.3,0,11,-12,5.0,400.0
3.1,0.0,2,400.0,22.0,0,-2,0.100134849548,0,94.0,2,3,4.00547274408,3.47076188991,5.3,0,11,-12,5.0,400.0
3.1,0.0,2,400.0,22.0,0,-2,0.100078105927,-1,94.0,2,2,2.86539633251,4.45864372401,5.3,0,11,-12,5.0,400.0
3.1,0.0,1,400.0,22.0,0,-1,0.100112915039,0,94.0,1,8,4.00547274408,-3.47076188991,5.3,0,11,-12,5.0,400.0
3.1,0.0,1,400.0,22.0,0,-2,0.100323200226,0,94.0,1,17,-5.24605364197,0.754268642848,5.3,0,11,-12,5.0,400.0
3.1,0.0,1,400.0,22.0,0,2,0.100123167038,0,94.0,2,4,4.82104957538,2.20169956891,5.3,0,11,-12,5.0,400.0
3.1,0.0,1,400.0,22.0,0,-1,0.0998001098633,-1,94.0,2,15,-4.82104957538,-2.20169956891,5.3,0,11,-12,5.0,400.0
3.1,0.0,1,400.0,22.0,0,1,0.100087165833,0,94.0,1,1,1.49318255126,5.08531276016,5.3,0,11,-12,5.0,400.0
3.1,0.0,2,400.0,22.0,0,-1,0.10013794899,-1,94.0,1,20,-2.86539633251,4.45864372401,5.3,0,11,-12,5.0,400.0
3.1,0.0,1,400.0,22.0,0,1,0.100146055222,2,94.0,2,19,-4.00547274408,3.47076188991,5.3,0,11,-12,5.0,400.0
3.1,0.0,2,400.0,22.0,0,1,0.10008597374,0,94.0,2,3,4.00547274408,3.47076188991,5.3,0,11,-12,5.0,400.0
3.1,0.0,2,400.0,22.0,0,1,0.100084066391,1,94.0,1,14,-4.00547274408,-3.47076188991,5.3,0,11,-12,5.0,400.0
3.1,0.0,1,400.0,22.0,0,-1,0.0999279022217,-2,94.0,1,10,1.49318255126,-5.08531276016,5.3,0,11,-12,5.0,400.0
3.1,0.0,1,400.0,22.0,0,0,0.100122928619,2,94.0,1,21,-1.49318255126,5.08531276016,5.3,0,11,-12,5.0,400.0
3.1,0.0,2,400.0,22.0,0,2,0.0997650623322,0,94.0,2,1,1.49318255126,5.08531276016,5.3,0,11,-12,5.0,400.0
3.1,0.0,1,400.0,22.0,0,1,0.100119113922,-2,94.0,2,9,2.86539633251,-4.45864372401,5.3,0,11,-12,5.0,400.0
3.1,0.0,2,400.0,22.0,0,2,0.100096940994,-1,94.0,2,15,-4.82104957538,-2.20169956891,5.3,0,11,-12,5.0,400.0
3.1,0.0,1,400.0,22.0,0,0,0.0999479293823,1,94.0,2,0,0.0,5.3,5.3,0,11,-12,5.0,400.0
3.1,0.0,1,400.0,22.0,0,0,0.100200176239,1,94.0,2,12,-1.49318255126,-5.08531276016,5.3,0,11,-12,5.0,400.0
3.1,0.0,2,400.0,22.0,0,-1,0.100077867508,0,94.0,1,2,2.86539633251,4.45864372401,5.3,0,11,-12,5.0,400.0
3.1,0.0,2,400.0,22.0,0,1,0.100126028061,0,94.0,2,11,6.49041367526e-16,-5.3,5.3,0,11,-12,5.0,400.0
3.1,0.0,2,400.0,22.0,0,-1,0.0999867916107,-1,94.0,2,8,4.00547274408,-3.47076188991,5.3,0,11,-12,5.0,400.0
3.1,0.0,1,400.0,22.0,0,-1,0.100119113922,-1,94.0,1,12,-1.49318255126,-5.08531276016,5.3,0,11,-12,5.0,400.0
3.1,0.0,1,400.0,22.0,0,0,0.10010099411,1,94.0,2,3,4.00547274408,3.47076188991,5.3,0,11,-12,5.0,400.0
3.1,0.0,1,400.0,22.0,0,-2,0.0999960899353,1,94.0,2,10,1.49318255126,-5.08531276016,5.3,0,11,-12,5.0,400.0
3.1,0.0,2,400.0,22.0,0,-2,0.100116968155,0,94.0,2,10,1.49318255126,-5.08531276016,5.3,0,11,-12,5.0,400.0
3.1,0.0,1,400.0,22.0,0,-2,0.100136995316,1,94.0,1,12,-1.49318255126,-5.08531276016,5.3,0,11,-12,5.0,400.0
3.1,0.0,2,400.0,22.0,0,-1,0.100100040436,-1,94.0,2,12,-1.49318255126,-5.08531276016,5.3,0,11,-12,5.0,400.0
3.1,0.0,1,400.0,22.0,0,1,0.100080966949,-1,94.0,1,12,-1.49318255126,-5.08531276016,5.3,0,11,-12,5.0,400.0
3.1,0.0,2,400.0,22.0,0,0,0.100142002106,0,94.0,1,19,-4.00547274408,3.47076188991,5.3,0,11,-12,5.0,400.0
3.1,0.0,2,400.0,22.0,0,1,0.100036859512,0,94.0,2,5,5.24605364197,0.754268642848,5.3,0,11,-12,5.0,400.0
3.1,0.0,2,400.0,22.0,0,1,0.100162982941,-1,94.0,2,7,4.82104957538,-2.20169956891,5.3,0,11,-12,5.0,400.0
3.1,0.0,1,400.0,22.0,0,-2,0.100144147873,1,94.0,1,8,4.00547274408,-3.47076188991,5.3,0,11,-12,5.0,400.0
3.1,0.0,1,400.0,22.0,0,1,0.100063085556,-1,94.0,1,11,6.49041367526e-16,-5.3,5.3,0,11,-12,5.0,400.0
3.1,0.0,2,400.0,22.0,0,1,0.1001060009,-2,94.0,1,6,5.24605364197,-0.754268642848,5.3,0,11,-12,5.0,400.0
3.1,0.0,1,400.0,22.0,0,0,0.10004401207,2,94.0,2,13,-2.86539633251,-4.45864372401,5.3,0,11,-12,5.0,400.0
3.1,0.0,1,400.0,22.0,0,1,0.100072145462,0,94.0,1,12,-1.49318255126,-5.08531276016,5.3,0,11,-12,5.0,400.0
3.1,0.0,2,400.0,22.0,0,0,0.100061893463,0,94.0,2,18,-4.82104957538,2.20169956891,5.3,0,11,-12,5.0,400.0
3.1,0.0,1,400.0,22.0,0,-1,0.100162029266,0,94.0,2,15,-4.82104957538,-2.20169956891,5.3,0,11,-12,5.0,400.0
3.1,0.0,1,400.0,22.0,0,-2,0.100126981735,-1,94.0,1,1,1.49318255126,5.08531276016,5.3,0,11,-12,5.0,400.0
3.1,0.0,2,400.0,22.0,0,-1,0.100166082382,1,94.0,2,6,5.24605364197,-0.754268642848,5.3,0,11,-12,5.0,400.0
3.1,0.0,1,400.0,22.0,0,-1,0.100121021271,-1,94.0,1,13,-2.86539633251,-4.45864372401,5.3,0,11,-12,5.0,400.0
3.1,0.0,1,400.0,22.0,0,-2,0.10005402565,-2,94.0,1,10,1.49318255126,-5.08531276016,5.3,0,11,-12,5.0,400.0
3.1,0.0,2,400.0,22.0,0,-1,0.0999221801758,-1,94.0,2,4,4.82104957538,2.20169956891,5.3,0,11,-12,5.0,400.0
3.1,0.0,1,400.0,22.0,0,-1,0.100128889084,1,94.0,1,7,4.82104957538,-2.20169956891,5.3,0,11,-12,5.0,400.0
3.1,0.0,1,400.0,22.0,0,2,0.100148916245,2,94.0,1,13,-2.86539633251,-4.45864372401,5.3,0,11,-12,5.0,400.0
3.1,0.0,1,400.0,22.0,0,1,0.100133895874,1,94.0,1,1,1.49318255126,5.08531276016,5.3,0,11,-12,5.0,400.0
3.1,0.0,2,400.0,22.0,0,-2,0.100082159042,-2,94.0,2,6,5.24605364197,-0.754268642848,5.3,0,11,-12,5.0,400.0
3.1,0.0,2,400.0,22.0,0,-2,0.100257873535,-2,94.0,2,14,-4.00547274408,-3.47076188991,5.3,0,11,-12,5.0,400.0
3.1,0.0,2,400.0,22.0,0,0,0.100147008896,0,94.0,2,13,-2.86539633251,-4.45864372401,5.3,0,11,-12,5.0,400.0
3.1,0.0,2,400.0,22.0,0,1,0.100103855133,0,94.0,1,2,2.86539633251,4.45864372401,5.3,0,11,-12,5.0,400.0
3.1,0.0,2,400.0,22.0,0,-1,0.100150823593,-1,94.0,2,14,-4.00547274408,-3.47076188991,5.3,0,11,-12,5.0,400.0
3.1,0.0,1,400.0,22.0,0,0,0.100080966949,0,94.0,1,17,-5.24605364197,0.754268642848,5.3,0,11,-12,5.0,400.0
3.1,0.0,2,400.0,22.0,0,1,0.100112915039,-2,94.0,1,16,-5.24605364197,-0.754268642848,5.3,0,11,-12,5.0,400.0
3.1,0.0,1,400.0,22.0,0,1,0.10014796257,0,94.0,2,14,-4.00547274408,-3.47076188991,5.3,0,11,-12,5.0,400.0
3.1,0.0,2,400.0,22.0,0,1,0.100098133087,0,94.0,2,12,-1.49318255126,-5.08531276016,5.3,0,11,-12,5.0,400.0
3.1,0.0,1,400.0,22.0,0,0,0.100125074387,2,94.0,1,20,-2.86539633251,4.45864372401,5.3,0,11,-12,5.0,400.0
3.1,0.0,1,400.0,22.0,0,0,0.100147008896,-1,94.0,1,21,-1.49318255126,5.08531276016,5.3,0,11,-12,5.0,400.0
3.1,0.0,2,400.0,22.0,0,-1,0.100153207779,-1,94.0,1,18,-4.82104957538,2.20169956891,5.3,0,11,-12,5.0,400.0
3.1,0.0,1,400.0,22.0,0,2,0.0999059677124,-1,94.0,1,12,-1.49318255126,-5.08531276016,5.3,0,11,-12,5.0,400.0
3.1,0.0,1,400.0,22.0,0,0,0.100102901459,1,94.0,1,12,-1.49318255126,-5.08531276016,5.3,0,11,-12,5.0,400.0
3.1,0.0,2,400.0,22.0,0,0,0.100131988525,-1,94.0,2,18,-4.82104957538,2.20169956891,5.3,0,11,-12,5.0,400.0
3.1,0.0,1,400.0,22.0,0,0,0.100102901459,0,94.0,1,3,4.00547274408,3.47076188991,5.3,0,11,-12,5.0,400.0
3.1,0.0,2,400.0,22.0,0,0,0.100293874741,0,94.0,1,16,-5.24605364197,-0.754268642848,5.3,0,11,-12,5.0,400.0
3.1,0.0,2,400.0,22.0,0,-2,0.100143909454,2,94.0,2,9,2.86539633251,-4.45864372401,5.3,0,11,-12,5.0,400.0
3.1,0.0,1,400.0,22.0,0,0,0.100008964539,1,94.0,2,8,4.00547274408,-3.47076188991,5.3,0,11,-12,5.0,400.0
3.1,0.0,2,400.0,22.0,0,0,0.100087881088,0,94.0,2,18,-4.82104957538,2.20169956891,5.3,0,11,-12,5.0,400.0
3.1,0.0,2,400.0,22.0,0,0,0.100059986115,1,94.0,2,5,5.24605364197,0.754268642848,5.3,0,11,-12,5.0,400.0
3.1,0.0,1,400.0,22.0,0,0,0.100150108337,2,94.0,2,3,4.00547274408,3.47076188991,5.3,0,11,-12,5.0,400.0
3.1,0.0,2,400.0,22.0,0,0,0.0998468399048,0,94.0,2,2,2.86539633251,4.45864372401,5.3,0,11,-12,5.0,400.0
3.1,0.0,1,400.0,22.0,0,0,0.100145101547,1,94.0,2,6,5.24605364197,-0.754268642848,5.3,0,11,-12,5.0,400.0
3.1,0.0,2,400.0,22.0,0,-1,0.100075960159,-1,94.0,2,8,4.00547274408,-3.47076188991,5.3,0,11,-12,5.0,400.0
3.1,0.0,1,400.0,22.0,0,2,0.100108146667,2,94.0,1,7,4.82104957538,-2.20169956891,5.3,0,11,-12,5.0,400.0
3.1,0.0,1,400.0,22.0,0,-1,0.1001329422,-1,94.0,1,10,1.49318255126,-5.08531276016,5.3,0,11,-12,5.0,400.0
3.1,0.0,1,400.0,22.0,0,-2,0.100092172623,-2,94.0,1,2,2.86539633251,4.45864372401,5.3,0,11,-12,5.0,400.0
3.1,0.0,2,400.0,22.0,0,0,0.100100040436,1,94.0,2,4,4.82104957538,2.20169956891,5.3,0,11,-12,5.0,400.0
3.1,0.0,2,400.0,22.0,0,1,0.100113153458,0,94.0,1,21,-1.49318255126,5.08531276016,5.3,0,11,-12,5.0,400.0
3.1,0.0,2,400.0,22.0,0,2,0.10010099411,-1,94.0,1,1,1.49318255126,5.08531276016,5.3,0,11,-12,5.0,400.0
3.1,0.0,1,400.0,22.0,0,-1,0.100148200989,-2,94.0,1,4,4.82104957538,2.20169956891,5.3,0,11,-12,5.0,400.0
3.1,0.0,2,400.0,22.0,0,0,0.100148916245,0,94.0,2,19,-4.00547274408,3.47076188991,5.3,0,11,-12,5.0,400.0
3.1,0.0,2,400.0,22.0,0,1,0.100122928619,1,94.0,1,5,5.24605364197,0.754268642848,5.3,0,11,-12,5.0,400.0
3.1,0.0,1,400.0,22.0,0,1,0.100069046021,2,94.0,1,7,4.82104957538,-2.20169956891,5.3,0,11,-12,5.0,400.0
3.1,0.0,1,400.0,22.0,0,0,0.100159168243,-1,94.0,2,2,2.86539633251,4.45864372401,5.3,0,11,-12,5.0,400.0
3.1,0.0,2,400.0,22.0,0,-1,0.100167036057,-1,94.0,2,2,2.86539633251,4.45864372401,5.3,0,11,-12,5.0,400.0
3.1,0.0,1,400.0,22.0,0,0,0.100135087967,0,94.0,1,14,-4.00547274408,-3.47076188991,5.3,0,11,-12,5.0,400.0
3.1,0.0,2,400.0,22.0,0,0,0.100167989731,2,94.0,1,4,4.82104957538,2.20169956891,5.3,0,11,-12,5.0,400.0
3.1,0.0,2,400.0,22.0,0,0,0.100039958954,0,94.0,1,6,5.24605364197,-0.754268642848,5.3,0,11,-12,5.0,400.0
3.1,0.0,2,400.0,22.0,0,-1,0.100053071976,0,94.0,1,0,0.0,5.3,5.3,0,11,-12,5.0,400.0
3.1,0.0,2,400.0,22.0,0,0,0.100085020065,1,94.0,1,0,0.0,5.3,5.3,0,11,-12,5.0,400.0
3.1,0.0,1,400.0,22.0,0,-1,0.100087165833,0,94.0,2,2,2.86539633251,4.45864372401,5.3,0,11,-12,5.0,400.0
3.1,0.0,1,400.0,22.0,0,-1,0.101403951645,1,94.0,1,14,-4.00547274408,-3.47076188991,5.3,0,11,-12,5.0,400.0
3.1,0.0,1,400.0,22.0,0,0,0.10003900528,0,94.0,1,3,4.00547274408,3.47076188991,5.3,0,11,-12,5.0,400.0
3.1,0.0,2,400.0,22.0,0,2,0.100195884705,2,94.0,2,20,-2.86539633251,4.45864372401,5.3,0,11,-12,5.0,400.0
3.1,0.0,2,400.0,22.0,0,-1,0.0999109745026,0,94.0,2,5,5.24605364197,0.754268642848,5.3,0,11,-12,5.0,400.0
3.1,0.0,1,400.0,22.0,0,0,0.100094079971,-2,94.0,2,3,4.00547274408,3.47076188991,5.3,0,11,-12,5.0,400.0
3.1,0.0,1,400.0,22.0,0,2,0.100155830383,0,94.0,1,6,5.24605364197,-0.754268642848,5.3,0,11,-12,5.0,400.0
3.1,0.0,1,400.0,22.0,0,2,0.100185871124,-2,94.0,1,3,4.00547274408,3.47076188991,5.3,0,11,-12,5.0,400.0
3.1,0.0,1,400.0,22.0,0,2,0.100449085236,0,94.0,2,19,-4.00547274408,3.47076188991,5.3,0,11,-12,5.0,400.0
3.1,0.0,1,400.0,22.0,0,-1,0.0999720096588,2,94.0,2,12,-1.49318255126,-5.08531276016,5.3,0,11,-12,5.0,400.0
3.1,0.0,2,400.0,22.0,0,1,0.100050210953,1,94.0,2,21,-1.49318255126,5.08531276016,5.3,0,11,-12,5.0,400.0
3.1,0.0,2,400.0,22.0,0,0,0.100095033646,-1,94.0,2,9,2.86539633251,-4.45864372401,5.3,0,11,-12,5.0,400.0
3.1,0.0,1,400.0,22.0,0,2,0.0996489524841,-1,94.0,2,16,-5.24605364197,-0.754268642848,5.3,0,11,-12,5.0,400.0
3.1,0.0,2,400.0,22.0,0,2,0.100096940994,0,94.0,1,20,-2.86539633251,4.45864372401,5.3,0,11,-12,5.0,400.0
3.1,0.0,1,400.0,22.0,0,-1,0.100087165833,1,94.0,2,18,-4.82104957538,2.20169956891,5.3,0,11,-12,5.0,400.0
3.1,0.0,2,400.0,22.0,0,1,0.0999720096588,-1,94.0,1,5,5.24605364197,0.754268642848,5.3,0,11,-12,5.0,400.0
3.1,0.0,1,400.0,22.0,0,-1,0.0999381542206,0,94.0,2,15,-4.82104957538,-2.20169956891,5.3,0,11,-12,5.0,400.0
3.1,0.0,2,400.0,22.0,0,-2,0.100126028061,-2,94.0,2,14,-4.00547274408,-3.47076188991,5.3,0,11,-12,5.0,400.0
3.1,0.0,1,400.0,22.0,0,1,0.10005402565,1,94.0,1,8,4.00547274408,-3.47076188991,5.3,0,11,-12,5.0,400.0
3.1,0.0,2,400.0,22.0,0,-1,0.100077867508,1,94.0,2,19,-4.00547274408,3.47076188991,5.3,0,11,-12,5.0,400.0
3.1,0.0,2,400.0,22.0,0,0,0.100097179413,2,94.0,2,5,5.24605364197,0.754268642848,5.3,0,11,-12,5.0,400.0
3.1,0.0,2,400.0,22.0,0,1,0.100056886673,1,94.0,2,19,-4.00547274408,3.47076188991,5.3,0,11,-12,5.0,400.0
3.1,0.0,1,400.0,22.0,0,0,0.100092172623,-1,94.0,2,7,4.82104957538,-2.20169956891,5.3,0,11,-12,5.0,400.0
3.1,0.0,2,400.0,22.0,0,-1,0.100142002106,0,94.0,2,7,4.82104957538,-2.20169956891,5.3,0,11,-12,5.0,400.0
3.1,0.0,1,400.0,22.0,0,0,0.100138902664,1,94.0,1,16,-5.24605364197,-0.754268642848,5.3,0,11,-12,5.0,400.0
3.1,0.0,2,400.0,22.0,0,0,0.100069999695,-1,94.0,2,18,-4.82104957538,2.20169956891,5.3,0,11,-12,5.0,400.0
3.1,0.0,1,400.0,22.0,0,-2,0.100137233734,-1,94.0,2,9,2.86539633251,-4.45864372401,5.3,0,11,-12,5.0,400.0
3.1,0.0,2,400.0,22.0,0,0,0.0999779701233,2,94.0,1,10,1.49318255126,-5.08531276016,5.3,0,11,-12,5.0,400.0
3.1,0.0,2,400.0,22.0,0,1,0.0998969078064,2,94.0,2,17,-5.24605364197,0.754268642848,5.3,0,11,-12,5.0,400.0
3.1,0.0,2,400.0,22.0,0,-1,0.10014295578,2,94.0,1,3,4.00547274408,3.47076188991,5.3,0,11,-12,5.0,400.0
3.1,0.0,2,400.0,22.0,0,2,0.100126028061,2,94.0,2,20,-2.86539633251,4.45864372401,5.3,0,11,-12,5.0,400.0
3.1,0.0,1,400.0,22.0,0,2,0.100051164627,2,94.0,1,14,-4.00547274408,-3.47076188991,5.3,0,11,-12,5.0,400.0
3.1,0.0,2,400.0,22.0,0,2,0.101334810257,0,94.0,2,14,-4.00547274408,-3.47076188991,5.3,0,11,-12,5.0,400.0
3.1,0.0,1,400.0,22.0,0,1,0.100131988525,1,94.0,1,0,0.0,5.3,5.3,0,11,-12,5.0,400.0
3.1,0.0,2,400.0,22.0,0,-1,0.100119829178,-1,94.0,2,20,-2.86539633251,4.45864372401,5.3,0,11,-12,5.0,400.0
3.1,0.0,2,400.0,22.0,0,0,0.100119829178,0,94.0,2,6,5.24605364197,-0.754268642848,5.3,0,11,-12,5.0,400.0
3.1,0.0,2,400.0,22.0,0,-1,0.100064992905,0,94.0,2,0,0.0,5.3,5.3,0,11,-12,5.0,400.0
3.1,0.0,2,400.0,22.0,0,2,0.100089073181,-1,94.0,2,13,-2.86539633251,-4.45864372401,5.3,0,11,-12,5.0,400.0
3.1,0.0,2,400.0,22.0,0,-1,0.100113868713,-1,94.0,2,6,5.24605364197,-0.754268642848,5.3,0,11,-12,5.0,400.0
3.1,0.0,2,400.0,22.0,0,2,0.100116968155,0,94.0,1,19,-4.00547274408,3.47076188991,5.3,0,11,-12,5.0,400.0
3.1,0.0,2,400.0,22.0,0,1,0.100454807281,0,94.0,2,13,-2.86539633251,-4.45864372401,5.3,0,11,-12,5.0,400.0
3.1,0.0,2,400.0,22.0,0,-1,0.100119829178,0,94.0,2,9,2.86539633251,-4.45864372401,5.3,0,11,-12,5.0,400.0
3.1,0.0,1,400.0,22.0,0,1,0.100134134293,-1,94.0,1,9,2.86539633251,-4.45864372401,5.3,0,11,-12,5.0,400.0
3.1,0.0,1,400.0,22.0,0,-2,0.100528001785,1,94.0,1,15,-4.82104957538,-2.20169956891,5.3,0,11,-12,5.0,400.0
3.1,0.0,1,400.0,22.0,0,2,0.100003004074,0,94.0,1,5,5.24605364197,0.754268642848,5.3,0,11,-12,5.0,400.0
3.1,0.0,2,400.0,22.0,0,-1,0.100126981735,1,94.0,2,21,-1.49318255126,5.08531276016,5.3,0,11,-12,5.0,400.0
3.1,0.0,1,400.0,22.0,0,1,0.100161075592,1,94.0,2,20,-2.86539633251,4.45864372401,5.3,0,11,-12,5.0,400.0
3.1,0.0,2,400.0,22.0,0,-2,0.100129842758,0,94.0,1,16,-5.24605364197,-0.754268642848,5.3,0,11,-12,5.0,400.0
3.1,0.0,2,400.0,22.0,0,2,0.100028991699,2,94.0,2,15,-4.82104957538,-2.20169956891,5.3,0,11,-12,5.0,400.0
3.1,0.0,1,400.0,22.0,0,0,0.100109100342,2,94.0,1,16,-5.24605364197,-0.754268642848,5.3,0,11,-12,5.0,400.0
3.1,0.0,1,400.0,22.0,0,0,0.0999748706818,1,94.0,2,10,1.49318255126,-5.08531276016,5.3,0,11,-12,5.0,400.0
3.1,0.0,1,400.0,22.0,0,0,0.100096940994,-1,94.0,2,6,5.24605364197,-0.754268642848,5.3,0,11,-12,5.0,400.0
3.1,0.0,2,400.0,22.0,0,-1,0.100049972534,0,94.0,2,11,6.49041367526e-16,-5.3,5.3,0,11,-12,5.0,400.0
3.1,0.0,2,400.0,22.0,0,-2,0.100131034851,1,94.0,2,10,1.49318255126,-5.08531276016,5.3,0,11,-12,5.0,400.0
3.1,0.0,2,400.0,22.0,0,0,0.099757194519,0,94.0,2,9,2.86539633251,-4.45864372401,5.3,0,11,-12,5.0,400.0
3.1,0.0,2,400.0,22.0,0,-2,0.100152015686,1,94.0,2,16,-5.24605364197,-0.754268642848,5.3,0,11,-12,5.0,400.0
3.1,0.0,1,400.0,22.0,0,2,0.100151062012,2,94.0,1,1,1.49318255126,5.08531276016,5.3,0,11,-12,5.0,400.0
3.1,0.0,2,400.0,22.0,0,-2,0.100102186203,-2,94.0,2,9,2.86539633251,-4.45864372401,5.3,0,11,-12,5.0,400.0
3.1,0.0,1,400.0,22.0,0,0,0.100060939789,0,94.0,1,9,2.86539633251,-4.45864372401,5.3,0,11,-12,5.0,400.0
3.1,0.0,1,400.0,22.0,0,1,0.100172996521,1,94.0,1,8,4.00547274408,-3.47076188991,5.3,0,11,-12,5.0,400.0
3.1,0.0,1,400.0,22.0,0,1,0.099977016449,0,94.0,2,21,-1.49318255126,5.08531276016,5.3,0,11,-12,5.0,400.0
3.1,0.0,1,400.0,22.0,0,1,0.100241184235,0,94.0,1,12,-1.49318255126,-5.08531276016,5.3,0,11,-12,5.0,400.0
3.1,0.0,2,400.0,22.0,0,-1,0.10012793541,1,94.0,2,18,-4.82104957538,2.20169956891,5.3,0,11,-12,5.0,400.0
3.1,0.0,2,400.0,22.0,0,0,0.10006403923,-1,94.0,2,21,-1.49318255126,5.08531276016,5.3,0,11,-12,5.0,400.0
3.1,0.0,2,400.0,22.0,0,1,0.100038051605,1,94.0,1,5,5.24605364197,0.754268642848,5.3,0,11,-12,5.0,400.0
3.1,0.0,1,400.0,22.0,0,-2,0.100142002106,-2,94.0,2,5,5.24605364197,0.754268642848,5.3,0,11,-12,5.0,400.0
3.1,0.0,1,400.0,22.0,0,1,0.100141763687,-2,94.0,2,20,-2.86539633251,4.45864372401,5.3,0,11,-12,5.0,400.0
3.1,0.0,2,400.0,22.0,0,2,0.100049972534,2,94.0,1,4,4.82104957538,2.20169956891,5.3,0,11,-12,5.0,400.0
3.1,0.0,1,400.0,22.0,0,-2,0.100082159042,0,94.0,1,16,-5.24605364197,-0.754268642848,5.3,0,11,-12,5.0,400.0
3.1,0.0,1,400.0,22.0,0,0,0.100086927414,2,94.0,1,3,4.00547274408,3.47076188991,5.3,0,11,-12,5.0,400.0
3.1,0.0,1,400.0,22.0,0,0,0.100075006485,0,94.0,1,13,-2.86539633251,-4.45864372401,5.3,0,11,-12,5.0,400.0
3.1,0.0,2,400.0,22.0,0,0,0.10010099411,0,94.0,2,14,-4.00547274408,-3.47076188991,5.3,0,11,-12,5.0,400.0
3.1,0.0,1,400.0,22.0,0,-2,0.100126981735,-2,94.0,1,4,4.82104957538,2.20169956891,5.3,0,11,-12,5.0,400.0
3.1,0.0,2,400.0,22.0,0,0,0.100130796432,0,94.0,2,5,5.24605364197,0.754268642848,5.3,0,11,-12,5.0,400.0
3.1,0.0,1,400.0,22.0,0,0,0.100067138672,0,94.0,1,16,-5.24605364197,-0.754268642848,5.3,0,11,-12,5.0,400.0
3.1,0.0,1,400.0,22.0,0,0,0.10012793541,0,94.0,1,5,5.24605364197,0.754268642848,5.3,0,11,-12,5.0,400.0
3.1,0.0,1,400.0,22.0,0,2,0.100125074387,0,94.0,1,21,-1.49318255126,5.08531276016,5.3,0,11,-12,5.0,400.0
3.1,0.0,2,400.0,22.0,0,0,0.0999789237976,0,94.0,2,15,-4.82104957538,-2.20169956891,5.3,0,11,-12,5.0,400.0
3.1,0.0,1,400.0,22.0,0,1,0.100085020065,-1,94.0,1,13,-2.86539633251,-4.45864372401,5.3,0,11,-12,5.0,400.0
3.1,0.0,2,400.0,22.0,0,-1,0.100079774857,2,94.0,2,18,-4.82104957538,2.20169956891,5.3,0,11,-12,5.0,400.0
3.1,0.0,1,400.0,22.0,0,0,0.100067853928,0,94.0,1,18,-4.82104957538,2.20169956891,5.3,0,11,-12,5.0,400.0
3.1,0.0,1,400.0,22.0,0,0,0.100087881088,0,94.0,1,11,6.49041367526e-16,-5.3,5.3,0,11,-12,5.0,400.0
3.1,0.0,2,400.0,22.0,0,2,0.10008597374,2,94.0,2,0,0.0,5.3,5.3,0,11,-12,5.0,400.0
3.1,0.0,2,400.0,22.0,0,-2,0.100088119507,-2,94.0,2,14,-4.00547274408,-3.47076188991,5.3,0,11,-12,5.0,400.0
3.1,0.0,1,400.0,22.0,0,0,0.100075960159,-1,94.0,1,18,-4.82104957538,2.20169956891,5.3,0,11,-12,5.0,400.0
3.1,0.0,2,400.0,22.0,0,-2,0.100116014481,1,94.0,2,20,-2.86539633251,4.45864372401,5.3,0,11,-12,5.0,400.0
3.1,0.0,2,400.0,22.0,0,2,0.100069999695,0,94.0,2,13,-2.86539633251,-4.45864372401,5.3,0,11,-12,5.0,400.0
3.1,0.0,2,400.0,22.0,0,-1,0.100033044815,0,94.0,2,7,4.82104957538,-2.20169956891,5.3,0,11,-12,5.0,400.0
3.1,0.0,2,400.0,22.0,0,2,0.100069999695,0,94.0,2,10,1.49318255126,-5.08531276016,5.3,0,11,-12,5.0,400.0
3.1,0.0,1,400.0,22.0,0,0,0.100143909454,2,94.0,1,14,-4.00547274408,-3.47076188991,5.3,0,11,-12,5.0,400.0
3.1,0.0,1,400.0,22.0,0,0,0.100094079971,-1,94.0,2,2,2.86539633251,4.45864372401,5.3,0,11,-12,5.0,400.0
3.1,0.0,2,400.0,22.0,0,-1,0.100060939789,1,94.0,1,5,5.24605364197,0.754268642848,5.3,0,11,-12,5.0,400.0
3.1,0.0,1,400.0,22.0,0,1,0.10018992424,-1,94.0,1,5,5.24605364197,0.754268642848,5.3,0,11,-12,5.0,400.0
3.1,0.0,2,400.0,22.0,0,1,0.100103139877,0,94.0,2,7,4.82104957538,-2.20169956891,5.3,0,11,-12,5.0,400.0
3.1,0.0,2,400.0,22.0,0,-1,0.1001060009,2,94.0,2,19,-4.00547274408,3.47076188991,5.3,0,11,-12,5.0,400.0
3.1,0.0,2,400.0,22.0,0,0,0.100078105927,-2,94.0,2,3,4.00547274408,3.47076188991,5.3,0,11,-12,5.0,400.0
3.1,0.0,2,400.0,22.0,0,2,0.100126981735,1,94.0,2,9,2.86539633251,-4.45864372401,5.3,0,11,-12,5.0,400.0
3.1,0.0,2,400.0,22.0,0,2,0.100093841553,2,94.0,1,21,-1.49318255126,5.08531276016,5.3,0,11,-12,5.0,400.0
3.1,0.0,2,400.0,22.0,0,0,0.100100040436,0,94.0,2,9,2.86539633251,-4.45864372401,5.3,0,11,-12,5.0,400.0
3.1,0.0,1,400.0,22.0,0,2,0.0998010635376,2,94.0,1,9,2.86539633251,-4.45864372401,5.3,0,11,-12,5.0,400.0
3.1,0.0,1,400.0,22.0,0,1,0.100075960159,1,94.0,1,1,1.49318255126,5.08531276016,5.3,0,11,-12,5.0,400.0
3.1,0.0,1,400.0,22.0,0,-2,0.1001060009,1,94.0,1,15,-4.82104957538,-2.20169956891,5.3,0,11,-12,5.0,400.0
3.1,0.0,1,400.0,22.0,0,1,0.100072860718,1,94.0,1,7,4.82104957538,-2.20169956891,5.3,0,11,-12,5.0,400.0
3.1,0.0,1,400.0,22.0,0,0,0.100131988525,0,94.0,1,13,-2.86539633251,-4.45864372401,5.3,0,11,-12,5.0,400.0
3.1,0.0,2,400.0,22.0,0,1,0.100081920624,1,94.0,2,3,4.00547274408,3.47076188991,5.3,0,11,-12,5.0,400.0
3.1,0.0,1,400.0,22.0,0,-2,0.099974155426,-2,94.0,1,0,0.0,5.3,5.3,0,11,-12,5.0,400.0
3.1,0.0,2,400.0,22.0,0,-1,0.100114107132,-1,94.0,2,9,2.86539633251,-4.45864372401,5.3,0,11,-12,5.0,400.0
3.1,0.0,2,400.0,22.0,0,0,0.100149869919,0,94.0,2,15,-4.82104957538,-2.20169956891,5.3,0,11,-12,5.0,400.0
3.1,0.0,1,400.0,22.0,0,-2,0.100295066833,1,94.0,1,3,4.00547274408,3.47076188991,5.3,0,11,-12,5.0,400.0
3.1,0.0,2,400.0,22.0,0,-1,0.0998589992523,0,94.0,2,18,-4.82104957538,2.20169956891,5.3,0,11,-12,5.0,400.0
3.1,0.0,2,400.0,22.0,0,2,0.099846124649,0,94.0,1,10,1.49318255126,-5.08531276016,5.3,0,11,-12,5.0,400.0
3.1,0.0,2,400.0,22.0,0,1,0.100063085556,1,94.0,2,17,-5.24605364197,0.754268642848,5.3,0,11,-12,5.0,400.0
3.1,0.0,2,400.0,22.0,0,1,0.100188970566,0,94.0,1,21,-1.49318255126,5.08531276016,5.3,0,11,-12,5.0,400.0
3.1,0.0,2,400.0,22.0,0,1,0.100089073181,0,94.0,2,8,4.00547274408,-3.47076188991,5.3,0,11,-12,5.0,400.0
3.1,0.0,1,400.0,22.0,0,1,0.100074052811,1,94.0,2,18,-4.82104957538,2.20169956891,5.3,0,11,-12,5.0,400.0
3.1,0.0,2,400.0,22.0,0,1,0.100141048431,2,94.0,2,1,1.49318255126,5.08531276016,5.3,0,11,-12,5.0,400.0
3.1,0.0,1,400.0,22.0,0,2,0.0999538898468,-2,94.0,2,21,-1.49318255126,5.08531276016,5.3,0,11,-12,5.0,400.0
3.1,0.0,1,400.0,22.0,0,2,0.100140094757,0,94.0,2,6,5.24605364197,-0.754268642848,5.3,0,11,-12,5.0,400.0
3.1,0.0,1,400.0,22.0,0,2,0.10009598732,-2,94.0,2,18,-4.82104957538,2.20169956891,5.3,0,11,-12,5.0,400.0
3.1,0.0,1,400.0,22.0,0,-1,0.100072860718,2,94.0,2,7,4.82104957538,-2.20169956891,5.3,0,11,-12,5.0,400.0
3.1,0.0,1,400.0,22.0,0,2,0.100047111511,-1,94.0,2,15,-4.82104957538,-2.20169956891,5.3,0,11,-12,5.0,400.0
3.1,0.0,2,400.0,22.0,0,0,0.100063085556,1,94.0,1,5,5.24605364197,0.754268642848,5.3,0,11,-12,5.0,400.0
3.1,0.0,1,400.0,22.0,0,-1,0.100163936615,-1,94.0,2,18,-4.82104957538,2.20169956891,5.3,0,11,-12,5.0,400.0
3.1,0.0,2,400.0,22.0,0,-2,0.0999069213867,-2,94.0,1,8,4.00547274408,-3.47076188991,5.3,0,11,-12,5.0,400.0
3.1,0.0,2,400.0,22.0,0,1,0.10005402565,2,94.0,2,17,-5.24605364197,0.754268642848,5.3,0,11,-12,5.0,400.0
3.1,0.0,2,400.0,22.0,0,1,0.100087881088,0,94.0,1,10,1.49318255126,-5.08531276016,5.3,0,11,-12,5.0,400.0
3.1,0.0,2,400.0,22.0,0,-1,0.100023984909,0,94.0,2,9,2.86539633251,-4.45864372401,5.3,0,11,-12,5.0,400.0
3.1,0.0,1,400.0,22.0,0,2,0.100104093552,1,94.0,1,21,-1.49318255126,5.08531276016,5.3,0,11,-12,5.0,400.0
3.1,0.0,2,400.0,22.0,0,0,0.10000705719,2,94.0,1,14,-4.00547274408,-3.47076188991,5.3,0,11,-12,5.0,400.0
3.1,0.0,1,400.0,22.0,0,-1,0.0999248027802,1,94.0,2,6,5.24605364197,-0.754268642848,5.3,0,11,-12,5.0,400.0
3.1,0.0,1,400.0,22.0,0,1,0.100076913834,0,94.0,1,13,-2.86539633251,-4.45864372401,5.3,0,11,-12,5.0,400.0
3.1,0.0,1,400.0,22.0,0,0,0.100094079971,2,94.0,1,8,4.00547274408,-3.47076188991,5.3,0,11,-12,5.0,400.0
3.1,0.0,2,400.0,22.0,0,-2,0.100222110748,0,94.0,1,8,4.00547274408,-3.47076188991,5.3,0,11,-12,5.0,400.0
