cue-length,ms-precue,resp-v-hv,ms-st-cue,nitems,offset2,resp-h-pos,actualStimOn,resp-v-pos,ms-stimon,resp-h-hv,cue-loc-int,cue-loc-x,cue-loc-y,radius,bars-or-spot,version,offset,npractice,ntrials
3.1,0.0,2,400.0,22.0,0,-2,0.100101947784,0,94.0,2,14,-4.00547274408,-3.47076188991,5.3,0,9,-10.5,5.0,400.0
3.1,0.0,1,400.0,22.0,0,-1,0.100134849548,1,94.0,1,3,4.00547274408,3.47076188991,5.3,0,9,-10.5,5.0,400.0
3.1,0.0,1,400.0,22.0,0,1,0.100145101547,1,94.0,1,0,0.0,5.3,5.3,0,9,-10.5,5.0,400.0
3.1,0.0,1,400.0,22.0,0,1,0.100135087967,1,94.0,1,10,1.49318255126,-5.08531276016,5.3,0,9,-10.5,5.0,400.0
3.1,0.0,1,400.0,22.0,0,0,0.0999321937561,0,94.0,1,2,2.86539633251,4.45864372401,5.3,0,9,-10.5,5.0,400.0
3.1,0.0,2,400.0,22.0,0,-1,0.100105047226,-1,94.0,2,16,-5.24605364197,-0.754268642848,5.3,0,9,-10.5,5.0,400.0
3.1,0.0,2,400.0,22.0,0,-1,0.100082874298,-1,94.0,2,11,6.49041367526e-16,-5.3,5.3,0,9,-10.5,5.0,400.0
3.1,0.0,1,400.0,22.0,0,0,0.100125074387,0,94.0,1,4,4.82104957538,2.20169956891,5.3,0,9,-10.5,5.0,400.0
3.1,0.0,2,400.0,22.0,0,2,0.100060939789,2,94.0,2,2,2.86539633251,4.45864372401,5.3,0,9,-10.5,5.0,400.0
3.1,0.0,1,400.0,22.0,0,-1,0.100126028061,2,94.0,2,4,4.82104957538,2.20169956891,5.3,0,9,-10.5,5.0,400.0
3.1,0.0,1,400.0,22.0,0,1,0.100255966187,1,94.0,1,11,6.49041367526e-16,-5.3,5.3,0,9,-10.5,5.0,400.0
3.1,0.0,2,400.0,22.0,0,2,0.100104808807,2,94.0,2,18,-4.82104957538,2.20169956891,5.3,0,9,-10.5,5.0,400.0
3.1,0.0,2,400.0,22.0,0,-2,0.100151062012,-2,94.0,2,15,-4.82104957538,-2.20169956891,5.3,0,9,-10.5,5.0,400.0
3.1,0.0,2,400.0,22.0,0,-2,0.100368022919,-2,94.0,2,19,-4.00547274408,3.47076188991,5.3,0,9,-10.5,5.0,400.0
3.1,0.0,1,400.0,22.0,0,0,0.100067853928,-2,94.0,1,6,5.24605364197,-0.754268642848,5.3,0,9,-10.5,5.0,400.0
3.1,0.0,1,400.0,22.0,0,0,0.100108146667,1,94.0,1,2,2.86539633251,4.45864372401,5.3,0,9,-10.5,5.0,400.0
3.1,0.0,2,400.0,22.0,0,0,0.100110054016,-2,94.0,1,10,1.49318255126,-5.08531276016,5.3,0,9,-10.5,5.0,400.0
3.1,0.0,1,400.0,22.0,0,1,0.100114822388,1,94.0,1,12,-1.49318255126,-5.08531276016,5.3,0,9,-10.5,5.0,400.0
3.1,0.0,2,400.0,22.0,0,1,0.0998089313507,-2,94.0,1,0,0.0,5.3,5.3,0,9,-10.5,5.0,400.0
3.1,0.0,2,400.0,22.0,0,0,0.0999519824982,0,94.0,2,5,5.24605364197,0.754268642848,5.3,0,9,-10.5,5.0,400.0
3.1,0.0,1,400.0,22.0,0,1,0.0999319553375,1,94.0,1,5,5.24605364197,0.754268642848,5.3,0,9,-10.5,5.0,400.0
3.1,0.0,2,400.0,22.0,0,0,0.100076198578,0,94.0,2,20,-2.86539633251,4.45864372401,5.3,0,9,-10.5,5.0,400.0
3.1,0.0,2,400.0,22.0,0,-1,0.101183891296,0,94.0,2,8,4.00547274408,-3.47076188991,5.3,0,9,-10.5,5.0,400.0
3.1,0.0,1,400.0,22.0,0,0,0.100104093552,0,94.0,2,15,-4.82104957538,-2.20169956891,5.3,0,9,-10.5,5.0,400.0
3.1,0.0,2,400.0,22.0,0,0,0.100061893463,1,94.0,1,8,4.00547274408,-3.47076188991,5.3,0,9,-10.5,5.0,400.0
3.1,0.0,1,400.0,22.0,0,0,0.100146055222,-2,94.0,1,14,-4.00547274408,-3.47076188991,5.3,0,9,-10.5,5.0,400.0
3.1,0.0,2,400.0,22.0,0,0,0.100051879883,2,94.0,1,21,-1.49318255126,5.08531276016,5.3,0,9,-10.5,5.0,400.0
3.1,0.0,1,400.0,22.0,0,1,0.100275993347,1,94.0,2,4,4.82104957538,2.20169956891,5.3,0,9,-10.5,5.0,400.0
3.1,0.0,2,400.0,22.0,0,0,0.100113153458,0,94.0,1,17,-5.24605364197,0.754268642848,5.3,0,9,-10.5,5.0,400.0
3.1,0.0,2,400.0,22.0,0,0,0.100073099136,0,94.0,1,16,-5.24605364197,-0.754268642848,5.3,0,9,-10.5,5.0,400.0
3.1,0.0,2,400.0,22.0,0,-2,0.100146770477,-1,94.0,1,19,-4.00547274408,3.47076188991,5.3,0,9,-10.5,5.0,400.0
3.1,0.0,2,400.0,22.0,0,-1,0.100125074387,1,94.0,1,1,1.49318255126,5.08531276016,5.3,0,9,-10.5,5.0,400.0
3.1,0.0,2,400.0,22.0,0,1,0.100160121918,0,94.0,1,11,6.49041367526e-16,-5.3,5.3,0,9,-10.5,5.0,400.0
3.1,0.0,1,400.0,22.0,0,0,0.0998020172119,-1,94.0,1,20,-2.86539633251,4.45864372401,5.3,0,9,-10.5,5.0,400.0
3.1,0.0,1,400.0,22.0,0,0,0.0999510288239,1,94.0,1,4,4.82104957538,2.20169956891,5.3,0,9,-10.5,5.0,400.0
3.1,0.0,1,400.0,22.0,0,0,0.100051879883,2,94.0,1,2,2.86539633251,4.45864372401,5.3,0,9,-10.5,5.0,400.0
3.1,0.0,2,400.0,22.0,0,-1,0.10014295578,0,94.0,2,18,-4.82104957538,2.20169956891,5.3,0,9,-10.5,5.0,400.0
3.1,0.0,2,400.0,22.0,0,0,0.100092887878,-1,94.0,1,0,0.0,5.3,5.3,0,9,-10.5,5.0,400.0
3.1,0.0,2,400.0,22.0,0,0,0.100090026855,1,94.0,2,2,2.86539633251,4.45864372401,5.3,0,9,-10.5,5.0,400.0
3.1,0.0,2,400.0,22.0,0,-2,0.100099086761,0,94.0,2,7,4.82104957538,-2.20169956891,5.3,0,9,-10.5,5.0,400.0
3.1,0.0,2,400.0,22.0,0,-2,0.10012793541,1,94.0,2,13,-2.86539633251,-4.45864372401,5.3,0,9,-10.5,5.0,400.0
3.1,0.0,2,400.0,22.0,0,0,0.10012793541,0,94.0,1,16,-5.24605364197,-0.754268642848,5.3,0,9,-10.5,5.0,400.0
3.1,0.0,2,400.0,22.0,0,1,0.100146055222,0,94.0,2,5,5.24605364197,0.754268642848,5.3,0,9,-10.5,5.0,400.0
3.1,0.0,2,400.0,22.0,0,0,0.100087165833,0,94.0,2,6,5.24605364197,-0.754268642848,5.3,0,9,-10.5,5.0,400.0
3.1,0.0,2,400.0,22.0,0,0,0.100030899048,0,94.0,1,8,4.00547274408,-3.47076188991,5.3,0,9,-10.5,5.0,400.0
3.1,0.0,2,400.0,22.0,0,0,0.100079059601,1,94.0,1,7,4.82104957538,-2.20169956891,5.3,0,9,-10.5,5.0,400.0
3.1,0.0,2,400.0,22.0,0,0,0.100117921829,0,94.0,1,4,4.82104957538,2.20169956891,5.3,0,9,-10.5,5.0,400.0
3.1,0.0,2,400.0,22.0,0,1,0.100124120712,1,94.0,2,2,2.86539633251,4.45864372401,5.3,0,9,-10.5,5.0,400.0
3.1,0.0,1,400.0,22.0,0,0,0.0997731685638,0,94.0,1,13,-2.86539633251,-4.45864372401,5.3,0,9,-10.5,5.0,400.0
3.1,0.0,2,400.0,22.0,0,0,0.100028991699,1,94.0,1,2,2.86539633251,4.45864372401,5.3,0,9,-10.5,5.0,400.0
3.1,0.0,2,400.0,22.0,0,-1,0.100035905838,-1,94.0,2,17,-5.24605364197,0.754268642848,5.3,0,9,-10.5,5.0,400.0
3.1,0.0,1,400.0,22.0,0,0,0.0999851226807,0,94.0,2,15,-4.82104957538,-2.20169956891,5.3,0,9,-10.5,5.0,400.0
3.1,0.0,1,400.0,22.0,0,-1,0.100185155869,2,94.0,2,9,2.86539633251,-4.45864372401,5.3,0,9,-10.5,5.0,400.0
3.1,0.0,1,400.0,22.0,0,-2,0.10012793541,2,94.0,2,2,2.86539633251,4.45864372401,5.3,0,9,-10.5,5.0,400.0
3.1,0.0,2,400.0,22.0,0,2,0.100164890289,-1,94.0,1,12,-1.49318255126,-5.08531276016,5.3,0,9,-10.5,5.0,400.0
3.1,0.0,2,400.0,22.0,0,1,0.100264072418,1,94.0,1,15,-4.82104957538,-2.20169956891,5.3,0,9,-10.5,5.0,400.0
3.1,0.0,2,400.0,22.0,0,2,0.100038051605,0,94.0,1,15,-4.82104957538,-2.20169956891,5.3,0,9,-10.5,5.0,400.0
3.1,0.0,2,400.0,22.0,0,2,0.100110054016,-2,94.0,1,18,-4.82104957538,2.20169956891,5.3,0,9,-10.5,5.0,400.0
3.1,0.0,2,400.0,22.0,0,2,0.100112915039,0,94.0,1,10,1.49318255126,-5.08531276016,5.3,0,9,-10.5,5.0,400.0
3.1,0.0,1,400.0,22.0,0,1,0.100152015686,1,94.0,1,12,-1.49318255126,-5.08531276016,5.3,0,9,-10.5,5.0,400.0
3.1,0.0,1,400.0,22.0,0,-1,0.100150823593,-2,94.0,1,9,2.86539633251,-4.45864372401,5.3,0,9,-10.5,5.0,400.0
3.1,0.0,2,400.0,22.0,0,0,0.100112915039,0,94.0,1,9,2.86539633251,-4.45864372401,5.3,0,9,-10.5,5.0,400.0
3.1,0.0,2,400.0,22.0,0,-1,0.100205183029,2,94.0,2,13,-2.86539633251,-4.45864372401,5.3,0,9,-10.5,5.0,400.0
3.1,0.0,1,400.0,22.0,0,-2,0.100088119507,-1,94.0,1,12,-1.49318255126,-5.08531276016,5.3,0,9,-10.5,5.0,400.0
3.1,0.0,2,400.0,22.0,0,0,0.10015296936,2,94.0,1,1,1.49318255126,5.08531276016,5.3,0,9,-10.5,5.0,400.0
3.1,0.0,2,400.0,22.0,0,-1,0.100149154663,-1,94.0,1,11,6.49041367526e-16,-5.3,5.3,0,9,-10.5,5.0,400.0
3.1,0.0,1,400.0,22.0,0,0,0.100120067596,0,94.0,1,10,1.49318255126,-5.08531276016,5.3,0,9,-10.5,5.0,400.0
3.1,0.0,1,400.0,22.0,0,-1,0.100173950195,-1,94.0,1,15,-4.82104957538,-2.20169956891,5.3,0,9,-10.5,5.0,400.0
3.1,0.0,1,400.0,22.0,0,1,0.100157976151,-2,94.0,2,17,-5.24605364197,0.754268642848,5.3,0,9,-10.5,5.0,400.0
3.1,0.0,2,400.0,22.0,0,1,0.100121974945,1,94.0,2,5,5.24605364197,0.754268642848,5.3,0,9,-10.5,5.0,400.0
3.1,0.0,1,400.0,22.0,0,0,0.100116014481,-2,94.0,1,20,-2.86539633251,4.45864372401,5.3,0,9,-10.5,5.0,400.0
3.1,0.0,2,400.0,22.0,0,0,0.0996179580688,-1,94.0,1,19,-4.00547274408,3.47076188991,5.3,0,9,-10.5,5.0,400.0
3.1,0.0,2,400.0,22.0,0,-1,0.100036859512,-1,94.0,2,19,-4.00547274408,3.47076188991,5.3,0,9,-10.5,5.0,400.0
3.1,0.0,2,400.0,22.0,0,-1,0.100142002106,-1,94.0,1,20,-2.86539633251,4.45864372401,5.3,0,9,-10.5,5.0,400.0
3.1,0.0,1,400.0,22.0,0,-2,0.100147008896,2,94.0,1,14,-4.00547274408,-3.47076188991,5.3,0,9,-10.5,5.0,400.0
3.1,0.0,1,400.0,22.0,0,1,0.099839925766,-1,94.0,2,6,5.24605364197,-0.754268642848,5.3,0,9,-10.5,5.0,400.0
3.1,0.0,2,400.0,22.0,0,1,0.100148916245,1,94.0,1,1,1.49318255126,5.08531276016,5.3,0,9,-10.5,5.0,400.0
3.1,0.0,2,400.0,22.0,0,0,0.100074052811,-1,94.0,1,21,-1.49318255126,5.08531276016,5.3,0,9,-10.5,5.0,400.0
3.1,0.0,2,400.0,22.0,0,0,0.100115060806,0,94.0,1,15,-4.82104957538,-2.20169956891,5.3,0,9,-10.5,5.0,400.0
3.1,0.0,2,400.0,22.0,0,-2,0.100116968155,-2,94.0,2,8,4.00547274408,-3.47076188991,5.3,0,9,-10.5,5.0,400.0
3.1,0.0,2,400.0,22.0,0,0,0.100062847137,0,94.0,2,6,5.24605364197,-0.754268642848,5.3,0,9,-10.5,5.0,400.0
3.1,0.0,2,400.0,22.0,0,-2,0.100156068802,0,94.0,1,8,4.00547274408,-3.47076188991,5.3,0,9,-10.5,5.0,400.0
3.1,0.0,1,400.0,22.0,0,1,0.10013794899,-2,94.0,2,9,2.86539633251,-4.45864372401,5.3,0,9,-10.5,5.0,400.0
3.1,0.0,2,400.0,22.0,0,0,0.100140810013,1,94.0,1,0,0.0,5.3,5.3,0,9,-10.5,5.0,400.0
3.1,0.0,2,400.0,22.0,0,-1,0.100331068039,-1,94.0,2,17,-5.24605364197,0.754268642848,5.3,0,9,-10.5,5.0,400.0
3.1,0.0,1,400.0,22.0,0,-1,0.100064992905,-1,94.0,1,8,4.00547274408,-3.47076188991,5.3,0,9,-10.5,5.0,400.0
3.1,0.0,2,400.0,22.0,0,1,0.100089073181,1,94.0,2,1,1.49318255126,5.08531276016,5.3,0,9,-10.5,5.0,400.0
3.1,0.0,2,400.0,22.0,0,0,0.100075960159,-1,94.0,1,20,-2.86539633251,4.45864372401,5.3,0,9,-10.5,5.0,400.0
3.1,0.0,2,400.0,22.0,0,2,0.100108861923,-2,94.0,1,9,2.86539633251,-4.45864372401,5.3,0,9,-10.5,5.0,400.0
3.1,0.0,1,400.0,22.0,0,0,0.100126028061,1,94.0,1,15,-4.82104957538,-2.20169956891,5.3,0,9,-10.5,5.0,400.0
3.1,0.0,2,400.0,22.0,0,0,0.100181818008,0,94.0,2,10,1.49318255126,-5.08531276016,5.3,0,9,-10.5,5.0,400.0
3.1,0.0,2,400.0,22.0,0,-1,0.100133895874,0,94.0,2,6,5.24605364197,-0.754268642848,5.3,0,9,-10.5,5.0,400.0
3.1,0.0,1,400.0,22.0,0,0,0.100071191788,0,94.0,1,15,-4.82104957538,-2.20169956891,5.3,0,9,-10.5,5.0,400.0
3.1,0.0,2,400.0,22.0,0,-2,0.100130081177,0,94.0,2,7,4.82104957538,-2.20169956891,5.3,0,9,-10.5,5.0,400.0
3.1,0.0,2,400.0,22.0,0,0,0.101492881775,0,94.0,2,8,4.00547274408,-3.47076188991,5.3,0,9,-10.5,5.0,400.0
3.1,0.0,2,400.0,22.0,0,0,0.100114822388,-1,94.0,2,20,-2.86539633251,4.45864372401,5.3,0,9,-10.5,5.0,400.0
3.1,0.0,2,400.0,22.0,0,0,0.100119113922,0,94.0,2,6,5.24605364197,-0.754268642848,5.3,0,9,-10.5,5.0,400.0
3.1,0.0,2,400.0,22.0,0,-2,0.100120067596,-2,94.0,2,0,0.0,5.3,5.3,0,9,-10.5,5.0,400.0
3.1,0.0,1,400.0,22.0,0,0,0.100141048431,0,94.0,1,20,-2.86539633251,4.45864372401,5.3,0,9,-10.5,5.0,400.0
3.1,0.0,2,400.0,22.0,0,0,0.100080966949,0,94.0,1,10,1.49318255126,-5.08531276016,5.3,0,9,-10.5,5.0,400.0
3.1,0.0,2,400.0,22.0,0,1,0.100050926208,1,94.0,2,4,4.82104957538,2.20169956891,5.3,0,9,-10.5,5.0,400.0
3.1,0.0,2,400.0,22.0,0,0,0.100144147873,0,94.0,2,1,1.49318255126,5.08531276016,5.3,0,9,-10.5,5.0,400.0
3.1,0.0,1,400.0,22.0,0,0,0.100143909454,0,94.0,1,6,5.24605364197,-0.754268642848,5.3,0,9,-10.5,5.0,400.0
3.1,0.0,2,400.0,22.0,0,0,0.0998158454895,0,94.0,2,8,4.00547274408,-3.47076188991,5.3,0,9,-10.5,5.0,400.0
3.1,0.0,2,400.0,22.0,0,1,0.100173950195,1,94.0,2,10,1.49318255126,-5.08531276016,5.3,0,9,-10.5,5.0,400.0
3.1,0.0,2,400.0,22.0,0,1,0.100058078766,1,94.0,2,1,1.49318255126,5.08531276016,5.3,0,9,-10.5,5.0,400.0
3.1,0.0,2,400.0,22.0,0,0,0.100114107132,1,94.0,2,9,2.86539633251,-4.45864372401,5.3,0,9,-10.5,5.0,400.0
3.1,0.0,2,400.0,22.0,0,0,0.0999457836151,0,94.0,2,7,4.82104957538,-2.20169956891,5.3,0,9,-10.5,5.0,400.0
3.1,0.0,2,400.0,22.0,0,-1,0.100116014481,0,94.0,2,10,1.49318255126,-5.08531276016,5.3,0,9,-10.5,5.0,400.0
3.1,0.0,2,400.0,22.0,0,0,0.100067138672,0,94.0,1,9,2.86539633251,-4.45864372401,5.3,0,9,-10.5,5.0,400.0
3.1,0.0,2,400.0,22.0,0,0,0.0999801158905,0,94.0,2,21,-1.49318255126,5.08531276016,5.3,0,9,-10.5,5.0,400.0
3.1,0.0,2,400.0,22.0,0,0,0.100141048431,0,94.0,2,9,2.86539633251,-4.45864372401,5.3,0,9,-10.5,5.0,400.0
3.1,0.0,2,400.0,22.0,0,0,0.100157976151,0,94.0,1,10,1.49318255126,-5.08531276016,5.3,0,9,-10.5,5.0,400.0
3.1,0.0,1,400.0,22.0,0,-1,0.0999431610107,-1,94.0,1,18,-4.82104957538,2.20169956891,5.3,0,9,-10.5,5.0,400.0
3.1,0.0,2,400.0,22.0,0,0,0.100108146667,-1,94.0,2,3,4.00547274408,3.47076188991,5.3,0,9,-10.5,5.0,400.0
3.1,0.0,1,400.0,22.0,0,0,0.100118875504,0,94.0,1,15,-4.82104957538,-2.20169956891,5.3,0,9,-10.5,5.0,400.0
3.1,0.0,2,400.0,22.0,0,0,0.100153923035,0,94.0,1,6,5.24605364197,-0.754268642848,5.3,0,9,-10.5,5.0,400.0
3.1,0.0,2,400.0,22.0,0,-2,0.100162029266,-1,94.0,2,18,-4.82104957538,2.20169956891,5.3,0,9,-10.5,5.0,400.0
3.1,0.0,1,400.0,22.0,0,0,0.100156784058,0,94.0,2,11,6.49041367526e-16,-5.3,5.3,0,9,-10.5,5.0,400.0
3.1,0.0,2,400.0,22.0,0,1,0.100114107132,1,94.0,2,0,0.0,5.3,5.3,0,9,-10.5,5.0,400.0
3.1,0.0,2,400.0,22.0,0,2,0.10013794899,2,94.0,2,18,-4.82104957538,2.20169956891,5.3,0,9,-10.5,5.0,400.0
3.1,0.0,2,400.0,22.0,0,0,0.0998849868774,0,94.0,2,1,1.49318255126,5.08531276016,5.3,0,9,-10.5,5.0,400.0
3.1,0.0,2,400.0,22.0,0,2,0.100378990173,2,94.0,2,2,2.86539633251,4.45864372401,5.3,0,9,-10.5,5.0,400.0
3.1,0.0,2,400.0,22.0,0,-2,0.100173950195,-1,94.0,1,0,0.0,5.3,5.3,0,9,-10.5,5.0,400.0
3.1,0.0,2,400.0,22.0,0,-2,0.100112915039,0,94.0,2,11,6.49041367526e-16,-5.3,5.3,0,9,-10.5,5.0,400.0
3.1,0.0,1,400.0,22.0,0,1,0.1001329422,1,94.0,1,12,-1.49318255126,-5.08531276016,5.3,0,9,-10.5,5.0,400.0
3.1,0.0,2,400.0,22.0,0,-1,0.100067138672,-1,94.0,2,16,-5.24605364197,-0.754268642848,5.3,0,9,-10.5,5.0,400.0
3.1,0.0,2,400.0,22.0,0,0,0.100115060806,0,94.0,1,16,-5.24605364197,-0.754268642848,5.3,0,9,-10.5,5.0,400.0
3.1,0.0,1,400.0,22.0,0,1,0.100100040436,-1,94.0,2,19,-4.00547274408,3.47076188991,5.3,0,9,-10.5,5.0,400.0
3.1,0.0,2,400.0,22.0,0,0,0.100131034851,0,94.0,1,6,5.24605364197,-0.754268642848,5.3,0,9,-10.5,5.0,400.0
3.1,0.0,2,400.0,22.0,0,2,0.100117921829,2,94.0,1,19,-4.00547274408,3.47076188991,5.3,0,9,-10.5,5.0,400.0
3.1,0.0,2,400.0,22.0,0,2,0.100124835968,1,94.0,1,10,1.49318255126,-5.08531276016,5.3,0,9,-10.5,5.0,400.0
3.1,0.0,2,400.0,22.0,0,1,0.100138902664,1,94.0,1,12,-1.49318255126,-5.08531276016,5.3,0,9,-10.5,5.0,400.0
3.1,0.0,2,400.0,22.0,0,1,0.0999221801758,1,94.0,2,3,4.00547274408,3.47076188991,5.3,0,9,-10.5,5.0,400.0
3.1,0.0,2,400.0,22.0,0,-2,0.10008597374,-2,94.0,2,19,-4.00547274408,3.47076188991,5.3,0,9,-10.5,5.0,400.0
3.1,0.0,1,400.0,22.0,0,2,0.100214958191,-2,94.0,1,6,5.24605364197,-0.754268642848,5.3,0,9,-10.5,5.0,400.0
3.1,0.0,1,400.0,22.0,0,-2,0.100105047226,0,94.0,1,12,-1.49318255126,-5.08531276016,5.3,0,9,-10.5,5.0,400.0
3.1,0.0,2,400.0,22.0,0,0,0.100156068802,0,94.0,2,13,-2.86539633251,-4.45864372401,5.3,0,9,-10.5,5.0,400.0
3.1,0.0,2,400.0,22.0,0,0,0.100108861923,0,94.0,1,7,4.82104957538,-2.20169956891,5.3,0,9,-10.5,5.0,400.0
3.1,0.0,1,400.0,22.0,0,1,0.0999131202698,1,94.0,1,14,-4.00547274408,-3.47076188991,5.3,0,9,-10.5,5.0,400.0
3.1,0.0,1,400.0,22.0,0,-1,0.100135803223,1,94.0,2,12,-1.49318255126,-5.08531276016,5.3,0,9,-10.5,5.0,400.0
3.1,0.0,2,400.0,22.0,0,0,0.100120067596,0,94.0,2,10,1.49318255126,-5.08531276016,5.3,0,9,-10.5,5.0,400.0
3.1,0.0,1,400.0,22.0,0,2,0.100095033646,2,94.0,1,17,-5.24605364197,0.754268642848,5.3,0,9,-10.5,5.0,400.0
3.1,0.0,1,400.0,22.0,0,1,0.100139141083,1,94.0,1,6,5.24605364197,-0.754268642848,5.3,0,9,-10.5,5.0,400.0
3.1,0.0,2,400.0,22.0,0,2,0.100115060806,2,94.0,2,1,1.49318255126,5.08531276016,5.3,0,9,-10.5,5.0,400.0
3.1,0.0,2,400.0,22.0,0,0,0.100121021271,0,94.0,2,8,4.00547274408,-3.47076188991,5.3,0,9,-10.5,5.0,400.0
3.1,0.0,2,400.0,22.0,0,-2,0.100138187408,-2,94.0,2,0,0.0,5.3,5.3,0,9,-10.5,5.0,400.0
3.1,0.0,1,400.0,22.0,0,-1,0.100124835968,-1,94.0,1,14,-4.00547274408,-3.47076188991,5.3,0,9,-10.5,5.0,400.0
3.1,0.0,2,400.0,22.0,0,1,0.10006403923,1,94.0,2,10,1.49318255126,-5.08531276016,5.3,0,9,-10.5,5.0,400.0
3.1,0.0,2,400.0,22.0,0,1,0.1001060009,-1,94.0,2,7,4.82104957538,-2.20169956891,5.3,0,9,-10.5,5.0,400.0
3.1,0.0,2,400.0,22.0,0,0,0.100156068802,0,94.0,1,6,5.24605364197,-0.754268642848,5.3,0,9,-10.5,5.0,400.0
3.1,0.0,2,400.0,22.0,0,-1,0.100069046021,-1,94.0,2,20,-2.86539633251,4.45864372401,5.3,0,9,-10.5,5.0,400.0
3.1,0.0,2,400.0,22.0,0,0,0.100113153458,0,94.0,2,7,4.82104957538,-2.20169956891,5.3,0,9,-10.5,5.0,400.0
3.1,0.0,2,400.0,22.0,0,0,0.100140094757,0,94.0,2,9,2.86539633251,-4.45864372401,5.3,0,9,-10.5,5.0,400.0
3.1,0.0,2,400.0,22.0,0,-2,0.100060939789,1,94.0,1,19,-4.00547274408,3.47076188991,5.3,0,9,-10.5,5.0,400.0
3.1,0.0,1,400.0,22.0,0,0,0.100138902664,0,94.0,1,14,-4.00547274408,-3.47076188991,5.3,0,9,-10.5,5.0,400.0
3.1,0.0,1,400.0,22.0,0,-1,0.100154876709,-1,94.0,1,3,4.00547274408,3.47076188991,5.3,0,9,-10.5,5.0,400.0
3.1,0.0,1,400.0,22.0,0,0,0.100136995316,0,94.0,1,8,4.00547274408,-3.47076188991,5.3,0,9,-10.5,5.0,400.0
3.1,0.0,1,400.0,22.0,0,0,0.100008964539,0,94.0,1,21,-1.49318255126,5.08531276016,5.3,0,9,-10.5,5.0,400.0
3.1,0.0,2,400.0,22.0,0,-1,0.10014295578,-1,94.0,2,19,-4.00547274408,3.47076188991,5.3,0,9,-10.5,5.0,400.0
3.1,0.0,2,400.0,22.0,0,1,0.100093126297,1,94.0,2,20,-2.86539633251,4.45864372401,5.3,0,9,-10.5,5.0,400.0
3.1,0.0,1,400.0,22.0,0,0,0.100038051605,0,94.0,1,14,-4.00547274408,-3.47076188991,5.3,0,9,-10.5,5.0,400.0
3.1,0.0,1,400.0,22.0,0,1,0.100131034851,1,94.0,1,3,4.00547274408,3.47076188991,5.3,0,9,-10.5,5.0,400.0
3.1,0.0,2,400.0,22.0,0,1,0.100138187408,1,94.0,2,4,4.82104957538,2.20169956891,5.3,0,9,-10.5,5.0,400.0
3.1,0.0,2,400.0,22.0,0,-2,0.0998711585999,-2,94.0,2,12,-1.49318255126,-5.08531276016,5.3,0,9,-10.5,5.0,400.0
3.1,0.0,2,400.0,22.0,0,-2,0.10009598732,-2,94.0,2,1,1.49318255126,5.08531276016,5.3,0,9,-10.5,5.0,400.0
3.1,0.0,1,400.0,22.0,0,1,0.0998051166534,1,94.0,1,0,0.0,5.3,5.3,0,9,-10.5,5.0,400.0
3.1,0.0,1,400.0,22.0,0,0,0.10014796257,0,94.0,1,12,-1.49318255126,-5.08531276016,5.3,0,9,-10.5,5.0,400.0
3.1,0.0,2,400.0,22.0,0,1,0.0998878479004,1,94.0,2,5,5.24605364197,0.754268642848,5.3,0,9,-10.5,5.0,400.0
3.1,0.0,1,400.0,22.0,0,-1,0.10036110878,-1,94.0,1,1,1.49318255126,5.08531276016,5.3,0,9,-10.5,5.0,400.0
3.1,0.0,1,400.0,22.0,0,1,0.100102901459,1,94.0,1,10,1.49318255126,-5.08531276016,5.3,0,9,-10.5,5.0,400.0
3.1,0.0,2,400.0,22.0,0,0,0.10005402565,0,94.0,2,7,4.82104957538,-2.20169956891,5.3,0,9,-10.5,5.0,400.0
3.1,0.0,1,400.0,22.0,0,0,0.100128173828,0,94.0,1,15,-4.82104957538,-2.20169956891,5.3,0,9,-10.5,5.0,400.0
3.1,0.0,1,400.0,22.0,0,-2,0.100111961365,-2,94.0,1,4,4.82104957538,2.20169956891,5.3,0,9,-10.5,5.0,400.0
3.1,0.0,2,400.0,22.0,0,-1,0.100090026855,0,94.0,1,7,4.82104957538,-2.20169956891,5.3,0,9,-10.5,5.0,400.0
3.1,0.0,1,400.0,22.0,0,1,0.100147008896,0,94.0,2,8,4.00547274408,-3.47076188991,5.3,0,9,-10.5,5.0,400.0
3.1,0.0,1,400.0,22.0,0,1,0.100092887878,1,94.0,1,14,-4.00547274408,-3.47076188991,5.3,0,9,-10.5,5.0,400.0
3.1,0.0,2,400.0,22.0,0,2,0.100085020065,-1,94.0,1,14,-4.00547274408,-3.47076188991,5.3,0,9,-10.5,5.0,400.0
3.1,0.0,2,400.0,22.0,0,1,0.100077152252,-2,94.0,1,14,-4.00547274408,-3.47076188991,5.3,0,9,-10.5,5.0,400.0
3.1,0.0,1,400.0,22.0,0,1,0.100101947784,1,94.0,1,10,1.49318255126,-5.08531276016,5.3,0,9,-10.5,5.0,400.0
3.1,0.0,2,400.0,22.0,0,2,0.10008597374,2,94.0,2,14,-4.00547274408,-3.47076188991,5.3,0,9,-10.5,5.0,400.0
3.1,0.0,2,400.0,22.0,0,2,0.100040912628,-2,94.0,1,0,0.0,5.3,5.3,0,9,-10.5,5.0,400.0
3.1,0.0,2,400.0,22.0,0,0,0.100163936615,1,94.0,2,14,-4.00547274408,-3.47076188991,5.3,0,9,-10.5,5.0,400.0
3.1,0.0,1,400.0,22.0,0,-2,0.100157976151,2,94.0,1,16,-5.24605364197,-0.754268642848,5.3,0,9,-10.5,5.0,400.0
3.1,0.0,1,400.0,22.0,0,-1,0.100122213364,2,94.0,2,5,5.24605364197,0.754268642848,5.3,0,9,-10.5,5.0,400.0
3.1,0.0,1,400.0,22.0,0,-2,0.100039958954,2,94.0,2,0,0.0,5.3,5.3,0,9,-10.5,5.0,400.0
3.1,0.0,1,400.0,22.0,0,2,0.100133895874,0,94.0,1,21,-1.49318255126,5.08531276016,5.3,0,9,-10.5,5.0,400.0
3.1,0.0,1,400.0,22.0,0,0,0.100104808807,0,94.0,1,9,2.86539633251,-4.45864372401,5.3,0,9,-10.5,5.0,400.0
3.1,0.0,1,400.0,22.0,0,1,0.100152015686,1,94.0,1,20,-2.86539633251,4.45864372401,5.3,0,9,-10.5,5.0,400.0
3.1,0.0,2,400.0,22.0,0,0,0.100244998932,0,94.0,2,11,6.49041367526e-16,-5.3,5.3,0,9,-10.5,5.0,400.0
3.1,0.0,1,400.0,22.0,0,1,0.100080013275,1,94.0,1,19,-4.00547274408,3.47076188991,5.3,0,9,-10.5,5.0,400.0
3.1,0.0,2,400.0,22.0,0,-2,0.100128889084,2,94.0,1,2,2.86539633251,4.45864372401,5.3,0,9,-10.5,5.0,400.0
3.1,0.0,2,400.0,22.0,0,0,0.100107192993,0,94.0,2,10,1.49318255126,-5.08531276016,5.3,0,9,-10.5,5.0,400.0
3.1,0.0,1,400.0,22.0,0,1,0.0998601913452,1,94.0,1,6,5.24605364197,-0.754268642848,5.3,0,9,-10.5,5.0,400.0
3.1,0.0,2,400.0,22.0,0,-1,0.100035905838,1,94.0,2,19,-4.00547274408,3.47076188991,5.3,0,9,-10.5,5.0,400.0
3.1,0.0,2,400.0,22.0,0,0,0.10011100769,0,94.0,2,15,-4.82104957538,-2.20169956891,5.3,0,9,-10.5,5.0,400.0
3.1,0.0,1,400.0,22.0,0,1,0.100123882294,1,94.0,1,0,0.0,5.3,5.3,0,9,-10.5,5.0,400.0
3.1,0.0,2,400.0,22.0,0,0,0.100116014481,2,94.0,1,12,-1.49318255126,-5.08531276016,5.3,0,9,-10.5,5.0,400.0
3.1,0.0,2,400.0,22.0,0,-2,0.100157976151,2,94.0,2,11,6.49041367526e-16,-5.3,5.3,0,9,-10.5,5.0,400.0
3.1,0.0,1,400.0,22.0,0,1,0.100172996521,-2,94.0,1,12,-1.49318255126,-5.08531276016,5.3,0,9,-10.5,5.0,400.0
3.1,0.0,2,400.0,22.0,0,2,0.100126981735,-1,94.0,2,10,1.49318255126,-5.08531276016,5.3,0,9,-10.5,5.0,400.0
3.1,0.0,2,400.0,22.0,0,0,0.100084781647,0,94.0,2,9,2.86539633251,-4.45864372401,5.3,0,9,-10.5,5.0,400.0
3.1,0.0,2,400.0,22.0,0,2,0.100092887878,1,94.0,1,4,4.82104957538,2.20169956891,5.3,0,9,-10.5,5.0,400.0
3.1,0.0,2,400.0,22.0,0,-2,0.100118160248,0,94.0,2,11,6.49041367526e-16,-5.3,5.3,0,9,-10.5,5.0,400.0
3.1,0.0,2,400.0,22.0,0,0,0.100089073181,0,94.0,1,9,2.86539633251,-4.45864372401,5.3,0,9,-10.5,5.0,400.0
3.1,0.0,2,400.0,22.0,0,0,0.100099086761,0,94.0,1,1,1.49318255126,5.08531276016,5.3,0,9,-10.5,5.0,400.0
3.1,0.0,2,400.0,22.0,0,0,0.1001060009,2,94.0,2,8,4.00547274408,-3.47076188991,5.3,0,9,-10.5,5.0,400.0
3.1,0.0,2,400.0,22.0,0,0,0.100086927414,0,94.0,1,15,-4.82104957538,-2.20169956891,5.3,0,9,-10.5,5.0,400.0
3.1,0.0,1,400.0,22.0,0,0,0.10009598732,0,94.0,2,10,1.49318255126,-5.08531276016,5.3,0,9,-10.5,5.0,400.0
3.1,0.0,2,400.0,22.0,0,2,0.100158929825,2,94.0,1,13,-2.86539633251,-4.45864372401,5.3,0,9,-10.5,5.0,400.0
3.1,0.0,2,400.0,22.0,0,-1,0.100057125092,-1,94.0,2,20,-2.86539633251,4.45864372401,5.3,0,9,-10.5,5.0,400.0
3.1,0.0,2,400.0,22.0,0,-1,0.100119113922,2,94.0,2,11,6.49041367526e-16,-5.3,5.3,0,9,-10.5,5.0,400.0
3.1,0.0,1,400.0,22.0,0,-1,0.100045204163,-2,94.0,2,2,2.86539633251,4.45864372401,5.3,0,9,-10.5,5.0,400.0
3.1,0.0,1,400.0,22.0,0,0,0.100172042847,0,94.0,1,4,4.82104957538,2.20169956891,5.3,0,9,-10.5,5.0,400.0
3.1,0.0,1,400.0,22.0,0,1,0.100133895874,1,94.0,1,15,-4.82104957538,-2.20169956891,5.3,0,9,-10.5,5.0,400.0
3.1,0.0,1,400.0,22.0,0,0,0.100036859512,0,94.0,2,14,-4.00547274408,-3.47076188991,5.3,0,9,-10.5,5.0,400.0
3.1,0.0,1,400.0,22.0,0,-1,0.100128173828,-2,94.0,1,7,4.82104957538,-2.20169956891,5.3,0,9,-10.5,5.0,400.0
3.1,0.0,1,400.0,22.0,0,1,0.100116014481,0,94.0,2,2,2.86539633251,4.45864372401,5.3,0,9,-10.5,5.0,400.0
3.1,0.0,1,400.0,22.0,0,0,0.100131034851,0,94.0,1,7,4.82104957538,-2.20169956891,5.3,0,9,-10.5,5.0,400.0
3.1,0.0,2,400.0,22.0,0,0,0.10008597374,0,94.0,1,6,5.24605364197,-0.754268642848,5.3,0,9,-10.5,5.0,400.0
3.1,0.0,2,400.0,22.0,0,0,0.100116014481,1,94.0,1,11,6.49041367526e-16,-5.3,5.3,0,9,-10.5,5.0,400.0
3.1,0.0,2,400.0,22.0,0,2,0.0997540950775,0,94.0,1,7,4.82104957538,-2.20169956891,5.3,0,9,-10.5,5.0,400.0
3.1,0.0,2,400.0,22.0,0,0,0.100265026093,0,94.0,2,18,-4.82104957538,2.20169956891,5.3,0,9,-10.5,5.0,400.0
3.1,0.0,2,400.0,22.0,0,0,0.0999219417572,0,94.0,1,9,2.86539633251,-4.45864372401,5.3,0,9,-10.5,5.0,400.0
3.1,0.0,1,400.0,22.0,0,0,0.100152015686,2,94.0,1,5,5.24605364197,0.754268642848,5.3,0,9,-10.5,5.0,400.0
3.1,0.0,1,400.0,22.0,0,1,0.100174188614,1,94.0,1,2,2.86539633251,4.45864372401,5.3,0,9,-10.5,5.0,400.0
3.1,0.0,2,400.0,22.0,0,-1,0.100121021271,-1,94.0,2,19,-4.00547274408,3.47076188991,5.3,0,9,-10.5,5.0,400.0
3.1,0.0,2,400.0,22.0,0,1,0.100144863129,0,94.0,1,16,-5.24605364197,-0.754268642848,5.3,0,9,-10.5,5.0,400.0
3.1,0.0,2,400.0,22.0,0,1,0.100136041641,1,94.0,1,11,6.49041367526e-16,-5.3,5.3,0,9,-10.5,5.0,400.0
3.1,0.0,1,400.0,22.0,0,1,0.100138902664,0,94.0,1,2,2.86539633251,4.45864372401,5.3,0,9,-10.5,5.0,400.0
3.1,0.0,2,400.0,22.0,0,0,0.100126028061,0,94.0,1,17,-5.24605364197,0.754268642848,5.3,0,9,-10.5,5.0,400.0
3.1,0.0,2,400.0,22.0,0,-1,0.100100040436,0,94.0,1,6,5.24605364197,-0.754268642848,5.3,0,9,-10.5,5.0,400.0
3.1,0.0,1,400.0,22.0,0,1,0.100184202194,0,94.0,2,19,-4.00547274408,3.47076188991,5.3,0,9,-10.5,5.0,400.0
3.1,0.0,1,400.0,22.0,0,-2,0.100075960159,1,94.0,2,15,-4.82104957538,-2.20169956891,5.3,0,9,-10.5,5.0,400.0
3.1,0.0,2,400.0,22.0,0,-1,0.100292921066,2,94.0,2,20,-2.86539633251,4.45864372401,5.3,0,9,-10.5,5.0,400.0
3.1,0.0,2,400.0,22.0,0,1,0.100085020065,0,94.0,1,6,5.24605364197,-0.754268642848,5.3,0,9,-10.5,5.0,400.0
3.1,0.0,2,400.0,22.0,0,0,0.10006403923,1,94.0,2,11,6.49041367526e-16,-5.3,5.3,0,9,-10.5,5.0,400.0
3.1,0.0,1,400.0,22.0,0,2,0.100147008896,-1,94.0,2,20,-2.86539633251,4.45864372401,5.3,0,9,-10.5,5.0,400.0
3.1,0.0,2,400.0,22.0,0,0,0.100126028061,1,94.0,1,5,5.24605364197,0.754268642848,5.3,0,9,-10.5,5.0,400.0
3.1,0.0,2,400.0,22.0,0,-1,0.100152015686,-1,94.0,2,21,-1.49318255126,5.08531276016,5.3,0,9,-10.5,5.0,400.0
3.1,0.0,2,400.0,22.0,0,0,0.100056886673,1,94.0,1,6,5.24605364197,-0.754268642848,5.3,0,9,-10.5,5.0,400.0
3.1,0.0,1,400.0,22.0,0,0,0.100146055222,0,94.0,1,3,4.00547274408,3.47076188991,5.3,0,9,-10.5,5.0,400.0
3.1,0.0,2,400.0,22.0,0,-1,0.100120067596,-1,94.0,2,13,-2.86539633251,-4.45864372401,5.3,0,9,-10.5,5.0,400.0
3.1,0.0,1,400.0,22.0,0,-1,0.100102901459,-1,94.0,1,21,-1.49318255126,5.08531276016,5.3,0,9,-10.5,5.0,400.0
3.1,0.0,2,400.0,22.0,0,1,0.100134849548,1,94.0,2,2,2.86539633251,4.45864372401,5.3,0,9,-10.5,5.0,400.0
3.1,0.0,1,400.0,22.0,0,1,0.100110054016,1,94.0,1,12,-1.49318255126,-5.08531276016,5.3,0,9,-10.5,5.0,400.0
3.1,0.0,2,400.0,22.0,0,-1,0.100109100342,0,94.0,1,16,-5.24605364197,-0.754268642848,5.3,0,9,-10.5,5.0,400.0
3.1,0.0,2,400.0,22.0,0,1,0.100116968155,0,94.0,2,14,-4.00547274408,-3.47076188991,5.3,0,9,-10.5,5.0,400.0
3.1,0.0,1,400.0,22.0,0,1,0.100042104721,-1,94.0,1,19,-4.00547274408,3.47076188991,5.3,0,9,-10.5,5.0,400.0
3.1,0.0,1,400.0,22.0,0,0,0.100093126297,0,94.0,1,8,4.00547274408,-3.47076188991,5.3,0,9,-10.5,5.0,400.0
3.1,0.0,1,400.0,22.0,0,0,0.100110054016,0,94.0,1,14,-4.00547274408,-3.47076188991,5.3,0,9,-10.5,5.0,400.0
3.1,0.0,1,400.0,22.0,0,0,0.100261211395,-1,94.0,2,17,-5.24605364197,0.754268642848,5.3,0,9,-10.5,5.0,400.0
3.1,0.0,2,400.0,22.0,0,-2,0.100087881088,-2,94.0,2,17,-5.24605364197,0.754268642848,5.3,0,9,-10.5,5.0,400.0
3.1,0.0,2,400.0,22.0,0,0,0.100142002106,-2,94.0,2,5,5.24605364197,0.754268642848,5.3,0,9,-10.5,5.0,400.0
3.1,0.0,2,400.0,22.0,0,-2,0.10015296936,0,94.0,1,8,4.00547274408,-3.47076188991,5.3,0,9,-10.5,5.0,400.0
3.1,0.0,2,400.0,22.0,0,0,0.100161075592,0,94.0,1,16,-5.24605364197,-0.754268642848,5.3,0,9,-10.5,5.0,400.0
3.1,0.0,2,400.0,22.0,0,-2,0.100115060806,1,94.0,1,4,4.82104957538,2.20169956891,5.3,0,9,-10.5,5.0,400.0
3.1,0.0,1,400.0,22.0,0,-2,0.100108146667,-2,94.0,1,18,-4.82104957538,2.20169956891,5.3,0,9,-10.5,5.0,400.0
3.1,0.0,1,400.0,22.0,0,1,0.100124120712,0,94.0,2,4,4.82104957538,2.20169956891,5.3,0,9,-10.5,5.0,400.0
3.1,0.0,1,400.0,22.0,0,1,0.100116014481,1,94.0,1,8,4.00547274408,-3.47076188991,5.3,0,9,-10.5,5.0,400.0
3.1,0.0,2,400.0,22.0,0,2,0.100107192993,-2,94.0,2,4,4.82104957538,2.20169956891,5.3,0,9,-10.5,5.0,400.0
3.1,0.0,1,400.0,22.0,0,0,0.100083827972,0,94.0,1,17,-5.24605364197,0.754268642848,5.3,0,9,-10.5,5.0,400.0
3.1,0.0,2,400.0,22.0,0,0,0.0999510288239,0,94.0,2,9,2.86539633251,-4.45864372401,5.3,0,9,-10.5,5.0,400.0
3.1,0.0,2,400.0,22.0,0,0,0.100143194199,0,94.0,2,16,-5.24605364197,-0.754268642848,5.3,0,9,-10.5,5.0,400.0
3.1,0.0,1,400.0,22.0,0,0,0.100087165833,0,94.0,1,18,-4.82104957538,2.20169956891,5.3,0,9,-10.5,5.0,400.0
3.1,0.0,1,400.0,22.0,0,1,0.10012793541,1,94.0,1,17,-5.24605364197,0.754268642848,5.3,0,9,-10.5,5.0,400.0
3.1,0.0,1,400.0,22.0,0,-1,0.100407123566,-1,94.0,1,0,0.0,5.3,5.3,0,9,-10.5,5.0,400.0
3.1,0.0,1,400.0,22.0,0,0,0.100156068802,0,94.0,1,16,-5.24605364197,-0.754268642848,5.3,0,9,-10.5,5.0,400.0
3.1,0.0,2,400.0,22.0,0,0,0.10009098053,0,94.0,2,0,0.0,5.3,5.3,0,9,-10.5,5.0,400.0
3.1,0.0,1,400.0,22.0,0,0,0.10001707077,0,94.0,1,8,4.00547274408,-3.47076188991,5.3,0,9,-10.5,5.0,400.0
3.1,0.0,1,400.0,22.0,0,1,0.100067138672,1,94.0,1,3,4.00547274408,3.47076188991,5.3,0,9,-10.5,5.0,400.0
3.1,0.0,2,400.0,22.0,0,0,0.100118160248,0,94.0,2,5,5.24605364197,0.754268642848,5.3,0,9,-10.5,5.0,400.0
3.1,0.0,2,400.0,22.0,0,-1,0.100035905838,-1,94.0,2,14,-4.00547274408,-3.47076188991,5.3,0,9,-10.5,5.0,400.0
3.1,0.0,1,400.0,22.0,0,0,0.100144147873,0,94.0,1,21,-1.49318255126,5.08531276016,5.3,0,9,-10.5,5.0,400.0
3.1,0.0,2,400.0,22.0,0,2,0.100059986115,2,94.0,1,13,-2.86539633251,-4.45864372401,5.3,0,9,-10.5,5.0,400.0
3.1,0.0,1,400.0,22.0,0,-1,0.100126028061,-1,94.0,1,6,5.24605364197,-0.754268642848,5.3,0,9,-10.5,5.0,400.0
3.1,0.0,2,400.0,22.0,0,-2,0.100025177002,2,94.0,2,5,5.24605364197,0.754268642848,5.3,0,9,-10.5,5.0,400.0
3.1,0.0,2,400.0,22.0,0,-2,0.100098133087,-2,94.0,2,4,4.82104957538,2.20169956891,5.3,0,9,-10.5,5.0,400.0
3.1,0.0,2,400.0,22.0,0,0,0.100109100342,0,94.0,2,18,-4.82104957538,2.20169956891,5.3,0,9,-10.5,5.0,400.0
3.1,0.0,1,400.0,22.0,0,-1,0.100126028061,-1,94.0,1,7,4.82104957538,-2.20169956891,5.3,0,9,-10.5,5.0,400.0
3.1,0.0,2,400.0,22.0,0,0,0.100238084793,-2,94.0,2,14,-4.00547274408,-3.47076188991,5.3,0,9,-10.5,5.0,400.0
3.1,0.0,2,400.0,22.0,0,2,0.100126028061,0,94.0,2,1,1.49318255126,5.08531276016,5.3,0,9,-10.5,5.0,400.0
3.1,0.0,1,400.0,22.0,0,-1,0.100136041641,1,94.0,1,14,-4.00547274408,-3.47076188991,5.3,0,9,-10.5,5.0,400.0
3.1,0.0,2,400.0,22.0,0,-1,0.100030899048,-1,94.0,2,18,-4.82104957538,2.20169956891,5.3,0,9,-10.5,5.0,400.0
3.1,0.0,1,400.0,22.0,0,-1,0.0995419025421,1,94.0,2,0,0.0,5.3,5.3,0,9,-10.5,5.0,400.0
3.1,0.0,2,400.0,22.0,0,-2,0.100138187408,-1,94.0,2,17,-5.24605364197,0.754268642848,5.3,0,9,-10.5,5.0,400.0
3.1,0.0,1,400.0,22.0,0,-1,0.100201845169,0,94.0,1,13,-2.86539633251,-4.45864372401,5.3,0,9,-10.5,5.0,400.0
3.1,0.0,2,400.0,22.0,0,2,0.100110054016,1,94.0,2,5,5.24605364197,0.754268642848,5.3,0,9,-10.5,5.0,400.0
3.1,0.0,2,400.0,22.0,0,-1,0.100096940994,0,94.0,1,9,2.86539633251,-4.45864372401,5.3,0,9,-10.5,5.0,400.0
3.1,0.0,1,400.0,22.0,0,2,0.1001060009,2,94.0,1,0,0.0,5.3,5.3,0,9,-10.5,5.0,400.0
3.1,0.0,1,400.0,22.0,0,-1,0.100123882294,0,94.0,2,0,0.0,5.3,5.3,0,9,-10.5,5.0,400.0
3.1,0.0,1,400.0,22.0,0,0,0.100144147873,1,94.0,1,5,5.24605364197,0.754268642848,5.3,0,9,-10.5,5.0,400.0
3.1,0.0,1,400.0,22.0,0,0,0.1001329422,0,94.0,1,17,-5.24605364197,0.754268642848,5.3,0,9,-10.5,5.0,400.0
3.1,0.0,2,400.0,22.0,0,0,0.100120067596,0,94.0,1,9,2.86539633251,-4.45864372401,5.3,0,9,-10.5,5.0,400.0
3.1,0.0,1,400.0,22.0,0,-1,0.0998418331146,-1,94.0,1,19,-4.00547274408,3.47076188991,5.3,0,9,-10.5,5.0,400.0
3.1,0.0,1,400.0,22.0,0,-1,0.100069999695,0,94.0,1,19,-4.00547274408,3.47076188991,5.3,0,9,-10.5,5.0,400.0
3.1,0.0,1,400.0,22.0,0,0,0.0998001098633,0,94.0,1,11,6.49041367526e-16,-5.3,5.3,0,9,-10.5,5.0,400.0
3.1,0.0,1,400.0,22.0,0,0,0.100069046021,0,94.0,1,17,-5.24605364197,0.754268642848,5.3,0,9,-10.5,5.0,400.0
3.1,0.0,1,400.0,22.0,0,-1,0.0995671749115,-1,94.0,1,14,-4.00547274408,-3.47076188991,5.3,0,9,-10.5,5.0,400.0
3.1,0.0,2,400.0,22.0,0,-1,0.100026130676,-1,94.0,2,13,-2.86539633251,-4.45864372401,5.3,0,9,-10.5,5.0,400.0
3.1,0.0,2,400.0,22.0,0,0,0.100114107132,0,94.0,2,11,6.49041367526e-16,-5.3,5.3,0,9,-10.5,5.0,400.0
3.1,0.0,1,400.0,22.0,0,1,0.100142002106,1,94.0,1,4,4.82104957538,2.20169956891,5.3,0,9,-10.5,5.0,400.0
3.1,0.0,2,400.0,22.0,0,-2,0.100088119507,0,94.0,2,14,-4.00547274408,-3.47076188991,5.3,0,9,-10.5,5.0,400.0
3.1,0.0,2,400.0,22.0,0,-1,0.100233078003,-1,94.0,2,20,-2.86539633251,4.45864372401,5.3,0,9,-10.5,5.0,400.0
3.1,0.0,1,400.0,22.0,0,1,0.099977016449,-2,94.0,1,11,6.49041367526e-16,-5.3,5.3,0,9,-10.5,5.0,400.0
3.1,0.0,2,400.0,22.0,0,1,0.100145101547,1,94.0,2,2,2.86539633251,4.45864372401,5.3,0,9,-10.5,5.0,400.0
3.1,0.0,2,400.0,22.0,0,1,0.100116968155,1,94.0,1,6,5.24605364197,-0.754268642848,5.3,0,9,-10.5,5.0,400.0
3.1,0.0,2,400.0,22.0,0,1,0.100103139877,1,94.0,1,13,-2.86539633251,-4.45864372401,5.3,0,9,-10.5,5.0,400.0
3.1,0.0,2,400.0,22.0,0,1,0.100093126297,1,94.0,1,7,4.82104957538,-2.20169956891,5.3,0,9,-10.5,5.0,400.0
3.1,0.0,2,400.0,22.0,0,-1,0.100105047226,2,94.0,1,3,4.00547274408,3.47076188991,5.3,0,9,-10.5,5.0,400.0
3.1,0.0,2,400.0,22.0,0,1,0.100136995316,1,94.0,2,4,4.82104957538,2.20169956891,5.3,0,9,-10.5,5.0,400.0
3.1,0.0,2,400.0,22.0,0,1,0.100120067596,-1,94.0,2,19,-4.00547274408,3.47076188991,5.3,0,9,-10.5,5.0,400.0
3.1,0.0,2,400.0,22.0,0,-2,0.100052118301,0,94.0,2,9,2.86539633251,-4.45864372401,5.3,0,9,-10.5,5.0,400.0
3.1,0.0,1,400.0,22.0,0,0,0.100065946579,0,94.0,2,15,-4.82104957538,-2.20169956891,5.3,0,9,-10.5,5.0,400.0
3.1,0.0,1,400.0,22.0,0,-2,0.100122928619,0,94.0,2,11,6.49041367526e-16,-5.3,5.3,0,9,-10.5,5.0,400.0
3.1,0.0,2,400.0,22.0,0,-1,0.100121021271,1,94.0,1,15,-4.82104957538,-2.20169956891,5.3,0,9,-10.5,5.0,400.0
3.1,0.0,2,400.0,22.0,0,-1,0.100073099136,0,94.0,2,10,1.49318255126,-5.08531276016,5.3,0,9,-10.5,5.0,400.0
3.1,0.0,1,400.0,22.0,0,0,0.100133895874,0,94.0,1,0,0.0,5.3,5.3,0,9,-10.5,5.0,400.0
3.1,0.0,2,400.0,22.0,0,1,0.100143909454,1,94.0,2,2,2.86539633251,4.45864372401,5.3,0,9,-10.5,5.0,400.0
3.1,0.0,1,400.0,22.0,0,0,0.100066184998,0,94.0,1,10,1.49318255126,-5.08531276016,5.3,0,9,-10.5,5.0,400.0
3.1,0.0,2,400.0,22.0,0,-1,0.100116968155,0,94.0,1,15,-4.82104957538,-2.20169956891,5.3,0,9,-10.5,5.0,400.0
3.1,0.0,2,400.0,22.0,0,0,0.100116014481,0,94.0,1,9,2.86539633251,-4.45864372401,5.3,0,9,-10.5,5.0,400.0
3.1,0.0,2,400.0,22.0,0,0,0.100126981735,-1,94.0,1,5,5.24605364197,0.754268642848,5.3,0,9,-10.5,5.0,400.0
3.1,0.0,2,400.0,22.0,0,0,0.100171089172,0,94.0,2,21,-1.49318255126,5.08531276016,5.3,0,9,-10.5,5.0,400.0
3.1,0.0,1,400.0,22.0,0,0,0.100152015686,0,94.0,1,4,4.82104957538,2.20169956891,5.3,0,9,-10.5,5.0,400.0
3.1,0.0,2,400.0,22.0,0,0,0.100144147873,0,94.0,2,14,-4.00547274408,-3.47076188991,5.3,0,9,-10.5,5.0,400.0
3.1,0.0,1,400.0,22.0,0,0,0.100070953369,0,94.0,1,17,-5.24605364197,0.754268642848,5.3,0,9,-10.5,5.0,400.0
3.1,0.0,2,400.0,22.0,0,2,0.100081920624,2,94.0,2,3,4.00547274408,3.47076188991,5.3,0,9,-10.5,5.0,400.0
3.1,0.0,2,400.0,22.0,0,0,0.100091218948,0,94.0,2,14,-4.00547274408,-3.47076188991,5.3,0,9,-10.5,5.0,400.0
3.1,0.0,1,400.0,22.0,0,0,0.100126028061,0,94.0,1,21,-1.49318255126,5.08531276016,5.3,0,9,-10.5,5.0,400.0
3.1,0.0,2,400.0,22.0,0,0,0.100093126297,0,94.0,2,18,-4.82104957538,2.20169956891,5.3,0,9,-10.5,5.0,400.0
3.1,0.0,2,400.0,22.0,0,0,0.100287914276,0,94.0,2,5,5.24605364197,0.754268642848,5.3,0,9,-10.5,5.0,400.0
3.1,0.0,1,400.0,22.0,0,0,0.100149869919,0,94.0,1,19,-4.00547274408,3.47076188991,5.3,0,9,-10.5,5.0,400.0
3.1,0.0,1,400.0,22.0,0,0,0.0998508930206,0,94.0,1,20,-2.86539633251,4.45864372401,5.3,0,9,-10.5,5.0,400.0
3.1,0.0,2,400.0,22.0,0,-2,0.0999689102173,-2,94.0,2,12,-1.49318255126,-5.08531276016,5.3,0,9,-10.5,5.0,400.0
3.1,0.0,2,400.0,22.0,0,-1,0.100290060043,-1,94.0,2,7,4.82104957538,-2.20169956891,5.3,0,9,-10.5,5.0,400.0
3.1,0.0,2,400.0,22.0,0,1,0.10006403923,1,94.0,2,2,2.86539633251,4.45864372401,5.3,0,9,-10.5,5.0,400.0
3.1,0.0,2,400.0,22.0,0,-1,0.100215911865,-1,94.0,2,21,-1.49318255126,5.08531276016,5.3,0,9,-10.5,5.0,400.0
3.1,0.0,1,400.0,22.0,0,-2,0.100253820419,-2,94.0,1,9,2.86539633251,-4.45864372401,5.3,0,9,-10.5,5.0,400.0
3.1,0.0,1,400.0,22.0,0,-2,0.10009098053,-2,94.0,1,6,5.24605364197,-0.754268642848,5.3,0,9,-10.5,5.0,400.0
3.1,0.0,2,400.0,22.0,0,-2,0.100097894669,-2,94.0,2,8,4.00547274408,-3.47076188991,5.3,0,9,-10.5,5.0,400.0
3.1,0.0,2,400.0,22.0,0,-2,0.100155830383,-2,94.0,2,4,4.82104957538,2.20169956891,5.3,0,9,-10.5,5.0,400.0
3.1,0.0,1,400.0,22.0,0,1,0.100101947784,1,94.0,1,5,5.24605364197,0.754268642848,5.3,0,9,-10.5,5.0,400.0
3.1,0.0,2,400.0,22.0,0,0,0.10013794899,0,94.0,1,20,-2.86539633251,4.45864372401,5.3,0,9,-10.5,5.0,400.0
3.1,0.0,1,400.0,22.0,0,1,0.0998477935791,1,94.0,1,21,-1.49318255126,5.08531276016,5.3,0,9,-10.5,5.0,400.0
3.1,0.0,2,400.0,22.0,0,2,0.100109100342,2,94.0,2,18,-4.82104957538,2.20169956891,5.3,0,9,-10.5,5.0,400.0
3.1,0.0,2,400.0,22.0,0,-1,0.100083112717,-1,94.0,2,2,2.86539633251,4.45864372401,5.3,0,9,-10.5,5.0,400.0
3.1,0.0,1,400.0,22.0,0,1,0.100152015686,1,94.0,1,13,-2.86539633251,-4.45864372401,5.3,0,9,-10.5,5.0,400.0
3.1,0.0,1,400.0,22.0,0,-1,0.10013794899,0,94.0,1,13,-2.86539633251,-4.45864372401,5.3,0,9,-10.5,5.0,400.0
3.1,0.0,1,400.0,22.0,0,0,0.100162982941,0,94.0,1,11,6.49041367526e-16,-5.3,5.3,0,9,-10.5,5.0,400.0
3.1,0.0,2,400.0,22.0,0,0,0.100106954575,0,94.0,1,19,-4.00547274408,3.47076188991,5.3,0,9,-10.5,5.0,400.0
3.1,0.0,1,400.0,22.0,0,1,0.10009598732,0,94.0,1,11,6.49041367526e-16,-5.3,5.3,0,9,-10.5,5.0,400.0
3.1,0.0,1,400.0,22.0,0,-1,0.0999939441681,-2,94.0,2,15,-4.82104957538,-2.20169956891,5.3,0,9,-10.5,5.0,400.0
3.1,0.0,2,400.0,22.0,0,1,0.100141048431,0,94.0,2,6,5.24605364197,-0.754268642848,5.3,0,9,-10.5,5.0,400.0
3.1,0.0,2,400.0,22.0,0,-2,0.100071907043,0,94.0,1,2,2.86539633251,4.45864372401,5.3,0,9,-10.5,5.0,400.0
3.1,0.0,1,400.0,22.0,0,0,0.100117921829,-2,94.0,2,18,-4.82104957538,2.20169956891,5.3,0,9,-10.5,5.0,400.0
3.1,0.0,2,400.0,22.0,0,1,0.100140094757,2,94.0,2,11,6.49041367526e-16,-5.3,5.3,0,9,-10.5,5.0,400.0
3.1,0.0,2,400.0,22.0,0,-2,0.100047111511,1,94.0,1,10,1.49318255126,-5.08531276016,5.3,0,9,-10.5,5.0,400.0
3.1,0.0,1,400.0,22.0,0,2,0.100180864334,2,94.0,2,13,-2.86539633251,-4.45864372401,5.3,0,9,-10.5,5.0,400.0
3.1,0.0,1,400.0,22.0,0,-2,0.100178003311,2,94.0,1,6,5.24605364197,-0.754268642848,5.3,0,9,-10.5,5.0,400.0
3.1,0.0,1,400.0,22.0,0,-1,0.10014796257,0,94.0,1,3,4.00547274408,3.47076188991,5.3,0,9,-10.5,5.0,400.0
3.1,0.0,1,400.0,22.0,0,-2,0.100126028061,-2,94.0,1,5,5.24605364197,0.754268642848,5.3,0,9,-10.5,5.0,400.0
3.1,0.0,2,400.0,22.0,0,0,0.100162029266,1,94.0,2,16,-5.24605364197,-0.754268642848,5.3,0,9,-10.5,5.0,400.0
3.1,0.0,1,400.0,22.0,0,-2,0.100126028061,1,94.0,2,10,1.49318255126,-5.08531276016,5.3,0,9,-10.5,5.0,400.0
3.1,0.0,1,400.0,22.0,0,1,0.100126981735,0,94.0,1,13,-2.86539633251,-4.45864372401,5.3,0,9,-10.5,5.0,400.0
3.1,0.0,1,400.0,22.0,0,1,0.100167989731,2,94.0,1,20,-2.86539633251,4.45864372401,5.3,0,9,-10.5,5.0,400.0
3.1,0.0,2,400.0,22.0,0,2,0.100146770477,-2,94.0,1,3,4.00547274408,3.47076188991,5.3,0,9,-10.5,5.0,400.0
3.1,0.0,1,400.0,22.0,0,-1,0.100081920624,0,94.0,1,10,1.49318255126,-5.08531276016,5.3,0,9,-10.5,5.0,400.0
3.1,0.0,1,400.0,22.0,0,-2,0.100135087967,2,94.0,1,15,-4.82104957538,-2.20169956891,5.3,0,9,-10.5,5.0,400.0
3.1,0.0,1,400.0,22.0,0,0,0.0999400615692,-1,94.0,1,1,1.49318255126,5.08531276016,5.3,0,9,-10.5,5.0,400.0
3.1,0.0,1,400.0,22.0,0,1,0.100086927414,-1,94.0,1,9,2.86539633251,-4.45864372401,5.3,0,9,-10.5,5.0,400.0
3.1,0.0,1,400.0,22.0,0,-2,0.100170135498,-2,94.0,2,13,-2.86539633251,-4.45864372401,5.3,0,9,-10.5,5.0,400.0
3.1,0.0,2,400.0,22.0,0,0,0.10011100769,0,94.0,2,15,-4.82104957538,-2.20169956891,5.3,0,9,-10.5,5.0,400.0
3.1,0.0,2,400.0,22.0,0,-1,0.1001329422,0,94.0,2,11,6.49041367526e-16,-5.3,5.3,0,9,-10.5,5.0,400.0
3.1,0.0,2,400.0,22.0,0,-2,0.100117921829,2,94.0,1,17,-5.24605364197,0.754268642848,5.3,0,9,-10.5,5.0,400.0
3.1,0.0,1,400.0,22.0,0,-2,0.100065946579,-1,94.0,1,7,4.82104957538,-2.20169956891,5.3,0,9,-10.5,5.0,400.0
3.1,0.0,2,400.0,22.0,0,2,0.100115060806,-1,94.0,1,13,-2.86539633251,-4.45864372401,5.3,0,9,-10.5,5.0,400.0
3.1,0.0,2,400.0,22.0,0,0,0.100120067596,0,94.0,2,14,-4.00547274408,-3.47076188991,5.3,0,9,-10.5,5.0,400.0
3.1,0.0,2,400.0,22.0,0,1,0.100241184235,1,94.0,2,1,1.49318255126,5.08531276016,5.3,0,9,-10.5,5.0,400.0
3.1,0.0,1,400.0,22.0,0,0,0.100118875504,0,94.0,1,2,2.86539633251,4.45864372401,5.3,0,9,-10.5,5.0,400.0
3.1,0.0,2,400.0,22.0,0,1,0.100157976151,1,94.0,2,10,1.49318255126,-5.08531276016,5.3,0,9,-10.5,5.0,400.0
3.1,0.0,1,400.0,22.0,0,1,0.100058078766,1,94.0,1,0,0.0,5.3,5.3,0,9,-10.5,5.0,400.0
3.1,0.0,2,400.0,22.0,0,0,0.100111961365,0,94.0,2,13,-2.86539633251,-4.45864372401,5.3,0,9,-10.5,5.0,400.0
3.1,0.0,1,400.0,22.0,0,-1,0.10035610199,-1,94.0,1,19,-4.00547274408,3.47076188991,5.3,0,9,-10.5,5.0,400.0
3.1,0.0,1,400.0,22.0,0,1,0.10009598732,-1,94.0,1,11,6.49041367526e-16,-5.3,5.3,0,9,-10.5,5.0,400.0
3.1,0.0,1,400.0,22.0,0,0,0.100157022476,1,94.0,1,14,-4.00547274408,-3.47076188991,5.3,0,9,-10.5,5.0,400.0
3.1,0.0,2,400.0,22.0,0,2,0.0997869968414,2,94.0,2,4,4.82104957538,2.20169956891,5.3,0,9,-10.5,5.0,400.0
3.1,0.0,2,400.0,22.0,0,0,0.100083827972,-2,94.0,2,12,-1.49318255126,-5.08531276016,5.3,0,9,-10.5,5.0,400.0
3.1,0.0,1,400.0,22.0,0,-1,0.100169897079,0,94.0,1,18,-4.82104957538,2.20169956891,5.3,0,9,-10.5,5.0,400.0
3.1,0.0,1,400.0,22.0,0,1,0.100115060806,1,94.0,2,8,4.00547274408,-3.47076188991,5.3,0,9,-10.5,5.0,400.0
3.1,0.0,2,400.0,22.0,0,0,0.100091934204,0,94.0,2,21,-1.49318255126,5.08531276016,5.3,0,9,-10.5,5.0,400.0
3.1,0.0,2,400.0,22.0,0,1,0.100153923035,1,94.0,2,13,-2.86539633251,-4.45864372401,5.3,0,9,-10.5,5.0,400.0
3.1,0.0,2,400.0,22.0,0,0,0.100151062012,0,94.0,1,10,1.49318255126,-5.08531276016,5.3,0,9,-10.5,5.0,400.0
3.1,0.0,1,400.0,22.0,0,1,0.100152015686,1,94.0,1,8,4.00547274408,-3.47076188991,5.3,0,9,-10.5,5.0,400.0
3.1,0.0,2,400.0,22.0,0,0,0.0999491214752,0,94.0,2,0,0.0,5.3,5.3,0,9,-10.5,5.0,400.0
3.1,0.0,2,400.0,22.0,0,-1,0.100136995316,-1,94.0,2,7,4.82104957538,-2.20169956891,5.3,0,9,-10.5,5.0,400.0
3.1,0.0,2,400.0,22.0,0,-1,0.100134849548,-1,94.0,2,19,-4.00547274408,3.47076188991,5.3,0,9,-10.5,5.0,400.0
3.1,0.0,1,400.0,22.0,0,0,0.100131034851,0,94.0,1,17,-5.24605364197,0.754268642848,5.3,0,9,-10.5,5.0,400.0
3.1,0.0,2,400.0,22.0,0,0,0.100080966949,1,94.0,1,1,1.49318255126,5.08531276016,5.3,0,9,-10.5,5.0,400.0
3.1,0.0,2,400.0,22.0,0,0,0.100086927414,1,94.0,1,6,5.24605364197,-0.754268642848,5.3,0,9,-10.5,5.0,400.0
