cue-length,ms-precue,resp-v-hv,ms-st-cue,nitems,resp-h-pos,actualStimOn,resp-v-pos,ms-stimon,resp-h-hv,cue-loc-int,cue-loc-x,cue-loc-y,radius,bars-or-spot,npractice,ntrials,offsett
3.1,0.0,1,400.0,22.0,2,0.0971410274506,-1,94.0,1,8,4.00547274408,-3.47076188991,5.3,3.0,5.0,300.0,5
3.1,0.0,1,400.0,22.0,1,0.0970070362091,0,94.0,1,19,-4.00547274408,3.47076188991,5.3,3.0,5.0,300.0,5
3.1,0.0,2,400.0,22.0,0,0.0969960689545,-2,94.0,2,3,4.00547274408,3.47076188991,5.3,3.0,5.0,300.0,5
3.1,0.0,2,400.0,22.0,-1,0.0971281528473,0,94.0,1,19,-4.00547274408,3.47076188991,5.3,3.0,5.0,300.0,5
3.1,0.0,1,400.0,22.0,2,0.0971930027008,-2,94.0,1,6,5.24605364197,-0.754268642848,5.3,3.0,5.0,300.0,5
3.1,0.0,1,400.0,22.0,0,0.0970439910889,1,94.0,1,14,-4.00547274408,-3.47076188991,5.3,3.0,5.0,300.0,5
3.1,0.0,1,400.0,22.0,1,0.097177028656,0,94.0,2,1,1.49318255126,5.08531276016,5.3,3.0,5.0,300.0,5
3.1,0.0,1,400.0,22.0,0,0.0971789360046,0,94.0,2,12,-1.49318255126,-5.08531276016,5.3,3.0,5.0,300.0,5
3.1,0.0,1,400.0,22.0,2,0.0971829891205,-1,94.0,2,9,2.86539633251,-4.45864372401,5.3,3.0,5.0,300.0,5
3.1,0.0,2,400.0,22.0,1,0.0971829891205,2,94.0,1,3,4.00547274408,3.47076188991,5.3,3.0,5.0,300.0,5
3.1,0.0,2,400.0,22.0,0,0.0970129966736,0,94.0,1,1,1.49318255126,5.08531276016,5.3,3.0,5.0,300.0,5
3.1,0.0,2,400.0,22.0,0,0.0970139503479,1,94.0,2,17,-5.24605364197,0.754268642848,5.3,3.0,5.0,300.0,5
3.1,0.0,2,400.0,22.0,-1,0.0971848964691,0,94.0,2,15,-4.82104957538,-2.20169956891,5.3,3.0,5.0,300.0,5
3.1,0.0,1,400.0,22.0,-1,0.0970439910889,0,94.0,2,8,4.00547274408,-3.47076188991,5.3,3.0,5.0,300.0,5
3.1,0.0,1,400.0,22.0,-1,0.0970301628113,-2,94.0,2,7,4.82104957538,-2.20169956891,5.3,3.0,5.0,300.0,5
3.1,0.0,1,400.0,22.0,-1,0.0971910953522,1,94.0,2,1,1.49318255126,5.08531276016,5.3,3.0,5.0,300.0,5
3.1,0.0,1,400.0,22.0,2,0.0972068309784,0,94.0,1,21,-1.49318255126,5.08531276016,5.3,3.0,5.0,300.0,5
3.1,0.0,1,400.0,22.0,2,0.097177028656,-2,94.0,1,11,6.49041367526e-16,-5.3,5.3,3.0,5.0,300.0,5
3.1,0.0,2,400.0,22.0,0,0.0971779823303,1,94.0,1,16,-5.24605364197,-0.754268642848,5.3,3.0,5.0,300.0,5
3.1,0.0,1,400.0,22.0,-1,0.0971829891205,0,94.0,1,19,-4.00547274408,3.47076188991,5.3,3.0,5.0,300.0,5
3.1,0.0,1,400.0,22.0,0,0.0971920490265,1,94.0,1,11,6.49041367526e-16,-5.3,5.3,3.0,5.0,300.0,5
3.1,0.0,2,400.0,22.0,0,0.097058057785,0,94.0,1,16,-5.24605364197,-0.754268642848,5.3,3.0,5.0,300.0,5
3.1,0.0,2,400.0,22.0,0,0.0972189903259,0,94.0,1,13,-2.86539633251,-4.45864372401,5.3,3.0,5.0,300.0,5
3.1,0.0,2,400.0,22.0,0,0.0972220897675,-1,94.0,2,11,6.49041367526e-16,-5.3,5.3,3.0,5.0,300.0,5
3.1,0.0,2,400.0,22.0,1,0.0972049236298,0,94.0,1,7,4.82104957538,-2.20169956891,5.3,3.0,5.0,300.0,5
3.1,0.0,2,400.0,22.0,0,0.0970478057861,2,94.0,1,4,4.82104957538,2.20169956891,5.3,3.0,5.0,300.0,5
3.1,0.0,1,400.0,22.0,1,0.0970890522003,2,94.0,2,9,2.86539633251,-4.45864372401,5.3,3.0,5.0,300.0,5
3.1,0.0,2,400.0,22.0,0,0.0972099304199,1,94.0,1,8,4.00547274408,-3.47076188991,5.3,3.0,5.0,300.0,5
3.1,0.0,2,400.0,22.0,0,0.0970079898834,-1,94.0,1,2,2.86539633251,4.45864372401,5.3,3.0,5.0,300.0,5
3.1,0.0,2,400.0,22.0,-1,0.0970020294189,0,94.0,1,1,1.49318255126,5.08531276016,5.3,3.0,5.0,300.0,5
3.1,0.0,2,400.0,22.0,2,0.0971741676331,-2,94.0,1,10,1.49318255126,-5.08531276016,5.3,3.0,5.0,300.0,5
3.1,0.0,2,400.0,22.0,0,0.0971579551697,0,94.0,1,15,-4.82104957538,-2.20169956891,5.3,3.0,5.0,300.0,5
3.1,0.0,1,400.0,22.0,-1,0.0970070362091,-1,94.0,2,20,-2.86539633251,4.45864372401,5.3,3.0,5.0,300.0,5
3.1,0.0,2,400.0,22.0,0,0.0970149040222,0,94.0,1,6,5.24605364197,-0.754268642848,5.3,3.0,5.0,300.0,5
3.1,0.0,2,400.0,22.0,-1,0.0970039367676,0,94.0,1,10,1.49318255126,-5.08531276016,5.3,3.0,5.0,300.0,5
3.1,0.0,2,400.0,22.0,-1,0.0972731113434,0,94.0,2,12,-1.49318255126,-5.08531276016,5.3,3.0,5.0,300.0,5
3.1,0.0,1,400.0,22.0,-1,0.0971817970276,0,94.0,1,16,-5.24605364197,-0.754268642848,5.3,3.0,5.0,300.0,5
3.1,0.0,1,400.0,22.0,0,0.0971941947937,2,94.0,1,1,1.49318255126,5.08531276016,5.3,3.0,5.0,300.0,5
3.1,0.0,2,400.0,22.0,2,0.0970089435577,-1,94.0,2,15,-4.82104957538,-2.20169956891,5.3,3.0,5.0,300.0,5
3.1,0.0,2,400.0,22.0,-2,0.0971930027008,1,94.0,2,2,2.86539633251,4.45864372401,5.3,3.0,5.0,300.0,5
3.1,0.0,2,400.0,22.0,0,0.0970208644867,0,94.0,1,17,-5.24605364197,0.754268642848,5.3,3.0,5.0,300.0,5
3.1,0.0,1,400.0,22.0,0,0.0970158576965,1,94.0,1,4,4.82104957538,2.20169956891,5.3,3.0,5.0,300.0,5
3.1,0.0,2,400.0,22.0,0,0.0970349311829,0,94.0,1,13,-2.86539633251,-4.45864372401,5.3,3.0,5.0,300.0,5
3.1,0.0,2,400.0,22.0,1,0.0971899032593,1,94.0,1,12,-1.49318255126,-5.08531276016,5.3,3.0,5.0,300.0,5
3.1,0.0,1,400.0,22.0,0,0.0970151424408,-1,94.0,1,0,0.0,5.3,5.3,3.0,5.0,300.0,5
3.1,0.0,2,400.0,22.0,2,0.097188949585,1,94.0,1,14,-4.00547274408,-3.47076188991,5.3,3.0,5.0,300.0,5
3.1,0.0,2,400.0,22.0,1,0.0970358848572,0,94.0,2,6,5.24605364197,-0.754268642848,5.3,3.0,5.0,300.0,5
3.1,0.0,2,400.0,22.0,-2,0.0970349311829,0,94.0,1,17,-5.24605364197,0.754268642848,5.3,3.0,5.0,300.0,5
3.1,0.0,1,400.0,22.0,-2,0.097177028656,1,94.0,2,15,-4.82104957538,-2.20169956891,5.3,3.0,5.0,300.0,5
3.1,0.0,2,400.0,22.0,-1,0.0971920490265,2,94.0,1,1,1.49318255126,5.08531276016,5.3,3.0,5.0,300.0,5
3.1,0.0,1,400.0,22.0,-2,0.0971820354462,1,94.0,2,15,-4.82104957538,-2.20169956891,5.3,3.0,5.0,300.0,5
3.1,0.0,1,400.0,22.0,-2,0.0970449447632,0,94.0,2,20,-2.86539633251,4.45864372401,5.3,3.0,5.0,300.0,5
3.1,0.0,2,400.0,22.0,0,0.0970499515533,2,94.0,2,8,4.00547274408,-3.47076188991,5.3,3.0,5.0,300.0,5
3.1,0.0,2,400.0,22.0,0,0.0972168445587,0,94.0,1,7,4.82104957538,-2.20169956891,5.3,3.0,5.0,300.0,5
3.1,0.0,1,400.0,22.0,1,0.0972139835358,0,94.0,1,14,-4.00547274408,-3.47076188991,5.3,3.0,5.0,300.0,5
3.1,0.0,2,400.0,22.0,0,0.0970370769501,-1,94.0,1,2,2.86539633251,4.45864372401,5.3,3.0,5.0,300.0,5
3.1,0.0,2,400.0,22.0,1,0.0970408916473,1,94.0,1,14,-4.00547274408,-3.47076188991,5.3,3.0,5.0,300.0,5
3.1,0.0,1,400.0,22.0,0,0.0972421169281,1,94.0,1,8,4.00547274408,-3.47076188991,5.3,3.0,5.0,300.0,5
3.1,0.0,2,400.0,22.0,0,0.0971748828888,-1,94.0,1,4,4.82104957538,2.20169956891,5.3,3.0,5.0,300.0,5
3.1,0.0,1,400.0,22.0,0,0.0970149040222,2,94.0,2,1,1.49318255126,5.08531276016,5.3,3.0,5.0,300.0,5
3.1,0.0,2,400.0,22.0,1,0.0970091819763,-2,94.0,1,8,4.00547274408,-3.47076188991,5.3,3.0,5.0,300.0,5
3.1,0.0,1,400.0,22.0,1,0.0969970226288,-2,94.0,2,1,1.49318255126,5.08531276016,5.3,3.0,5.0,300.0,5
3.1,0.0,1,400.0,22.0,-1,0.0970039367676,0,94.0,1,10,1.49318255126,-5.08531276016,5.3,3.0,5.0,300.0,5
3.1,0.0,1,400.0,22.0,-1,0.0970079898834,-2,94.0,2,17,-5.24605364197,0.754268642848,5.3,3.0,5.0,300.0,5
3.1,0.0,2,400.0,22.0,1,0.0970351696014,-1,94.0,2,7,4.82104957538,-2.20169956891,5.3,3.0,5.0,300.0,5
3.1,0.0,2,400.0,22.0,-2,0.0970020294189,1,94.0,2,8,4.00547274408,-3.47076188991,5.3,3.0,5.0,300.0,5
3.1,0.0,2,400.0,22.0,2,0.0971858501434,1,94.0,1,10,1.49318255126,-5.08531276016,5.3,3.0,5.0,300.0,5
3.1,0.0,1,400.0,22.0,-2,0.0971918106079,-1,94.0,2,0,0.0,5.3,5.3,3.0,5.0,300.0,5
3.1,0.0,1,400.0,22.0,1,0.0970139503479,-2,94.0,2,9,2.86539633251,-4.45864372401,5.3,3.0,5.0,300.0,5
3.1,0.0,2,400.0,22.0,2,0.0971829891205,1,94.0,2,10,1.49318255126,-5.08531276016,5.3,3.0,5.0,300.0,5
3.1,0.0,2,400.0,22.0,0,0.0972049236298,0,94.0,1,0,0.0,5.3,5.3,3.0,5.0,300.0,5
3.1,0.0,1,400.0,22.0,-1,0.0970118045807,-2,94.0,1,20,-2.86539633251,4.45864372401,5.3,3.0,5.0,300.0,5
3.1,0.0,2,400.0,22.0,-1,0.0971989631653,2,94.0,1,8,4.00547274408,-3.47076188991,5.3,3.0,5.0,300.0,5
3.1,0.0,1,400.0,22.0,1,0.0970149040222,2,94.0,1,2,2.86539633251,4.45864372401,5.3,3.0,5.0,300.0,5
3.1,0.0,1,400.0,22.0,1,0.0970189571381,-1,94.0,1,6,5.24605364197,-0.754268642848,5.3,3.0,5.0,300.0,5
3.1,0.0,1,400.0,22.0,-2,0.0971808433533,0,94.0,1,4,4.82104957538,2.20169956891,5.3,3.0,5.0,300.0,5
3.1,0.0,2,400.0,22.0,-2,0.0971848964691,-2,94.0,1,20,-2.86539633251,4.45864372401,5.3,3.0,5.0,300.0,5
3.1,0.0,2,400.0,22.0,1,0.0971908569336,-1,94.0,1,14,-4.00547274408,-3.47076188991,5.3,3.0,5.0,300.0,5
3.1,0.0,2,400.0,22.0,-1,0.0970361232758,1,94.0,1,9,2.86539633251,-4.45864372401,5.3,3.0,5.0,300.0,5
3.1,0.0,2,400.0,22.0,2,0.0970768928528,1,94.0,1,21,-1.49318255126,5.08531276016,5.3,3.0,5.0,300.0,5
3.1,0.0,2,400.0,22.0,-1,0.0971839427948,-2,94.0,2,6,5.24605364197,-0.754268642848,5.3,3.0,5.0,300.0,5
3.1,0.0,2,400.0,22.0,0,0.0972039699554,0,94.0,1,3,4.00547274408,3.47076188991,5.3,3.0,5.0,300.0,5
3.1,0.0,1,400.0,22.0,-1,0.0971779823303,2,94.0,1,18,-4.82104957538,2.20169956891,5.3,3.0,5.0,300.0,5
3.1,0.0,2,400.0,22.0,0,0.0972130298615,0,94.0,1,6,5.24605364197,-0.754268642848,5.3,3.0,5.0,300.0,5
3.1,0.0,2,400.0,22.0,-2,0.0972278118134,-1,94.0,1,3,4.00547274408,3.47076188991,5.3,3.0,5.0,300.0,5
3.1,0.0,2,400.0,22.0,0,0.0973100662231,0,94.0,1,5,5.24605364197,0.754268642848,5.3,3.0,5.0,300.0,5
3.1,0.0,2,400.0,22.0,0,0.0970411300659,-2,94.0,1,15,-4.82104957538,-2.20169956891,5.3,3.0,5.0,300.0,5
3.1,0.0,2,400.0,22.0,0,0.0971810817719,1,94.0,1,3,4.00547274408,3.47076188991,5.3,3.0,5.0,300.0,5
3.1,0.0,2,400.0,22.0,0,0.0970430374146,1,94.0,1,6,5.24605364197,-0.754268642848,5.3,3.0,5.0,300.0,5
3.1,0.0,1,400.0,22.0,0,0.0971851348877,2,94.0,2,10,1.49318255126,-5.08531276016,5.3,3.0,5.0,300.0,5
3.1,0.0,1,400.0,22.0,0,0.097216129303,1,94.0,1,1,1.49318255126,5.08531276016,5.3,3.0,5.0,300.0,5
3.1,0.0,2,400.0,22.0,1,0.0972158908844,2,94.0,1,19,-4.00547274408,3.47076188991,5.3,3.0,5.0,300.0,5
3.1,0.0,2,400.0,22.0,1,0.0972130298615,2,94.0,2,10,1.49318255126,-5.08531276016,5.3,3.0,5.0,300.0,5
3.1,0.0,1,400.0,22.0,-2,0.0971438884735,0,94.0,2,20,-2.86539633251,4.45864372401,5.3,3.0,5.0,300.0,5
3.1,0.0,2,400.0,22.0,0,0.0971808433533,0,94.0,1,15,-4.82104957538,-2.20169956891,5.3,3.0,5.0,300.0,5
3.1,0.0,2,400.0,22.0,-1,0.0971767902374,1,94.0,1,10,1.49318255126,-5.08531276016,5.3,3.0,5.0,300.0,5
3.1,0.0,2,400.0,22.0,-1,0.0970530509949,0,94.0,1,7,4.82104957538,-2.20169956891,5.3,3.0,5.0,300.0,5
3.1,0.0,2,400.0,22.0,0,0.0970277786255,0,94.0,1,15,-4.82104957538,-2.20169956891,5.3,3.0,5.0,300.0,5
3.1,0.0,1,400.0,22.0,0,0.0970020294189,2,94.0,1,5,5.24605364197,0.754268642848,5.3,3.0,5.0,300.0,5
3.1,0.0,2,400.0,22.0,0,0.0969970226288,-1,94.0,1,16,-5.24605364197,-0.754268642848,5.3,3.0,5.0,300.0,5
3.1,0.0,1,400.0,22.0,-1,0.0971810817719,2,94.0,1,10,1.49318255126,-5.08531276016,5.3,3.0,5.0,300.0,5
3.1,0.0,2,400.0,22.0,0,0.0970089435577,2,94.0,1,12,-1.49318255126,-5.08531276016,5.3,3.0,5.0,300.0,5
3.1,0.0,2,400.0,22.0,-1,0.0970139503479,-1,94.0,1,13,-2.86539633251,-4.45864372401,5.3,3.0,5.0,300.0,5
3.1,0.0,2,400.0,22.0,-2,0.0971920490265,1,94.0,1,0,0.0,5.3,5.3,3.0,5.0,300.0,5
3.1,0.0,2,400.0,22.0,0,0.0972111225128,1,94.0,1,20,-2.86539633251,4.45864372401,5.3,3.0,5.0,300.0,5
3.1,0.0,2,400.0,22.0,2,0.0970249176025,-1,94.0,2,9,2.86539633251,-4.45864372401,5.3,3.0,5.0,300.0,5
3.1,0.0,1,400.0,22.0,2,0.0973091125488,-1,94.0,2,11,6.49041367526e-16,-5.3,5.3,3.0,5.0,300.0,5
3.1,0.0,2,400.0,22.0,-1,0.0971908569336,0,94.0,2,8,4.00547274408,-3.47076188991,5.3,3.0,5.0,300.0,5
3.1,0.0,2,400.0,22.0,1,0.0970330238342,2,94.0,1,12,-1.49318255126,-5.08531276016,5.3,3.0,5.0,300.0,5
3.1,0.0,1,400.0,22.0,0,0.0970149040222,2,94.0,1,10,1.49318255126,-5.08531276016,5.3,3.0,5.0,300.0,5
3.1,0.0,2,400.0,22.0,0,0.0971901416779,0,94.0,1,4,4.82104957538,2.20169956891,5.3,3.0,5.0,300.0,5
3.1,0.0,2,400.0,22.0,-1,0.0971961021423,1,94.0,1,16,-5.24605364197,-0.754268642848,5.3,3.0,5.0,300.0,5
3.1,0.0,2,400.0,22.0,0,0.0970349311829,0,94.0,1,6,5.24605364197,-0.754268642848,5.3,3.0,5.0,300.0,5
3.1,0.0,2,400.0,22.0,-2,0.097186088562,2,94.0,2,10,1.49318255126,-5.08531276016,5.3,3.0,5.0,300.0,5
3.1,0.0,1,400.0,22.0,0,0.0971930027008,2,94.0,1,10,1.49318255126,-5.08531276016,5.3,3.0,5.0,300.0,5
3.1,0.0,1,400.0,22.0,-1,0.0973360538483,1,94.0,1,8,4.00547274408,-3.47076188991,5.3,3.0,5.0,300.0,5
3.1,0.0,1,400.0,22.0,1,0.0971789360046,-1,94.0,2,11,6.49041367526e-16,-5.3,5.3,3.0,5.0,300.0,5
3.1,0.0,2,400.0,22.0,1,0.0971810817719,-1,94.0,1,14,-4.00547274408,-3.47076188991,5.3,3.0,5.0,300.0,5
3.1,0.0,2,400.0,22.0,2,0.0971660614014,0,94.0,1,3,4.00547274408,3.47076188991,5.3,3.0,5.0,300.0,5
3.1,0.0,1,400.0,22.0,0,0.0972201824188,2,94.0,1,10,1.49318255126,-5.08531276016,5.3,3.0,5.0,300.0,5
3.1,0.0,1,400.0,22.0,1,0.097060918808,-1,94.0,1,1,1.49318255126,5.08531276016,5.3,3.0,5.0,300.0,5
3.1,0.0,2,400.0,22.0,-1,0.0970430374146,0,94.0,1,20,-2.86539633251,4.45864372401,5.3,3.0,5.0,300.0,5
3.1,0.0,2,400.0,22.0,2,0.0970389842987,-1,94.0,2,6,5.24605364197,-0.754268642848,5.3,3.0,5.0,300.0,5
3.1,0.0,2,400.0,22.0,-2,0.0970499515533,-1,94.0,2,1,1.49318255126,5.08531276016,5.3,3.0,5.0,300.0,5
3.1,0.0,1,400.0,22.0,-2,0.0970170497894,0,94.0,2,18,-4.82104957538,2.20169956891,5.3,3.0,5.0,300.0,5
3.1,0.0,2,400.0,22.0,2,0.0970060825348,0,94.0,2,7,4.82104957538,-2.20169956891,5.3,3.0,5.0,300.0,5
3.1,0.0,2,400.0,22.0,-2,0.0970129966736,0,94.0,1,7,4.82104957538,-2.20169956891,5.3,3.0,5.0,300.0,5
3.1,0.0,2,400.0,22.0,-1,0.0970101356506,0,94.0,1,16,-5.24605364197,-0.754268642848,5.3,3.0,5.0,300.0,5
3.1,0.0,2,400.0,22.0,0,0.0970091819763,-2,94.0,1,21,-1.49318255126,5.08531276016,5.3,3.0,5.0,300.0,5
3.1,0.0,1,400.0,22.0,0,0.0970039367676,-2,94.0,1,5,5.24605364197,0.754268642848,5.3,3.0,5.0,300.0,5
3.1,0.0,1,400.0,22.0,0,0.0969970226288,-1,94.0,1,3,4.00547274408,3.47076188991,5.3,3.0,5.0,300.0,5
3.1,0.0,2,400.0,22.0,0,0.0969970226288,-1,94.0,1,1,1.49318255126,5.08531276016,5.3,3.0,5.0,300.0,5
3.1,0.0,2,400.0,22.0,0,0.0970139503479,0,94.0,1,4,4.82104957538,2.20169956891,5.3,3.0,5.0,300.0,5
3.1,0.0,2,400.0,22.0,0,0.0970230102539,0,94.0,1,17,-5.24605364197,0.754268642848,5.3,3.0,5.0,300.0,5
3.1,0.0,2,400.0,22.0,1,0.0971901416779,1,94.0,1,6,5.24605364197,-0.754268642848,5.3,3.0,5.0,300.0,5
3.1,0.0,2,400.0,22.0,-1,0.097060918808,1,94.0,2,5,5.24605364197,0.754268642848,5.3,3.0,5.0,300.0,5
3.1,0.0,1,400.0,22.0,-2,0.0970199108124,0,94.0,2,16,-5.24605364197,-0.754268642848,5.3,3.0,5.0,300.0,5
3.1,0.0,2,400.0,22.0,0,0.0970067977905,-1,94.0,1,16,-5.24605364197,-0.754268642848,5.3,3.0,5.0,300.0,5
3.1,0.0,2,400.0,22.0,-2,0.0970129966736,1,94.0,2,14,-4.00547274408,-3.47076188991,5.3,3.0,5.0,300.0,5
3.1,0.0,2,400.0,22.0,-1,0.0980780124664,1,94.0,2,20,-2.86539633251,4.45864372401,5.3,3.0,5.0,300.0,5
3.1,0.0,2,400.0,22.0,2,0.0970330238342,0,94.0,1,19,-4.00547274408,3.47076188991,5.3,3.0,5.0,300.0,5
3.1,0.0,2,400.0,22.0,-1,0.0970430374146,1,94.0,2,14,-4.00547274408,-3.47076188991,5.3,3.0,5.0,300.0,5
3.1,0.0,2,400.0,22.0,0,0.0971841812134,0,94.0,1,4,4.82104957538,2.20169956891,5.3,3.0,5.0,300.0,5
3.1,0.0,2,400.0,22.0,1,0.0971989631653,0,94.0,1,1,1.49318255126,5.08531276016,5.3,3.0,5.0,300.0,5
3.1,0.0,2,400.0,22.0,-1,0.0970339775085,1,94.0,2,9,2.86539633251,-4.45864372401,5.3,3.0,5.0,300.0,5
3.1,0.0,2,400.0,22.0,-1,0.0972011089325,1,94.0,1,16,-5.24605364197,-0.754268642848,5.3,3.0,5.0,300.0,5
3.1,0.0,2,400.0,22.0,1,0.0972139835358,1,94.0,1,3,4.00547274408,3.47076188991,5.3,3.0,5.0,300.0,5
3.1,0.0,1,400.0,22.0,0,0.0971610546112,-2,94.0,1,18,-4.82104957538,2.20169956891,5.3,3.0,5.0,300.0,5
3.1,0.0,1,400.0,22.0,0,0.0971801280975,-1,94.0,2,14,-4.00547274408,-3.47076188991,5.3,3.0,5.0,300.0,5
3.1,0.0,2,400.0,22.0,1,0.0972020626068,0,94.0,1,18,-4.82104957538,2.20169956891,5.3,3.0,5.0,300.0,5
3.1,0.0,1,400.0,22.0,-2,0.0972080230713,0,94.0,2,0,0.0,5.3,5.3,3.0,5.0,300.0,5
3.1,0.0,2,400.0,22.0,0,0.0970659255981,2,94.0,1,14,-4.00547274408,-3.47076188991,5.3,3.0,5.0,300.0,5
3.1,0.0,2,400.0,22.0,0,0.0970540046692,1,94.0,1,1,1.49318255126,5.08531276016,5.3,3.0,5.0,300.0,5
3.1,0.0,1,400.0,22.0,2,0.0971701145172,0,94.0,2,2,2.86539633251,4.45864372401,5.3,3.0,5.0,300.0,5
3.1,0.0,1,400.0,22.0,0,0.0972049236298,2,94.0,1,4,4.82104957538,2.20169956891,5.3,3.0,5.0,300.0,5
3.1,0.0,1,400.0,22.0,-1,0.0980629920959,0,94.0,1,12,-1.49318255126,-5.08531276016,5.3,3.0,5.0,300.0,5
3.1,0.0,2,400.0,22.0,0,0.0971398353577,0,94.0,1,6,5.24605364197,-0.754268642848,5.3,3.0,5.0,300.0,5
3.1,0.0,2,400.0,22.0,1,0.0972399711609,0,94.0,1,14,-4.00547274408,-3.47076188991,5.3,3.0,5.0,300.0,5
3.1,0.0,2,400.0,22.0,1,0.0971739292145,0,94.0,1,14,-4.00547274408,-3.47076188991,5.3,3.0,5.0,300.0,5
3.1,0.0,2,400.0,22.0,2,0.0972180366516,0,94.0,1,7,4.82104957538,-2.20169956891,5.3,3.0,5.0,300.0,5
3.1,0.0,2,400.0,22.0,0,0.0971820354462,0,94.0,1,5,5.24605364197,0.754268642848,5.3,3.0,5.0,300.0,5
3.1,0.0,1,400.0,22.0,-2,0.0971419811249,2,94.0,2,17,-5.24605364197,0.754268642848,5.3,3.0,5.0,300.0,5
3.1,0.0,2,400.0,22.0,-1,0.0971391201019,2,94.0,2,4,4.82104957538,2.20169956891,5.3,3.0,5.0,300.0,5
3.1,0.0,2,400.0,22.0,0,0.0970160961151,0,94.0,1,4,4.82104957538,2.20169956891,5.3,3.0,5.0,300.0,5
3.1,0.0,1,400.0,22.0,-1,0.0970098972321,1,94.0,1,9,2.86539633251,-4.45864372401,5.3,3.0,5.0,300.0,5
3.1,0.0,2,400.0,22.0,0,0.0970242023468,1,94.0,1,3,4.00547274408,3.47076188991,5.3,3.0,5.0,300.0,5
3.1,0.0,1,400.0,22.0,0,0.0970039367676,2,94.0,2,12,-1.49318255126,-5.08531276016,5.3,3.0,5.0,300.0,5
3.1,0.0,1,400.0,22.0,0,0.0969998836517,0,94.0,2,4,4.82104957538,2.20169956891,5.3,3.0,5.0,300.0,5
3.1,0.0,2,400.0,22.0,0,0.0971808433533,-1,94.0,2,0,0.0,5.3,5.3,3.0,5.0,300.0,5
3.1,0.0,2,400.0,22.0,1,0.0971810817719,0,94.0,2,13,-2.86539633251,-4.45864372401,5.3,3.0,5.0,300.0,5
3.1,0.0,2,400.0,22.0,0,0.0971720218658,-2,94.0,1,14,-4.00547274408,-3.47076188991,5.3,3.0,5.0,300.0,5
3.1,0.0,2,400.0,22.0,-1,0.0970180034637,-1,94.0,1,9,2.86539633251,-4.45864372401,5.3,3.0,5.0,300.0,5
3.1,0.0,2,400.0,22.0,0,0.0970208644867,0,94.0,1,6,5.24605364197,-0.754268642848,5.3,3.0,5.0,300.0,5
3.1,0.0,2,400.0,22.0,0,0.0970211029053,-2,94.0,1,17,-5.24605364197,0.754268642848,5.3,3.0,5.0,300.0,5
3.1,0.0,2,400.0,22.0,2,0.0970339775085,0,94.0,2,17,-5.24605364197,0.754268642848,5.3,3.0,5.0,300.0,5
3.1,0.0,2,400.0,22.0,-1,0.0971899032593,0,94.0,2,11,6.49041367526e-16,-5.3,5.3,3.0,5.0,300.0,5
3.1,0.0,1,400.0,22.0,1,0.0971968173981,-2,94.0,1,3,4.00547274408,3.47076188991,5.3,3.0,5.0,300.0,5
3.1,0.0,2,400.0,22.0,0,0.0971801280975,0,94.0,1,2,2.86539633251,4.45864372401,5.3,3.0,5.0,300.0,5
3.1,0.0,2,400.0,22.0,0,0.0970361232758,2,94.0,1,11,6.49041367526e-16,-5.3,5.3,3.0,5.0,300.0,5
3.1,0.0,2,400.0,22.0,2,0.0970420837402,0,94.0,1,4,4.82104957538,2.20169956891,5.3,3.0,5.0,300.0,5
3.1,0.0,1,400.0,22.0,0,0.0971848964691,0,94.0,2,5,5.24605364197,0.754268642848,5.3,3.0,5.0,300.0,5
3.1,0.0,2,400.0,22.0,0,0.0971930027008,0,94.0,1,7,4.82104957538,-2.20169956891,5.3,3.0,5.0,300.0,5
3.1,0.0,1,400.0,22.0,2,0.0971758365631,-2,94.0,1,14,-4.00547274408,-3.47076188991,5.3,3.0,5.0,300.0,5
3.1,0.0,1,400.0,22.0,1,0.0970709323883,-2,94.0,1,20,-2.86539633251,4.45864372401,5.3,3.0,5.0,300.0,5
3.1,0.0,2,400.0,22.0,0,0.0971789360046,-1,94.0,1,2,2.86539633251,4.45864372401,5.3,3.0,5.0,300.0,5
3.1,0.0,2,400.0,22.0,1,0.097186088562,1,94.0,1,14,-4.00547274408,-3.47076188991,5.3,3.0,5.0,300.0,5
3.1,0.0,1,400.0,22.0,1,0.0971841812134,2,94.0,1,18,-4.82104957538,2.20169956891,5.3,3.0,5.0,300.0,5
3.1,0.0,1,400.0,22.0,1,0.0970599651337,0,94.0,2,20,-2.86539633251,4.45864372401,5.3,3.0,5.0,300.0,5
3.1,0.0,2,400.0,22.0,0,0.0970640182495,0,94.0,1,21,-1.49318255126,5.08531276016,5.3,3.0,5.0,300.0,5
3.1,0.0,2,400.0,22.0,0,0.0970780849457,-2,94.0,1,9,2.86539633251,-4.45864372401,5.3,3.0,5.0,300.0,5
3.1,0.0,2,400.0,22.0,1,0.0970470905304,0,94.0,2,17,-5.24605364197,0.754268642848,5.3,3.0,5.0,300.0,5
3.1,0.0,2,400.0,22.0,0,0.0970368385315,0,94.0,1,21,-1.49318255126,5.08531276016,5.3,3.0,5.0,300.0,5
3.1,0.0,2,400.0,22.0,1,0.0970749855042,0,94.0,2,16,-5.24605364197,-0.754268642848,5.3,3.0,5.0,300.0,5
3.1,0.0,2,400.0,22.0,2,0.0972011089325,0,94.0,2,19,-4.00547274408,3.47076188991,5.3,3.0,5.0,300.0,5
3.1,0.0,1,400.0,22.0,0,0.0971729755402,2,94.0,1,12,-1.49318255126,-5.08531276016,5.3,3.0,5.0,300.0,5
3.1,0.0,2,400.0,22.0,0,0.0971479415894,0,94.0,1,5,5.24605364197,0.754268642848,5.3,3.0,5.0,300.0,5
3.1,0.0,1,400.0,22.0,0,0.0971839427948,0,94.0,2,13,-2.86539633251,-4.45864372401,5.3,3.0,5.0,300.0,5
3.1,0.0,2,400.0,22.0,-1,0.0971970558167,-1,94.0,1,10,1.49318255126,-5.08531276016,5.3,3.0,5.0,300.0,5
3.1,0.0,2,400.0,22.0,2,0.0972027778625,0,94.0,2,21,-1.49318255126,5.08531276016,5.3,3.0,5.0,300.0,5
3.1,0.0,1,400.0,22.0,1,0.0971717834473,0,94.0,2,2,2.86539633251,4.45864372401,5.3,3.0,5.0,300.0,5
3.1,0.0,2,400.0,22.0,1,0.0971901416779,0,94.0,1,13,-2.86539633251,-4.45864372401,5.3,3.0,5.0,300.0,5
3.1,0.0,2,400.0,22.0,0,0.0972130298615,2,94.0,1,16,-5.24605364197,-0.754268642848,5.3,3.0,5.0,300.0,5
3.1,0.0,2,400.0,22.0,1,0.0970089435577,0,94.0,2,6,5.24605364197,-0.754268642848,5.3,3.0,5.0,300.0,5
3.1,0.0,2,400.0,22.0,-1,0.0971691608429,-2,94.0,2,12,-1.49318255126,-5.08531276016,5.3,3.0,5.0,300.0,5
3.1,0.0,2,400.0,22.0,2,0.0970151424408,0,94.0,1,3,4.00547274408,3.47076188991,5.3,3.0,5.0,300.0,5
3.1,0.0,2,400.0,22.0,0,0.0971639156342,-1,94.0,1,8,4.00547274408,-3.47076188991,5.3,3.0,5.0,300.0,5
3.1,0.0,2,400.0,22.0,1,0.0971899032593,1,94.0,1,13,-2.86539633251,-4.45864372401,5.3,3.0,5.0,300.0,5
3.1,0.0,2,400.0,22.0,-1,0.0971879959106,-1,94.0,1,11,6.49041367526e-16,-5.3,5.3,3.0,5.0,300.0,5
3.1,0.0,2,400.0,22.0,-1,0.0971820354462,2,94.0,1,10,1.49318255126,-5.08531276016,5.3,3.0,5.0,300.0,5
3.1,0.0,1,400.0,22.0,1,0.0970220565796,2,94.0,1,8,4.00547274408,-3.47076188991,5.3,3.0,5.0,300.0,5
3.1,0.0,2,400.0,22.0,-1,0.0970258712769,2,94.0,1,19,-4.00547274408,3.47076188991,5.3,3.0,5.0,300.0,5
3.1,0.0,1,400.0,22.0,1,0.0970220565796,-2,94.0,2,8,4.00547274408,-3.47076188991,5.3,3.0,5.0,300.0,5
3.1,0.0,1,400.0,22.0,1,0.0971660614014,-2,94.0,2,10,1.49318255126,-5.08531276016,5.3,3.0,5.0,300.0,5
3.1,0.0,2,400.0,22.0,0,0.0972061157227,0,94.0,1,21,-1.49318255126,5.08531276016,5.3,3.0,5.0,300.0,5
3.1,0.0,2,400.0,22.0,0,0.0971910953522,0,94.0,1,17,-5.24605364197,0.754268642848,5.3,3.0,5.0,300.0,5
3.1,0.0,2,400.0,22.0,1,0.0970230102539,-1,94.0,1,20,-2.86539633251,4.45864372401,5.3,3.0,5.0,300.0,5
3.1,0.0,2,400.0,22.0,0,0.0971899032593,0,94.0,1,18,-4.82104957538,2.20169956891,5.3,3.0,5.0,300.0,5
3.1,0.0,1,400.0,22.0,0,0.0971839427948,1,94.0,1,14,-4.00547274408,-3.47076188991,5.3,3.0,5.0,300.0,5
3.1,0.0,2,400.0,22.0,-2,0.0971870422363,1,94.0,1,13,-2.86539633251,-4.45864372401,5.3,3.0,5.0,300.0,5
3.1,0.0,2,400.0,22.0,-1,0.0971879959106,2,94.0,1,4,4.82104957538,2.20169956891,5.3,3.0,5.0,300.0,5
3.1,0.0,2,400.0,22.0,-1,0.0972909927368,2,94.0,1,14,-4.00547274408,-3.47076188991,5.3,3.0,5.0,300.0,5
3.1,0.0,2,400.0,22.0,0,0.0970320701599,0,94.0,1,9,2.86539633251,-4.45864372401,5.3,3.0,5.0,300.0,5
3.1,0.0,2,400.0,22.0,1,0.097188949585,0,94.0,1,9,2.86539633251,-4.45864372401,5.3,3.0,5.0,300.0,5
3.1,0.0,1,400.0,22.0,1,0.0970540046692,0,94.0,1,0,0.0,5.3,5.3,3.0,5.0,300.0,5
3.1,0.0,2,400.0,22.0,2,0.0971779823303,-1,94.0,1,20,-2.86539633251,4.45864372401,5.3,3.0,5.0,300.0,5
3.1,0.0,2,400.0,22.0,-2,0.0971748828888,0,94.0,2,11,6.49041367526e-16,-5.3,5.3,3.0,5.0,300.0,5
3.1,0.0,1,400.0,22.0,2,0.0970370769501,-2,94.0,1,17,-5.24605364197,0.754268642848,5.3,3.0,5.0,300.0,5
3.1,0.0,2,400.0,22.0,0,0.097186088562,0,94.0,1,14,-4.00547274408,-3.47076188991,5.3,3.0,5.0,300.0,5
3.1,0.0,2,400.0,22.0,0,0.0972080230713,1,94.0,1,9,2.86539633251,-4.45864372401,5.3,3.0,5.0,300.0,5
3.1,0.0,1,400.0,22.0,-1,0.0971779823303,2,94.0,2,10,1.49318255126,-5.08531276016,5.3,3.0,5.0,300.0,5
3.1,0.0,2,400.0,22.0,0,0.0971698760986,0,94.0,1,15,-4.82104957538,-2.20169956891,5.3,3.0,5.0,300.0,5
3.1,0.0,2,400.0,22.0,-1,0.097058057785,-1,94.0,1,8,4.00547274408,-3.47076188991,5.3,3.0,5.0,300.0,5
3.1,0.0,2,400.0,22.0,0,0.0970649719238,1,94.0,2,3,4.00547274408,3.47076188991,5.3,3.0,5.0,300.0,5
3.1,0.0,2,400.0,22.0,-1,0.0970408916473,0,94.0,1,17,-5.24605364197,0.754268642848,5.3,3.0,5.0,300.0,5
3.1,0.0,2,400.0,22.0,0,0.0975480079651,0,94.0,1,6,5.24605364197,-0.754268642848,5.3,3.0,5.0,300.0,5
3.1,0.0,2,400.0,22.0,-1,0.097207069397,-1,94.0,1,2,2.86539633251,4.45864372401,5.3,3.0,5.0,300.0,5
3.1,0.0,2,400.0,22.0,0,0.0971801280975,0,94.0,1,5,5.24605364197,0.754268642848,5.3,3.0,5.0,300.0,5
3.1,0.0,2,400.0,22.0,1,0.0972158908844,0,94.0,1,1,1.49318255126,5.08531276016,5.3,3.0,5.0,300.0,5
3.1,0.0,2,400.0,22.0,0,0.0971829891205,0,94.0,1,4,4.82104957538,2.20169956891,5.3,3.0,5.0,300.0,5
3.1,0.0,2,400.0,22.0,2,0.0971739292145,0,94.0,2,10,1.49318255126,-5.08531276016,5.3,3.0,5.0,300.0,5
3.1,0.0,2,400.0,22.0,0,0.0971760749817,0,94.0,1,13,-2.86539633251,-4.45864372401,5.3,3.0,5.0,300.0,5
3.1,0.0,2,400.0,22.0,-1,0.0970079898834,1,94.0,2,0,0.0,5.3,5.3,3.0,5.0,300.0,5
3.1,0.0,2,400.0,22.0,0,0.0970067977905,0,94.0,1,5,5.24605364197,0.754268642848,5.3,3.0,5.0,300.0,5
3.1,0.0,1,400.0,22.0,0,0.0970001220703,-1,94.0,1,16,-5.24605364197,-0.754268642848,5.3,3.0,5.0,300.0,5
3.1,0.0,2,400.0,22.0,0,0.0970089435577,0,94.0,1,7,4.82104957538,-2.20169956891,5.3,3.0,5.0,300.0,5
3.1,0.0,2,400.0,22.0,-1,0.0969958305359,0,94.0,1,20,-2.86539633251,4.45864372401,5.3,3.0,5.0,300.0,5
3.1,0.0,2,400.0,22.0,0,0.0970048904419,-2,94.0,1,13,-2.86539633251,-4.45864372401,5.3,3.0,5.0,300.0,5
3.1,0.0,1,400.0,22.0,-2,0.0971570014954,-2,94.0,2,9,2.86539633251,-4.45864372401,5.3,3.0,5.0,300.0,5
3.1,0.0,2,400.0,22.0,0,0.0971930027008,-1,94.0,2,6,5.24605364197,-0.754268642848,5.3,3.0,5.0,300.0,5
3.1,0.0,2,400.0,22.0,0,0.0970129966736,-2,94.0,1,12,-1.49318255126,-5.08531276016,5.3,3.0,5.0,300.0,5
3.1,0.0,2,400.0,22.0,-2,0.0971961021423,0,94.0,1,3,4.00547274408,3.47076188991,5.3,3.0,5.0,300.0,5
3.1,0.0,2,400.0,22.0,0,0.0970139503479,0,94.0,1,12,-1.49318255126,-5.08531276016,5.3,3.0,5.0,300.0,5
3.1,0.0,2,400.0,22.0,1,0.0970289707184,0,94.0,1,6,5.24605364197,-0.754268642848,5.3,3.0,5.0,300.0,5
3.1,0.0,2,400.0,22.0,0,0.0970170497894,0,94.0,1,9,2.86539633251,-4.45864372401,5.3,3.0,5.0,300.0,5
3.1,0.0,2,400.0,22.0,-2,0.0970199108124,2,94.0,1,18,-4.82104957538,2.20169956891,5.3,3.0,5.0,300.0,5
3.1,0.0,2,400.0,22.0,0,0.0970149040222,1,94.0,1,1,1.49318255126,5.08531276016,5.3,3.0,5.0,300.0,5
3.1,0.0,2,400.0,22.0,0,0.0970141887665,-1,94.0,1,0,0.0,5.3,5.3,3.0,5.0,300.0,5
3.1,0.0,2,400.0,22.0,0,0.0971989631653,0,94.0,1,5,5.24605364197,0.754268642848,5.3,3.0,5.0,300.0,5
3.1,0.0,1,400.0,22.0,2,0.0971810817719,-2,94.0,1,1,1.49318255126,5.08531276016,5.3,3.0,5.0,300.0,5
3.1,0.0,2,400.0,22.0,0,0.0971839427948,-1,94.0,2,18,-4.82104957538,2.20169956891,5.3,3.0,5.0,300.0,5
3.1,0.0,2,400.0,22.0,2,0.0970199108124,0,94.0,2,16,-5.24605364197,-0.754268642848,5.3,3.0,5.0,300.0,5
3.1,0.0,2,400.0,22.0,0,0.0970239639282,0,94.0,1,3,4.00547274408,3.47076188991,5.3,3.0,5.0,300.0,5
3.1,0.0,2,400.0,22.0,2,0.0970368385315,0,94.0,2,3,4.00547274408,3.47076188991,5.3,3.0,5.0,300.0,5
3.1,0.0,2,400.0,22.0,0,0.0970439910889,0,94.0,1,14,-4.00547274408,-3.47076188991,5.3,3.0,5.0,300.0,5
3.1,0.0,2,400.0,22.0,0,0.097198009491,-1,94.0,1,5,5.24605364197,0.754268642848,5.3,3.0,5.0,300.0,5
3.1,0.0,2,400.0,22.0,0,0.0971758365631,0,94.0,1,6,5.24605364197,-0.754268642848,5.3,3.0,5.0,300.0,5
3.1,0.0,2,400.0,22.0,-2,0.0970370769501,0,94.0,1,9,2.86539633251,-4.45864372401,5.3,3.0,5.0,300.0,5
3.1,0.0,2,400.0,22.0,0,0.0971891880035,0,94.0,1,15,-4.82104957538,-2.20169956891,5.3,3.0,5.0,300.0,5
3.1,0.0,2,400.0,22.0,-2,0.0971958637238,1,94.0,2,13,-2.86539633251,-4.45864372401,5.3,3.0,5.0,300.0,5
3.1,0.0,1,400.0,22.0,-1,0.0972011089325,2,94.0,2,21,-1.49318255126,5.08531276016,5.3,3.0,5.0,300.0,5
3.1,0.0,2,400.0,22.0,0,0.0971112251282,0,94.0,1,14,-4.00547274408,-3.47076188991,5.3,3.0,5.0,300.0,5
3.1,0.0,1,400.0,22.0,-1,0.0970640182495,-1,94.0,2,10,1.49318255126,-5.08531276016,5.3,3.0,5.0,300.0,5
3.1,0.0,2,400.0,22.0,0,0.0971841812134,0,94.0,1,12,-1.49318255126,-5.08531276016,5.3,3.0,5.0,300.0,5
3.1,0.0,1,400.0,22.0,2,0.0970528125763,2,94.0,1,15,-4.82104957538,-2.20169956891,5.3,3.0,5.0,300.0,5
3.1,0.0,1,400.0,22.0,-2,0.0970659255981,0,94.0,2,7,4.82104957538,-2.20169956891,5.3,3.0,5.0,300.0,5
3.1,0.0,2,400.0,22.0,0,0.0971720218658,2,94.0,1,1,1.49318255126,5.08531276016,5.3,3.0,5.0,300.0,5
3.1,0.0,2,400.0,22.0,-2,0.0972058773041,1,94.0,2,3,4.00547274408,3.47076188991,5.3,3.0,5.0,300.0,5
3.1,0.0,2,400.0,22.0,0,0.0972170829773,0,94.0,1,11,6.49041367526e-16,-5.3,5.3,3.0,5.0,300.0,5
3.1,0.0,2,400.0,22.0,0,0.0972039699554,0,94.0,1,14,-4.00547274408,-3.47076188991,5.3,3.0,5.0,300.0,5
3.1,0.0,1,400.0,22.0,1,0.0972020626068,-2,94.0,2,20,-2.86539633251,4.45864372401,5.3,3.0,5.0,300.0,5
3.1,0.0,2,400.0,22.0,0,0.0972180366516,0,94.0,1,15,-4.82104957538,-2.20169956891,5.3,3.0,5.0,300.0,5
3.1,0.0,2,400.0,22.0,0,0.0971870422363,0,94.0,1,0,0.0,5.3,5.3,3.0,5.0,300.0,5
3.1,0.0,1,400.0,22.0,0,0.0972180366516,-2,94.0,2,21,-1.49318255126,5.08531276016,5.3,3.0,5.0,300.0,5
3.1,0.0,2,400.0,22.0,0,0.0971529483795,0,94.0,1,11,6.49041367526e-16,-5.3,5.3,3.0,5.0,300.0,5
3.1,0.0,2,400.0,22.0,0,0.0972058773041,0,94.0,1,20,-2.86539633251,4.45864372401,5.3,3.0,5.0,300.0,5
3.1,0.0,2,400.0,22.0,0,0.0971961021423,0,94.0,1,5,5.24605364197,0.754268642848,5.3,3.0,5.0,300.0,5
3.1,0.0,2,400.0,22.0,0,0.097011089325,-1,94.0,1,17,-5.24605364197,0.754268642848,5.3,3.0,5.0,300.0,5
3.1,0.0,2,400.0,22.0,2,0.0971901416779,2,94.0,1,20,-2.86539633251,4.45864372401,5.3,3.0,5.0,300.0,5
3.1,0.0,2,400.0,22.0,-2,0.0971720218658,-1,94.0,1,10,1.49318255126,-5.08531276016,5.3,3.0,5.0,300.0,5
3.1,0.0,1,400.0,22.0,0,0.097177028656,-1,94.0,1,16,-5.24605364197,-0.754268642848,5.3,3.0,5.0,300.0,5
3.1,0.0,2,400.0,22.0,0,0.0970170497894,-1,94.0,2,5,5.24605364197,0.754268642848,5.3,3.0,5.0,300.0,5
3.1,0.0,2,400.0,22.0,0,0.097020149231,0,94.0,1,1,1.49318255126,5.08531276016,5.3,3.0,5.0,300.0,5
3.1,0.0,1,400.0,22.0,0,0.0970098972321,1,94.0,1,15,-4.82104957538,-2.20169956891,5.3,3.0,5.0,300.0,5
3.1,0.0,2,400.0,22.0,0,0.0971779823303,0,94.0,1,4,4.82104957538,2.20169956891,5.3,3.0,5.0,300.0,5
3.1,0.0,2,400.0,22.0,1,0.0971839427948,0,94.0,1,0,0.0,5.3,5.3,3.0,5.0,300.0,5
3.1,0.0,2,400.0,22.0,1,0.0970239639282,1,94.0,1,3,4.00547274408,3.47076188991,5.3,3.0,5.0,300.0,5
3.1,0.0,2,400.0,22.0,0,0.0970168113708,1,94.0,1,16,-5.24605364197,-0.754268642848,5.3,3.0,5.0,300.0,5
3.1,0.0,2,400.0,22.0,-1,0.097021818161,0,94.0,1,19,-4.00547274408,3.47076188991,5.3,3.0,5.0,300.0,5
3.1,0.0,1,400.0,22.0,1,0.0970258712769,2,94.0,1,0,0.0,5.3,5.3,3.0,5.0,300.0,5
3.1,0.0,1,400.0,22.0,1,0.0970180034637,0,94.0,1,14,-4.00547274408,-3.47076188991,5.3,3.0,5.0,300.0,5
