cue-length,ms-precue,resp-v-hv,ms-st-cue,nitems,offset2,resp-h-pos,actualStimOn,resp-v-pos,ms-stimon,resp-h-hv,cue-loc-int,cue-loc-x,cue-loc-y,radius,bars-or-spot,version,offset,npractice,ntrials
3.1,0.0,1,400.0,22.0,10,0,0.0998339653015,0,94.0,1,16,-5.24605364197,-0.754268642848,5.3,5,8,8,5.0,400.0
3.1,0.0,1,400.0,22.0,10,-1,0.100281953812,-1,94.0,1,21,-1.49318255126,5.08531276016,5.3,5,8,8,5.0,400.0
3.1,0.0,2,400.0,22.0,10,-1,0.100136041641,0,94.0,2,4,4.82104957538,2.20169956891,5.3,5,8,8,5.0,400.0
3.1,0.0,1,400.0,22.0,10,0,0.100063085556,0,94.0,1,19,-4.00547274408,3.47076188991,5.3,5,8,8,5.0,400.0
3.1,0.0,2,400.0,22.0,10,0,0.100154161453,0,94.0,2,1,1.49318255126,5.08531276016,5.3,5,8,8,5.0,400.0
3.1,0.0,2,400.0,22.0,10,-1,0.100424051285,-1,94.0,2,8,4.00547274408,-3.47076188991,5.3,5,8,8,5.0,400.0
3.1,0.0,2,400.0,22.0,10,0,0.0998210906982,0,94.0,2,3,4.00547274408,3.47076188991,5.3,5,8,8,5.0,400.0
3.1,0.0,1,400.0,22.0,10,0,0.099536895752,0,94.0,1,18,-4.82104957538,2.20169956891,5.3,5,8,8,5.0,400.0
3.1,0.0,2,400.0,22.0,10,0,0.100102901459,0,94.0,2,7,4.82104957538,-2.20169956891,5.3,5,8,8,5.0,400.0
3.1,0.0,1,400.0,22.0,10,0,0.100230932236,0,94.0,1,8,4.00547274408,-3.47076188991,5.3,5,8,8,5.0,400.0
3.1,0.0,2,400.0,22.0,10,0,0.100073814392,0,94.0,1,12,-1.49318255126,-5.08531276016,5.3,5,8,8,5.0,400.0
3.1,0.0,1,400.0,22.0,10,0,0.100009918213,-2,94.0,1,7,4.82104957538,-2.20169956891,5.3,5,8,8,5.0,400.0
3.1,0.0,2,400.0,22.0,10,0,0.0998928546906,-2,94.0,2,11,6.49041367526e-16,-5.3,5.3,5,8,8,5.0,400.0
3.1,0.0,1,400.0,22.0,10,1,0.100114107132,1,94.0,1,13,-2.86539633251,-4.45864372401,5.3,5,8,8,5.0,400.0
3.1,0.0,1,400.0,22.0,10,0,0.101004123688,0,94.0,2,14,-4.00547274408,-3.47076188991,5.3,5,8,8,5.0,400.0
3.1,0.0,1,400.0,22.0,10,0,0.100038051605,0,94.0,1,20,-2.86539633251,4.45864372401,5.3,5,8,8,5.0,400.0
3.1,0.0,1,400.0,22.0,10,0,0.0997540950775,0,94.0,1,13,-2.86539633251,-4.45864372401,5.3,5,8,8,5.0,400.0
3.1,0.0,1,400.0,22.0,10,-1,0.0999240875244,-1,94.0,1,9,2.86539633251,-4.45864372401,5.3,5,8,8,5.0,400.0
3.1,0.0,1,400.0,22.0,10,2,0.100009918213,2,94.0,1,18,-4.82104957538,2.20169956891,5.3,5,8,8,5.0,400.0
3.1,0.0,2,400.0,22.0,10,-1,0.100143909454,0,94.0,2,8,4.00547274408,-3.47076188991,5.3,5,8,8,5.0,400.0
3.1,0.0,1,400.0,22.0,10,0,0.100073099136,0,94.0,1,15,-4.82104957538,-2.20169956891,5.3,5,8,8,5.0,400.0
3.1,0.0,2,400.0,22.0,10,-2,0.100070953369,-2,94.0,2,5,5.24605364197,0.754268642848,5.3,5,8,8,5.0,400.0
3.1,0.0,1,400.0,22.0,10,0,0.0995650291443,0,94.0,1,14,-4.00547274408,-3.47076188991,5.3,5,8,8,5.0,400.0
3.1,0.0,2,400.0,22.0,10,2,0.100040912628,1,94.0,1,21,-1.49318255126,5.08531276016,5.3,5,8,8,5.0,400.0
3.1,0.0,2,400.0,22.0,10,-2,0.100213050842,-2,94.0,2,18,-4.82104957538,2.20169956891,5.3,5,8,8,5.0,400.0
3.1,0.0,1,400.0,22.0,10,0,0.100077152252,0,94.0,1,21,-1.49318255126,5.08531276016,5.3,5,8,8,5.0,400.0
3.1,0.0,2,400.0,22.0,10,0,0.10008597374,0,94.0,2,20,-2.86539633251,4.45864372401,5.3,5,8,8,5.0,400.0
3.1,0.0,1,400.0,22.0,10,0,0.100112915039,0,94.0,1,8,4.00547274408,-3.47076188991,5.3,5,8,8,5.0,400.0
3.1,0.0,2,400.0,22.0,10,0,0.100112915039,0,94.0,2,6,5.24605364197,-0.754268642848,5.3,5,8,8,5.0,400.0
3.1,0.0,1,400.0,22.0,10,2,0.100076913834,2,94.0,1,0,0.0,5.3,5.3,5,8,8,5.0,400.0
3.1,0.0,1,400.0,22.0,10,0,0.100116014481,0,94.0,1,14,-4.00547274408,-3.47076188991,5.3,5,8,8,5.0,400.0
3.1,0.0,1,400.0,22.0,10,0,0.100013971329,0,94.0,1,10,1.49318255126,-5.08531276016,5.3,5,8,8,5.0,400.0
3.1,0.0,2,400.0,22.0,10,-1,0.100070953369,-1,94.0,2,4,4.82104957538,2.20169956891,5.3,5,8,8,5.0,400.0
3.1,0.0,2,400.0,22.0,10,0,0.100140810013,0,94.0,2,9,2.86539633251,-4.45864372401,5.3,5,8,8,5.0,400.0
3.1,0.0,2,400.0,22.0,10,0,0.1001060009,0,94.0,2,0,0.0,5.3,5.3,5,8,8,5.0,400.0
3.1,0.0,2,400.0,22.0,10,1,0.100170850754,1,94.0,2,13,-2.86539633251,-4.45864372401,5.3,5,8,8,5.0,400.0
3.1,0.0,2,400.0,22.0,10,0,0.100101947784,1,94.0,1,1,1.49318255126,5.08531276016,5.3,5,8,8,5.0,400.0
3.1,0.0,2,400.0,22.0,10,2,0.100021839142,2,94.0,2,20,-2.86539633251,4.45864372401,5.3,5,8,8,5.0,400.0
3.1,0.0,1,400.0,22.0,10,0,0.100070953369,0,94.0,1,13,-2.86539633251,-4.45864372401,5.3,5,8,8,5.0,400.0
3.1,0.0,1,400.0,22.0,10,2,0.100047826767,2,94.0,1,7,4.82104957538,-2.20169956891,5.3,5,8,8,5.0,400.0
3.1,0.0,1,400.0,22.0,10,0,0.0998818874359,0,94.0,1,7,4.82104957538,-2.20169956891,5.3,5,8,8,5.0,400.0
3.1,0.0,1,400.0,22.0,10,2,0.100015878677,2,94.0,1,0,0.0,5.3,5.3,5,8,8,5.0,400.0
3.1,0.0,1,400.0,22.0,10,1,0.100155115128,1,94.0,1,6,5.24605364197,-0.754268642848,5.3,5,8,8,5.0,400.0
3.1,0.0,2,400.0,22.0,10,0,0.100093126297,-1,94.0,1,7,4.82104957538,-2.20169956891,5.3,5,8,8,5.0,400.0
3.1,0.0,1,400.0,22.0,10,1,0.100092887878,1,94.0,1,20,-2.86539633251,4.45864372401,5.3,5,8,8,5.0,400.0
3.1,0.0,1,400.0,22.0,10,0,0.10011100769,0,94.0,1,6,5.24605364197,-0.754268642848,5.3,5,8,8,5.0,400.0
3.1,0.0,2,400.0,22.0,10,0,0.099958896637,0,94.0,2,13,-2.86539633251,-4.45864372401,5.3,5,8,8,5.0,400.0
3.1,0.0,1,400.0,22.0,10,0,0.100144147873,0,94.0,1,0,0.0,5.3,5.3,5,8,8,5.0,400.0
3.1,0.0,2,400.0,22.0,10,2,0.100103139877,2,94.0,2,0,0.0,5.3,5.3,5,8,8,5.0,400.0
3.1,0.0,2,400.0,22.0,10,-1,0.100116014481,-1,94.0,2,14,-4.00547274408,-3.47076188991,5.3,5,8,8,5.0,400.0
3.1,0.0,1,400.0,22.0,10,1,0.100086927414,1,94.0,1,7,4.82104957538,-2.20169956891,5.3,5,8,8,5.0,400.0
3.1,0.0,2,400.0,22.0,10,1,0.100141048431,1,94.0,2,3,4.00547274408,3.47076188991,5.3,5,8,8,5.0,400.0
3.1,0.0,1,400.0,22.0,10,0,0.0999608039856,0,94.0,1,21,-1.49318255126,5.08531276016,5.3,5,8,8,5.0,400.0
3.1,0.0,2,400.0,22.0,10,1,0.100044965744,1,94.0,2,0,0.0,5.3,5.3,5,8,8,5.0,400.0
3.1,0.0,1,400.0,22.0,10,0,0.100064992905,0,94.0,1,7,4.82104957538,-2.20169956891,5.3,5,8,8,5.0,400.0
3.1,0.0,1,400.0,22.0,10,0,0.100103855133,0,94.0,1,10,1.49318255126,-5.08531276016,5.3,5,8,8,5.0,400.0
3.1,0.0,1,400.0,22.0,10,-2,0.10010099411,0,94.0,1,15,-4.82104957538,-2.20169956891,5.3,5,8,8,5.0,400.0
3.1,0.0,1,400.0,22.0,10,0,0.100032091141,0,94.0,1,14,-4.00547274408,-3.47076188991,5.3,5,8,8,5.0,400.0
3.1,0.0,2,400.0,22.0,10,0,0.100121021271,0,94.0,2,7,4.82104957538,-2.20169956891,5.3,5,8,8,5.0,400.0
3.1,0.0,2,400.0,22.0,10,0,0.10005402565,0,94.0,2,6,5.24605364197,-0.754268642848,5.3,5,8,8,5.0,400.0
3.1,0.0,2,400.0,22.0,10,0,0.100368976593,0,94.0,2,2,2.86539633251,4.45864372401,5.3,5,8,8,5.0,400.0
3.1,0.0,1,400.0,22.0,10,0,0.100207090378,0,94.0,1,0,0.0,5.3,5.3,5,8,8,5.0,400.0
3.1,0.0,2,400.0,22.0,10,0,0.100129127502,0,94.0,2,11,6.49041367526e-16,-5.3,5.3,5,8,8,5.0,400.0
3.1,0.0,1,400.0,22.0,10,-1,0.100103855133,1,94.0,1,12,-1.49318255126,-5.08531276016,5.3,5,8,8,5.0,400.0
3.1,0.0,1,400.0,22.0,10,-1,0.0999958515167,-1,94.0,1,11,6.49041367526e-16,-5.3,5.3,5,8,8,5.0,400.0
3.1,0.0,2,400.0,22.0,10,0,0.100095033646,0,94.0,1,10,1.49318255126,-5.08531276016,5.3,5,8,8,5.0,400.0
3.1,0.0,1,400.0,22.0,10,-1,0.100073099136,-1,94.0,1,6,5.24605364197,-0.754268642848,5.3,5,8,8,5.0,400.0
3.1,0.0,1,400.0,22.0,10,-2,0.100166082382,-2,94.0,1,18,-4.82104957538,2.20169956891,5.3,5,8,8,5.0,400.0
3.1,0.0,2,400.0,22.0,10,0,0.100162029266,0,94.0,1,10,1.49318255126,-5.08531276016,5.3,5,8,8,5.0,400.0
3.1,0.0,2,400.0,22.0,10,-2,0.10010099411,0,94.0,1,18,-4.82104957538,2.20169956891,5.3,5,8,8,5.0,400.0
3.1,0.0,2,400.0,22.0,10,-1,0.100101947784,0,94.0,1,6,5.24605364197,-0.754268642848,5.3,5,8,8,5.0,400.0
3.1,0.0,1,400.0,22.0,10,0,0.0998890399933,0,94.0,1,21,-1.49318255126,5.08531276016,5.3,5,8,8,5.0,400.0
3.1,0.0,1,400.0,22.0,10,0,0.100125074387,-1,94.0,1,5,5.24605364197,0.754268642848,5.3,5,8,8,5.0,400.0
3.1,0.0,1,400.0,22.0,10,1,0.100060224533,1,94.0,2,15,-4.82104957538,-2.20169956891,5.3,5,8,8,5.0,400.0
3.1,0.0,2,400.0,22.0,10,0,0.0999901294708,0,94.0,2,19,-4.00547274408,3.47076188991,5.3,5,8,8,5.0,400.0
3.1,0.0,1,400.0,22.0,10,-1,0.100120067596,-1,94.0,1,14,-4.00547274408,-3.47076188991,5.3,5,8,8,5.0,400.0
3.1,0.0,2,400.0,22.0,10,1,0.100262880325,1,94.0,2,2,2.86539633251,4.45864372401,5.3,5,8,8,5.0,400.0
3.1,0.0,1,400.0,22.0,10,2,0.100165128708,2,94.0,1,14,-4.00547274408,-3.47076188991,5.3,5,8,8,5.0,400.0
3.1,0.0,2,400.0,22.0,10,0,0.100060224533,0,94.0,2,10,1.49318255126,-5.08531276016,5.3,5,8,8,5.0,400.0
3.1,0.0,2,400.0,22.0,10,-2,0.100188970566,-2,94.0,2,2,2.86539633251,4.45864372401,5.3,5,8,8,5.0,400.0
3.1,0.0,1,400.0,22.0,10,1,0.100176811218,0,94.0,2,14,-4.00547274408,-3.47076188991,5.3,5,8,8,5.0,400.0
3.1,0.0,2,400.0,22.0,10,0,0.10008597374,0,94.0,2,9,2.86539633251,-4.45864372401,5.3,5,8,8,5.0,400.0
3.1,0.0,2,400.0,22.0,10,-1,0.100031852722,-1,94.0,2,1,1.49318255126,5.08531276016,5.3,5,8,8,5.0,400.0
3.1,0.0,1,400.0,22.0,10,0,0.100089073181,0,94.0,1,17,-5.24605364197,0.754268642848,5.3,5,8,8,5.0,400.0
3.1,0.0,1,400.0,22.0,10,1,0.100136041641,0,94.0,2,3,4.00547274408,3.47076188991,5.3,5,8,8,5.0,400.0
3.1,0.0,1,400.0,22.0,10,-1,0.100079059601,1,94.0,2,8,4.00547274408,-3.47076188991,5.3,5,8,8,5.0,400.0
3.1,0.0,2,400.0,22.0,10,0,0.100156068802,0,94.0,2,0,0.0,5.3,5.3,5,8,8,5.0,400.0
3.1,0.0,1,400.0,22.0,10,0,0.100082159042,0,94.0,1,13,-2.86539633251,-4.45864372401,5.3,5,8,8,5.0,400.0
3.1,0.0,1,400.0,22.0,10,1,0.100095033646,1,94.0,1,21,-1.49318255126,5.08531276016,5.3,5,8,8,5.0,400.0
3.1,0.0,1,400.0,22.0,10,1,0.100120067596,0,94.0,1,16,-5.24605364197,-0.754268642848,5.3,5,8,8,5.0,400.0
3.1,0.0,2,400.0,22.0,10,0,0.100138902664,0,94.0,2,1,1.49318255126,5.08531276016,5.3,5,8,8,5.0,400.0
3.1,0.0,2,400.0,22.0,10,0,0.0999948978424,0,94.0,1,5,5.24605364197,0.754268642848,5.3,5,8,8,5.0,400.0
3.1,0.0,1,400.0,22.0,10,0,0.100113153458,0,94.0,2,19,-4.00547274408,3.47076188991,5.3,5,8,8,5.0,400.0
3.1,0.0,2,400.0,22.0,10,1,0.100081920624,0,94.0,1,5,5.24605364197,0.754268642848,5.3,5,8,8,5.0,400.0
3.1,0.0,2,400.0,22.0,10,1,0.100060939789,1,94.0,1,2,2.86539633251,4.45864372401,5.3,5,8,8,5.0,400.0
3.1,0.0,2,400.0,22.0,10,-2,0.100113868713,-2,94.0,2,19,-4.00547274408,3.47076188991,5.3,5,8,8,5.0,400.0
3.1,0.0,2,400.0,22.0,10,0,0.0999000072479,0,94.0,2,14,-4.00547274408,-3.47076188991,5.3,5,8,8,5.0,400.0
3.1,0.0,2,400.0,22.0,10,1,0.100070953369,1,94.0,2,3,4.00547274408,3.47076188991,5.3,5,8,8,5.0,400.0
3.1,0.0,1,400.0,22.0,10,1,0.0999209880829,1,94.0,1,2,2.86539633251,4.45864372401,5.3,5,8,8,5.0,400.0
3.1,0.0,2,400.0,22.0,10,0,0.100103139877,0,94.0,2,12,-1.49318255126,-5.08531276016,5.3,5,8,8,5.0,400.0
3.1,0.0,2,400.0,22.0,10,0,0.100069999695,0,94.0,2,5,5.24605364197,0.754268642848,5.3,5,8,8,5.0,400.0
3.1,0.0,2,400.0,22.0,10,0,0.100126028061,0,94.0,2,19,-4.00547274408,3.47076188991,5.3,5,8,8,5.0,400.0
3.1,0.0,1,400.0,22.0,10,-1,0.100341796875,-1,94.0,1,12,-1.49318255126,-5.08531276016,5.3,5,8,8,5.0,400.0
3.1,0.0,2,400.0,22.0,10,1,0.100087165833,2,94.0,1,7,4.82104957538,-2.20169956891,5.3,5,8,8,5.0,400.0
3.1,0.0,1,400.0,22.0,10,0,0.100086927414,1,94.0,1,3,4.00547274408,3.47076188991,5.3,5,8,8,5.0,400.0
3.1,0.0,2,400.0,22.0,10,0,0.100152015686,2,94.0,1,9,2.86539633251,-4.45864372401,5.3,5,8,8,5.0,400.0
3.1,0.0,2,400.0,22.0,10,1,0.100065946579,1,94.0,2,0,0.0,5.3,5.3,5,8,8,5.0,400.0
3.1,0.0,2,400.0,22.0,10,0,0.100123167038,0,94.0,1,7,4.82104957538,-2.20169956891,5.3,5,8,8,5.0,400.0
3.1,0.0,1,400.0,22.0,10,0,0.100122928619,1,94.0,2,15,-4.82104957538,-2.20169956891,5.3,5,8,8,5.0,400.0
3.1,0.0,2,400.0,22.0,10,0,0.100162982941,0,94.0,1,7,4.82104957538,-2.20169956891,5.3,5,8,8,5.0,400.0
3.1,0.0,2,400.0,22.0,10,0,0.100044965744,-1,94.0,2,20,-2.86539633251,4.45864372401,5.3,5,8,8,5.0,400.0
3.1,0.0,1,400.0,22.0,10,1,0.100066900253,-1,94.0,2,9,2.86539633251,-4.45864372401,5.3,5,8,8,5.0,400.0
3.1,0.0,2,400.0,22.0,10,0,0.100062847137,1,94.0,1,8,4.00547274408,-3.47076188991,5.3,5,8,8,5.0,400.0
3.1,0.0,1,400.0,22.0,10,-1,0.100162029266,0,94.0,1,14,-4.00547274408,-3.47076188991,5.3,5,8,8,5.0,400.0
3.1,0.0,1,400.0,22.0,10,0,0.10015296936,0,94.0,2,16,-5.24605364197,-0.754268642848,5.3,5,8,8,5.0,400.0
3.1,0.0,1,400.0,22.0,10,0,0.100018978119,0,94.0,1,8,4.00547274408,-3.47076188991,5.3,5,8,8,5.0,400.0
3.1,0.0,1,400.0,22.0,10,0,0.100147008896,0,94.0,1,21,-1.49318255126,5.08531276016,5.3,5,8,8,5.0,400.0
3.1,0.0,2,400.0,22.0,10,2,0.100035905838,1,94.0,2,13,-2.86539633251,-4.45864372401,5.3,5,8,8,5.0,400.0
3.1,0.0,1,400.0,22.0,10,0,0.099858045578,-2,94.0,1,10,1.49318255126,-5.08531276016,5.3,5,8,8,5.0,400.0
3.1,0.0,1,400.0,22.0,10,0,0.100026845932,0,94.0,2,7,4.82104957538,-2.20169956891,5.3,5,8,8,5.0,400.0
3.1,0.0,2,400.0,22.0,10,0,0.100128889084,0,94.0,2,0,0.0,5.3,5.3,5,8,8,5.0,400.0
3.1,0.0,1,400.0,22.0,10,0,0.100018978119,0,94.0,1,15,-4.82104957538,-2.20169956891,5.3,5,8,8,5.0,400.0
3.1,0.0,1,400.0,22.0,10,2,0.100040912628,2,94.0,1,10,1.49318255126,-5.08531276016,5.3,5,8,8,5.0,400.0
3.1,0.0,2,400.0,22.0,10,0,0.100239038467,0,94.0,2,11,6.49041367526e-16,-5.3,5.3,5,8,8,5.0,400.0
3.1,0.0,2,400.0,22.0,10,0,0.100023031235,0,94.0,1,9,2.86539633251,-4.45864372401,5.3,5,8,8,5.0,400.0
3.1,0.0,2,400.0,22.0,10,0,0.100126981735,0,94.0,2,14,-4.00547274408,-3.47076188991,5.3,5,8,8,5.0,400.0
3.1,0.0,2,400.0,22.0,10,-1,0.099986076355,-2,94.0,1,9,2.86539633251,-4.45864372401,5.3,5,8,8,5.0,400.0
3.1,0.0,2,400.0,22.0,10,-2,0.10008597374,1,94.0,2,13,-2.86539633251,-4.45864372401,5.3,5,8,8,5.0,400.0
3.1,0.0,2,400.0,22.0,10,1,0.10009598732,1,94.0,2,0,0.0,5.3,5.3,5,8,8,5.0,400.0
3.1,0.0,2,400.0,22.0,10,0,0.100197076797,0,94.0,1,15,-4.82104957538,-2.20169956891,5.3,5,8,8,5.0,400.0
3.1,0.0,2,400.0,22.0,10,1,0.100084066391,-1,94.0,2,10,1.49318255126,-5.08531276016,5.3,5,8,8,5.0,400.0
3.1,0.0,2,400.0,22.0,10,2,0.0998780727386,0,94.0,1,13,-2.86539633251,-4.45864372401,5.3,5,8,8,5.0,400.0
3.1,0.0,2,400.0,22.0,10,0,0.100171089172,-2,94.0,1,18,-4.82104957538,2.20169956891,5.3,5,8,8,5.0,400.0
3.1,0.0,2,400.0,22.0,10,0,0.100068092346,0,94.0,1,7,4.82104957538,-2.20169956891,5.3,5,8,8,5.0,400.0
3.1,0.0,1,400.0,22.0,10,1,0.100124835968,0,94.0,1,17,-5.24605364197,0.754268642848,5.3,5,8,8,5.0,400.0
3.1,0.0,1,400.0,22.0,10,1,0.10014796257,1,94.0,2,3,4.00547274408,3.47076188991,5.3,5,8,8,5.0,400.0
3.1,0.0,2,400.0,22.0,10,1,0.100021839142,0,94.0,2,6,5.24605364197,-0.754268642848,5.3,5,8,8,5.0,400.0
3.1,0.0,2,400.0,22.0,10,-2,0.10027885437,-1,94.0,1,8,4.00547274408,-3.47076188991,5.3,5,8,8,5.0,400.0
3.1,0.0,2,400.0,22.0,10,0,0.10004901886,0,94.0,2,0,0.0,5.3,5.3,5,8,8,5.0,400.0
3.1,0.0,2,400.0,22.0,10,1,0.100082874298,1,94.0,2,13,-2.86539633251,-4.45864372401,5.3,5,8,8,5.0,400.0
3.1,0.0,1,400.0,22.0,10,2,0.100085020065,-1,94.0,2,13,-2.86539633251,-4.45864372401,5.3,5,8,8,5.0,400.0
3.1,0.0,2,400.0,22.0,10,-1,0.100086927414,-1,94.0,2,2,2.86539633251,4.45864372401,5.3,5,8,8,5.0,400.0
3.1,0.0,1,400.0,22.0,10,0,0.100013971329,0,94.0,2,17,-5.24605364197,0.754268642848,5.3,5,8,8,5.0,400.0
3.1,0.0,1,400.0,22.0,10,2,0.100133895874,0,94.0,2,5,5.24605364197,0.754268642848,5.3,5,8,8,5.0,400.0
3.1,0.0,2,400.0,22.0,10,0,0.10009598732,2,94.0,1,15,-4.82104957538,-2.20169956891,5.3,5,8,8,5.0,400.0
3.1,0.0,2,400.0,22.0,10,0,0.100091934204,0,94.0,2,0,0.0,5.3,5.3,5,8,8,5.0,400.0
3.1,0.0,1,400.0,22.0,10,1,0.100157022476,1,94.0,1,14,-4.00547274408,-3.47076188991,5.3,5,8,8,5.0,400.0
3.1,0.0,1,400.0,22.0,10,0,0.100112199783,-1,94.0,1,10,1.49318255126,-5.08531276016,5.3,5,8,8,5.0,400.0
3.1,0.0,2,400.0,22.0,10,1,0.10022521019,1,94.0,2,1,1.49318255126,5.08531276016,5.3,5,8,8,5.0,400.0
3.1,0.0,2,400.0,22.0,10,0,0.100082159042,0,94.0,2,6,5.24605364197,-0.754268642848,5.3,5,8,8,5.0,400.0
3.1,0.0,1,400.0,22.0,10,-1,0.100069046021,0,94.0,2,20,-2.86539633251,4.45864372401,5.3,5,8,8,5.0,400.0
3.1,0.0,2,400.0,22.0,10,0,0.100121974945,0,94.0,2,16,-5.24605364197,-0.754268642848,5.3,5,8,8,5.0,400.0
3.1,0.0,1,400.0,22.0,10,-1,0.100121974945,1,94.0,2,0,0.0,5.3,5.3,5,8,8,5.0,400.0
3.1,0.0,2,400.0,22.0,10,0,0.100131988525,0,94.0,2,17,-5.24605364197,0.754268642848,5.3,5,8,8,5.0,400.0
3.1,0.0,1,400.0,22.0,10,0,0.100098133087,-2,94.0,1,16,-5.24605364197,-0.754268642848,5.3,5,8,8,5.0,400.0
3.1,0.0,1,400.0,22.0,10,1,0.100045919418,1,94.0,1,14,-4.00547274408,-3.47076188991,5.3,5,8,8,5.0,400.0
3.1,0.0,2,400.0,22.0,10,0,0.100120067596,0,94.0,1,12,-1.49318255126,-5.08531276016,5.3,5,8,8,5.0,400.0
3.1,0.0,2,400.0,22.0,10,0,0.100120067596,0,94.0,1,7,4.82104957538,-2.20169956891,5.3,5,8,8,5.0,400.0
3.1,0.0,2,400.0,22.0,10,0,0.100099086761,2,94.0,2,4,4.82104957538,2.20169956891,5.3,5,8,8,5.0,400.0
3.1,0.0,2,400.0,22.0,10,1,0.100131034851,1,94.0,1,2,2.86539633251,4.45864372401,5.3,5,8,8,5.0,400.0
3.1,0.0,1,400.0,22.0,10,2,0.100116014481,2,94.0,1,18,-4.82104957538,2.20169956891,5.3,5,8,8,5.0,400.0
3.1,0.0,2,400.0,22.0,10,0,0.100057840347,0,94.0,2,0,0.0,5.3,5.3,5,8,8,5.0,400.0
3.1,0.0,1,400.0,22.0,10,1,0.100069999695,1,94.0,1,1,1.49318255126,5.08531276016,5.3,5,8,8,5.0,400.0
3.1,0.0,2,400.0,22.0,10,-1,0.10010099411,-1,94.0,2,13,-2.86539633251,-4.45864372401,5.3,5,8,8,5.0,400.0
3.1,0.0,1,400.0,22.0,10,-1,0.100103855133,-1,94.0,1,20,-2.86539633251,4.45864372401,5.3,5,8,8,5.0,400.0
3.1,0.0,2,400.0,22.0,10,1,0.100055932999,1,94.0,2,13,-2.86539633251,-4.45864372401,5.3,5,8,8,5.0,400.0
3.1,0.0,1,400.0,22.0,10,-1,0.100089073181,-1,94.0,1,4,4.82104957538,2.20169956891,5.3,5,8,8,5.0,400.0
3.1,0.0,2,400.0,22.0,10,-1,0.100232124329,0,94.0,2,4,4.82104957538,2.20169956891,5.3,5,8,8,5.0,400.0
3.1,0.0,2,400.0,22.0,10,-2,0.100129127502,-2,94.0,2,9,2.86539633251,-4.45864372401,5.3,5,8,8,5.0,400.0
3.1,0.0,1,400.0,22.0,10,0,0.0999979972839,0,94.0,1,3,4.00547274408,3.47076188991,5.3,5,8,8,5.0,400.0
3.1,0.0,2,400.0,22.0,10,0,0.0998318195343,-1,94.0,2,9,2.86539633251,-4.45864372401,5.3,5,8,8,5.0,400.0
3.1,0.0,1,400.0,22.0,10,-1,0.100105047226,-1,94.0,1,17,-5.24605364197,0.754268642848,5.3,5,8,8,5.0,400.0
3.1,0.0,2,400.0,22.0,10,0,0.100104093552,0,94.0,1,3,4.00547274408,3.47076188991,5.3,5,8,8,5.0,400.0
3.1,0.0,2,400.0,22.0,10,0,0.100102186203,2,94.0,1,10,1.49318255126,-5.08531276016,5.3,5,8,8,5.0,400.0
3.1,0.0,2,400.0,22.0,10,0,0.100088119507,0,94.0,1,16,-5.24605364197,-0.754268642848,5.3,5,8,8,5.0,400.0
3.1,0.0,2,400.0,22.0,10,1,0.100155115128,0,94.0,2,13,-2.86539633251,-4.45864372401,5.3,5,8,8,5.0,400.0
3.1,0.0,1,400.0,22.0,10,0,0.100080013275,1,94.0,1,15,-4.82104957538,-2.20169956891,5.3,5,8,8,5.0,400.0
3.1,0.0,1,400.0,22.0,10,1,0.100041151047,2,94.0,2,5,5.24605364197,0.754268642848,5.3,5,8,8,5.0,400.0
3.1,0.0,2,400.0,22.0,10,-2,0.100146055222,0,94.0,2,5,5.24605364197,0.754268642848,5.3,5,8,8,5.0,400.0
3.1,0.0,1,400.0,22.0,10,-2,0.100183010101,2,94.0,2,17,-5.24605364197,0.754268642848,5.3,5,8,8,5.0,400.0
3.1,0.0,2,400.0,22.0,10,0,0.100136041641,0,94.0,2,5,5.24605364197,0.754268642848,5.3,5,8,8,5.0,400.0
3.1,0.0,1,400.0,22.0,10,0,0.100032091141,0,94.0,1,1,1.49318255126,5.08531276016,5.3,5,8,8,5.0,400.0
3.1,0.0,1,400.0,22.0,10,2,0.100092887878,2,94.0,1,15,-4.82104957538,-2.20169956891,5.3,5,8,8,5.0,400.0
3.1,0.0,1,400.0,22.0,10,0,0.100078821182,0,94.0,2,17,-5.24605364197,0.754268642848,5.3,5,8,8,5.0,400.0
3.1,0.0,2,400.0,22.0,10,-2,0.100081920624,0,94.0,1,2,2.86539633251,4.45864372401,5.3,5,8,8,5.0,400.0
3.1,0.0,2,400.0,22.0,10,1,0.10015296936,0,94.0,1,7,4.82104957538,-2.20169956891,5.3,5,8,8,5.0,400.0
3.1,0.0,1,400.0,22.0,10,0,0.100286006927,0,94.0,2,3,4.00547274408,3.47076188991,5.3,5,8,8,5.0,400.0
3.1,0.0,2,400.0,22.0,10,2,0.100115060806,1,94.0,1,4,4.82104957538,2.20169956891,5.3,5,8,8,5.0,400.0
3.1,0.0,2,400.0,22.0,10,0,0.100146055222,0,94.0,1,15,-4.82104957538,-2.20169956891,5.3,5,8,8,5.0,400.0
3.1,0.0,1,400.0,22.0,10,0,0.100025892258,0,94.0,2,9,2.86539633251,-4.45864372401,5.3,5,8,8,5.0,400.0
3.1,0.0,2,400.0,22.0,10,1,0.10011100769,0,94.0,2,5,5.24605364197,0.754268642848,5.3,5,8,8,5.0,400.0
3.1,0.0,2,400.0,22.0,10,0,0.100104093552,2,94.0,1,13,-2.86539633251,-4.45864372401,5.3,5,8,8,5.0,400.0
3.1,0.0,1,400.0,22.0,10,0,0.100161075592,0,94.0,1,6,5.24605364197,-0.754268642848,5.3,5,8,8,5.0,400.0
3.1,0.0,1,400.0,22.0,10,-1,0.0999758243561,-1,94.0,1,19,-4.00547274408,3.47076188991,5.3,5,8,8,5.0,400.0
3.1,0.0,1,400.0,22.0,10,0,0.100115060806,0,94.0,1,5,5.24605364197,0.754268642848,5.3,5,8,8,5.0,400.0
3.1,0.0,2,400.0,22.0,10,0,0.100083112717,-2,94.0,1,5,5.24605364197,0.754268642848,5.3,5,8,8,5.0,400.0
3.1,0.0,1,400.0,22.0,10,0,0.100115060806,-2,94.0,1,14,-4.00547274408,-3.47076188991,5.3,5,8,8,5.0,400.0
3.1,0.0,2,400.0,22.0,10,0,0.100057840347,0,94.0,1,5,5.24605364197,0.754268642848,5.3,5,8,8,5.0,400.0
3.1,0.0,2,400.0,22.0,10,0,0.10009098053,-1,94.0,1,18,-4.82104957538,2.20169956891,5.3,5,8,8,5.0,400.0
3.1,0.0,2,400.0,22.0,10,-2,0.0999541282654,2,94.0,2,6,5.24605364197,-0.754268642848,5.3,5,8,8,5.0,400.0
3.1,0.0,1,400.0,22.0,10,0,0.100126981735,2,94.0,1,3,4.00547274408,3.47076188991,5.3,5,8,8,5.0,400.0
3.1,0.0,1,400.0,22.0,10,2,0.10012793541,2,94.0,1,18,-4.82104957538,2.20169956891,5.3,5,8,8,5.0,400.0
3.1,0.0,1,400.0,22.0,10,-2,0.100097894669,1,94.0,2,15,-4.82104957538,-2.20169956891,5.3,5,8,8,5.0,400.0
3.1,0.0,2,400.0,22.0,10,1,0.100209951401,1,94.0,2,1,1.49318255126,5.08531276016,5.3,5,8,8,5.0,400.0
3.1,0.0,1,400.0,22.0,10,2,0.0999369621277,2,94.0,1,2,2.86539633251,4.45864372401,5.3,5,8,8,5.0,400.0
3.1,0.0,2,400.0,22.0,10,0,0.100144863129,0,94.0,2,21,-1.49318255126,5.08531276016,5.3,5,8,8,5.0,400.0
3.1,0.0,2,400.0,22.0,10,0,0.100072145462,0,94.0,2,11,6.49041367526e-16,-5.3,5.3,5,8,8,5.0,400.0
3.1,0.0,1,400.0,22.0,10,0,0.100058078766,0,94.0,2,4,4.82104957538,2.20169956891,5.3,5,8,8,5.0,400.0
3.1,0.0,2,400.0,22.0,10,2,0.10039305687,0,94.0,2,14,-4.00547274408,-3.47076188991,5.3,5,8,8,5.0,400.0
3.1,0.0,1,400.0,22.0,10,0,0.10011100769,1,94.0,1,21,-1.49318255126,5.08531276016,5.3,5,8,8,5.0,400.0
3.1,0.0,2,400.0,22.0,10,-1,0.0998492240906,1,94.0,2,0,0.0,5.3,5.3,5,8,8,5.0,400.0
3.1,0.0,2,400.0,22.0,10,0,0.100078821182,0,94.0,1,9,2.86539633251,-4.45864372401,5.3,5,8,8,5.0,400.0
3.1,0.0,2,400.0,22.0,10,-1,0.100068092346,0,94.0,1,5,5.24605364197,0.754268642848,5.3,5,8,8,5.0,400.0
3.1,0.0,1,400.0,22.0,10,-1,0.100117921829,-2,94.0,1,15,-4.82104957538,-2.20169956891,5.3,5,8,8,5.0,400.0
3.1,0.0,1,400.0,22.0,10,0,0.100124835968,0,94.0,1,3,4.00547274408,3.47076188991,5.3,5,8,8,5.0,400.0
3.1,0.0,1,400.0,22.0,10,0,0.100001096725,0,94.0,2,11,6.49041367526e-16,-5.3,5.3,5,8,8,5.0,400.0
3.1,0.0,1,400.0,22.0,10,0,0.0998349189758,1,94.0,1,4,4.82104957538,2.20169956891,5.3,5,8,8,5.0,400.0
3.1,0.0,2,400.0,22.0,10,2,0.100126981735,0,94.0,2,0,0.0,5.3,5.3,5,8,8,5.0,400.0
3.1,0.0,2,400.0,22.0,10,0,0.0998890399933,0,94.0,1,7,4.82104957538,-2.20169956891,5.3,5,8,8,5.0,400.0
3.1,0.0,2,400.0,22.0,10,2,0.100476980209,2,94.0,2,19,-4.00547274408,3.47076188991,5.3,5,8,8,5.0,400.0
3.1,0.0,1,400.0,22.0,10,1,0.100008964539,0,94.0,1,10,1.49318255126,-5.08531276016,5.3,5,8,8,5.0,400.0
3.1,0.0,1,400.0,22.0,10,-1,0.10009598732,0,94.0,2,18,-4.82104957538,2.20169956891,5.3,5,8,8,5.0,400.0
3.1,0.0,1,400.0,22.0,10,-1,0.100082874298,1,94.0,1,5,5.24605364197,0.754268642848,5.3,5,8,8,5.0,400.0
3.1,0.0,1,400.0,22.0,10,-2,0.100118160248,-2,94.0,1,20,-2.86539633251,4.45864372401,5.3,5,8,8,5.0,400.0
3.1,0.0,2,400.0,22.0,10,-2,0.100180149078,-1,94.0,1,18,-4.82104957538,2.20169956891,5.3,5,8,8,5.0,400.0
3.1,0.0,1,400.0,22.0,10,-1,0.100165128708,-1,94.0,1,10,1.49318255126,-5.08531276016,5.3,5,8,8,5.0,400.0
3.1,0.0,2,400.0,22.0,10,0,0.100094079971,0,94.0,1,6,5.24605364197,-0.754268642848,5.3,5,8,8,5.0,400.0
3.1,0.0,2,400.0,22.0,10,1,0.100112199783,-1,94.0,1,0,0.0,5.3,5.3,5,8,8,5.0,400.0
3.1,0.0,1,400.0,22.0,10,0,0.0997629165649,0,94.0,2,5,5.24605364197,0.754268642848,5.3,5,8,8,5.0,400.0
3.1,0.0,2,400.0,22.0,10,0,0.100082159042,0,94.0,2,14,-4.00547274408,-3.47076188991,5.3,5,8,8,5.0,400.0
3.1,0.0,1,400.0,22.0,10,-1,0.100116014481,-1,94.0,1,2,2.86539633251,4.45864372401,5.3,5,8,8,5.0,400.0
3.1,0.0,1,400.0,22.0,10,0,0.100292921066,1,94.0,1,20,-2.86539633251,4.45864372401,5.3,5,8,8,5.0,400.0
3.1,0.0,1,400.0,22.0,10,1,0.10005903244,1,94.0,1,9,2.86539633251,-4.45864372401,5.3,5,8,8,5.0,400.0
3.1,0.0,1,400.0,22.0,10,-2,0.100105047226,-2,94.0,1,15,-4.82104957538,-2.20169956891,5.3,5,8,8,5.0,400.0
3.1,0.0,1,400.0,22.0,10,-1,0.0998959541321,-1,94.0,1,16,-5.24605364197,-0.754268642848,5.3,5,8,8,5.0,400.0
3.1,0.0,1,400.0,22.0,10,0,0.10012793541,0,94.0,1,9,2.86539633251,-4.45864372401,5.3,5,8,8,5.0,400.0
3.1,0.0,1,400.0,22.0,10,-2,0.100144863129,-2,94.0,1,21,-1.49318255126,5.08531276016,5.3,5,8,8,5.0,400.0
3.1,0.0,2,400.0,22.0,10,-1,0.100115060806,-1,94.0,2,21,-1.49318255126,5.08531276016,5.3,5,8,8,5.0,400.0
3.1,0.0,1,400.0,22.0,10,-2,0.100116014481,-2,94.0,1,0,0.0,5.3,5.3,5,8,8,5.0,400.0
3.1,0.0,1,400.0,22.0,10,2,0.100157022476,2,94.0,1,16,-5.24605364197,-0.754268642848,5.3,5,8,8,5.0,400.0
3.1,0.0,1,400.0,22.0,10,0,0.100070953369,0,94.0,1,3,4.00547274408,3.47076188991,5.3,5,8,8,5.0,400.0
3.1,0.0,2,400.0,22.0,10,0,0.0999372005463,0,94.0,2,11,6.49041367526e-16,-5.3,5.3,5,8,8,5.0,400.0
3.1,0.0,1,400.0,22.0,10,-2,0.10005402565,-2,94.0,1,3,4.00547274408,3.47076188991,5.3,5,8,8,5.0,400.0
3.1,0.0,2,400.0,22.0,10,-1,0.100144863129,-1,94.0,2,1,1.49318255126,5.08531276016,5.3,5,8,8,5.0,400.0
3.1,0.0,1,400.0,22.0,10,0,0.100049972534,0,94.0,1,9,2.86539633251,-4.45864372401,5.3,5,8,8,5.0,400.0
3.1,0.0,1,400.0,22.0,10,0,0.0995638370514,0,94.0,1,17,-5.24605364197,0.754268642848,5.3,5,8,8,5.0,400.0
3.1,0.0,1,400.0,22.0,10,0,0.100084066391,-1,94.0,1,5,5.24605364197,0.754268642848,5.3,5,8,8,5.0,400.0
3.1,0.0,1,400.0,22.0,10,0,0.1001329422,0,94.0,1,11,6.49041367526e-16,-5.3,5.3,5,8,8,5.0,400.0
3.1,0.0,2,400.0,22.0,10,0,0.100070953369,0,94.0,2,7,4.82104957538,-2.20169956891,5.3,5,8,8,5.0,400.0
3.1,0.0,2,400.0,22.0,10,0,0.100071191788,0,94.0,1,8,4.00547274408,-3.47076188991,5.3,5,8,8,5.0,400.0
3.1,0.0,2,400.0,22.0,10,1,0.100070953369,0,94.0,1,4,4.82104957538,2.20169956891,5.3,5,8,8,5.0,400.0
3.1,0.0,2,400.0,22.0,10,-1,0.100155115128,-1,94.0,1,18,-4.82104957538,2.20169956891,5.3,5,8,8,5.0,400.0
3.1,0.0,1,400.0,22.0,10,0,0.100081205368,0,94.0,1,12,-1.49318255126,-5.08531276016,5.3,5,8,8,5.0,400.0
3.1,0.0,1,400.0,22.0,10,2,0.100117921829,2,94.0,1,20,-2.86539633251,4.45864372401,5.3,5,8,8,5.0,400.0
3.1,0.0,2,400.0,22.0,10,2,0.100013017654,2,94.0,2,16,-5.24605364197,-0.754268642848,5.3,5,8,8,5.0,400.0
3.1,0.0,1,400.0,22.0,10,-1,0.100155115128,-1,94.0,1,6,5.24605364197,-0.754268642848,5.3,5,8,8,5.0,400.0
3.1,0.0,2,400.0,22.0,10,0,0.100069046021,0,94.0,2,11,6.49041367526e-16,-5.3,5.3,5,8,8,5.0,400.0
3.1,0.0,2,400.0,22.0,10,0,0.100234985352,0,94.0,2,1,1.49318255126,5.08531276016,5.3,5,8,8,5.0,400.0
3.1,0.0,2,400.0,22.0,10,-1,0.100157976151,0,94.0,2,7,4.82104957538,-2.20169956891,5.3,5,8,8,5.0,400.0
3.1,0.0,2,400.0,22.0,10,1,0.100103855133,1,94.0,2,18,-4.82104957538,2.20169956891,5.3,5,8,8,5.0,400.0
3.1,0.0,2,400.0,22.0,10,0,0.0999281406403,0,94.0,2,15,-4.82104957538,-2.20169956891,5.3,5,8,8,5.0,400.0
3.1,0.0,2,400.0,22.0,10,0,0.100119113922,0,94.0,2,10,1.49318255126,-5.08531276016,5.3,5,8,8,5.0,400.0
3.1,0.0,2,400.0,22.0,10,-1,0.100144863129,-1,94.0,2,2,2.86539633251,4.45864372401,5.3,5,8,8,5.0,400.0
3.1,0.0,1,400.0,22.0,10,0,0.100075006485,0,94.0,1,6,5.24605364197,-0.754268642848,5.3,5,8,8,5.0,400.0
3.1,0.0,1,400.0,22.0,10,0,0.100136995316,0,94.0,1,6,5.24605364197,-0.754268642848,5.3,5,8,8,5.0,400.0
3.1,0.0,2,400.0,22.0,10,0,0.100125074387,0,94.0,1,6,5.24605364197,-0.754268642848,5.3,5,8,8,5.0,400.0
3.1,0.0,1,400.0,22.0,10,0,0.100178956985,0,94.0,1,12,-1.49318255126,-5.08531276016,5.3,5,8,8,5.0,400.0
3.1,0.0,1,400.0,22.0,10,2,0.10003900528,1,94.0,1,9,2.86539633251,-4.45864372401,5.3,5,8,8,5.0,400.0
3.1,0.0,1,400.0,22.0,10,1,0.100150823593,1,94.0,1,15,-4.82104957538,-2.20169956891,5.3,5,8,8,5.0,400.0
3.1,0.0,1,400.0,22.0,10,0,0.100125074387,2,94.0,1,0,0.0,5.3,5.3,5,8,8,5.0,400.0
3.1,0.0,2,400.0,22.0,10,0,0.100071191788,0,94.0,1,7,4.82104957538,-2.20169956891,5.3,5,8,8,5.0,400.0
3.1,0.0,1,400.0,22.0,10,0,0.100061893463,0,94.0,1,4,4.82104957538,2.20169956891,5.3,5,8,8,5.0,400.0
3.1,0.0,1,400.0,22.0,10,0,0.0999848842621,0,94.0,2,3,4.00547274408,3.47076188991,5.3,5,8,8,5.0,400.0
3.1,0.0,2,400.0,22.0,10,0,0.0998029708862,1,94.0,2,3,4.00547274408,3.47076188991,5.3,5,8,8,5.0,400.0
3.1,0.0,1,400.0,22.0,10,0,0.100065946579,0,94.0,1,21,-1.49318255126,5.08531276016,5.3,5,8,8,5.0,400.0
3.1,0.0,1,400.0,22.0,10,1,0.100136995316,1,94.0,1,13,-2.86539633251,-4.45864372401,5.3,5,8,8,5.0,400.0
3.1,0.0,2,400.0,22.0,10,0,0.100076913834,0,94.0,1,7,4.82104957538,-2.20169956891,5.3,5,8,8,5.0,400.0
3.1,0.0,1,400.0,22.0,10,0,0.100121974945,0,94.0,1,10,1.49318255126,-5.08531276016,5.3,5,8,8,5.0,400.0
3.1,0.0,2,400.0,22.0,10,2,0.100121021271,0,94.0,2,5,5.24605364197,0.754268642848,5.3,5,8,8,5.0,400.0
3.1,0.0,2,400.0,22.0,10,0,0.100059986115,0,94.0,1,4,4.82104957538,2.20169956891,5.3,5,8,8,5.0,400.0
3.1,0.0,2,400.0,22.0,10,-1,0.100087881088,-1,94.0,2,11,6.49041367526e-16,-5.3,5.3,5,8,8,5.0,400.0
3.1,0.0,1,400.0,22.0,10,-1,0.100106954575,-1,94.0,2,18,-4.82104957538,2.20169956891,5.3,5,8,8,5.0,400.0
3.1,0.0,1,400.0,22.0,10,0,0.0998110771179,1,94.0,1,5,5.24605364197,0.754268642848,5.3,5,8,8,5.0,400.0
3.1,0.0,1,400.0,22.0,10,-2,0.100089073181,-2,94.0,1,20,-2.86539633251,4.45864372401,5.3,5,8,8,5.0,400.0
3.1,0.0,2,400.0,22.0,10,0,0.0998418331146,-1,94.0,2,16,-5.24605364197,-0.754268642848,5.3,5,8,8,5.0,400.0
3.1,0.0,1,400.0,22.0,10,-1,0.0998809337616,-1,94.0,2,10,1.49318255126,-5.08531276016,5.3,5,8,8,5.0,400.0
3.1,0.0,2,400.0,22.0,10,2,0.100142002106,2,94.0,2,21,-1.49318255126,5.08531276016,5.3,5,8,8,5.0,400.0
3.1,0.0,2,400.0,22.0,10,2,0.100349187851,2,94.0,2,13,-2.86539633251,-4.45864372401,5.3,5,8,8,5.0,400.0
3.1,0.0,2,400.0,22.0,10,0,0.099860906601,0,94.0,1,7,4.82104957538,-2.20169956891,5.3,5,8,8,5.0,400.0
3.1,0.0,1,400.0,22.0,10,-1,0.10015296936,-2,94.0,2,15,-4.82104957538,-2.20169956891,5.3,5,8,8,5.0,400.0
3.1,0.0,1,400.0,22.0,10,0,0.100033998489,2,94.0,1,15,-4.82104957538,-2.20169956891,5.3,5,8,8,5.0,400.0
3.1,0.0,2,400.0,22.0,10,0,0.100061893463,0,94.0,1,6,5.24605364197,-0.754268642848,5.3,5,8,8,5.0,400.0
3.1,0.0,2,400.0,22.0,10,0,0.10003900528,0,94.0,1,4,4.82104957538,2.20169956891,5.3,5,8,8,5.0,400.0
3.1,0.0,1,400.0,22.0,10,0,0.100130081177,0,94.0,2,7,4.82104957538,-2.20169956891,5.3,5,8,8,5.0,400.0
3.1,0.0,1,400.0,22.0,10,1,0.0999720096588,1,94.0,1,21,-1.49318255126,5.08531276016,5.3,5,8,8,5.0,400.0
3.1,0.0,2,400.0,22.0,10,0,0.100101947784,-2,94.0,2,8,4.00547274408,-3.47076188991,5.3,5,8,8,5.0,400.0
3.1,0.0,2,400.0,22.0,10,0,0.100203990936,0,94.0,2,20,-2.86539633251,4.45864372401,5.3,5,8,8,5.0,400.0
3.1,0.0,1,400.0,22.0,10,-2,0.100109100342,-2,94.0,1,9,2.86539633251,-4.45864372401,5.3,5,8,8,5.0,400.0
3.1,0.0,1,400.0,22.0,10,-2,0.100024938583,-2,94.0,2,5,5.24605364197,0.754268642848,5.3,5,8,8,5.0,400.0
3.1,0.0,1,400.0,22.0,10,0,0.0999388694763,0,94.0,1,18,-4.82104957538,2.20169956891,5.3,5,8,8,5.0,400.0
3.1,0.0,1,400.0,22.0,10,0,0.100122213364,0,94.0,1,19,-4.00547274408,3.47076188991,5.3,5,8,8,5.0,400.0
3.1,0.0,2,400.0,22.0,10,0,0.100108861923,0,94.0,2,5,5.24605364197,0.754268642848,5.3,5,8,8,5.0,400.0
3.1,0.0,1,400.0,22.0,10,-2,0.10009098053,-2,94.0,1,10,1.49318255126,-5.08531276016,5.3,5,8,8,5.0,400.0
3.1,0.0,1,400.0,22.0,10,0,0.100080966949,0,94.0,1,15,-4.82104957538,-2.20169956891,5.3,5,8,8,5.0,400.0
3.1,0.0,1,400.0,22.0,10,-2,0.100100040436,-2,94.0,1,20,-2.86539633251,4.45864372401,5.3,5,8,8,5.0,400.0
3.1,0.0,1,400.0,22.0,10,0,0.100214004517,-1,94.0,2,10,1.49318255126,-5.08531276016,5.3,5,8,8,5.0,400.0
3.1,0.0,1,400.0,22.0,10,0,0.099925994873,0,94.0,2,19,-4.00547274408,3.47076188991,5.3,5,8,8,5.0,400.0
3.1,0.0,1,400.0,22.0,10,2,0.100140094757,2,94.0,1,12,-1.49318255126,-5.08531276016,5.3,5,8,8,5.0,400.0
3.1,0.0,1,400.0,22.0,10,2,0.100102901459,2,94.0,1,21,-1.49318255126,5.08531276016,5.3,5,8,8,5.0,400.0
3.1,0.0,1,400.0,22.0,10,0,0.0999720096588,0,94.0,1,13,-2.86539633251,-4.45864372401,5.3,5,8,8,5.0,400.0
3.1,0.0,1,400.0,22.0,10,-2,0.100082874298,-2,94.0,1,21,-1.49318255126,5.08531276016,5.3,5,8,8,5.0,400.0
3.1,0.0,2,400.0,22.0,10,-2,0.100136995316,-2,94.0,2,5,5.24605364197,0.754268642848,5.3,5,8,8,5.0,400.0
3.1,0.0,2,400.0,22.0,10,0,0.1001329422,0,94.0,1,8,4.00547274408,-3.47076188991,5.3,5,8,8,5.0,400.0
3.1,0.0,2,400.0,22.0,10,0,0.100105047226,0,94.0,1,4,4.82104957538,2.20169956891,5.3,5,8,8,5.0,400.0
3.1,0.0,1,400.0,22.0,10,0,0.10006403923,0,94.0,1,14,-4.00547274408,-3.47076188991,5.3,5,8,8,5.0,400.0
3.1,0.0,1,400.0,22.0,10,-2,0.0999820232391,1,94.0,2,12,-1.49318255126,-5.08531276016,5.3,5,8,8,5.0,400.0
3.1,0.0,2,400.0,22.0,10,0,0.100057125092,0,94.0,1,8,4.00547274408,-3.47076188991,5.3,5,8,8,5.0,400.0
3.1,0.0,1,400.0,22.0,10,-1,0.100036144257,1,94.0,1,19,-4.00547274408,3.47076188991,5.3,5,8,8,5.0,400.0
3.1,0.0,2,400.0,22.0,10,0,0.0999319553375,0,94.0,1,16,-5.24605364197,-0.754268642848,5.3,5,8,8,5.0,400.0
3.1,0.0,1,400.0,22.0,10,-1,0.100162029266,0,94.0,2,19,-4.00547274408,3.47076188991,5.3,5,8,8,5.0,400.0
3.1,0.0,1,400.0,22.0,10,0,0.100112915039,0,94.0,1,13,-2.86539633251,-4.45864372401,5.3,5,8,8,5.0,400.0
3.1,0.0,1,400.0,22.0,10,-1,0.100103855133,-1,94.0,1,19,-4.00547274408,3.47076188991,5.3,5,8,8,5.0,400.0
3.1,0.0,2,400.0,22.0,10,0,0.10005903244,2,94.0,1,15,-4.82104957538,-2.20169956891,5.3,5,8,8,5.0,400.0
3.1,0.0,2,400.0,22.0,10,2,0.100034952164,2,94.0,2,7,4.82104957538,-2.20169956891,5.3,5,8,8,5.0,400.0
3.1,0.0,2,400.0,22.0,10,0,0.100128889084,0,94.0,2,9,2.86539633251,-4.45864372401,5.3,5,8,8,5.0,400.0
3.1,0.0,1,400.0,22.0,10,2,0.100058078766,2,94.0,1,1,1.49318255126,5.08531276016,5.3,5,8,8,5.0,400.0
3.1,0.0,2,400.0,22.0,10,0,0.10012793541,0,94.0,2,19,-4.00547274408,3.47076188991,5.3,5,8,8,5.0,400.0
3.1,0.0,1,400.0,22.0,10,0,0.100123167038,1,94.0,1,13,-2.86539633251,-4.45864372401,5.3,5,8,8,5.0,400.0
3.1,0.0,1,400.0,22.0,10,0,0.100074052811,0,94.0,1,7,4.82104957538,-2.20169956891,5.3,5,8,8,5.0,400.0
3.1,0.0,1,400.0,22.0,10,0,0.0998678207397,0,94.0,1,4,4.82104957538,2.20169956891,5.3,5,8,8,5.0,400.0
3.1,0.0,2,400.0,22.0,10,0,0.1001329422,0,94.0,2,8,4.00547274408,-3.47076188991,5.3,5,8,8,5.0,400.0
3.1,0.0,1,400.0,22.0,10,-1,0.100370883942,-1,94.0,1,17,-5.24605364197,0.754268642848,5.3,5,8,8,5.0,400.0
3.1,0.0,1,400.0,22.0,10,0,0.100027084351,0,94.0,1,0,0.0,5.3,5.3,5,8,8,5.0,400.0
3.1,0.0,2,400.0,22.0,10,0,0.100023031235,0,94.0,2,1,1.49318255126,5.08531276016,5.3,5,8,8,5.0,400.0
3.1,0.0,2,400.0,22.0,10,-1,0.100105047226,-1,94.0,2,12,-1.49318255126,-5.08531276016,5.3,5,8,8,5.0,400.0
3.1,0.0,1,400.0,22.0,10,-1,0.100069999695,-1,94.0,1,4,4.82104957538,2.20169956891,5.3,5,8,8,5.0,400.0
3.1,0.0,1,400.0,22.0,10,-2,0.100064992905,-2,94.0,1,2,2.86539633251,4.45864372401,5.3,5,8,8,5.0,400.0
3.1,0.0,1,400.0,22.0,10,2,0.0997710227966,2,94.0,1,6,5.24605364197,-0.754268642848,5.3,5,8,8,5.0,400.0
3.1,0.0,1,400.0,22.0,10,-1,0.100117921829,-1,94.0,1,10,1.49318255126,-5.08531276016,5.3,5,8,8,5.0,400.0
3.1,0.0,1,400.0,22.0,10,2,0.0999228954315,2,94.0,1,0,0.0,5.3,5.3,5,8,8,5.0,400.0
3.1,0.0,1,400.0,22.0,10,1,0.100053787231,1,94.0,1,16,-5.24605364197,-0.754268642848,5.3,5,8,8,5.0,400.0
3.1,0.0,1,400.0,22.0,10,-1,0.100041866302,-1,94.0,1,1,1.49318255126,5.08531276016,5.3,5,8,8,5.0,400.0
3.1,0.0,1,400.0,22.0,10,0,0.100080966949,0,94.0,1,14,-4.00547274408,-3.47076188991,5.3,5,8,8,5.0,400.0
3.1,0.0,2,400.0,22.0,10,-2,0.100091218948,-2,94.0,2,17,-5.24605364197,0.754268642848,5.3,5,8,8,5.0,400.0
3.1,0.0,2,400.0,22.0,10,-2,0.100072860718,-2,94.0,2,8,4.00547274408,-3.47076188991,5.3,5,8,8,5.0,400.0
3.1,0.0,1,400.0,22.0,10,-2,0.0998651981354,-2,94.0,1,11,6.49041367526e-16,-5.3,5.3,5,8,8,5.0,400.0
3.1,0.0,1,400.0,22.0,10,-2,0.10005903244,-2,94.0,1,8,4.00547274408,-3.47076188991,5.3,5,8,8,5.0,400.0
3.1,0.0,2,400.0,22.0,10,0,0.100126981735,0,94.0,2,11,6.49041367526e-16,-5.3,5.3,5,8,8,5.0,400.0
3.1,0.0,1,400.0,22.0,10,2,0.0998070240021,0,94.0,1,5,5.24605364197,0.754268642848,5.3,5,8,8,5.0,400.0
3.1,0.0,1,400.0,22.0,10,-1,0.100031852722,-2,94.0,2,17,-5.24605364197,0.754268642848,5.3,5,8,8,5.0,400.0
3.1,0.0,2,400.0,22.0,10,1,0.100001096725,2,94.0,2,10,1.49318255126,-5.08531276016,5.3,5,8,8,5.0,400.0
3.1,0.0,2,400.0,22.0,10,-1,0.0999479293823,-1,94.0,2,5,5.24605364197,0.754268642848,5.3,5,8,8,5.0,400.0
3.1,0.0,1,400.0,22.0,10,2,0.100125074387,2,94.0,1,16,-5.24605364197,-0.754268642848,5.3,5,8,8,5.0,400.0
3.1,0.0,2,400.0,22.0,10,0,0.100086212158,0,94.0,2,15,-4.82104957538,-2.20169956891,5.3,5,8,8,5.0,400.0
3.1,0.0,2,400.0,22.0,10,0,0.100092172623,0,94.0,2,9,2.86539633251,-4.45864372401,5.3,5,8,8,5.0,400.0
3.1,0.0,2,400.0,22.0,10,-1,0.100060939789,-1,94.0,2,17,-5.24605364197,0.754268642848,5.3,5,8,8,5.0,400.0
3.1,0.0,1,400.0,22.0,10,0,0.10005402565,0,94.0,1,2,2.86539633251,4.45864372401,5.3,5,8,8,5.0,400.0
3.1,0.0,2,400.0,22.0,10,-2,0.0998160839081,-2,94.0,2,20,-2.86539633251,4.45864372401,5.3,5,8,8,5.0,400.0
3.1,0.0,1,400.0,22.0,10,-2,0.100206136703,-2,94.0,1,10,1.49318255126,-5.08531276016,5.3,5,8,8,5.0,400.0
3.1,0.0,2,400.0,22.0,10,0,0.100094079971,0,94.0,1,6,5.24605364197,-0.754268642848,5.3,5,8,8,5.0,400.0
3.1,0.0,1,400.0,22.0,10,-1,0.100133180618,-1,94.0,1,8,4.00547274408,-3.47076188991,5.3,5,8,8,5.0,400.0
3.1,0.0,2,400.0,22.0,10,2,0.100062847137,2,94.0,1,12,-1.49318255126,-5.08531276016,5.3,5,8,8,5.0,400.0
3.1,0.0,1,400.0,22.0,10,1,0.100105047226,1,94.0,1,1,1.49318255126,5.08531276016,5.3,5,8,8,5.0,400.0
3.1,0.0,2,400.0,22.0,10,0,0.100130796432,0,94.0,2,6,5.24605364197,-0.754268642848,5.3,5,8,8,5.0,400.0
3.1,0.0,1,400.0,22.0,10,2,0.100011110306,2,94.0,1,21,-1.49318255126,5.08531276016,5.3,5,8,8,5.0,400.0
3.1,0.0,2,400.0,22.0,10,2,0.100065946579,0,94.0,1,6,5.24605364197,-0.754268642848,5.3,5,8,8,5.0,400.0
3.1,0.0,2,400.0,22.0,10,0,0.100015163422,0,94.0,1,7,4.82104957538,-2.20169956891,5.3,5,8,8,5.0,400.0
3.1,0.0,2,400.0,22.0,10,1,0.100025892258,1,94.0,2,1,1.49318255126,5.08531276016,5.3,5,8,8,5.0,400.0
3.1,0.0,1,400.0,22.0,10,1,0.100095033646,1,94.0,1,16,-5.24605364197,-0.754268642848,5.3,5,8,8,5.0,400.0
3.1,0.0,1,400.0,22.0,10,0,0.0998990535736,0,94.0,1,17,-5.24605364197,0.754268642848,5.3,5,8,8,5.0,400.0
3.1,0.0,1,400.0,22.0,10,1,0.100084066391,1,94.0,1,4,4.82104957538,2.20169956891,5.3,5,8,8,5.0,400.0
3.1,0.0,2,400.0,22.0,10,-2,0.100162029266,-2,94.0,2,16,-5.24605364197,-0.754268642848,5.3,5,8,8,5.0,400.0
3.1,0.0,2,400.0,22.0,10,1,0.100059986115,1,94.0,2,17,-5.24605364197,0.754268642848,5.3,5,8,8,5.0,400.0
3.1,0.0,2,400.0,22.0,10,-2,0.10003900528,-2,94.0,2,8,4.00547274408,-3.47076188991,5.3,5,8,8,5.0,400.0
3.1,0.0,1,400.0,22.0,10,0,0.100116014481,0,94.0,1,20,-2.86539633251,4.45864372401,5.3,5,8,8,5.0,400.0
3.1,0.0,1,400.0,22.0,10,1,0.100072860718,1,94.0,1,11,6.49041367526e-16,-5.3,5.3,5,8,8,5.0,400.0
3.1,0.0,2,400.0,22.0,10,-1,0.100029945374,-1,94.0,2,15,-4.82104957538,-2.20169956891,5.3,5,8,8,5.0,400.0
3.1,0.0,1,400.0,22.0,10,0,0.0998871326447,0,94.0,1,2,2.86539633251,4.45864372401,5.3,5,8,8,5.0,400.0
3.1,0.0,1,400.0,22.0,10,0,0.0998251438141,0,94.0,1,12,-1.49318255126,-5.08531276016,5.3,5,8,8,5.0,400.0
3.1,0.0,2,400.0,22.0,10,-1,0.100118160248,-1,94.0,2,12,-1.49318255126,-5.08531276016,5.3,5,8,8,5.0,400.0
3.1,0.0,2,400.0,22.0,10,1,0.10001707077,1,94.0,2,2,2.86539633251,4.45864372401,5.3,5,8,8,5.0,400.0
3.1,0.0,1,400.0,22.0,10,1,0.100158929825,1,94.0,1,12,-1.49318255126,-5.08531276016,5.3,5,8,8,5.0,400.0
3.1,0.0,1,400.0,22.0,10,0,0.100111961365,0,94.0,1,2,2.86539633251,4.45864372401,5.3,5,8,8,5.0,400.0
3.1,0.0,2,400.0,22.0,10,0,0.100120782852,0,94.0,2,21,-1.49318255126,5.08531276016,5.3,5,8,8,5.0,400.0
3.1,0.0,2,400.0,22.0,10,0,0.10009598732,0,94.0,1,11,6.49041367526e-16,-5.3,5.3,5,8,8,5.0,400.0
3.1,0.0,2,400.0,22.0,10,0,0.10014796257,0,94.0,1,12,-1.49318255126,-5.08531276016,5.3,5,8,8,5.0,400.0
3.1,0.0,2,400.0,22.0,10,-2,0.0999121665955,-1,94.0,2,5,5.24605364197,0.754268642848,5.3,5,8,8,5.0,400.0
3.1,0.0,1,400.0,22.0,10,0,0.100053071976,0,94.0,1,17,-5.24605364197,0.754268642848,5.3,5,8,8,5.0,400.0
3.1,0.0,1,400.0,22.0,10,-2,0.100134849548,-2,94.0,1,14,-4.00547274408,-3.47076188991,5.3,5,8,8,5.0,400.0
3.1,0.0,2,400.0,22.0,10,-2,0.1001329422,-2,94.0,2,21,-1.49318255126,5.08531276016,5.3,5,8,8,5.0,400.0
3.1,0.0,1,400.0,22.0,10,-2,0.100078105927,-2,94.0,1,7,4.82104957538,-2.20169956891,5.3,5,8,8,5.0,400.0
3.1,0.0,2,400.0,22.0,10,0,0.100081205368,0,94.0,1,9,2.86539633251,-4.45864372401,5.3,5,8,8,5.0,400.0
3.1,0.0,1,400.0,22.0,10,0,0.099995136261,1,94.0,2,15,-4.82104957538,-2.20169956891,5.3,5,8,8,5.0,400.0
3.1,0.0,2,400.0,22.0,10,0,0.100110054016,2,94.0,2,13,-2.86539633251,-4.45864372401,5.3,5,8,8,5.0,400.0
3.1,0.0,1,400.0,22.0,10,2,0.0999281406403,-1,94.0,2,5,5.24605364197,0.754268642848,5.3,5,8,8,5.0,400.0
3.1,0.0,1,400.0,22.0,10,1,0.100169897079,2,94.0,1,17,-5.24605364197,0.754268642848,5.3,5,8,8,5.0,400.0
3.1,0.0,2,400.0,22.0,10,0,0.100118875504,0,94.0,1,6,5.24605364197,-0.754268642848,5.3,5,8,8,5.0,400.0
3.1,0.0,1,400.0,22.0,10,0,0.10014295578,0,94.0,2,14,-4.00547274408,-3.47076188991,5.3,5,8,8,5.0,400.0
3.1,0.0,1,400.0,22.0,10,0,0.100116014481,0,94.0,1,5,5.24605364197,0.754268642848,5.3,5,8,8,5.0,400.0
3.1,0.0,2,400.0,22.0,10,0,0.100138902664,0,94.0,1,8,4.00547274408,-3.47076188991,5.3,5,8,8,5.0,400.0
