cue-length,ms-precue,resp-v-hv,ms-st-cue,nitems,offset2,resp-h-pos,actualStimOn,resp-v-pos,ms-stimon,resp-h-hv,cue-loc-int,cue-loc-x,cue-loc-y,radius,bars-or-spot,version,offset,npractice,ntrials
3.1,0.0,2,400.0,22.0,0,1,0.0972230434418,0,94.0,2,1,1.49318255126,5.08531276016,5.3,0,9,-10.5,5.0,300.0
3.1,0.0,2,400.0,22.0,0,-2,0.0972208976746,1,94.0,1,6,5.24605364197,-0.754268642848,5.3,0,9,-10.5,5.0,300.0
3.1,0.0,2,400.0,22.0,0,2,0.0972230434418,0,94.0,2,11,6.49041367526e-16,-5.3,5.3,0,9,-10.5,5.0,300.0
3.1,0.0,1,400.0,22.0,0,1,0.0971949100494,-2,94.0,2,21,-1.49318255126,5.08531276016,5.3,0,9,-10.5,5.0,300.0
3.1,0.0,1,400.0,22.0,0,0,0.0970358848572,0,94.0,1,17,-5.24605364197,0.754268642848,5.3,0,9,-10.5,5.0,300.0
3.1,0.0,1,400.0,22.0,0,2,0.0970220565796,2,94.0,1,11,6.49041367526e-16,-5.3,5.3,0,9,-10.5,5.0,300.0
3.1,0.0,1,400.0,22.0,0,-1,0.0970242023468,-1,94.0,1,13,-2.86539633251,-4.45864372401,5.3,0,9,-10.5,5.0,300.0
3.1,0.0,2,400.0,22.0,0,-1,0.0970199108124,-1,94.0,2,21,-1.49318255126,5.08531276016,5.3,0,9,-10.5,5.0,300.0
3.1,0.0,2,400.0,22.0,0,-1,0.0970029830933,-1,94.0,2,15,-4.82104957538,-2.20169956891,5.3,0,9,-10.5,5.0,300.0
3.1,0.0,2,400.0,22.0,0,0,0.0970230102539,2,94.0,2,14,-4.00547274408,-3.47076188991,5.3,0,9,-10.5,5.0,300.0
3.1,0.0,1,400.0,22.0,0,0,0.097039937973,2,94.0,1,11,6.49041367526e-16,-5.3,5.3,0,9,-10.5,5.0,300.0
3.1,0.0,1,400.0,22.0,0,-1,0.0972239971161,-1,94.0,1,12,-1.49318255126,-5.08531276016,5.3,0,9,-10.5,5.0,300.0
3.1,0.0,2,400.0,22.0,0,1,0.0972189903259,-1,94.0,2,19,-4.00547274408,3.47076188991,5.3,0,9,-10.5,5.0,300.0
3.1,0.0,1,400.0,22.0,0,1,0.0970301628113,1,94.0,1,7,4.82104957538,-2.20169956891,5.3,0,9,-10.5,5.0,300.0
3.1,0.0,1,400.0,22.0,0,0,0.0971879959106,-1,94.0,2,9,2.86539633251,-4.45864372401,5.3,0,9,-10.5,5.0,300.0
3.1,0.0,1,400.0,22.0,0,2,0.0972199440002,0,94.0,1,21,-1.49318255126,5.08531276016,5.3,0,9,-10.5,5.0,300.0
3.1,0.0,2,400.0,22.0,0,2,0.0971891880035,0,94.0,1,17,-5.24605364197,0.754268642848,5.3,0,9,-10.5,5.0,300.0
3.1,0.0,2,400.0,22.0,0,0,0.0970339775085,0,94.0,1,6,5.24605364197,-0.754268642848,5.3,0,9,-10.5,5.0,300.0
3.1,0.0,2,400.0,22.0,0,0,0.0970318317413,1,94.0,1,21,-1.49318255126,5.08531276016,5.3,0,9,-10.5,5.0,300.0
3.1,0.0,2,400.0,22.0,0,-1,0.097179889679,-2,94.0,2,11,6.49041367526e-16,-5.3,5.3,0,9,-10.5,5.0,300.0
3.1,0.0,2,400.0,22.0,0,-1,0.0970230102539,-1,94.0,2,14,-4.00547274408,-3.47076188991,5.3,0,9,-10.5,5.0,300.0
3.1,0.0,1,400.0,22.0,0,1,0.0970098972321,-1,94.0,1,4,4.82104957538,2.20169956891,5.3,0,9,-10.5,5.0,300.0
3.1,0.0,2,400.0,22.0,0,0,0.0971701145172,-2,94.0,1,11,6.49041367526e-16,-5.3,5.3,0,9,-10.5,5.0,300.0
3.1,0.0,2,400.0,22.0,0,2,0.097207069397,-2,94.0,1,1,1.49318255126,5.08531276016,5.3,0,9,-10.5,5.0,300.0
3.1,0.0,2,400.0,22.0,0,2,0.0971570014954,0,94.0,1,14,-4.00547274408,-3.47076188991,5.3,0,9,-10.5,5.0,300.0
3.1,0.0,1,400.0,22.0,0,-2,0.0970149040222,1,94.0,1,12,-1.49318255126,-5.08531276016,5.3,0,9,-10.5,5.0,300.0
3.1,0.0,2,400.0,22.0,0,1,0.0970408916473,-2,94.0,1,0,0.0,5.3,5.3,0,9,-10.5,5.0,300.0
3.1,0.0,2,400.0,22.0,0,-2,0.0971019268036,-2,94.0,2,15,-4.82104957538,-2.20169956891,5.3,0,9,-10.5,5.0,300.0
3.1,0.0,2,400.0,22.0,0,-1,0.0970568656921,0,94.0,1,3,4.00547274408,3.47076188991,5.3,0,9,-10.5,5.0,300.0
3.1,0.0,2,400.0,22.0,0,2,0.0970380306244,-2,94.0,1,21,-1.49318255126,5.08531276016,5.3,0,9,-10.5,5.0,300.0
3.1,0.0,1,400.0,22.0,0,2,0.0971970558167,0,94.0,2,4,4.82104957538,2.20169956891,5.3,0,9,-10.5,5.0,300.0
3.1,0.0,1,400.0,22.0,0,0,0.0971820354462,0,94.0,1,5,5.24605364197,0.754268642848,5.3,0,9,-10.5,5.0,300.0
3.1,0.0,1,400.0,22.0,0,0,0.0970349311829,0,94.0,1,13,-2.86539633251,-4.45864372401,5.3,0,9,-10.5,5.0,300.0
3.1,0.0,1,400.0,22.0,0,1,0.0971858501434,1,94.0,1,0,0.0,5.3,5.3,0,9,-10.5,5.0,300.0
3.1,0.0,2,400.0,22.0,0,0,0.0971961021423,0,94.0,1,16,-5.24605364197,-0.754268642848,5.3,0,9,-10.5,5.0,300.0
3.1,0.0,1,400.0,22.0,0,-1,0.0970239639282,-1,94.0,2,15,-4.82104957538,-2.20169956891,5.3,0,9,-10.5,5.0,300.0
3.1,0.0,1,400.0,22.0,0,0,0.0970129966736,1,94.0,1,16,-5.24605364197,-0.754268642848,5.3,0,9,-10.5,5.0,300.0
3.1,0.0,1,400.0,22.0,0,-1,0.0970079898834,1,94.0,2,13,-2.86539633251,-4.45864372401,5.3,0,9,-10.5,5.0,300.0
3.1,0.0,2,400.0,22.0,0,0,0.0970070362091,0,94.0,1,9,2.86539633251,-4.45864372401,5.3,0,9,-10.5,5.0,300.0
3.1,0.0,1,400.0,22.0,0,1,0.0970079898834,0,94.0,2,3,4.00547274408,3.47076188991,5.3,0,9,-10.5,5.0,300.0
3.1,0.0,1,400.0,22.0,0,1,0.0970141887665,2,94.0,2,9,2.86539633251,-4.45864372401,5.3,0,9,-10.5,5.0,300.0
3.1,0.0,1,400.0,22.0,0,0,0.0971820354462,0,94.0,1,8,4.00547274408,-3.47076188991,5.3,0,9,-10.5,5.0,300.0
3.1,0.0,1,400.0,22.0,0,0,0.0970718860626,1,94.0,1,18,-4.82104957538,2.20169956891,5.3,0,9,-10.5,5.0,300.0
3.1,0.0,2,400.0,22.0,0,-2,0.0972421169281,-2,94.0,2,4,4.82104957538,2.20169956891,5.3,0,9,-10.5,5.0,300.0
3.1,0.0,1,400.0,22.0,0,1,0.0973279476166,1,94.0,1,21,-1.49318255126,5.08531276016,5.3,0,9,-10.5,5.0,300.0
3.1,0.0,1,400.0,22.0,0,-2,0.0970590114594,-2,94.0,1,21,-1.49318255126,5.08531276016,5.3,0,9,-10.5,5.0,300.0
3.1,0.0,1,400.0,22.0,0,0,0.0970420837402,0,94.0,1,15,-4.82104957538,-2.20169956891,5.3,0,9,-10.5,5.0,300.0
3.1,0.0,2,400.0,22.0,0,1,0.0972230434418,0,94.0,2,16,-5.24605364197,-0.754268642848,5.3,0,9,-10.5,5.0,300.0
3.1,0.0,2,400.0,22.0,0,0,0.0972099304199,1,94.0,1,0,0.0,5.3,5.3,0,9,-10.5,5.0,300.0
3.1,0.0,2,400.0,22.0,0,0,0.0971639156342,0,94.0,2,7,4.82104957538,-2.20169956891,5.3,0,9,-10.5,5.0,300.0
3.1,0.0,2,400.0,22.0,0,-1,0.0971899032593,-1,94.0,2,19,-4.00547274408,3.47076188991,5.3,0,9,-10.5,5.0,300.0
3.1,0.0,1,400.0,22.0,0,0,0.0970869064331,0,94.0,1,12,-1.49318255126,-5.08531276016,5.3,0,9,-10.5,5.0,300.0
3.1,0.0,1,400.0,22.0,0,1,0.0971829891205,1,94.0,1,2,2.86539633251,4.45864372401,5.3,0,9,-10.5,5.0,300.0
3.1,0.0,1,400.0,22.0,0,1,0.0970261096954,1,94.0,1,19,-4.00547274408,3.47076188991,5.3,0,9,-10.5,5.0,300.0
3.1,0.0,1,400.0,22.0,0,0,0.097051858902,0,94.0,1,10,1.49318255126,-5.08531276016,5.3,0,9,-10.5,5.0,300.0
3.1,0.0,2,400.0,22.0,0,0,0.0970048904419,0,94.0,2,20,-2.86539633251,4.45864372401,5.3,0,9,-10.5,5.0,300.0
3.1,0.0,1,400.0,22.0,0,-2,0.0970010757446,-2,94.0,2,11,6.49041367526e-16,-5.3,5.3,0,9,-10.5,5.0,300.0
3.1,0.0,1,400.0,22.0,0,0,0.0972001552582,0,94.0,1,8,4.00547274408,-3.47076188991,5.3,0,9,-10.5,5.0,300.0
3.1,0.0,2,400.0,22.0,0,1,0.0972108840942,1,94.0,2,19,-4.00547274408,3.47076188991,5.3,0,9,-10.5,5.0,300.0
3.1,0.0,2,400.0,22.0,0,1,0.0972189903259,1,94.0,2,3,4.00547274408,3.47076188991,5.3,0,9,-10.5,5.0,300.0
3.1,0.0,1,400.0,22.0,0,2,0.0970480442047,-1,94.0,1,21,-1.49318255126,5.08531276016,5.3,0,9,-10.5,5.0,300.0
3.1,0.0,1,400.0,22.0,0,1,0.0972130298615,2,94.0,1,13,-2.86539633251,-4.45864372401,5.3,0,9,-10.5,5.0,300.0
3.1,0.0,2,400.0,22.0,0,0,0.0972218513489,0,94.0,2,16,-5.24605364197,-0.754268642848,5.3,0,9,-10.5,5.0,300.0
3.1,0.0,2,400.0,22.0,0,0,0.0971729755402,0,94.0,1,17,-5.24605364197,0.754268642848,5.3,0,9,-10.5,5.0,300.0
3.1,0.0,2,400.0,22.0,0,0,0.0972111225128,0,94.0,2,10,1.49318255126,-5.08531276016,5.3,0,9,-10.5,5.0,300.0
3.1,0.0,1,400.0,22.0,0,-1,0.097177028656,-1,94.0,1,6,5.24605364197,-0.754268642848,5.3,0,9,-10.5,5.0,300.0
3.1,0.0,2,400.0,22.0,0,0,0.0971639156342,0,94.0,2,12,-1.49318255126,-5.08531276016,5.3,0,9,-10.5,5.0,300.0
3.1,0.0,2,400.0,22.0,0,0,0.097195148468,0,94.0,1,3,4.00547274408,3.47076188991,5.3,0,9,-10.5,5.0,300.0
3.1,0.0,2,400.0,22.0,0,0,0.0971789360046,0,94.0,2,10,1.49318255126,-5.08531276016,5.3,0,9,-10.5,5.0,300.0
3.1,0.0,1,400.0,22.0,0,1,0.0970330238342,1,94.0,1,19,-4.00547274408,3.47076188991,5.3,0,9,-10.5,5.0,300.0
3.1,0.0,2,400.0,22.0,0,0,0.0971851348877,0,94.0,1,15,-4.82104957538,-2.20169956891,5.3,0,9,-10.5,5.0,300.0
3.1,0.0,2,400.0,22.0,0,0,0.097048997879,0,94.0,2,6,5.24605364197,-0.754268642848,5.3,0,9,-10.5,5.0,300.0
3.1,0.0,2,400.0,22.0,0,-2,0.0972058773041,0,94.0,1,16,-5.24605364197,-0.754268642848,5.3,0,9,-10.5,5.0,300.0
3.1,0.0,1,400.0,22.0,0,-1,0.0971848964691,-1,94.0,1,4,4.82104957538,2.20169956891,5.3,0,9,-10.5,5.0,300.0
3.1,0.0,1,400.0,22.0,0,0,0.0970180034637,0,94.0,1,2,2.86539633251,4.45864372401,5.3,0,9,-10.5,5.0,300.0
3.1,0.0,2,400.0,22.0,0,1,0.0971908569336,1,94.0,2,1,1.49318255126,5.08531276016,5.3,0,9,-10.5,5.0,300.0
3.1,0.0,1,400.0,22.0,0,0,0.0972139835358,-1,94.0,2,17,-5.24605364197,0.754268642848,5.3,0,9,-10.5,5.0,300.0
3.1,0.0,2,400.0,22.0,0,-1,0.0972151756287,-1,94.0,2,0,0.0,5.3,5.3,0,9,-10.5,5.0,300.0
3.1,0.0,1,400.0,22.0,0,0,0.0972077846527,0,94.0,1,15,-4.82104957538,-2.20169956891,5.3,0,9,-10.5,5.0,300.0
3.1,0.0,1,400.0,22.0,0,-1,0.0971598625183,-1,94.0,1,12,-1.49318255126,-5.08531276016,5.3,0,9,-10.5,5.0,300.0
3.1,0.0,2,400.0,22.0,0,0,0.0972230434418,0,94.0,2,18,-4.82104957538,2.20169956891,5.3,0,9,-10.5,5.0,300.0
3.1,0.0,2,400.0,22.0,0,-1,0.0972189903259,-1,94.0,2,12,-1.49318255126,-5.08531276016,5.3,0,9,-10.5,5.0,300.0
3.1,0.0,2,400.0,22.0,0,0,0.097207069397,0,94.0,2,11,6.49041367526e-16,-5.3,5.3,0,9,-10.5,5.0,300.0
3.1,0.0,2,400.0,22.0,0,-1,0.0971598625183,-1,94.0,2,20,-2.86539633251,4.45864372401,5.3,0,9,-10.5,5.0,300.0
3.1,0.0,1,400.0,22.0,0,-1,0.0971899032593,-1,94.0,1,21,-1.49318255126,5.08531276016,5.3,0,9,-10.5,5.0,300.0
3.1,0.0,1,400.0,22.0,0,-1,0.0971169471741,-1,94.0,1,9,2.86539633251,-4.45864372401,5.3,0,9,-10.5,5.0,300.0
3.1,0.0,2,400.0,22.0,0,-2,0.0971839427948,-2,94.0,2,20,-2.86539633251,4.45864372401,5.3,0,9,-10.5,5.0,300.0
3.1,0.0,2,400.0,22.0,0,0,0.0970380306244,0,94.0,2,12,-1.49318255126,-5.08531276016,5.3,0,9,-10.5,5.0,300.0
3.1,0.0,2,400.0,22.0,0,0,0.0971620082855,-1,94.0,1,21,-1.49318255126,5.08531276016,5.3,0,9,-10.5,5.0,300.0
3.1,0.0,2,400.0,22.0,0,1,0.0972139835358,1,94.0,2,0,0.0,5.3,5.3,0,9,-10.5,5.0,300.0
3.1,0.0,1,400.0,22.0,0,-1,0.0971949100494,-1,94.0,1,14,-4.00547274408,-3.47076188991,5.3,0,9,-10.5,5.0,300.0
3.1,0.0,2,400.0,22.0,0,0,0.097029209137,0,94.0,1,14,-4.00547274408,-3.47076188991,5.3,0,9,-10.5,5.0,300.0
3.1,0.0,2,400.0,22.0,0,1,0.0971930027008,0,94.0,2,7,4.82104957538,-2.20169956891,5.3,0,9,-10.5,5.0,300.0
3.1,0.0,2,400.0,22.0,0,1,0.0970289707184,0,94.0,2,21,-1.49318255126,5.08531276016,5.3,0,9,-10.5,5.0,300.0
3.1,0.0,2,400.0,22.0,0,0,0.097207069397,0,94.0,1,0,0.0,5.3,5.3,0,9,-10.5,5.0,300.0
3.1,0.0,1,400.0,22.0,0,1,0.0970261096954,2,94.0,2,0,0.0,5.3,5.3,0,9,-10.5,5.0,300.0
3.1,0.0,1,400.0,22.0,0,0,0.0970258712769,2,94.0,1,3,4.00547274408,3.47076188991,5.3,0,9,-10.5,5.0,300.0
3.1,0.0,1,400.0,22.0,0,-1,0.0971970558167,0,94.0,1,8,4.00547274408,-3.47076188991,5.3,0,9,-10.5,5.0,300.0
3.1,0.0,2,400.0,22.0,0,0,0.0971760749817,0,94.0,2,9,2.86539633251,-4.45864372401,5.3,0,9,-10.5,5.0,300.0
3.1,0.0,1,400.0,22.0,0,-2,0.0971548557281,1,94.0,2,9,2.86539633251,-4.45864372401,5.3,0,9,-10.5,5.0,300.0
3.1,0.0,2,400.0,22.0,0,0,0.0971920490265,0,94.0,2,10,1.49318255126,-5.08531276016,5.3,0,9,-10.5,5.0,300.0
3.1,0.0,1,400.0,22.0,0,0,0.097186088562,0,94.0,1,3,4.00547274408,3.47076188991,5.3,0,9,-10.5,5.0,300.0
3.1,0.0,1,400.0,22.0,0,-2,0.0971851348877,-2,94.0,1,13,-2.86539633251,-4.45864372401,5.3,0,9,-10.5,5.0,300.0
3.1,0.0,2,400.0,22.0,0,0,0.0972020626068,0,94.0,2,12,-1.49318255126,-5.08531276016,5.3,0,9,-10.5,5.0,300.0
3.1,0.0,2,400.0,22.0,0,-2,0.097216129303,0,94.0,1,16,-5.24605364197,-0.754268642848,5.3,0,9,-10.5,5.0,300.0
3.1,0.0,2,400.0,22.0,0,-1,0.0972139835358,-1,94.0,2,6,5.24605364197,-0.754268642848,5.3,0,9,-10.5,5.0,300.0
3.1,0.0,2,400.0,22.0,0,0,0.0971829891205,0,94.0,2,10,1.49318255126,-5.08531276016,5.3,0,9,-10.5,5.0,300.0
3.1,0.0,2,400.0,22.0,0,1,0.0972421169281,1,94.0,2,18,-4.82104957538,2.20169956891,5.3,0,9,-10.5,5.0,300.0
3.1,0.0,2,400.0,22.0,0,0,0.0972220897675,0,94.0,2,14,-4.00547274408,-3.47076188991,5.3,0,9,-10.5,5.0,300.0
3.1,0.0,2,400.0,22.0,0,0,0.0972180366516,0,94.0,2,14,-4.00547274408,-3.47076188991,5.3,0,9,-10.5,5.0,300.0
3.1,0.0,2,400.0,22.0,0,-2,0.097179889679,-2,94.0,2,20,-2.86539633251,4.45864372401,5.3,0,9,-10.5,5.0,300.0
3.1,0.0,1,400.0,22.0,0,0,0.0971698760986,0,94.0,1,8,4.00547274408,-3.47076188991,5.3,0,9,-10.5,5.0,300.0
3.1,0.0,1,400.0,22.0,0,0,0.0971732139587,0,94.0,1,21,-1.49318255126,5.08531276016,5.3,0,9,-10.5,5.0,300.0
3.1,0.0,2,400.0,22.0,0,-1,0.0970649719238,-1,94.0,2,14,-4.00547274408,-3.47076188991,5.3,0,9,-10.5,5.0,300.0
3.1,0.0,2,400.0,22.0,0,-1,0.0972008705139,0,94.0,1,1,1.49318255126,5.08531276016,5.3,0,9,-10.5,5.0,300.0
3.1,0.0,1,400.0,22.0,0,0,0.0971879959106,1,94.0,2,15,-4.82104957538,-2.20169956891,5.3,0,9,-10.5,5.0,300.0
3.1,0.0,2,400.0,22.0,0,-2,0.0970690250397,0,94.0,2,15,-4.82104957538,-2.20169956891,5.3,0,9,-10.5,5.0,300.0
3.1,0.0,1,400.0,22.0,0,1,0.0971899032593,1,94.0,2,6,5.24605364197,-0.754268642848,5.3,0,9,-10.5,5.0,300.0
3.1,0.0,1,400.0,22.0,0,0,0.0970468521118,-1,94.0,1,7,4.82104957538,-2.20169956891,5.3,0,9,-10.5,5.0,300.0
3.1,0.0,1,400.0,22.0,0,0,0.0971848964691,0,94.0,1,17,-5.24605364197,0.754268642848,5.3,0,9,-10.5,5.0,300.0
3.1,0.0,1,400.0,22.0,0,0,0.0970189571381,0,94.0,1,17,-5.24605364197,0.754268642848,5.3,0,9,-10.5,5.0,300.0
3.1,0.0,2,400.0,22.0,0,0,0.0971879959106,0,94.0,2,17,-5.24605364197,0.754268642848,5.3,0,9,-10.5,5.0,300.0
3.1,0.0,2,400.0,22.0,0,0,0.0971958637238,0,94.0,1,17,-5.24605364197,0.754268642848,5.3,0,9,-10.5,5.0,300.0
3.1,0.0,2,400.0,22.0,0,0,0.0970230102539,0,94.0,2,0,0.0,5.3,5.3,0,9,-10.5,5.0,300.0
3.1,0.0,1,400.0,22.0,0,0,0.0971779823303,0,94.0,1,5,5.24605364197,0.754268642848,5.3,0,9,-10.5,5.0,300.0
3.1,0.0,1,400.0,22.0,0,0,0.0970001220703,0,94.0,1,5,5.24605364197,0.754268642848,5.3,0,9,-10.5,5.0,300.0
3.1,0.0,2,400.0,22.0,0,0,0.0971491336823,0,94.0,2,7,4.82104957538,-2.20169956891,5.3,0,9,-10.5,5.0,300.0
3.1,0.0,2,400.0,22.0,0,2,0.0971918106079,2,94.0,2,8,4.00547274408,-3.47076188991,5.3,0,9,-10.5,5.0,300.0
3.1,0.0,2,400.0,22.0,0,-1,0.0970070362091,-1,94.0,2,2,2.86539633251,4.45864372401,5.3,0,9,-10.5,5.0,300.0
3.1,0.0,2,400.0,22.0,0,0,0.0972049236298,0,94.0,2,6,5.24605364197,-0.754268642848,5.3,0,9,-10.5,5.0,300.0
3.1,0.0,2,400.0,22.0,0,2,0.0971999168396,2,94.0,2,11,6.49041367526e-16,-5.3,5.3,0,9,-10.5,5.0,300.0
3.1,0.0,2,400.0,22.0,0,0,0.0972259044647,0,94.0,2,20,-2.86539633251,4.45864372401,5.3,0,9,-10.5,5.0,300.0
3.1,0.0,2,400.0,22.0,0,-1,0.0972170829773,-1,94.0,2,10,1.49318255126,-5.08531276016,5.3,0,9,-10.5,5.0,300.0
3.1,0.0,1,400.0,22.0,0,0,0.0971789360046,0,94.0,1,15,-4.82104957538,-2.20169956891,5.3,0,9,-10.5,5.0,300.0
3.1,0.0,1,400.0,22.0,0,-1,0.0971639156342,-1,94.0,1,17,-5.24605364197,0.754268642848,5.3,0,9,-10.5,5.0,300.0
3.1,0.0,2,400.0,22.0,0,1,0.0970299243927,1,94.0,2,4,4.82104957538,2.20169956891,5.3,0,9,-10.5,5.0,300.0
3.1,0.0,2,400.0,22.0,0,1,0.097048997879,1,94.0,2,13,-2.86539633251,-4.45864372401,5.3,0,9,-10.5,5.0,300.0
3.1,0.0,2,400.0,22.0,0,-1,0.0972027778625,-1,94.0,2,17,-5.24605364197,0.754268642848,5.3,0,9,-10.5,5.0,300.0
3.1,0.0,1,400.0,22.0,0,1,0.0972309112549,1,94.0,1,12,-1.49318255126,-5.08531276016,5.3,0,9,-10.5,5.0,300.0
3.1,0.0,1,400.0,22.0,0,0,0.0971930027008,0,94.0,1,4,4.82104957538,2.20169956891,5.3,0,9,-10.5,5.0,300.0
3.1,0.0,1,400.0,22.0,0,0,0.0970420837402,0,94.0,1,9,2.86539633251,-4.45864372401,5.3,0,9,-10.5,5.0,300.0
3.1,0.0,2,400.0,22.0,0,1,0.0971581935883,1,94.0,2,13,-2.86539633251,-4.45864372401,5.3,0,9,-10.5,5.0,300.0
3.1,0.0,2,400.0,22.0,0,-2,0.0972309112549,-2,94.0,2,6,5.24605364197,-0.754268642848,5.3,0,9,-10.5,5.0,300.0
3.1,0.0,2,400.0,22.0,0,1,0.0972120761871,1,94.0,2,20,-2.86539633251,4.45864372401,5.3,0,9,-10.5,5.0,300.0
3.1,0.0,1,400.0,22.0,0,0,0.0972199440002,0,94.0,1,1,1.49318255126,5.08531276016,5.3,0,9,-10.5,5.0,300.0
3.1,0.0,1,400.0,22.0,0,0,0.0972099304199,0,94.0,1,6,5.24605364197,-0.754268642848,5.3,0,9,-10.5,5.0,300.0
3.1,0.0,2,400.0,22.0,0,-1,0.0972180366516,0,94.0,1,9,2.86539633251,-4.45864372401,5.3,0,9,-10.5,5.0,300.0
3.1,0.0,2,400.0,22.0,0,1,0.0972030162811,0,94.0,2,16,-5.24605364197,-0.754268642848,5.3,0,9,-10.5,5.0,300.0
3.1,0.0,2,400.0,22.0,0,0,0.0971670150757,0,94.0,1,20,-2.86539633251,4.45864372401,5.3,0,9,-10.5,5.0,300.0
3.1,0.0,2,400.0,22.0,0,1,0.0972270965576,0,94.0,1,8,4.00547274408,-3.47076188991,5.3,0,9,-10.5,5.0,300.0
3.1,0.0,1,400.0,22.0,0,0,0.0972139835358,0,94.0,1,13,-2.86539633251,-4.45864372401,5.3,0,9,-10.5,5.0,300.0
3.1,0.0,1,400.0,22.0,0,2,0.0972101688385,2,94.0,1,6,5.24605364197,-0.754268642848,5.3,0,9,-10.5,5.0,300.0
3.1,0.0,1,400.0,22.0,0,1,0.0970830917358,1,94.0,1,14,-4.00547274408,-3.47076188991,5.3,0,9,-10.5,5.0,300.0
3.1,0.0,1,400.0,22.0,0,0,0.0970349311829,0,94.0,1,18,-4.82104957538,2.20169956891,5.3,0,9,-10.5,5.0,300.0
3.1,0.0,2,400.0,22.0,0,0,0.0971801280975,0,94.0,2,0,0.0,5.3,5.3,0,9,-10.5,5.0,300.0
3.1,0.0,1,400.0,22.0,0,0,0.0971939563751,0,94.0,1,20,-2.86539633251,4.45864372401,5.3,0,9,-10.5,5.0,300.0
3.1,0.0,1,400.0,22.0,0,-1,0.0971879959106,2,94.0,2,20,-2.86539633251,4.45864372401,5.3,0,9,-10.5,5.0,300.0
3.1,0.0,2,400.0,22.0,0,0,0.0970380306244,0,94.0,2,3,4.00547274408,3.47076188991,5.3,0,9,-10.5,5.0,300.0
3.1,0.0,2,400.0,22.0,0,-2,0.0972142219543,-2,94.0,2,15,-4.82104957538,-2.20169956891,5.3,0,9,-10.5,5.0,300.0
3.1,0.0,2,400.0,22.0,0,0,0.0971839427948,0,94.0,2,9,2.86539633251,-4.45864372401,5.3,0,9,-10.5,5.0,300.0
3.1,0.0,2,400.0,22.0,0,0,0.097179889679,0,94.0,2,0,0.0,5.3,5.3,0,9,-10.5,5.0,300.0
3.1,0.0,2,400.0,22.0,0,0,0.0971789360046,0,94.0,1,3,4.00547274408,3.47076188991,5.3,0,9,-10.5,5.0,300.0
3.1,0.0,1,400.0,22.0,0,1,0.0970311164856,0,94.0,1,11,6.49041367526e-16,-5.3,5.3,0,9,-10.5,5.0,300.0
3.1,0.0,1,400.0,22.0,0,0,0.0972020626068,0,94.0,1,1,1.49318255126,5.08531276016,5.3,0,9,-10.5,5.0,300.0
3.1,0.0,2,400.0,22.0,0,1,0.0971920490265,1,94.0,2,4,4.82104957538,2.20169956891,5.3,0,9,-10.5,5.0,300.0
3.1,0.0,2,400.0,22.0,0,2,0.097188949585,0,94.0,1,18,-4.82104957538,2.20169956891,5.3,0,9,-10.5,5.0,300.0
3.1,0.0,1,400.0,22.0,0,2,0.0970590114594,2,94.0,1,8,4.00547274408,-3.47076188991,5.3,0,9,-10.5,5.0,300.0
3.1,0.0,2,400.0,22.0,0,2,0.0972020626068,0,94.0,2,13,-2.86539633251,-4.45864372401,5.3,0,9,-10.5,5.0,300.0
3.1,0.0,1,400.0,22.0,0,0,0.0971767902374,0,94.0,1,8,4.00547274408,-3.47076188991,5.3,0,9,-10.5,5.0,300.0
3.1,0.0,2,400.0,22.0,0,1,0.0969941616058,1,94.0,2,5,5.24605364197,0.754268642848,5.3,0,9,-10.5,5.0,300.0
3.1,0.0,1,400.0,22.0,0,0,0.0972549915314,0,94.0,1,6,5.24605364197,-0.754268642848,5.3,0,9,-10.5,5.0,300.0
3.1,0.0,2,400.0,22.0,0,0,0.0971810817719,0,94.0,2,9,2.86539633251,-4.45864372401,5.3,0,9,-10.5,5.0,300.0
3.1,0.0,2,400.0,22.0,0,0,0.0971870422363,0,94.0,2,9,2.86539633251,-4.45864372401,5.3,0,9,-10.5,5.0,300.0
3.1,0.0,2,400.0,22.0,0,-1,0.0972199440002,-1,94.0,2,14,-4.00547274408,-3.47076188991,5.3,0,9,-10.5,5.0,300.0
3.1,0.0,1,400.0,22.0,0,0,0.0971758365631,0,94.0,1,4,4.82104957538,2.20169956891,5.3,0,9,-10.5,5.0,300.0
3.1,0.0,1,400.0,22.0,0,0,0.0972049236298,0,94.0,1,20,-2.86539633251,4.45864372401,5.3,0,9,-10.5,5.0,300.0
3.1,0.0,2,400.0,22.0,0,0,0.0972199440002,0,94.0,1,5,5.24605364197,0.754268642848,5.3,0,9,-10.5,5.0,300.0
3.1,0.0,2,400.0,22.0,0,0,0.0972390174866,0,94.0,1,6,5.24605364197,-0.754268642848,5.3,0,9,-10.5,5.0,300.0
3.1,0.0,1,400.0,22.0,0,1,0.0971789360046,1,94.0,1,14,-4.00547274408,-3.47076188991,5.3,0,9,-10.5,5.0,300.0
3.1,0.0,1,400.0,22.0,0,0,0.0970499515533,0,94.0,1,14,-4.00547274408,-3.47076188991,5.3,0,9,-10.5,5.0,300.0
3.1,0.0,1,400.0,22.0,0,1,0.097177028656,0,94.0,1,5,5.24605364197,0.754268642848,5.3,0,9,-10.5,5.0,300.0
3.1,0.0,2,400.0,22.0,0,0,0.0970618724823,0,94.0,2,8,4.00547274408,-3.47076188991,5.3,0,9,-10.5,5.0,300.0
3.1,0.0,2,400.0,22.0,0,1,0.0972290039062,1,94.0,2,2,2.86539633251,4.45864372401,5.3,0,9,-10.5,5.0,300.0
3.1,0.0,2,400.0,22.0,0,-1,0.097216129303,-1,94.0,2,11,6.49041367526e-16,-5.3,5.3,0,9,-10.5,5.0,300.0
3.1,0.0,2,400.0,22.0,0,0,0.0971961021423,0,94.0,1,16,-5.24605364197,-0.754268642848,5.3,0,9,-10.5,5.0,300.0
3.1,0.0,2,400.0,22.0,0,0,0.097060918808,0,94.0,2,5,5.24605364197,0.754268642848,5.3,0,9,-10.5,5.0,300.0
3.1,0.0,2,400.0,22.0,0,0,0.0970950126648,0,94.0,1,17,-5.24605364197,0.754268642848,5.3,0,9,-10.5,5.0,300.0
3.1,0.0,1,400.0,22.0,0,0,0.0971839427948,1,94.0,2,15,-4.82104957538,-2.20169956891,5.3,0,9,-10.5,5.0,300.0
3.1,0.0,2,400.0,22.0,0,-1,0.0970261096954,0,94.0,1,15,-4.82104957538,-2.20169956891,5.3,0,9,-10.5,5.0,300.0
3.1,0.0,1,400.0,22.0,0,1,0.0971989631653,1,94.0,1,12,-1.49318255126,-5.08531276016,5.3,0,9,-10.5,5.0,300.0
3.1,0.0,1,400.0,22.0,0,0,0.0971920490265,-1,94.0,2,8,4.00547274408,-3.47076188991,5.3,0,9,-10.5,5.0,300.0
3.1,0.0,1,400.0,22.0,0,1,0.0971801280975,1,94.0,1,17,-5.24605364197,0.754268642848,5.3,0,9,-10.5,5.0,300.0
3.1,0.0,1,400.0,22.0,0,0,0.0970070362091,0,94.0,1,4,4.82104957538,2.20169956891,5.3,0,9,-10.5,5.0,300.0
3.1,0.0,1,400.0,22.0,0,0,0.0969979763031,0,94.0,1,19,-4.00547274408,3.47076188991,5.3,0,9,-10.5,5.0,300.0
3.1,0.0,1,400.0,22.0,0,0,0.0972080230713,1,94.0,1,10,1.49318255126,-5.08531276016,5.3,0,9,-10.5,5.0,300.0
3.1,0.0,1,400.0,22.0,0,-1,0.0971920490265,-1,94.0,1,7,4.82104957538,-2.20169956891,5.3,0,9,-10.5,5.0,300.0
3.1,0.0,1,400.0,22.0,0,2,0.0972020626068,2,94.0,1,18,-4.82104957538,2.20169956891,5.3,0,9,-10.5,5.0,300.0
3.1,0.0,2,400.0,22.0,0,1,0.0971851348877,1,94.0,2,15,-4.82104957538,-2.20169956891,5.3,0,9,-10.5,5.0,300.0
3.1,0.0,2,400.0,22.0,0,0,0.097275018692,0,94.0,2,6,5.24605364197,-0.754268642848,5.3,0,9,-10.5,5.0,300.0
3.1,0.0,2,400.0,22.0,0,0,0.0972011089325,0,94.0,2,17,-5.24605364197,0.754268642848,5.3,0,9,-10.5,5.0,300.0
3.1,0.0,1,400.0,22.0,0,1,0.0970380306244,1,94.0,1,15,-4.82104957538,-2.20169956891,5.3,0,9,-10.5,5.0,300.0
3.1,0.0,2,400.0,22.0,0,0,0.097204208374,0,94.0,2,21,-1.49318255126,5.08531276016,5.3,0,9,-10.5,5.0,300.0
3.1,0.0,2,400.0,22.0,0,-1,0.0970509052277,-1,94.0,2,8,4.00547274408,-3.47076188991,5.3,0,9,-10.5,5.0,300.0
3.1,0.0,1,400.0,22.0,0,-2,0.0971992015839,-2,94.0,1,13,-2.86539633251,-4.45864372401,5.3,0,9,-10.5,5.0,300.0
3.1,0.0,2,400.0,22.0,0,1,0.0971939563751,1,94.0,2,0,0.0,5.3,5.3,0,9,-10.5,5.0,300.0
3.1,0.0,2,400.0,22.0,0,1,0.0971901416779,0,94.0,2,9,2.86539633251,-4.45864372401,5.3,0,9,-10.5,5.0,300.0
3.1,0.0,2,400.0,22.0,0,-2,0.0970129966736,0,94.0,2,21,-1.49318255126,5.08531276016,5.3,0,9,-10.5,5.0,300.0
3.1,0.0,2,400.0,22.0,0,0,0.0971851348877,0,94.0,1,21,-1.49318255126,5.08531276016,5.3,0,9,-10.5,5.0,300.0
3.1,0.0,2,400.0,22.0,0,0,0.0970149040222,0,94.0,2,12,-1.49318255126,-5.08531276016,5.3,0,9,-10.5,5.0,300.0
3.1,0.0,2,400.0,22.0,0,0,0.097146987915,0,94.0,1,5,5.24605364197,0.754268642848,5.3,0,9,-10.5,5.0,300.0
3.1,0.0,1,400.0,22.0,0,0,0.0972030162811,0,94.0,1,15,-4.82104957538,-2.20169956891,5.3,0,9,-10.5,5.0,300.0
3.1,0.0,1,400.0,22.0,0,0,0.0970020294189,0,94.0,2,1,1.49318255126,5.08531276016,5.3,0,9,-10.5,5.0,300.0
3.1,0.0,2,400.0,22.0,0,0,0.0971720218658,0,94.0,2,11,6.49041367526e-16,-5.3,5.3,0,9,-10.5,5.0,300.0
3.1,0.0,2,400.0,22.0,0,0,0.0971539020538,0,94.0,1,7,4.82104957538,-2.20169956891,5.3,0,9,-10.5,5.0,300.0
3.1,0.0,2,400.0,22.0,0,1,0.0972020626068,0,94.0,2,6,5.24605364197,-0.754268642848,5.3,0,9,-10.5,5.0,300.0
3.1,0.0,1,400.0,22.0,0,1,0.0972340106964,1,94.0,1,19,-4.00547274408,3.47076188991,5.3,0,9,-10.5,5.0,300.0
3.1,0.0,1,400.0,22.0,0,-1,0.0972168445587,0,94.0,1,1,1.49318255126,5.08531276016,5.3,0,9,-10.5,5.0,300.0
3.1,0.0,1,400.0,22.0,0,0,0.0972168445587,0,94.0,1,11,6.49041367526e-16,-5.3,5.3,0,9,-10.5,5.0,300.0
3.1,0.0,1,400.0,22.0,0,-2,0.0972239971161,0,94.0,1,2,2.86539633251,4.45864372401,5.3,0,9,-10.5,5.0,300.0
3.1,0.0,2,400.0,22.0,0,0,0.0972192287445,0,94.0,2,0,0.0,5.3,5.3,0,9,-10.5,5.0,300.0
3.1,0.0,1,400.0,22.0,0,-1,0.0974609851837,-1,94.0,1,7,4.82104957538,-2.20169956891,5.3,0,9,-10.5,5.0,300.0
3.1,0.0,2,400.0,22.0,0,0,0.0971670150757,0,94.0,2,18,-4.82104957538,2.20169956891,5.3,0,9,-10.5,5.0,300.0
3.1,0.0,1,400.0,22.0,0,-1,0.0971949100494,-1,94.0,1,14,-4.00547274408,-3.47076188991,5.3,0,9,-10.5,5.0,300.0
3.1,0.0,1,400.0,22.0,0,2,0.0971579551697,2,94.0,1,19,-4.00547274408,3.47076188991,5.3,0,9,-10.5,5.0,300.0
3.1,0.0,2,400.0,22.0,0,0,0.097177028656,0,94.0,2,7,4.82104957538,-2.20169956891,5.3,0,9,-10.5,5.0,300.0
3.1,0.0,2,400.0,22.0,0,0,0.0971939563751,0,94.0,2,0,0.0,5.3,5.3,0,9,-10.5,5.0,300.0
3.1,0.0,2,400.0,22.0,0,0,0.0970370769501,0,94.0,1,6,5.24605364197,-0.754268642848,5.3,0,9,-10.5,5.0,300.0
3.1,0.0,2,400.0,22.0,0,0,0.0972089767456,0,94.0,2,16,-5.24605364197,-0.754268642848,5.3,0,9,-10.5,5.0,300.0
3.1,0.0,1,400.0,22.0,0,0,0.0972230434418,0,94.0,1,19,-4.00547274408,3.47076188991,5.3,0,9,-10.5,5.0,300.0
3.1,0.0,2,400.0,22.0,0,1,0.0970160961151,1,94.0,2,12,-1.49318255126,-5.08531276016,5.3,0,9,-10.5,5.0,300.0
3.1,0.0,2,400.0,22.0,0,-1,0.0971879959106,-1,94.0,2,3,4.00547274408,3.47076188991,5.3,0,9,-10.5,5.0,300.0
3.1,0.0,2,400.0,22.0,0,0,0.0971891880035,0,94.0,2,2,2.86539633251,4.45864372401,5.3,0,9,-10.5,5.0,300.0
3.1,0.0,2,400.0,22.0,0,0,0.0970358848572,0,94.0,2,18,-4.82104957538,2.20169956891,5.3,0,9,-10.5,5.0,300.0
3.1,0.0,2,400.0,22.0,0,0,0.0971829891205,0,94.0,1,17,-5.24605364197,0.754268642848,5.3,0,9,-10.5,5.0,300.0
3.1,0.0,1,400.0,22.0,0,-1,0.0970230102539,-1,94.0,1,9,2.86539633251,-4.45864372401,5.3,0,9,-10.5,5.0,300.0
3.1,0.0,2,400.0,22.0,0,0,0.0970170497894,0,94.0,2,0,0.0,5.3,5.3,0,9,-10.5,5.0,300.0
3.1,0.0,1,400.0,22.0,0,0,0.0972030162811,0,94.0,1,7,4.82104957538,-2.20169956891,5.3,0,9,-10.5,5.0,300.0
3.1,0.0,2,400.0,22.0,0,0,0.0970320701599,0,94.0,1,5,5.24605364197,0.754268642848,5.3,0,9,-10.5,5.0,300.0
3.1,0.0,2,400.0,22.0,0,2,0.0970339775085,2,94.0,2,19,-4.00547274408,3.47076188991,5.3,0,9,-10.5,5.0,300.0
3.1,0.0,1,400.0,22.0,0,1,0.0971918106079,1,94.0,1,13,-2.86539633251,-4.45864372401,5.3,0,9,-10.5,5.0,300.0
3.1,0.0,2,400.0,22.0,0,0,0.0970499515533,0,94.0,1,3,4.00547274408,3.47076188991,5.3,0,9,-10.5,5.0,300.0
3.1,0.0,1,400.0,22.0,0,-1,0.097146987915,-1,94.0,1,7,4.82104957538,-2.20169956891,5.3,0,9,-10.5,5.0,300.0
3.1,0.0,2,400.0,22.0,0,0,0.097156047821,0,94.0,1,17,-5.24605364197,0.754268642848,5.3,0,9,-10.5,5.0,300.0
3.1,0.0,1,400.0,22.0,0,-1,0.0970079898834,2,94.0,2,11,6.49041367526e-16,-5.3,5.3,0,9,-10.5,5.0,300.0
3.1,0.0,1,400.0,22.0,0,-2,0.0972259044647,-2,94.0,1,8,4.00547274408,-3.47076188991,5.3,0,9,-10.5,5.0,300.0
3.1,0.0,1,400.0,22.0,0,-2,0.0971810817719,-2,94.0,1,7,4.82104957538,-2.20169956891,5.3,0,9,-10.5,5.0,300.0
3.1,0.0,2,400.0,22.0,0,0,0.0971820354462,0,94.0,1,4,4.82104957538,2.20169956891,5.3,0,9,-10.5,5.0,300.0
3.1,0.0,2,400.0,22.0,0,0,0.0972259044647,0,94.0,1,4,4.82104957538,2.20169956891,5.3,0,9,-10.5,5.0,300.0
3.1,0.0,2,400.0,22.0,0,-1,0.0972211360931,-1,94.0,1,7,4.82104957538,-2.20169956891,5.3,0,9,-10.5,5.0,300.0
3.1,0.0,2,400.0,22.0,0,-1,0.0971958637238,0,94.0,1,4,4.82104957538,2.20169956891,5.3,0,9,-10.5,5.0,300.0
3.1,0.0,1,400.0,22.0,0,1,0.0971848964691,1,94.0,1,15,-4.82104957538,-2.20169956891,5.3,0,9,-10.5,5.0,300.0
3.1,0.0,1,400.0,22.0,0,0,0.0971908569336,0,94.0,1,13,-2.86539633251,-4.45864372401,5.3,0,9,-10.5,5.0,300.0
3.1,0.0,2,400.0,22.0,0,-2,0.0970420837402,-2,94.0,2,3,4.00547274408,3.47076188991,5.3,0,9,-10.5,5.0,300.0
3.1,0.0,2,400.0,22.0,0,1,0.0971667766571,1,94.0,2,12,-1.49318255126,-5.08531276016,5.3,0,9,-10.5,5.0,300.0
3.1,0.0,1,400.0,22.0,0,0,0.0971698760986,0,94.0,1,21,-1.49318255126,5.08531276016,5.3,0,9,-10.5,5.0,300.0
3.1,0.0,1,400.0,22.0,0,2,0.0972001552582,2,94.0,1,19,-4.00547274408,3.47076188991,5.3,0,9,-10.5,5.0,300.0
3.1,0.0,2,400.0,22.0,0,1,0.097179889679,1,94.0,2,4,4.82104957538,2.20169956891,5.3,0,9,-10.5,5.0,300.0
3.1,0.0,1,400.0,22.0,0,-2,0.0970311164856,-2,94.0,1,9,2.86539633251,-4.45864372401,5.3,0,9,-10.5,5.0,300.0
3.1,0.0,1,400.0,22.0,0,0,0.0970480442047,0,94.0,1,21,-1.49318255126,5.08531276016,5.3,0,9,-10.5,5.0,300.0
3.1,0.0,1,400.0,22.0,0,0,0.0970070362091,0,94.0,1,18,-4.82104957538,2.20169956891,5.3,0,9,-10.5,5.0,300.0
3.1,0.0,1,400.0,22.0,0,-1,0.0970630645752,-1,94.0,1,9,2.86539633251,-4.45864372401,5.3,0,9,-10.5,5.0,300.0
3.1,0.0,2,400.0,22.0,0,2,0.0970060825348,2,94.0,2,3,4.00547274408,3.47076188991,5.3,0,9,-10.5,5.0,300.0
3.1,0.0,2,400.0,22.0,0,-2,0.097195148468,-2,94.0,2,10,1.49318255126,-5.08531276016,5.3,0,9,-10.5,5.0,300.0
3.1,0.0,2,400.0,22.0,0,1,0.0972301959991,1,94.0,2,15,-4.82104957538,-2.20169956891,5.3,0,9,-10.5,5.0,300.0
3.1,0.0,1,400.0,22.0,0,0,0.0972092151642,0,94.0,1,17,-5.24605364197,0.754268642848,5.3,0,9,-10.5,5.0,300.0
3.1,0.0,2,400.0,22.0,0,-1,0.0972158908844,-1,94.0,2,13,-2.86539633251,-4.45864372401,5.3,0,9,-10.5,5.0,300.0
3.1,0.0,2,400.0,22.0,0,-1,0.0972199440002,0,94.0,2,13,-2.86539633251,-4.45864372401,5.3,0,9,-10.5,5.0,300.0
3.1,0.0,2,400.0,22.0,0,0,0.0971999168396,0,94.0,2,7,4.82104957538,-2.20169956891,5.3,0,9,-10.5,5.0,300.0
3.1,0.0,2,400.0,22.0,0,-1,0.097195148468,-1,94.0,2,18,-4.82104957538,2.20169956891,5.3,0,9,-10.5,5.0,300.0
3.1,0.0,2,400.0,22.0,0,-1,0.0972218513489,-1,94.0,2,1,1.49318255126,5.08531276016,5.3,0,9,-10.5,5.0,300.0
3.1,0.0,1,400.0,22.0,0,0,0.097179889679,0,94.0,1,4,4.82104957538,2.20169956891,5.3,0,9,-10.5,5.0,300.0
3.1,0.0,2,400.0,22.0,0,0,0.0971329212189,0,94.0,1,1,1.49318255126,5.08531276016,5.3,0,9,-10.5,5.0,300.0
3.1,0.0,2,400.0,22.0,0,-1,0.0970931053162,-1,94.0,2,14,-4.00547274408,-3.47076188991,5.3,0,9,-10.5,5.0,300.0
3.1,0.0,1,400.0,22.0,0,1,0.0971810817719,1,94.0,1,0,0.0,5.3,5.3,0,9,-10.5,5.0,300.0
3.1,0.0,2,400.0,22.0,0,0,0.0970449447632,0,94.0,2,16,-5.24605364197,-0.754268642848,5.3,0,9,-10.5,5.0,300.0
3.1,0.0,1,400.0,22.0,0,-1,0.0971710681915,-1,94.0,1,11,6.49041367526e-16,-5.3,5.3,0,9,-10.5,5.0,300.0
3.1,0.0,2,400.0,22.0,0,1,0.097195148468,1,94.0,2,0,0.0,5.3,5.3,0,9,-10.5,5.0,300.0
3.1,0.0,2,400.0,22.0,0,0,0.0970408916473,0,94.0,2,2,2.86539633251,4.45864372401,5.3,0,9,-10.5,5.0,300.0
3.1,0.0,1,400.0,22.0,0,1,0.0970780849457,1,94.0,1,20,-2.86539633251,4.45864372401,5.3,0,9,-10.5,5.0,300.0
3.1,0.0,2,400.0,22.0,0,0,0.0971829891205,0,94.0,2,8,4.00547274408,-3.47076188991,5.3,0,9,-10.5,5.0,300.0
3.1,0.0,2,400.0,22.0,0,-1,0.0970180034637,-1,94.0,2,12,-1.49318255126,-5.08531276016,5.3,0,9,-10.5,5.0,300.0
3.1,0.0,2,400.0,22.0,0,0,0.0972030162811,0,94.0,2,20,-2.86539633251,4.45864372401,5.3,0,9,-10.5,5.0,300.0
3.1,0.0,2,400.0,22.0,0,-1,0.0970160961151,-1,94.0,2,19,-4.00547274408,3.47076188991,5.3,0,9,-10.5,5.0,300.0
3.1,0.0,2,400.0,22.0,0,1,0.0972020626068,1,94.0,2,4,4.82104957538,2.20169956891,5.3,0,9,-10.5,5.0,300.0
3.1,0.0,2,400.0,22.0,0,-1,0.0970139503479,-1,94.0,2,0,0.0,5.3,5.3,0,9,-10.5,5.0,300.0
3.1,0.0,2,400.0,22.0,0,-1,0.0971908569336,-1,94.0,2,0,0.0,5.3,5.3,0,9,-10.5,5.0,300.0
3.1,0.0,2,400.0,22.0,0,0,0.0971710681915,0,94.0,2,12,-1.49318255126,-5.08531276016,5.3,0,9,-10.5,5.0,300.0
3.1,0.0,1,400.0,22.0,0,0,0.0971870422363,0,94.0,1,10,1.49318255126,-5.08531276016,5.3,0,9,-10.5,5.0,300.0
3.1,0.0,1,400.0,22.0,0,1,0.09716796875,1,94.0,1,15,-4.82104957538,-2.20169956891,5.3,0,9,-10.5,5.0,300.0
3.1,0.0,2,400.0,22.0,0,0,0.0970029830933,0,94.0,2,0,0.0,5.3,5.3,0,9,-10.5,5.0,300.0
3.1,0.0,1,400.0,22.0,0,0,0.0971868038177,0,94.0,1,3,4.00547274408,3.47076188991,5.3,0,9,-10.5,5.0,300.0
3.1,0.0,2,400.0,22.0,0,0,0.0971441268921,0,94.0,2,5,5.24605364197,0.754268642848,5.3,0,9,-10.5,5.0,300.0
3.1,0.0,2,400.0,22.0,0,0,0.0970118045807,0,94.0,2,6,5.24605364197,-0.754268642848,5.3,0,9,-10.5,5.0,300.0
3.1,0.0,2,400.0,22.0,0,0,0.0972089767456,0,94.0,2,16,-5.24605364197,-0.754268642848,5.3,0,9,-10.5,5.0,300.0
3.1,0.0,2,400.0,22.0,0,0,0.0972239971161,2,94.0,2,7,4.82104957538,-2.20169956891,5.3,0,9,-10.5,5.0,300.0
3.1,0.0,2,400.0,22.0,0,0,0.0972111225128,0,94.0,2,13,-2.86539633251,-4.45864372401,5.3,0,9,-10.5,5.0,300.0
3.1,0.0,2,400.0,22.0,0,0,0.0971939563751,0,94.0,2,17,-5.24605364197,0.754268642848,5.3,0,9,-10.5,5.0,300.0
3.1,0.0,2,400.0,22.0,0,0,0.0972139835358,0,94.0,2,15,-4.82104957538,-2.20169956891,5.3,0,9,-10.5,5.0,300.0
3.1,0.0,2,400.0,22.0,0,-2,0.0972352027893,-2,94.0,2,10,1.49318255126,-5.08531276016,5.3,0,9,-10.5,5.0,300.0
3.1,0.0,2,400.0,22.0,0,1,0.0972139835358,0,94.0,1,11,6.49041367526e-16,-5.3,5.3,0,9,-10.5,5.0,300.0
