offset2,cue-loc-int,refi,radius,ntrials,ms-st-cue,npractice,resp-h-pos,ms-stimon,actualStimOn,version,bars-or-spot,nitems,resp-h-hv,resp-v-hv,offset,cue-length,resp-v-pos,cue-loc-x,cue-loc-y,ms-precue
0,15,17,5.3,400.0,400.0,10.0,0,100.0,0.10334992408752441,6,0,22.0,1,2,-9,3.1,0,-4.821049575378945,-2.201699568910002,0.0
0,6,8,5.3,400.0,400.0,10.0,0,100.0,0.10323500633239746,6,0,22.0,1,2,-9,3.1,0,5.246053641968944,-0.7542686428484106,0.0
0,20,0,5.3,400.0,400.0,10.0,0,100.0,0.1030571460723877,6,0,22.0,1,2,-9,3.1,-1,-2.8653963325146705,4.458643724005258,0.0
0,11,13,5.3,400.0,400.0,10.0,-2,100.0,0.10309410095214844,6,0,22.0,2,1,-9,3.1,0,6.490413675258599e-16,-5.3,0.0
0,8,10,5.3,400.0,400.0,10.0,0,100.0,0.10325098037719727,6,0,22.0,2,2,-9,3.1,1,4.005472744077569,-3.47076188991001,0.0
0,8,10,5.3,400.0,400.0,10.0,-2,100.0,0.10324907302856445,6,0,22.0,1,1,-9,3.1,0,4.005472744077569,-3.47076188991001,0.0
0,8,10,5.3,400.0,400.0,10.0,1,100.0,0.10323095321655273,6,0,22.0,1,2,-9,3.1,0,4.005472744077569,-3.47076188991001,0.0
0,13,15,5.3,400.0,400.0,10.0,1,100.0,0.10325312614440918,6,0,22.0,2,2,-9,3.1,-2,-2.865396332514667,-4.4586437240052605,0.0
0,15,17,5.3,400.0,400.0,10.0,-2,100.0,0.10325098037719727,6,0,22.0,2,1,-9,3.1,1,-4.821049575378945,-2.201699568910002,0.0
0,9,11,5.3,400.0,400.0,10.0,-1,100.0,0.10364818572998047,6,0,22.0,1,1,-9,3.1,-2,2.8653963325146665,-4.4586437240052605,0.0
0,2,4,5.3,400.0,400.0,10.0,1,100.0,0.10325479507446289,6,0,22.0,1,1,-9,3.1,-1,2.865396332514667,4.4586437240052605,0.0
0,19,21,5.3,400.0,400.0,10.0,-2,100.0,0.10354900360107422,6,0,22.0,1,1,-9,3.1,0,-4.005472744077568,3.470761889910012,0.0
0,2,4,5.3,400.0,400.0,10.0,0,100.0,0.10313606262207031,6,0,22.0,1,2,-9,3.1,-1,2.865396332514667,4.4586437240052605,0.0
0,17,19,5.3,400.0,400.0,10.0,-2,100.0,0.10328912734985352,6,0,22.0,2,1,-9,3.1,2,-5.246053641968944,0.7542686428484098,0.0
0,11,13,5.3,400.0,400.0,10.0,0,100.0,0.10333609580993652,6,0,22.0,2,1,-9,3.1,0,6.490413675258599e-16,-5.3,0.0
0,6,8,5.3,400.0,400.0,10.0,2,100.0,0.1032259464263916,6,0,22.0,2,1,-9,3.1,1,5.246053641968944,-0.7542686428484106,0.0
0,1,3,5.3,400.0,400.0,10.0,-1,100.0,0.10305905342102051,6,0,22.0,1,2,-9,3.1,-2,1.493182551259577,5.085312760156836,0.0
0,15,17,5.3,400.0,400.0,10.0,1,100.0,0.1033470630645752,6,0,22.0,1,2,-9,3.1,0,-4.821049575378945,-2.201699568910002,0.0
0,3,5,5.3,400.0,400.0,10.0,0,100.0,0.10324692726135254,6,0,22.0,1,2,-9,3.1,1,4.005472744077569,3.470761889910011,0.0
0,10,12,5.3,400.0,400.0,10.0,1,100.0,0.10326099395751953,6,0,22.0,2,1,-9,3.1,2,1.4931825512595793,-5.085312760156835,0.0
0,9,11,5.3,400.0,400.0,10.0,-2,100.0,0.1032400131225586,6,0,22.0,2,2,-9,3.1,-1,2.8653963325146665,-4.4586437240052605,0.0
0,17,19,5.3,400.0,400.0,10.0,0,100.0,0.1032419204711914,6,0,22.0,2,1,-9,3.1,-2,-5.246053641968944,0.7542686428484098,0.0
0,12,14,5.3,400.0,400.0,10.0,0,100.0,0.1030569076538086,6,0,22.0,2,1,-9,3.1,0,-1.4931825512595758,-5.085312760156836,0.0
0,8,10,5.3,400.0,400.0,10.0,-1,100.0,0.1033167839050293,6,0,22.0,1,1,-9,3.1,2,4.005472744077569,-3.47076188991001,0.0
0,1,3,5.3,400.0,400.0,10.0,-1,100.0,0.1032569408416748,6,0,22.0,1,2,-9,3.1,0,1.493182551259577,5.085312760156836,0.0
0,19,21,5.3,400.0,400.0,10.0,-1,100.0,0.10328793525695801,6,0,22.0,2,2,-9,3.1,0,-4.005472744077568,3.470761889910012,0.0
0,9,11,5.3,400.0,400.0,10.0,-1,100.0,0.10326695442199707,6,0,22.0,1,2,-9,3.1,2,2.8653963325146665,-4.4586437240052605,0.0
0,19,21,5.3,400.0,400.0,10.0,2,100.0,0.1030421257019043,6,0,22.0,1,2,-9,3.1,1,-4.005472744077568,3.470761889910012,0.0
0,14,16,5.3,400.0,400.0,10.0,1,100.0,0.10325503349304199,6,0,22.0,2,2,-9,3.1,2,-4.005472744077568,-3.4707618899100114,0.0
0,2,4,5.3,400.0,400.0,10.0,0,100.0,0.10319805145263672,6,0,22.0,2,1,-9,3.1,-1,2.865396332514667,4.4586437240052605,0.0
0,7,9,5.3,400.0,400.0,10.0,1,100.0,0.10315203666687012,6,0,22.0,2,2,-9,3.1,0,4.8210495753789475,-2.2016995689099974,0.0
0,0,2,5.3,400.0,400.0,10.0,2,100.0,0.1033790111541748,6,0,22.0,2,1,-9,3.1,-1,0.0,5.3,0.0
0,10,12,5.3,400.0,400.0,10.0,0,100.0,0.10310602188110352,6,0,22.0,2,1,-9,3.1,-2,1.4931825512595793,-5.085312760156835,0.0
0,2,4,5.3,400.0,400.0,10.0,0,100.0,0.1035151481628418,6,0,22.0,2,2,-9,3.1,2,2.865396332514667,4.4586437240052605,0.0
0,20,0,5.3,400.0,400.0,10.0,1,100.0,0.10352587699890137,6,0,22.0,2,1,-9,3.1,-2,-2.8653963325146705,4.458643724005258,0.0
0,5,7,5.3,400.0,400.0,10.0,-1,100.0,0.10333991050720215,6,0,22.0,2,2,-9,3.1,0,5.246053641968943,0.7542686428484122,0.0
0,19,21,5.3,400.0,400.0,10.0,-2,100.0,0.1031959056854248,6,0,22.0,1,2,-9,3.1,1,-4.005472744077568,3.470761889910012,0.0
0,6,8,5.3,400.0,400.0,10.0,-1,100.0,0.1034390926361084,6,0,22.0,2,2,-9,3.1,1,5.246053641968944,-0.7542686428484106,0.0
0,2,4,5.3,400.0,400.0,10.0,-2,100.0,0.10325098037719727,6,0,22.0,1,2,-9,3.1,-2,2.865396332514667,4.4586437240052605,0.0
0,5,7,5.3,400.0,400.0,10.0,1,100.0,0.10328197479248047,6,0,22.0,2,1,-9,3.1,0,5.246053641968943,0.7542686428484122,0.0
0,17,19,5.3,400.0,400.0,10.0,0,100.0,0.10310006141662598,6,0,22.0,2,1,-9,3.1,2,-5.246053641968944,0.7542686428484098,0.0
0,3,5,5.3,400.0,400.0,10.0,1,100.0,0.10329794883728027,6,0,22.0,2,1,-9,3.1,1,4.005472744077569,3.470761889910011,0.0
0,3,5,5.3,400.0,400.0,10.0,1,100.0,0.10341191291809082,6,0,22.0,1,2,-9,3.1,0,4.005472744077569,3.470761889910011,0.0
0,3,5,5.3,400.0,400.0,10.0,1,100.0,0.1031961441040039,6,0,22.0,1,2,-9,3.1,0,4.005472744077569,3.470761889910011,0.0
0,14,16,5.3,400.0,400.0,10.0,2,100.0,0.10337090492248535,6,0,22.0,2,1,-9,3.1,1,-4.005472744077568,-3.4707618899100114,0.0
0,15,17,5.3,400.0,400.0,10.0,0,100.0,0.10339808464050293,6,0,22.0,2,2,-9,3.1,-2,-4.821049575378945,-2.201699568910002,0.0
0,1,3,5.3,400.0,400.0,10.0,-1,100.0,0.1030580997467041,6,0,22.0,2,2,-9,3.1,1,1.493182551259577,5.085312760156836,0.0
0,17,19,5.3,400.0,400.0,10.0,-1,100.0,0.10310506820678711,6,0,22.0,2,1,-9,3.1,2,-5.246053641968944,0.7542686428484098,0.0
0,17,19,5.3,400.0,400.0,10.0,-2,100.0,0.10325884819030762,6,0,22.0,2,2,-9,3.1,0,-5.246053641968944,0.7542686428484098,0.0
0,19,21,5.3,400.0,400.0,10.0,0,100.0,0.10323119163513184,6,0,22.0,2,1,-9,3.1,0,-4.005472744077568,3.470761889910012,0.0
0,13,15,5.3,400.0,400.0,10.0,2,100.0,0.10394501686096191,6,0,22.0,2,1,-9,3.1,-1,-2.865396332514667,-4.4586437240052605,0.0
0,0,2,5.3,400.0,400.0,10.0,-2,100.0,0.10330605506896973,6,0,22.0,2,2,-9,3.1,1,0.0,5.3,0.0
0,16,18,5.3,400.0,400.0,10.0,-1,100.0,0.10310602188110352,6,0,22.0,2,1,-9,3.1,2,-5.246053641968943,-0.7542686428484117,0.0
0,14,16,5.3,400.0,400.0,10.0,2,100.0,0.10333609580993652,6,0,22.0,2,2,-9,3.1,-2,-4.005472744077568,-3.4707618899100114,0.0
0,12,14,5.3,400.0,400.0,10.0,1,100.0,0.10330796241760254,6,0,22.0,1,1,-9,3.1,-2,-1.4931825512595758,-5.085312760156836,0.0
0,5,7,5.3,400.0,400.0,10.0,-1,100.0,0.10325002670288086,6,0,22.0,2,2,-9,3.1,0,5.246053641968943,0.7542686428484122,0.0
0,19,21,5.3,400.0,400.0,10.0,2,100.0,0.10320210456848145,6,0,22.0,1,2,-9,3.1,0,-4.005472744077568,3.470761889910012,0.0
0,12,14,5.3,400.0,400.0,10.0,-2,100.0,0.1031031608581543,6,0,22.0,1,1,-9,3.1,-1,-1.4931825512595758,-5.085312760156836,0.0
0,19,21,5.3,400.0,400.0,10.0,1,100.0,0.10325908660888672,6,0,22.0,1,2,-9,3.1,2,-4.005472744077568,3.470761889910012,0.0
0,18,20,5.3,400.0,400.0,10.0,0,100.0,0.10337400436401367,6,0,22.0,2,1,-9,3.1,-1,-4.821049575378947,2.20169956891,0.0
0,18,20,5.3,400.0,400.0,10.0,-1,100.0,0.1033329963684082,6,0,22.0,1,2,-9,3.1,0,-4.821049575378947,2.20169956891,0.0
0,15,17,5.3,400.0,400.0,10.0,-1,100.0,0.10323286056518555,6,0,22.0,1,2,-9,3.1,0,-4.821049575378945,-2.201699568910002,0.0
0,9,11,5.3,400.0,400.0,10.0,-1,100.0,0.10331106185913086,6,0,22.0,2,1,-9,3.1,0,2.8653963325146665,-4.4586437240052605,0.0
0,15,17,5.3,400.0,400.0,10.0,1,100.0,0.10325503349304199,6,0,22.0,2,2,-9,3.1,-1,-4.821049575378945,-2.201699568910002,0.0
0,0,2,5.3,400.0,400.0,10.0,2,100.0,0.10342001914978027,6,0,22.0,2,1,-9,3.1,-1,0.0,5.3,0.0
0,0,2,5.3,400.0,400.0,10.0,0,100.0,0.10398602485656738,6,0,22.0,1,1,-9,3.1,1,0.0,5.3,0.0
0,14,16,5.3,400.0,400.0,10.0,-1,100.0,0.10332202911376953,6,0,22.0,2,1,-9,3.1,2,-4.005472744077568,-3.4707618899100114,0.0
0,8,10,5.3,400.0,400.0,10.0,0,100.0,0.10325789451599121,6,0,22.0,1,2,-9,3.1,-2,4.005472744077569,-3.47076188991001,0.0
0,2,4,5.3,400.0,400.0,10.0,-1,100.0,0.10336112976074219,6,0,22.0,2,2,-9,3.1,-2,2.865396332514667,4.4586437240052605,0.0
0,9,11,5.3,400.0,400.0,10.0,0,100.0,0.10324692726135254,6,0,22.0,1,2,-9,3.1,0,2.8653963325146665,-4.4586437240052605,0.0
0,15,17,5.3,400.0,400.0,10.0,0,100.0,0.10323119163513184,6,0,22.0,2,1,-9,3.1,1,-4.821049575378945,-2.201699568910002,0.0
0,3,5,5.3,400.0,400.0,10.0,-2,100.0,0.10338807106018066,6,0,22.0,2,1,-9,3.1,1,4.005472744077569,3.470761889910011,0.0
0,20,0,5.3,400.0,400.0,10.0,2,100.0,0.10325002670288086,6,0,22.0,2,2,-9,3.1,0,-2.8653963325146705,4.458643724005258,0.0
0,11,13,5.3,400.0,400.0,10.0,2,100.0,0.10325908660888672,6,0,22.0,2,2,-9,3.1,1,6.490413675258599e-16,-5.3,0.0
0,20,0,5.3,400.0,400.0,10.0,0,100.0,0.10326004028320312,6,0,22.0,1,1,-9,3.1,-1,-2.8653963325146705,4.458643724005258,0.0
0,12,14,5.3,400.0,400.0,10.0,1,100.0,0.10326790809631348,6,0,22.0,1,1,-9,3.1,-2,-1.4931825512595758,-5.085312760156836,0.0
0,6,8,5.3,400.0,400.0,10.0,1,100.0,0.10334610939025879,6,0,22.0,1,2,-9,3.1,-1,5.246053641968944,-0.7542686428484106,0.0
0,13,15,5.3,400.0,400.0,10.0,0,100.0,0.10318112373352051,6,0,22.0,2,2,-9,3.1,2,-2.865396332514667,-4.4586437240052605,0.0
0,6,8,5.3,400.0,400.0,10.0,0,100.0,0.10325908660888672,6,0,22.0,1,2,-9,3.1,0,5.246053641968944,-0.7542686428484106,0.0
0,11,13,5.3,400.0,400.0,10.0,-2,100.0,0.10334181785583496,6,0,22.0,2,2,-9,3.1,0,6.490413675258599e-16,-5.3,0.0
0,10,12,5.3,400.0,400.0,10.0,1,100.0,0.10326194763183594,6,0,22.0,2,1,-9,3.1,-1,1.4931825512595793,-5.085312760156835,0.0
0,19,21,5.3,400.0,400.0,10.0,-1,100.0,0.10321688652038574,6,0,22.0,2,2,-9,3.1,1,-4.005472744077568,3.470761889910012,0.0
0,10,12,5.3,400.0,400.0,10.0,1,100.0,0.10310792922973633,6,0,22.0,1,2,-9,3.1,-2,1.4931825512595793,-5.085312760156835,0.0
0,3,5,5.3,400.0,400.0,10.0,-2,100.0,0.10323309898376465,6,0,22.0,1,2,-9,3.1,0,4.005472744077569,3.470761889910011,0.0
0,3,5,5.3,400.0,400.0,10.0,0,100.0,0.10332298278808594,6,0,22.0,1,2,-9,3.1,0,4.005472744077569,3.470761889910011,0.0
0,20,0,5.3,400.0,400.0,10.0,2,100.0,0.10319304466247559,6,0,22.0,1,1,-9,3.1,0,-2.8653963325146705,4.458643724005258,0.0
0,7,9,5.3,400.0,400.0,10.0,-2,100.0,0.10316896438598633,6,0,22.0,1,1,-9,3.1,-1,4.8210495753789475,-2.2016995689099974,0.0
0,1,3,5.3,400.0,400.0,10.0,-2,100.0,0.10330605506896973,6,0,22.0,2,2,-9,3.1,2,1.493182551259577,5.085312760156836,0.0
0,15,17,5.3,400.0,400.0,10.0,2,100.0,0.10321712493896484,6,0,22.0,2,2,-9,3.1,-2,-4.821049575378945,-2.201699568910002,0.0
0,0,2,5.3,400.0,400.0,10.0,-2,100.0,0.10331392288208008,6,0,22.0,1,1,-9,3.1,1,0.0,5.3,0.0
0,0,2,5.3,400.0,400.0,10.0,2,100.0,0.10343194007873535,6,0,22.0,2,2,-9,3.1,1,0.0,5.3,0.0
0,9,11,5.3,400.0,400.0,10.0,-1,100.0,0.10329914093017578,6,0,22.0,1,1,-9,3.1,2,2.8653963325146665,-4.4586437240052605,0.0
0,3,5,5.3,400.0,400.0,10.0,0,100.0,0.10328102111816406,6,0,22.0,1,1,-9,3.1,-1,4.005472744077569,3.470761889910011,0.0
0,10,12,5.3,400.0,400.0,10.0,-1,100.0,0.10328102111816406,6,0,22.0,1,1,-9,3.1,1,1.4931825512595793,-5.085312760156835,0.0
0,14,16,5.3,400.0,400.0,10.0,-2,100.0,0.10348105430603027,6,0,22.0,1,1,-9,3.1,0,-4.005472744077568,-3.4707618899100114,0.0
0,12,14,5.3,400.0,400.0,10.0,-2,100.0,0.10308384895324707,6,0,22.0,2,1,-9,3.1,1,-1.4931825512595758,-5.085312760156836,0.0
0,8,10,5.3,400.0,400.0,10.0,2,100.0,0.10336709022521973,6,0,22.0,2,1,-9,3.1,1,4.005472744077569,-3.47076188991001,0.0
0,5,7,5.3,400.0,400.0,10.0,0,100.0,0.10312104225158691,6,0,22.0,2,1,-9,3.1,2,5.246053641968943,0.7542686428484122,0.0
0,7,9,5.3,400.0,400.0,10.0,-1,100.0,0.1032869815826416,6,0,22.0,2,1,-9,3.1,2,4.8210495753789475,-2.2016995689099974,0.0
0,12,14,5.3,400.0,400.0,10.0,0,100.0,0.10314798355102539,6,0,22.0,2,2,-9,3.1,2,-1.4931825512595758,-5.085312760156836,0.0
0,21,1,5.3,400.0,400.0,10.0,1,100.0,0.10331296920776367,6,0,22.0,1,1,-9,3.1,-1,-1.4931825512595778,5.085312760156836,0.0
0,5,7,5.3,400.0,400.0,10.0,-1,100.0,0.10324692726135254,6,0,22.0,2,1,-9,3.1,-1,5.246053641968943,0.7542686428484122,0.0
0,18,20,5.3,400.0,400.0,10.0,1,100.0,0.1032559871673584,6,0,22.0,2,2,-9,3.1,0,-4.821049575378947,2.20169956891,0.0
0,10,12,5.3,400.0,400.0,10.0,0,100.0,0.10324597358703613,6,0,22.0,1,2,-9,3.1,2,1.4931825512595793,-5.085312760156835,0.0
0,5,7,5.3,400.0,400.0,10.0,-1,100.0,0.10323619842529297,6,0,22.0,2,2,-9,3.1,1,5.246053641968943,0.7542686428484122,0.0
0,7,9,5.3,400.0,400.0,10.0,0,100.0,0.10327696800231934,6,0,22.0,2,1,-9,3.1,0,4.8210495753789475,-2.2016995689099974,0.0
0,21,1,5.3,400.0,400.0,10.0,-2,100.0,0.10319399833679199,6,0,22.0,2,2,-9,3.1,1,-1.4931825512595778,5.085312760156836,0.0
0,16,18,5.3,400.0,400.0,10.0,0,100.0,0.1032710075378418,6,0,22.0,2,2,-9,3.1,-1,-5.246053641968943,-0.7542686428484117,0.0
0,14,16,5.3,400.0,400.0,10.0,2,100.0,0.10325789451599121,6,0,22.0,1,2,-9,3.1,0,-4.005472744077568,-3.4707618899100114,0.0
0,12,14,5.3,400.0,400.0,10.0,0,100.0,0.10307598114013672,6,0,22.0,2,2,-9,3.1,1,-1.4931825512595758,-5.085312760156836,0.0
0,9,11,5.3,400.0,400.0,10.0,0,100.0,0.10323214530944824,6,0,22.0,2,2,-9,3.1,-1,2.8653963325146665,-4.4586437240052605,0.0
0,21,1,5.3,400.0,400.0,10.0,1,100.0,0.10340619087219238,6,0,22.0,1,1,-9,3.1,0,-1.4931825512595778,5.085312760156836,0.0
0,8,10,5.3,400.0,400.0,10.0,-2,100.0,0.10324692726135254,6,0,22.0,1,1,-9,3.1,0,4.005472744077569,-3.47076188991001,0.0
0,6,8,5.3,400.0,400.0,10.0,-1,100.0,0.10324311256408691,6,0,22.0,2,2,-9,3.1,2,5.246053641968944,-0.7542686428484106,0.0
0,15,17,5.3,400.0,400.0,10.0,0,100.0,0.10330486297607422,6,0,22.0,2,1,-9,3.1,0,-4.821049575378945,-2.201699568910002,0.0
0,0,2,5.3,400.0,400.0,10.0,0,100.0,0.10325002670288086,6,0,22.0,2,1,-9,3.1,0,0.0,5.3,0.0
0,17,19,5.3,400.0,400.0,10.0,1,100.0,0.10310196876525879,6,0,22.0,1,2,-9,3.1,-1,-5.246053641968944,0.7542686428484098,0.0
0,3,5,5.3,400.0,400.0,10.0,0,100.0,0.10306501388549805,6,0,22.0,2,2,-9,3.1,2,4.005472744077569,3.470761889910011,0.0
0,1,3,5.3,400.0,400.0,10.0,1,100.0,0.10315513610839844,6,0,22.0,2,1,-9,3.1,-2,1.493182551259577,5.085312760156836,0.0
0,14,16,5.3,400.0,400.0,10.0,1,100.0,0.10306811332702637,6,0,22.0,1,2,-9,3.1,-2,-4.005472744077568,-3.4707618899100114,0.0
0,1,3,5.3,400.0,400.0,10.0,-1,100.0,0.10327005386352539,6,0,22.0,2,1,-9,3.1,-1,1.493182551259577,5.085312760156836,0.0
0,5,7,5.3,400.0,400.0,10.0,1,100.0,0.10333514213562012,6,0,22.0,2,1,-9,3.1,-1,5.246053641968943,0.7542686428484122,0.0
0,7,9,5.3,400.0,400.0,10.0,0,100.0,0.10323810577392578,6,0,22.0,2,1,-9,3.1,0,4.8210495753789475,-2.2016995689099974,0.0
0,9,11,5.3,400.0,400.0,10.0,2,100.0,0.10323786735534668,6,0,22.0,1,1,-9,3.1,0,2.8653963325146665,-4.4586437240052605,0.0
0,0,2,5.3,400.0,400.0,10.0,0,100.0,0.10323405265808105,6,0,22.0,1,2,-9,3.1,-1,0.0,5.3,0.0
0,1,3,5.3,400.0,400.0,10.0,0,100.0,0.1032109260559082,6,0,22.0,1,2,-9,3.1,2,1.493182551259577,5.085312760156836,0.0
0,9,11,5.3,400.0,400.0,10.0,1,100.0,0.10306191444396973,6,0,22.0,2,1,-9,3.1,2,2.8653963325146665,-4.4586437240052605,0.0
0,21,1,5.3,400.0,400.0,10.0,-2,100.0,0.1032719612121582,6,0,22.0,1,1,-9,3.1,-1,-1.4931825512595778,5.085312760156836,0.0
0,15,17,5.3,400.0,400.0,10.0,0,100.0,0.10320305824279785,6,0,22.0,1,2,-9,3.1,-2,-4.821049575378945,-2.201699568910002,0.0
0,13,15,5.3,400.0,400.0,10.0,0,100.0,0.10323095321655273,6,0,22.0,1,1,-9,3.1,1,-2.865396332514667,-4.4586437240052605,0.0
0,9,11,5.3,400.0,400.0,10.0,1,100.0,0.10329389572143555,6,0,22.0,1,1,-9,3.1,0,2.8653963325146665,-4.4586437240052605,0.0
0,19,21,5.3,400.0,400.0,10.0,-2,100.0,0.10332393646240234,6,0,22.0,2,1,-9,3.1,2,-4.005472744077568,3.470761889910012,0.0
0,12,14,5.3,400.0,400.0,10.0,2,100.0,0.1033010482788086,6,0,22.0,2,1,-9,3.1,-1,-1.4931825512595758,-5.085312760156836,0.0
0,18,20,5.3,400.0,400.0,10.0,-2,100.0,0.10310006141662598,6,0,22.0,2,2,-9,3.1,-1,-4.821049575378947,2.20169956891,0.0
0,1,3,5.3,400.0,400.0,10.0,1,100.0,0.10312485694885254,6,0,22.0,1,1,-9,3.1,2,1.493182551259577,5.085312760156836,0.0
0,11,13,5.3,400.0,400.0,10.0,-2,100.0,0.10314702987670898,6,0,22.0,2,2,-9,3.1,1,6.490413675258599e-16,-5.3,0.0
0,10,12,5.3,400.0,400.0,10.0,2,100.0,0.1037740707397461,6,0,22.0,1,2,-9,3.1,2,1.4931825512595793,-5.085312760156835,0.0
0,5,7,5.3,400.0,400.0,10.0,0,100.0,0.10333991050720215,6,0,22.0,2,2,-9,3.1,-1,5.246053641968943,0.7542686428484122,0.0
0,3,5,5.3,400.0,400.0,10.0,0,100.0,0.10327506065368652,6,0,22.0,1,2,-9,3.1,-2,4.005472744077569,3.470761889910011,0.0
0,11,13,5.3,400.0,400.0,10.0,1,100.0,0.1032419204711914,6,0,22.0,1,1,-9,3.1,0,6.490413675258599e-16,-5.3,0.0
0,5,7,5.3,400.0,400.0,10.0,0,100.0,0.10305595397949219,6,0,22.0,1,1,-9,3.1,-1,5.246053641968943,0.7542686428484122,0.0
0,21,1,5.3,400.0,400.0,10.0,2,100.0,0.10327792167663574,6,0,22.0,1,2,-9,3.1,-2,-1.4931825512595778,5.085312760156836,0.0
0,13,15,5.3,400.0,400.0,10.0,2,100.0,0.10308003425598145,6,0,22.0,2,2,-9,3.1,-1,-2.865396332514667,-4.4586437240052605,0.0
0,7,9,5.3,400.0,400.0,10.0,-1,100.0,0.10326290130615234,6,0,22.0,2,1,-9,3.1,-1,4.8210495753789475,-2.2016995689099974,0.0
0,2,4,5.3,400.0,400.0,10.0,-1,100.0,0.10338282585144043,6,0,22.0,2,2,-9,3.1,0,2.865396332514667,4.4586437240052605,0.0
0,18,20,5.3,400.0,400.0,10.0,1,100.0,0.10331916809082031,6,0,22.0,2,2,-9,3.1,-2,-4.821049575378947,2.20169956891,0.0
0,16,18,5.3,400.0,400.0,10.0,-1,100.0,0.10333609580993652,6,0,22.0,1,2,-9,3.1,2,-5.246053641968943,-0.7542686428484117,0.0
0,21,1,5.3,400.0,400.0,10.0,0,100.0,0.10309696197509766,6,0,22.0,2,2,-9,3.1,1,-1.4931825512595778,5.085312760156836,0.0
0,17,19,5.3,400.0,400.0,10.0,2,100.0,0.10327816009521484,6,0,22.0,1,1,-9,3.1,-1,-5.246053641968944,0.7542686428484098,0.0
0,19,21,5.3,400.0,400.0,10.0,0,100.0,0.103240966796875,6,0,22.0,1,1,-9,3.1,-1,-4.005472744077568,3.470761889910012,0.0
0,2,4,5.3,400.0,400.0,10.0,-1,100.0,0.10338401794433594,6,0,22.0,2,2,-9,3.1,-2,2.865396332514667,4.4586437240052605,0.0
0,16,18,5.3,400.0,400.0,10.0,0,100.0,0.10318207740783691,6,0,22.0,1,1,-9,3.1,-2,-5.246053641968943,-0.7542686428484117,0.0
0,10,12,5.3,400.0,400.0,10.0,1,100.0,0.10352683067321777,6,0,22.0,2,1,-9,3.1,2,1.4931825512595793,-5.085312760156835,0.0
0,12,14,5.3,400.0,400.0,10.0,-2,100.0,0.10324406623840332,6,0,22.0,2,2,-9,3.1,2,-1.4931825512595758,-5.085312760156836,0.0
0,2,4,5.3,400.0,400.0,10.0,0,100.0,0.10326218605041504,6,0,22.0,2,1,-9,3.1,-1,2.865396332514667,4.4586437240052605,0.0
0,9,11,5.3,400.0,400.0,10.0,-1,100.0,0.10331106185913086,6,0,22.0,2,2,-9,3.1,0,2.8653963325146665,-4.4586437240052605,0.0
0,9,11,5.3,400.0,400.0,10.0,1,100.0,0.10307502746582031,6,0,22.0,2,1,-9,3.1,0,2.8653963325146665,-4.4586437240052605,0.0
0,18,20,5.3,400.0,400.0,10.0,1,100.0,0.1033320426940918,6,0,22.0,2,1,-9,3.1,1,-4.821049575378947,2.20169956891,0.0
0,16,18,5.3,400.0,400.0,10.0,-1,100.0,0.10327506065368652,6,0,22.0,2,1,-9,3.1,-1,-5.246053641968943,-0.7542686428484117,0.0
0,21,1,5.3,400.0,400.0,10.0,0,100.0,0.10331988334655762,6,0,22.0,2,2,-9,3.1,-1,-1.4931825512595778,5.085312760156836,0.0
0,15,17,5.3,400.0,400.0,10.0,-2,100.0,0.10304999351501465,6,0,22.0,1,1,-9,3.1,0,-4.821049575378945,-2.201699568910002,0.0
0,1,3,5.3,400.0,400.0,10.0,-2,100.0,0.10306215286254883,6,0,22.0,1,2,-9,3.1,-1,1.493182551259577,5.085312760156836,0.0
0,15,17,5.3,400.0,400.0,10.0,0,100.0,0.10324501991271973,6,0,22.0,1,1,-9,3.1,-2,-4.821049575378945,-2.201699568910002,0.0
0,15,17,5.3,400.0,400.0,10.0,-2,100.0,0.10325789451599121,6,0,22.0,1,1,-9,3.1,0,-4.821049575378945,-2.201699568910002,0.0
0,6,8,5.3,400.0,400.0,10.0,-2,100.0,0.10335493087768555,6,0,22.0,2,1,-9,3.1,1,5.246053641968944,-0.7542686428484106,0.0
0,17,19,5.3,400.0,400.0,10.0,0,100.0,0.10331511497497559,6,0,22.0,2,1,-9,3.1,2,-5.246053641968944,0.7542686428484098,0.0
0,3,5,5.3,400.0,400.0,10.0,-2,100.0,0.10354495048522949,6,0,22.0,1,2,-9,3.1,1,4.005472744077569,3.470761889910011,0.0
0,6,8,5.3,400.0,400.0,10.0,-2,100.0,0.1034860610961914,6,0,22.0,2,1,-9,3.1,1,5.246053641968944,-0.7542686428484106,0.0
0,2,4,5.3,400.0,400.0,10.0,-1,100.0,0.10330390930175781,6,0,22.0,1,2,-9,3.1,1,2.865396332514667,4.4586437240052605,0.0
0,16,18,5.3,400.0,400.0,10.0,2,100.0,0.10336184501647949,6,0,22.0,2,1,-9,3.1,-2,-5.246053641968943,-0.7542686428484117,0.0
0,2,4,5.3,400.0,400.0,10.0,-2,100.0,0.10334897041320801,6,0,22.0,1,1,-9,3.1,1,2.865396332514667,4.4586437240052605,0.0
0,12,14,5.3,400.0,400.0,10.0,1,100.0,0.1031498908996582,6,0,22.0,1,1,-9,3.1,-1,-1.4931825512595758,-5.085312760156836,0.0
0,4,6,5.3,400.0,400.0,10.0,1,100.0,0.1034388542175293,6,0,22.0,1,2,-9,3.1,1,4.821049575378947,2.201699568909998,0.0
0,14,16,5.3,400.0,400.0,10.0,0,100.0,0.10330414772033691,6,0,22.0,1,1,-9,3.1,2,-4.005472744077568,-3.4707618899100114,0.0
0,12,14,5.3,400.0,400.0,10.0,0,100.0,0.10330486297607422,6,0,22.0,2,2,-9,3.1,-1,-1.4931825512595758,-5.085312760156836,0.0
0,17,19,5.3,400.0,400.0,10.0,-2,100.0,0.1033480167388916,6,0,22.0,2,1,-9,3.1,2,-5.246053641968944,0.7542686428484098,0.0
0,15,17,5.3,400.0,400.0,10.0,-2,100.0,0.10324215888977051,6,0,22.0,1,1,-9,3.1,-1,-4.821049575378945,-2.201699568910002,0.0
0,16,18,5.3,400.0,400.0,10.0,1,100.0,0.10331296920776367,6,0,22.0,1,2,-9,3.1,-1,-5.246053641968943,-0.7542686428484117,0.0
0,21,1,5.3,400.0,400.0,10.0,-2,100.0,0.10323715209960938,6,0,22.0,2,1,-9,3.1,1,-1.4931825512595778,5.085312760156836,0.0
0,2,4,5.3,400.0,400.0,10.0,-1,100.0,0.10318803787231445,6,0,22.0,1,2,-9,3.1,-2,2.865396332514667,4.4586437240052605,0.0
0,15,17,5.3,400.0,400.0,10.0,2,100.0,0.1033480167388916,6,0,22.0,1,2,-9,3.1,-1,-4.821049575378945,-2.201699568910002,0.0
0,18,20,5.3,400.0,400.0,10.0,-1,100.0,0.10326886177062988,6,0,22.0,2,1,-9,3.1,2,-4.821049575378947,2.20169956891,0.0
0,5,7,5.3,400.0,400.0,10.0,-2,100.0,0.10328316688537598,6,0,22.0,2,1,-9,3.1,0,5.246053641968943,0.7542686428484122,0.0
0,14,16,5.3,400.0,400.0,10.0,1,100.0,0.10332298278808594,6,0,22.0,1,2,-9,3.1,-2,-4.005472744077568,-3.4707618899100114,0.0
0,2,4,5.3,400.0,400.0,10.0,0,100.0,0.10309004783630371,6,0,22.0,2,1,-9,3.1,1,2.865396332514667,4.4586437240052605,0.0
0,15,17,5.3,400.0,400.0,10.0,0,100.0,0.10325002670288086,6,0,22.0,1,2,-9,3.1,2,-4.821049575378945,-2.201699568910002,0.0
0,6,8,5.3,400.0,400.0,10.0,1,100.0,0.1031498908996582,6,0,22.0,1,2,-9,3.1,-2,5.246053641968944,-0.7542686428484106,0.0
0,11,13,5.3,400.0,400.0,10.0,0,100.0,0.10329008102416992,6,0,22.0,1,2,-9,3.1,2,6.490413675258599e-16,-5.3,0.0
0,4,6,5.3,400.0,400.0,10.0,2,100.0,0.10312891006469727,6,0,22.0,1,2,-9,3.1,0,4.821049575378947,2.201699568909998,0.0
0,17,19,5.3,400.0,400.0,10.0,0,100.0,0.10329580307006836,6,0,22.0,1,1,-9,3.1,-1,-5.246053641968944,0.7542686428484098,0.0
0,18,20,5.3,400.0,400.0,10.0,-1,100.0,0.10344791412353516,6,0,22.0,1,2,-9,3.1,-2,-4.821049575378947,2.20169956891,0.0
0,8,10,5.3,400.0,400.0,10.0,2,100.0,0.10321187973022461,6,0,22.0,2,2,-9,3.1,0,4.005472744077569,-3.47076188991001,0.0
0,11,13,5.3,400.0,400.0,10.0,-1,100.0,0.10332012176513672,6,0,22.0,2,1,-9,3.1,0,6.490413675258599e-16,-5.3,0.0
0,10,12,5.3,400.0,400.0,10.0,1,100.0,0.10324311256408691,6,0,22.0,1,2,-9,3.1,2,1.4931825512595793,-5.085312760156835,0.0
0,0,2,5.3,400.0,400.0,10.0,0,100.0,0.10345315933227539,6,0,22.0,1,1,-9,3.1,2,0.0,5.3,0.0
0,15,17,5.3,400.0,400.0,10.0,-2,100.0,0.10344099998474121,6,0,22.0,2,1,-9,3.1,-1,-4.821049575378945,-2.201699568910002,0.0
0,7,9,5.3,400.0,400.0,10.0,-1,100.0,0.10338497161865234,6,0,22.0,1,2,-9,3.1,1,4.8210495753789475,-2.2016995689099974,0.0
0,11,13,5.3,400.0,400.0,10.0,0,100.0,0.10320186614990234,6,0,22.0,2,1,-9,3.1,1,6.490413675258599e-16,-5.3,0.0
0,17,19,5.3,400.0,400.0,10.0,2,100.0,0.10333514213562012,6,0,22.0,2,1,-9,3.1,-2,-5.246053641968944,0.7542686428484098,0.0
0,5,7,5.3,400.0,400.0,10.0,1,100.0,0.10353612899780273,6,0,22.0,1,2,-9,3.1,-2,5.246053641968943,0.7542686428484122,0.0
0,20,0,5.3,400.0,400.0,10.0,-1,100.0,0.10306906700134277,6,0,22.0,1,2,-9,3.1,-1,-2.8653963325146705,4.458643724005258,0.0
0,5,7,5.3,400.0,400.0,10.0,0,100.0,0.10314607620239258,6,0,22.0,1,2,-9,3.1,-1,5.246053641968943,0.7542686428484122,0.0
0,21,1,5.3,400.0,400.0,10.0,1,100.0,0.10333085060119629,6,0,22.0,2,2,-9,3.1,0,-1.4931825512595778,5.085312760156836,0.0
0,2,4,5.3,400.0,400.0,10.0,2,100.0,0.103363037109375,6,0,22.0,1,2,-9,3.1,-1,2.865396332514667,4.4586437240052605,0.0
0,7,9,5.3,400.0,400.0,10.0,-1,100.0,0.10310697555541992,6,0,22.0,2,1,-9,3.1,2,4.8210495753789475,-2.2016995689099974,0.0
0,17,19,5.3,400.0,400.0,10.0,2,100.0,0.10330486297607422,6,0,22.0,2,1,-9,3.1,2,-5.246053641968944,0.7542686428484098,0.0
0,9,11,5.3,400.0,400.0,10.0,0,100.0,0.10330605506896973,6,0,22.0,1,2,-9,3.1,2,2.8653963325146665,-4.4586437240052605,0.0
0,5,7,5.3,400.0,400.0,10.0,2,100.0,0.10332512855529785,6,0,22.0,2,2,-9,3.1,0,5.246053641968943,0.7542686428484122,0.0
0,6,8,5.3,400.0,400.0,10.0,-1,100.0,0.10330390930175781,6,0,22.0,2,2,-9,3.1,0,5.246053641968944,-0.7542686428484106,0.0
0,10,12,5.3,400.0,400.0,10.0,0,100.0,0.10322284698486328,6,0,22.0,2,1,-9,3.1,2,1.4931825512595793,-5.085312760156835,0.0
0,1,3,5.3,400.0,400.0,10.0,-1,100.0,0.10325789451599121,6,0,22.0,1,1,-9,3.1,2,1.493182551259577,5.085312760156836,0.0
0,6,8,5.3,400.0,400.0,10.0,1,100.0,0.10330796241760254,6,0,22.0,2,2,-9,3.1,-2,5.246053641968944,-0.7542686428484106,0.0
0,19,21,5.3,400.0,400.0,10.0,-1,100.0,0.1032111644744873,6,0,22.0,2,1,-9,3.1,0,-4.005472744077568,3.470761889910012,0.0
0,10,12,5.3,400.0,400.0,10.0,0,100.0,0.10338306427001953,6,0,22.0,2,1,-9,3.1,-2,1.4931825512595793,-5.085312760156835,0.0
0,21,1,5.3,400.0,400.0,10.0,0,100.0,0.10329914093017578,6,0,22.0,1,1,-9,3.1,-2,-1.4931825512595778,5.085312760156836,0.0
0,1,3,5.3,400.0,400.0,10.0,-1,100.0,0.10339498519897461,6,0,22.0,1,2,-9,3.1,-2,1.493182551259577,5.085312760156836,0.0
0,4,6,5.3,400.0,400.0,10.0,-2,100.0,0.10329484939575195,6,0,22.0,2,1,-9,3.1,-2,4.821049575378947,2.201699568909998,0.0
0,13,15,5.3,400.0,400.0,10.0,-2,100.0,0.10331392288208008,6,0,22.0,2,2,-9,3.1,1,-2.865396332514667,-4.4586437240052605,0.0
0,16,18,5.3,400.0,400.0,10.0,0,100.0,0.10345602035522461,6,0,22.0,2,1,-9,3.1,-1,-5.246053641968943,-0.7542686428484117,0.0
0,14,16,5.3,400.0,400.0,10.0,2,100.0,0.10333013534545898,6,0,22.0,2,1,-9,3.1,-2,-4.005472744077568,-3.4707618899100114,0.0
0,18,20,5.3,400.0,400.0,10.0,0,100.0,0.10320186614990234,6,0,22.0,1,1,-9,3.1,-1,-4.821049575378947,2.20169956891,0.0
0,15,17,5.3,400.0,400.0,10.0,-2,100.0,0.10335493087768555,6,0,22.0,1,1,-9,3.1,0,-4.821049575378945,-2.201699568910002,0.0
0,19,21,5.3,400.0,400.0,10.0,-2,100.0,0.10326385498046875,6,0,22.0,1,1,-9,3.1,1,-4.005472744077568,3.470761889910012,0.0
0,10,12,5.3,400.0,400.0,10.0,-1,100.0,0.10330510139465332,6,0,22.0,2,1,-9,3.1,1,1.4931825512595793,-5.085312760156835,0.0
0,18,20,5.3,400.0,400.0,10.0,-2,100.0,0.10342693328857422,6,0,22.0,1,1,-9,3.1,-1,-4.821049575378947,2.20169956891,0.0
0,0,2,5.3,400.0,400.0,10.0,0,100.0,0.10348892211914062,6,0,22.0,2,1,-9,3.1,0,0.0,5.3,0.0
0,12,14,5.3,400.0,400.0,10.0,0,100.0,0.10318994522094727,6,0,22.0,1,2,-9,3.1,2,-1.4931825512595758,-5.085312760156836,0.0
0,8,10,5.3,400.0,400.0,10.0,2,100.0,0.10331392288208008,6,0,22.0,1,2,-9,3.1,-2,4.005472744077569,-3.47076188991001,0.0
0,4,6,5.3,400.0,400.0,10.0,0,100.0,0.10376811027526855,6,0,22.0,2,1,-9,3.1,2,4.821049575378947,2.201699568909998,0.0
0,16,18,5.3,400.0,400.0,10.0,-2,100.0,0.10326719284057617,6,0,22.0,1,1,-9,3.1,-1,-5.246053641968943,-0.7542686428484117,0.0
0,12,14,5.3,400.0,400.0,10.0,1,100.0,0.10326719284057617,6,0,22.0,2,2,-9,3.1,2,-1.4931825512595758,-5.085312760156836,0.0
0,18,20,5.3,400.0,400.0,10.0,-2,100.0,0.10314393043518066,6,0,22.0,2,1,-9,3.1,0,-4.821049575378947,2.20169956891,0.0
0,16,18,5.3,400.0,400.0,10.0,-1,100.0,0.10323286056518555,6,0,22.0,2,2,-9,3.1,0,-5.246053641968943,-0.7542686428484117,0.0
0,16,18,5.3,400.0,400.0,10.0,-1,100.0,0.10324597358703613,6,0,22.0,1,2,-9,3.1,0,-5.246053641968943,-0.7542686428484117,0.0
0,14,16,5.3,400.0,400.0,10.0,1,100.0,0.103240966796875,6,0,22.0,1,2,-9,3.1,1,-4.005472744077568,-3.4707618899100114,0.0
0,15,17,5.3,400.0,400.0,10.0,-1,100.0,0.10312581062316895,6,0,22.0,2,2,-9,3.1,2,-4.821049575378945,-2.201699568910002,0.0
0,9,11,5.3,400.0,400.0,10.0,-2,100.0,0.10385894775390625,6,0,22.0,2,2,-9,3.1,0,2.8653963325146665,-4.4586437240052605,0.0
0,15,17,5.3,400.0,400.0,10.0,0,100.0,0.10307192802429199,6,0,22.0,2,1,-9,3.1,-1,-4.821049575378945,-2.201699568910002,0.0
0,12,14,5.3,400.0,400.0,10.0,-1,100.0,0.10323596000671387,6,0,22.0,2,1,-9,3.1,2,-1.4931825512595758,-5.085312760156836,0.0
0,8,10,5.3,400.0,400.0,10.0,0,100.0,0.10309290885925293,6,0,22.0,2,1,-9,3.1,-2,4.005472744077569,-3.47076188991001,0.0
0,21,1,5.3,400.0,400.0,10.0,-2,100.0,0.10312104225158691,6,0,22.0,1,2,-9,3.1,-1,-1.4931825512595778,5.085312760156836,0.0
0,2,4,5.3,400.0,400.0,10.0,0,100.0,0.10325813293457031,6,0,22.0,2,1,-9,3.1,2,2.865396332514667,4.4586437240052605,0.0
0,10,12,5.3,400.0,400.0,10.0,2,100.0,0.10308098793029785,6,0,22.0,1,1,-9,3.1,0,1.4931825512595793,-5.085312760156835,0.0
0,20,0,5.3,400.0,400.0,10.0,1,100.0,0.10310196876525879,6,0,22.0,1,2,-9,3.1,-1,-2.8653963325146705,4.458643724005258,0.0
0,5,7,5.3,400.0,400.0,10.0,-2,100.0,0.10308408737182617,6,0,22.0,1,2,-9,3.1,-1,5.246053641968943,0.7542686428484122,0.0
0,16,18,5.3,400.0,400.0,10.0,-1,100.0,0.10315585136413574,6,0,22.0,1,2,-9,3.1,-2,-5.246053641968943,-0.7542686428484117,0.0
0,1,3,5.3,400.0,400.0,10.0,0,100.0,0.10331106185913086,6,0,22.0,2,2,-9,3.1,1,1.493182551259577,5.085312760156836,0.0
0,5,7,5.3,400.0,400.0,10.0,1,100.0,0.10333895683288574,6,0,22.0,2,1,-9,3.1,2,5.246053641968943,0.7542686428484122,0.0
0,10,12,5.3,400.0,400.0,10.0,0,100.0,0.10327816009521484,6,0,22.0,1,2,-9,3.1,0,1.4931825512595793,-5.085312760156835,0.0
0,5,7,5.3,400.0,400.0,10.0,2,100.0,0.10322403907775879,6,0,22.0,2,2,-9,3.1,-2,5.246053641968943,0.7542686428484122,0.0
0,12,14,5.3,400.0,400.0,10.0,0,100.0,0.10330390930175781,6,0,22.0,1,2,-9,3.1,0,-1.4931825512595758,-5.085312760156836,0.0
0,3,5,5.3,400.0,400.0,10.0,1,100.0,0.10330820083618164,6,0,22.0,1,2,-9,3.1,-2,4.005472744077569,3.470761889910011,0.0
0,0,2,5.3,400.0,400.0,10.0,0,100.0,0.10465502738952637,6,0,22.0,1,1,-9,3.1,-2,0.0,5.3,0.0
0,19,21,5.3,400.0,400.0,10.0,0,100.0,0.10329699516296387,6,0,22.0,2,1,-9,3.1,-1,-4.005472744077568,3.470761889910012,0.0
0,0,2,5.3,400.0,400.0,10.0,0,100.0,0.1033470630645752,6,0,22.0,2,1,-9,3.1,0,0.0,5.3,0.0
0,17,19,5.3,400.0,400.0,10.0,2,100.0,0.10335707664489746,6,0,22.0,2,1,-9,3.1,0,-5.246053641968944,0.7542686428484098,0.0
0,18,20,5.3,400.0,400.0,10.0,1,100.0,0.10329985618591309,6,0,22.0,1,1,-9,3.1,2,-4.821049575378947,2.20169956891,0.0
0,13,15,5.3,400.0,400.0,10.0,-1,100.0,0.10323309898376465,6,0,22.0,1,2,-9,3.1,1,-2.865396332514667,-4.4586437240052605,0.0
0,5,7,5.3,400.0,400.0,10.0,0,100.0,0.10330510139465332,6,0,22.0,1,1,-9,3.1,-2,5.246053641968943,0.7542686428484122,0.0
0,10,12,5.3,400.0,400.0,10.0,2,100.0,0.10336589813232422,6,0,22.0,2,1,-9,3.1,0,1.4931825512595793,-5.085312760156835,0.0
0,15,17,5.3,400.0,400.0,10.0,-2,100.0,0.10316801071166992,6,0,22.0,1,2,-9,3.1,-2,-4.821049575378945,-2.201699568910002,0.0
0,3,5,5.3,400.0,400.0,10.0,-2,100.0,0.10351681709289551,6,0,22.0,1,2,-9,3.1,2,4.005472744077569,3.470761889910011,0.0
0,11,13,5.3,400.0,400.0,10.0,2,100.0,0.103240966796875,6,0,22.0,2,2,-9,3.1,1,6.490413675258599e-16,-5.3,0.0
0,20,0,5.3,400.0,400.0,10.0,2,100.0,0.10595011711120605,6,0,22.0,1,1,-9,3.1,-2,-2.8653963325146705,4.458643724005258,0.0
0,19,21,5.3,400.0,400.0,10.0,2,100.0,0.10324406623840332,6,0,22.0,1,2,-9,3.1,1,-4.005472744077568,3.470761889910012,0.0
0,15,17,5.3,400.0,400.0,10.0,-2,100.0,0.10320091247558594,6,0,22.0,2,2,-9,3.1,2,-4.821049575378945,-2.201699568910002,0.0
0,9,11,5.3,400.0,400.0,10.0,-1,100.0,0.10326218605041504,6,0,22.0,2,1,-9,3.1,0,2.8653963325146665,-4.4586437240052605,0.0
0,11,13,5.3,400.0,400.0,10.0,1,100.0,0.10311579704284668,6,0,22.0,1,2,-9,3.1,1,6.490413675258599e-16,-5.3,0.0
0,4,6,5.3,400.0,400.0,10.0,-2,100.0,0.10329818725585938,6,0,22.0,1,1,-9,3.1,-1,4.821049575378947,2.201699568909998,0.0
0,5,7,5.3,400.0,400.0,10.0,0,100.0,0.103302001953125,6,0,22.0,2,1,-9,3.1,0,5.246053641968943,0.7542686428484122,0.0
0,0,2,5.3,400.0,400.0,10.0,2,100.0,0.10351204872131348,6,0,22.0,2,2,-9,3.1,-1,0.0,5.3,0.0
0,4,6,5.3,400.0,400.0,10.0,2,100.0,0.10324811935424805,6,0,22.0,1,2,-9,3.1,2,4.821049575378947,2.201699568909998,0.0
0,6,8,5.3,400.0,400.0,10.0,0,100.0,0.10331106185913086,6,0,22.0,2,1,-9,3.1,-1,5.246053641968944,-0.7542686428484106,0.0
0,6,8,5.3,400.0,400.0,10.0,1,100.0,0.10332107543945312,6,0,22.0,2,2,-9,3.1,0,5.246053641968944,-0.7542686428484106,0.0
0,2,4,5.3,400.0,400.0,10.0,0,100.0,0.10330510139465332,6,0,22.0,2,1,-9,3.1,-1,2.865396332514667,4.4586437240052605,0.0
0,13,15,5.3,400.0,400.0,10.0,1,100.0,0.10335397720336914,6,0,22.0,2,2,-9,3.1,2,-2.865396332514667,-4.4586437240052605,0.0
0,14,16,5.3,400.0,400.0,10.0,0,100.0,0.1033029556274414,6,0,22.0,1,2,-9,3.1,-2,-4.005472744077568,-3.4707618899100114,0.0
0,12,14,5.3,400.0,400.0,10.0,0,100.0,0.10324788093566895,6,0,22.0,2,2,-9,3.1,-1,-1.4931825512595758,-5.085312760156836,0.0
0,12,14,5.3,400.0,400.0,10.0,2,100.0,0.10326504707336426,6,0,22.0,2,1,-9,3.1,-1,-1.4931825512595758,-5.085312760156836,0.0
0,8,10,5.3,400.0,400.0,10.0,-2,100.0,0.10332798957824707,6,0,22.0,1,2,-9,3.1,2,4.005472744077569,-3.47076188991001,0.0
0,16,18,5.3,400.0,400.0,10.0,2,100.0,0.1033329963684082,6,0,22.0,1,1,-9,3.1,-2,-5.246053641968943,-0.7542686428484117,0.0
0,0,2,5.3,400.0,400.0,10.0,-2,100.0,0.10326480865478516,6,0,22.0,2,1,-9,3.1,1,0.0,5.3,0.0
0,20,0,5.3,400.0,400.0,10.0,-2,100.0,0.10330605506896973,6,0,22.0,1,2,-9,3.1,-1,-2.8653963325146705,4.458643724005258,0.0
0,17,19,5.3,400.0,400.0,10.0,2,100.0,0.10330986976623535,6,0,22.0,2,1,-9,3.1,0,-5.246053641968944,0.7542686428484098,0.0
0,21,1,5.3,400.0,400.0,10.0,2,100.0,0.10334014892578125,6,0,22.0,1,1,-9,3.1,0,-1.4931825512595778,5.085312760156836,0.0
0,21,1,5.3,400.0,400.0,10.0,0,100.0,0.10330390930175781,6,0,22.0,2,1,-9,3.1,2,-1.4931825512595778,5.085312760156836,0.0
0,4,6,5.3,400.0,400.0,10.0,-1,100.0,0.10377717018127441,6,0,22.0,1,1,-9,3.1,2,4.821049575378947,2.201699568909998,0.0
0,15,17,5.3,400.0,400.0,10.0,0,100.0,0.1033329963684082,6,0,22.0,1,1,-9,3.1,-1,-4.821049575378945,-2.201699568910002,0.0
0,11,13,5.3,400.0,400.0,10.0,-2,100.0,0.10333013534545898,6,0,22.0,1,1,-9,3.1,-1,6.490413675258599e-16,-5.3,0.0
0,0,2,5.3,400.0,400.0,10.0,0,100.0,0.10330700874328613,6,0,22.0,2,1,-9,3.1,1,0.0,5.3,0.0
0,3,5,5.3,400.0,400.0,10.0,-2,100.0,0.10330700874328613,6,0,22.0,1,1,-9,3.1,-1,4.005472744077569,3.470761889910011,0.0
0,8,10,5.3,400.0,400.0,10.0,-2,100.0,0.10332489013671875,6,0,22.0,2,1,-9,3.1,0,4.005472744077569,-3.47076188991001,0.0
0,20,0,5.3,400.0,400.0,10.0,-1,100.0,0.10330605506896973,6,0,22.0,2,1,-9,3.1,-2,-2.8653963325146705,4.458643724005258,0.0
0,0,2,5.3,400.0,400.0,10.0,-2,100.0,0.10328483581542969,6,0,22.0,2,2,-9,3.1,2,0.0,5.3,0.0
0,0,2,5.3,400.0,400.0,10.0,-2,100.0,0.10332202911376953,6,0,22.0,1,2,-9,3.1,2,0.0,5.3,0.0
0,17,19,5.3,400.0,400.0,10.0,-2,100.0,0.10323095321655273,6,0,22.0,1,1,-9,3.1,1,-5.246053641968944,0.7542686428484098,0.0
0,16,18,5.3,400.0,400.0,10.0,-1,100.0,0.10324501991271973,6,0,22.0,1,2,-9,3.1,-1,-5.246053641968943,-0.7542686428484117,0.0
0,7,9,5.3,400.0,400.0,10.0,1,100.0,0.10329413414001465,6,0,22.0,2,2,-9,3.1,2,4.8210495753789475,-2.2016995689099974,0.0
0,5,7,5.3,400.0,400.0,10.0,0,100.0,0.10327696800231934,6,0,22.0,2,2,-9,3.1,1,5.246053641968943,0.7542686428484122,0.0
0,8,10,5.3,400.0,400.0,10.0,0,100.0,0.1034400463104248,6,0,22.0,2,1,-9,3.1,0,4.005472744077569,-3.47076188991001,0.0
0,0,2,5.3,400.0,400.0,10.0,0,100.0,0.10330700874328613,6,0,22.0,2,1,-9,3.1,-1,0.0,5.3,0.0
0,5,7,5.3,400.0,400.0,10.0,-1,100.0,0.10337495803833008,6,0,22.0,2,2,-9,3.1,2,5.246053641968943,0.7542686428484122,0.0
0,6,8,5.3,400.0,400.0,10.0,-2,100.0,0.10339212417602539,6,0,22.0,2,2,-9,3.1,1,5.246053641968944,-0.7542686428484106,0.0
0,3,5,5.3,400.0,400.0,10.0,-2,100.0,0.10353899002075195,6,0,22.0,1,2,-9,3.1,0,4.005472744077569,3.470761889910011,0.0
0,8,10,5.3,400.0,400.0,10.0,0,100.0,0.10307002067565918,6,0,22.0,2,1,-9,3.1,0,4.005472744077569,-3.47076188991001,0.0
0,8,10,5.3,400.0,400.0,10.0,-1,100.0,0.10352396965026855,6,0,22.0,1,1,-9,3.1,-2,4.005472744077569,-3.47076188991001,0.0
0,21,1,5.3,400.0,400.0,10.0,0,100.0,0.10331201553344727,6,0,22.0,1,2,-9,3.1,-1,-1.4931825512595778,5.085312760156836,0.0
0,20,0,5.3,400.0,400.0,10.0,1,100.0,0.1033010482788086,6,0,22.0,2,1,-9,3.1,1,-2.8653963325146705,4.458643724005258,0.0
0,13,15,5.3,400.0,400.0,10.0,-2,100.0,0.10331201553344727,6,0,22.0,2,1,-9,3.1,1,-2.865396332514667,-4.4586437240052605,0.0
0,21,1,5.3,400.0,400.0,10.0,-2,100.0,0.10324382781982422,6,0,22.0,1,1,-9,3.1,2,-1.4931825512595778,5.085312760156836,0.0
0,14,16,5.3,400.0,400.0,10.0,0,100.0,0.10330390930175781,6,0,22.0,2,2,-9,3.1,-1,-4.005472744077568,-3.4707618899100114,0.0
0,8,10,5.3,400.0,400.0,10.0,0,100.0,0.10331606864929199,6,0,22.0,2,2,-9,3.1,-1,4.005472744077569,-3.47076188991001,0.0
0,15,17,5.3,400.0,400.0,10.0,0,100.0,0.10337090492248535,6,0,22.0,2,2,-9,3.1,2,-4.821049575378945,-2.201699568910002,0.0
0,2,4,5.3,400.0,400.0,10.0,1,100.0,0.10330700874328613,6,0,22.0,2,2,-9,3.1,2,2.865396332514667,4.4586437240052605,0.0
0,2,4,5.3,400.0,400.0,10.0,-2,100.0,0.10345911979675293,6,0,22.0,2,2,-9,3.1,0,2.865396332514667,4.4586437240052605,0.0
0,3,5,5.3,400.0,400.0,10.0,1,100.0,0.1032721996307373,6,0,22.0,2,1,-9,3.1,1,4.005472744077569,3.470761889910011,0.0
0,19,21,5.3,400.0,400.0,10.0,-1,100.0,0.10317301750183105,6,0,22.0,1,2,-9,3.1,0,-4.005472744077568,3.470761889910012,0.0
0,8,10,5.3,400.0,400.0,10.0,2,100.0,0.10330605506896973,6,0,22.0,2,1,-9,3.1,0,4.005472744077569,-3.47076188991001,0.0
0,8,10,5.3,400.0,400.0,10.0,0,100.0,0.10330510139465332,6,0,22.0,2,2,-9,3.1,1,4.005472744077569,-3.47076188991001,0.0
0,9,11,5.3,400.0,400.0,10.0,0,100.0,0.1033179759979248,6,0,22.0,1,2,-9,3.1,-1,2.8653963325146665,-4.4586437240052605,0.0
0,13,15,5.3,400.0,400.0,10.0,0,100.0,0.10309100151062012,6,0,22.0,2,2,-9,3.1,1,-2.865396332514667,-4.4586437240052605,0.0
0,12,14,5.3,400.0,400.0,10.0,-2,100.0,0.10326099395751953,6,0,22.0,2,2,-9,3.1,0,-1.4931825512595758,-5.085312760156836,0.0
0,19,21,5.3,400.0,400.0,10.0,0,100.0,0.10307502746582031,6,0,22.0,1,1,-9,3.1,-1,-4.005472744077568,3.470761889910012,0.0
0,4,6,5.3,400.0,400.0,10.0,-1,100.0,0.10329294204711914,6,0,22.0,1,2,-9,3.1,-1,4.821049575378947,2.201699568909998,0.0
0,14,16,5.3,400.0,400.0,10.0,-1,100.0,0.103302001953125,6,0,22.0,2,2,-9,3.1,1,-4.005472744077568,-3.4707618899100114,0.0
0,20,0,5.3,400.0,400.0,10.0,-1,100.0,0.1032569408416748,6,0,22.0,1,1,-9,3.1,0,-2.8653963325146705,4.458643724005258,0.0
0,17,19,5.3,400.0,400.0,10.0,0,100.0,0.10332989692687988,6,0,22.0,1,1,-9,3.1,1,-5.246053641968944,0.7542686428484098,0.0
0,9,11,5.3,400.0,400.0,10.0,0,100.0,0.10323405265808105,6,0,22.0,1,1,-9,3.1,-2,2.8653963325146665,-4.4586437240052605,0.0
0,9,11,5.3,400.0,400.0,10.0,0,100.0,0.10332489013671875,6,0,22.0,2,1,-9,3.1,0,2.8653963325146665,-4.4586437240052605,0.0
0,9,11,5.3,400.0,400.0,10.0,0,100.0,0.10325789451599121,6,0,22.0,1,2,-9,3.1,0,2.8653963325146665,-4.4586437240052605,0.0
0,21,1,5.3,400.0,400.0,10.0,-1,100.0,0.10325098037719727,6,0,22.0,1,1,-9,3.1,0,-1.4931825512595778,5.085312760156836,0.0
0,4,6,5.3,400.0,400.0,10.0,1,100.0,0.10309505462646484,6,0,22.0,2,2,-9,3.1,-1,4.821049575378947,2.201699568909998,0.0
0,9,11,5.3,400.0,400.0,10.0,1,100.0,0.10313105583190918,6,0,22.0,1,2,-9,3.1,2,2.8653963325146665,-4.4586437240052605,0.0
0,12,14,5.3,400.0,400.0,10.0,2,100.0,0.10306382179260254,6,0,22.0,2,2,-9,3.1,-2,-1.4931825512595758,-5.085312760156836,0.0
0,13,15,5.3,400.0,400.0,10.0,-1,100.0,0.10325002670288086,6,0,22.0,2,2,-9,3.1,0,-2.865396332514667,-4.4586437240052605,0.0
0,5,7,5.3,400.0,400.0,10.0,-1,100.0,0.10330390930175781,6,0,22.0,1,2,-9,3.1,1,5.246053641968943,0.7542686428484122,0.0
0,1,3,5.3,400.0,400.0,10.0,2,100.0,0.10331296920776367,6,0,22.0,2,2,-9,3.1,1,1.493182551259577,5.085312760156836,0.0
0,19,21,5.3,400.0,400.0,10.0,2,100.0,0.1033179759979248,6,0,22.0,1,2,-9,3.1,-1,-4.005472744077568,3.470761889910012,0.0
0,16,18,5.3,400.0,400.0,10.0,-2,100.0,0.10330986976623535,6,0,22.0,2,1,-9,3.1,-1,-5.246053641968943,-0.7542686428484117,0.0
0,18,20,5.3,400.0,400.0,10.0,-1,100.0,0.10325098037719727,6,0,22.0,2,1,-9,3.1,-1,-4.821049575378947,2.20169956891,0.0
0,14,16,5.3,400.0,400.0,10.0,-2,100.0,0.1032099723815918,6,0,22.0,2,1,-9,3.1,-1,-4.005472744077568,-3.4707618899100114,0.0
0,16,18,5.3,400.0,400.0,10.0,1,100.0,0.10323810577392578,6,0,22.0,1,1,-9,3.1,0,-5.246053641968943,-0.7542686428484117,0.0
0,20,0,5.3,400.0,400.0,10.0,0,100.0,0.10330796241760254,6,0,22.0,2,2,-9,3.1,1,-2.8653963325146705,4.458643724005258,0.0
0,14,16,5.3,400.0,400.0,10.0,0,100.0,0.10331487655639648,6,0,22.0,2,2,-9,3.1,-2,-4.005472744077568,-3.4707618899100114,0.0
0,11,13,5.3,400.0,400.0,10.0,-2,100.0,0.1031031608581543,6,0,22.0,1,1,-9,3.1,0,6.490413675258599e-16,-5.3,0.0
0,6,8,5.3,400.0,400.0,10.0,0,100.0,0.10324406623840332,6,0,22.0,1,1,-9,3.1,-2,5.246053641968944,-0.7542686428484106,0.0
0,6,8,5.3,400.0,400.0,10.0,-2,100.0,0.10342288017272949,6,0,22.0,1,2,-9,3.1,-2,5.246053641968944,-0.7542686428484106,0.0
0,9,11,5.3,400.0,400.0,10.0,-2,100.0,0.10353302955627441,6,0,22.0,2,1,-9,3.1,1,2.8653963325146665,-4.4586437240052605,0.0
0,10,12,5.3,400.0,400.0,10.0,-2,100.0,0.10330915451049805,6,0,22.0,2,1,-9,3.1,1,1.4931825512595793,-5.085312760156835,0.0
0,10,12,5.3,400.0,400.0,10.0,-2,100.0,0.10324811935424805,6,0,22.0,1,2,-9,3.1,2,1.4931825512595793,-5.085312760156835,0.0
0,4,6,5.3,400.0,400.0,10.0,1,100.0,0.10351681709289551,6,0,22.0,2,2,-9,3.1,2,4.821049575378947,2.201699568909998,0.0
0,11,13,5.3,400.0,400.0,10.0,1,100.0,0.1034390926361084,6,0,22.0,2,1,-9,3.1,-2,6.490413675258599e-16,-5.3,0.0
0,0,2,5.3,400.0,400.0,10.0,-2,100.0,0.10350608825683594,6,0,22.0,1,1,-9,3.1,2,0.0,5.3,0.0
0,15,17,5.3,400.0,400.0,10.0,2,100.0,0.10339117050170898,6,0,22.0,2,2,-9,3.1,1,-4.821049575378945,-2.201699568910002,0.0
0,7,9,5.3,400.0,400.0,10.0,2,100.0,0.10330700874328613,6,0,22.0,2,1,-9,3.1,-1,4.8210495753789475,-2.2016995689099974,0.0
0,9,11,5.3,400.0,400.0,10.0,0,100.0,0.10329604148864746,6,0,22.0,1,2,-9,3.1,-2,2.8653963325146665,-4.4586437240052605,0.0
0,18,20,5.3,400.0,400.0,10.0,1,100.0,0.10329413414001465,6,0,22.0,1,2,-9,3.1,2,-4.821049575378947,2.20169956891,0.0
0,16,18,5.3,400.0,400.0,10.0,-2,100.0,0.10324597358703613,6,0,22.0,1,1,-9,3.1,2,-5.246053641968943,-0.7542686428484117,0.0
0,12,14,5.3,400.0,400.0,10.0,2,100.0,0.1069478988647461,6,0,22.0,1,1,-9,3.1,1,-1.4931825512595758,-5.085312760156836,0.0
0,21,1,5.3,400.0,400.0,10.0,-1,100.0,0.10331010818481445,6,0,22.0,2,2,-9,3.1,1,-1.4931825512595778,5.085312760156836,0.0
0,2,4,5.3,400.0,400.0,10.0,-1,100.0,0.10347485542297363,6,0,22.0,2,2,-9,3.1,1,2.865396332514667,4.4586437240052605,0.0
0,9,11,5.3,400.0,400.0,10.0,-2,100.0,0.10331296920776367,6,0,22.0,1,2,-9,3.1,-2,2.8653963325146665,-4.4586437240052605,0.0
0,17,19,5.3,400.0,400.0,10.0,0,100.0,0.10341811180114746,6,0,22.0,1,2,-9,3.1,1,-5.246053641968944,0.7542686428484098,0.0
0,6,8,5.3,400.0,400.0,10.0,-1,100.0,0.1033170223236084,6,0,22.0,1,2,-9,3.1,-2,5.246053641968944,-0.7542686428484106,0.0
0,0,2,5.3,400.0,400.0,10.0,1,100.0,0.10339593887329102,6,0,22.0,2,2,-9,3.1,2,0.0,5.3,0.0
0,16,18,5.3,400.0,400.0,10.0,-2,100.0,0.10328793525695801,6,0,22.0,2,1,-9,3.1,0,-5.246053641968943,-0.7542686428484117,0.0
0,3,5,5.3,400.0,400.0,10.0,0,100.0,0.10331296920776367,6,0,22.0,1,1,-9,3.1,-1,4.005472744077569,3.470761889910011,0.0
0,8,10,5.3,400.0,400.0,10.0,-2,100.0,0.10323095321655273,6,0,22.0,2,2,-9,3.1,2,4.005472744077569,-3.47076188991001,0.0
0,17,19,5.3,400.0,400.0,10.0,0,100.0,0.10324501991271973,6,0,22.0,1,1,-9,3.1,1,-5.246053641968944,0.7542686428484098,0.0
0,18,20,5.3,400.0,400.0,10.0,-1,100.0,0.10316610336303711,6,0,22.0,2,1,-9,3.1,-2,-4.821049575378947,2.20169956891,0.0
0,3,5,5.3,400.0,400.0,10.0,-1,100.0,0.10307598114013672,6,0,22.0,2,1,-9,3.1,0,4.005472744077569,3.470761889910011,0.0
0,15,17,5.3,400.0,400.0,10.0,2,100.0,0.10330700874328613,6,0,22.0,1,1,-9,3.1,1,-4.821049575378945,-2.201699568910002,0.0
0,20,0,5.3,400.0,400.0,10.0,-1,100.0,0.10329699516296387,6,0,22.0,1,2,-9,3.1,0,-2.8653963325146705,4.458643724005258,0.0
0,5,7,5.3,400.0,400.0,10.0,1,100.0,0.10326814651489258,6,0,22.0,1,2,-9,3.1,0,5.246053641968943,0.7542686428484122,0.0
0,18,20,5.3,400.0,400.0,10.0,1,100.0,0.10336089134216309,6,0,22.0,2,2,-9,3.1,2,-4.821049575378947,2.20169956891,0.0
0,9,11,5.3,400.0,400.0,10.0,1,100.0,0.10307812690734863,6,0,22.0,2,2,-9,3.1,-2,2.8653963325146665,-4.4586437240052605,0.0
0,15,17,5.3,400.0,400.0,10.0,0,100.0,0.10331106185913086,6,0,22.0,2,2,-9,3.1,1,-4.821049575378945,-2.201699568910002,0.0
0,11,13,5.3,400.0,400.0,10.0,-2,100.0,0.10329318046569824,6,0,22.0,1,2,-9,3.1,-1,6.490413675258599e-16,-5.3,0.0
0,10,12,5.3,400.0,400.0,10.0,-2,100.0,0.10339117050170898,6,0,22.0,2,1,-9,3.1,-1,1.4931825512595793,-5.085312760156835,0.0
0,16,18,5.3,400.0,400.0,10.0,2,100.0,0.10330891609191895,6,0,22.0,2,2,-9,3.1,-1,-5.246053641968943,-0.7542686428484117,0.0
0,13,15,5.3,400.0,400.0,10.0,2,100.0,0.10331511497497559,6,0,22.0,1,2,-9,3.1,-2,-2.865396332514667,-4.4586437240052605,0.0
0,19,21,5.3,400.0,400.0,10.0,1,100.0,0.10330414772033691,6,0,22.0,2,1,-9,3.1,-2,-4.005472744077568,3.470761889910012,0.0
0,3,5,5.3,400.0,400.0,10.0,-1,100.0,0.103302001953125,6,0,22.0,1,1,-9,3.1,1,4.005472744077569,3.470761889910011,0.0
0,11,13,5.3,400.0,400.0,10.0,0,100.0,0.10306096076965332,6,0,22.0,2,1,-9,3.1,1,6.490413675258599e-16,-5.3,0.0
0,8,10,5.3,400.0,400.0,10.0,0,100.0,0.1032559871673584,6,0,22.0,1,2,-9,3.1,1,4.005472744077569,-3.47076188991001,0.0
0,19,21,5.3,400.0,400.0,10.0,1,100.0,0.10326600074768066,6,0,22.0,2,2,-9,3.1,0,-4.005472744077568,3.470761889910012,0.0
0,8,10,5.3,400.0,400.0,10.0,0,100.0,0.1032419204711914,6,0,22.0,1,1,-9,3.1,1,4.005472744077569,-3.47076188991001,0.0
0,7,9,5.3,400.0,400.0,10.0,-1,100.0,0.10323286056518555,6,0,22.0,1,2,-9,3.1,-2,4.8210495753789475,-2.2016995689099974,0.0
0,7,9,5.3,400.0,400.0,10.0,1,100.0,0.10325098037719727,6,0,22.0,1,1,-9,3.1,2,4.8210495753789475,-2.2016995689099974,0.0
0,15,17,5.3,400.0,400.0,10.0,0,100.0,0.103302001953125,6,0,22.0,2,2,-9,3.1,-2,-4.821049575378945,-2.201699568910002,0.0
0,21,1,5.3,400.0,400.0,10.0,2,100.0,0.10327720642089844,6,0,22.0,1,2,-9,3.1,2,-1.4931825512595778,5.085312760156836,0.0
0,11,13,5.3,400.0,400.0,10.0,0,100.0,0.10325384140014648,6,0,22.0,1,1,-9,3.1,-2,6.490413675258599e-16,-5.3,0.0
0,0,2,5.3,400.0,400.0,10.0,-1,100.0,0.10352396965026855,6,0,22.0,1,2,-9,3.1,-1,0.0,5.3,0.0
0,15,17,5.3,400.0,400.0,10.0,2,100.0,0.10309696197509766,6,0,22.0,2,1,-9,3.1,-2,-4.821049575378945,-2.201699568910002,0.0
0,17,19,5.3,400.0,400.0,10.0,0,100.0,0.10339212417602539,6,0,22.0,1,2,-9,3.1,2,-5.246053641968944,0.7542686428484098,0.0
0,19,21,5.3,400.0,400.0,10.0,-2,100.0,0.10329604148864746,6,0,22.0,2,1,-9,3.1,2,-4.005472744077568,3.470761889910012,0.0
0,6,8,5.3,400.0,400.0,10.0,1,100.0,0.10332608222961426,6,0,22.0,1,1,-9,3.1,-1,5.246053641968944,-0.7542686428484106,0.0
0,1,3,5.3,400.0,400.0,10.0,0,100.0,0.1033170223236084,6,0,22.0,2,1,-9,3.1,2,1.493182551259577,5.085312760156836,0.0
0,20,0,5.3,400.0,400.0,10.0,2,100.0,0.10332393646240234,6,0,22.0,1,1,-9,3.1,-2,-2.8653963325146705,4.458643724005258,0.0
0,19,21,5.3,400.0,400.0,10.0,0,100.0,0.10323095321655273,6,0,22.0,1,1,-9,3.1,1,-4.005472744077568,3.470761889910012,0.0
