offset2,cue-loc-int,refi,radius,ntrials,ms-st-cue,npractice,resp-h-pos,ms-stimon,actualStimOn,version,bars-or-spot,nitems,resp-h-hv,resp-v-hv,offset,cue-length,resp-v-pos,cue-loc-x,cue-loc-y,ms-precue
0,18,20,5.3,400.0,400.0,10.0,0,100.0,0.1122591495513916,-1,1,22.0,1,1,0,3.1,-1,-4.821049575378947,2.20169956891,0.0
0,18,20,5.3,400.0,400.0,10.0,0,100.0,0.11093401908874512,-1,1,22.0,1,1,0,3.1,-1,-4.821049575378947,2.20169956891,0.0
0,10,12,5.3,400.0,400.0,10.0,1,100.0,0.11232519149780273,-1,1,22.0,1,2,0,3.1,-2,1.4931825512595793,-5.085312760156835,0.0
0,2,4,5.3,400.0,400.0,10.0,2,100.0,0.11098504066467285,-1,1,22.0,2,1,0,3.1,0,2.865396332514667,4.4586437240052605,0.0
0,8,10,5.3,400.0,400.0,10.0,-1,100.0,0.11098504066467285,-1,1,22.0,1,2,0,3.1,0,4.005472744077569,-3.47076188991001,0.0
0,13,15,5.3,400.0,400.0,10.0,0,100.0,0.11173009872436523,-1,1,22.0,1,1,0,3.1,-2,-2.865396332514667,-4.4586437240052605,0.0
0,9,11,5.3,400.0,400.0,10.0,-2,100.0,0.11162900924682617,-1,1,22.0,1,2,0,3.1,-2,2.8653963325146665,-4.4586437240052605,0.0
0,9,11,5.3,400.0,400.0,10.0,-1,100.0,0.11160516738891602,-1,1,22.0,1,1,0,3.1,0,2.8653963325146665,-4.4586437240052605,0.0
0,21,1,5.3,400.0,400.0,10.0,-1,100.0,0.11197996139526367,-1,1,22.0,2,1,0,3.1,-2,-1.4931825512595778,5.085312760156836,0.0
0,15,17,5.3,400.0,400.0,10.0,0,100.0,0.11206483840942383,-1,1,22.0,1,2,0,3.1,-2,-4.821049575378945,-2.201699568910002,0.0
0,5,7,5.3,400.0,400.0,10.0,-1,100.0,0.11099600791931152,-1,1,22.0,1,1,0,3.1,1,5.246053641968943,0.7542686428484122,0.0
0,13,15,5.3,400.0,400.0,10.0,0,100.0,0.11161684989929199,-1,1,22.0,1,2,0,3.1,0,-2.865396332514667,-4.4586437240052605,0.0
0,7,9,5.3,400.0,400.0,10.0,0,100.0,0.11099720001220703,-1,1,22.0,2,1,0,3.1,0,4.8210495753789475,-2.2016995689099974,0.0
0,12,14,5.3,400.0,400.0,10.0,1,100.0,0.11098694801330566,-1,1,22.0,2,2,0,3.1,0,-1.4931825512595758,-5.085312760156836,0.0
0,16,18,5.3,400.0,400.0,10.0,0,100.0,0.11095595359802246,-1,1,22.0,2,1,0,3.1,0,-5.246053641968943,-0.7542686428484117,0.0
0,11,13,5.3,400.0,400.0,10.0,0,100.0,0.11185407638549805,-1,1,22.0,1,2,0,3.1,0,6.490628035480972e-16,-5.3,0.0
0,7,9,5.3,400.0,400.0,10.0,-1,100.0,0.11292290687561035,-1,1,22.0,1,2,0,3.1,0,4.8210495753789475,-2.2016995689099974,0.0
0,17,19,5.3,400.0,400.0,10.0,0,100.0,0.1125478744506836,-1,1,22.0,1,2,0,3.1,0,-5.246053641968944,0.7542686428484098,0.0
0,14,16,5.3,400.0,400.0,10.0,1,100.0,0.11167502403259277,-1,1,22.0,1,2,0,3.1,0,-4.005472744077568,-3.4707618899100114,0.0
0,17,19,5.3,400.0,400.0,10.0,0,100.0,0.11097884178161621,-1,1,22.0,1,2,0,3.1,0,-5.246053641968944,0.7542686428484098,0.0
0,3,5,5.3,400.0,400.0,10.0,0,100.0,0.11098289489746094,-1,1,22.0,1,2,0,3.1,2,4.005472744077569,3.470761889910011,0.0
0,9,11,5.3,400.0,400.0,10.0,-2,100.0,0.1117408275604248,-1,1,22.0,1,1,0,3.1,1,2.8653963325146665,-4.4586437240052605,0.0
0,6,8,5.3,400.0,400.0,10.0,0,100.0,0.1127021312713623,-1,1,22.0,1,2,0,3.1,0,5.246053641968944,-0.7542686428484106,0.0
0,18,20,5.3,400.0,400.0,10.0,0,100.0,0.11093497276306152,-1,1,22.0,1,2,0,3.1,1,-4.821049575378947,2.20169956891,0.0
0,20,0,5.3,400.0,400.0,10.0,-1,100.0,0.11199092864990234,-1,1,22.0,1,1,0,3.1,1,-2.8653963325146705,4.458643724005258,0.0
0,13,15,5.3,400.0,400.0,10.0,1,100.0,0.11200189590454102,-1,1,22.0,1,2,0,3.1,0,-2.865396332514667,-4.4586437240052605,0.0
0,20,0,5.3,400.0,400.0,10.0,-1,100.0,0.11200094223022461,-1,1,22.0,1,2,0,3.1,-1,-2.8653963325146705,4.458643724005258,0.0
0,17,19,5.3,400.0,400.0,10.0,2,100.0,0.11246204376220703,-1,1,22.0,1,2,0,3.1,2,-5.246053641968944,0.7542686428484098,0.0
0,8,10,5.3,400.0,400.0,10.0,0,100.0,0.1110389232635498,-1,1,22.0,1,2,0,3.1,0,4.005472744077569,-3.47076188991001,0.0
0,6,8,5.3,400.0,400.0,10.0,-1,100.0,0.11107707023620605,-1,1,22.0,2,1,0,3.1,-1,5.246053641968944,-0.7542686428484106,0.0
0,6,8,5.3,400.0,400.0,10.0,0,100.0,0.11392593383789062,-1,1,22.0,1,1,0,3.1,1,5.246053641968944,-0.7542686428484106,0.0
0,9,11,5.3,400.0,400.0,10.0,1,100.0,0.11275100708007812,-1,1,22.0,1,1,0,3.1,0,2.8653963325146665,-4.4586437240052605,0.0
0,0,2,5.3,400.0,400.0,10.0,-1,100.0,0.11109399795532227,-1,1,22.0,2,2,0,3.1,0,0.0,5.3,0.0
0,12,14,5.3,400.0,400.0,10.0,0,100.0,0.11089301109313965,-1,1,22.0,2,1,0,3.1,0,-1.4931825512595758,-5.085312760156836,0.0
0,3,5,5.3,400.0,400.0,10.0,0,100.0,0.11211991310119629,-1,1,22.0,2,1,0,3.1,-1,4.005472744077569,3.470761889910011,0.0
0,2,4,5.3,400.0,400.0,10.0,2,100.0,0.1109919548034668,-1,1,22.0,1,2,0,3.1,0,2.865396332514667,4.4586437240052605,0.0
0,4,6,5.3,400.0,400.0,10.0,0,100.0,0.11102294921875,-1,1,22.0,2,1,0,3.1,0,4.821049575378947,2.201699568909998,0.0
0,10,12,5.3,400.0,400.0,10.0,-2,100.0,0.11277294158935547,-1,1,22.0,1,2,0,3.1,1,1.4931825512595793,-5.085312760156835,0.0
0,11,13,5.3,400.0,400.0,10.0,2,100.0,0.11104512214660645,-1,1,22.0,1,2,0,3.1,0,6.490628035480972e-16,-5.3,0.0
0,6,8,5.3,400.0,400.0,10.0,1,100.0,0.11293411254882812,-1,1,22.0,2,1,0,3.1,0,5.246053641968944,-0.7542686428484106,0.0
0,13,15,5.3,400.0,400.0,10.0,-1,100.0,0.1118309497833252,-1,1,22.0,1,1,0,3.1,-2,-2.865396332514667,-4.4586437240052605,0.0
0,9,11,5.3,400.0,400.0,10.0,2,100.0,0.11273193359375,-1,1,22.0,1,2,0,3.1,-2,2.8653963325146665,-4.4586437240052605,0.0
0,6,8,5.3,400.0,400.0,10.0,0,100.0,0.1128389835357666,-1,1,22.0,1,2,0,3.1,1,5.246053641968944,-0.7542686428484106,0.0
0,12,14,5.3,400.0,400.0,10.0,-1,100.0,0.1126859188079834,-1,1,22.0,1,2,0,3.1,2,-1.4931825512595758,-5.085312760156836,0.0
0,7,9,5.3,400.0,400.0,10.0,0,100.0,0.11205887794494629,-1,1,22.0,1,2,0,3.1,0,4.8210495753789475,-2.2016995689099974,0.0
0,5,7,5.3,400.0,400.0,10.0,0,100.0,0.11305594444274902,-1,1,22.0,1,2,0,3.1,0,5.246053641968943,0.7542686428484122,0.0
0,12,14,5.3,400.0,400.0,10.0,-1,100.0,0.1128079891204834,-1,1,22.0,1,2,0,3.1,-2,-1.4931825512595758,-5.085312760156836,0.0
0,8,10,5.3,400.0,400.0,10.0,-1,100.0,0.11099100112915039,-1,1,22.0,2,1,0,3.1,0,4.005472744077569,-3.47076188991001,0.0
0,21,1,5.3,400.0,400.0,10.0,-1,100.0,0.11290717124938965,-1,1,22.0,1,1,0,3.1,0,-1.4931825512595778,5.085312760156836,0.0
0,10,12,5.3,400.0,400.0,10.0,0,100.0,0.11270403861999512,-1,1,22.0,1,2,0,3.1,-1,1.4931825512595793,-5.085312760156835,0.0
0,0,2,5.3,400.0,400.0,10.0,0,100.0,0.11195802688598633,-1,1,22.0,2,1,0,3.1,0,0.0,5.3,0.0
0,21,1,5.3,400.0,400.0,10.0,0,100.0,0.11084198951721191,-1,1,22.0,1,1,0,3.1,-1,-1.4931825512595778,5.085312760156836,0.0
0,10,12,5.3,400.0,400.0,10.0,-1,100.0,0.11292409896850586,-1,1,22.0,2,1,0,3.1,-2,1.4931825512595793,-5.085312760156835,0.0
0,11,13,5.3,400.0,400.0,10.0,-2,100.0,0.11091899871826172,-1,1,22.0,1,2,0,3.1,0,6.490628035480972e-16,-5.3,0.0
0,0,2,5.3,400.0,400.0,10.0,0,100.0,0.11159205436706543,-1,1,22.0,1,2,0,3.1,0,0.0,5.3,0.0
0,3,5,5.3,400.0,400.0,10.0,0,100.0,0.11279106140136719,-1,1,22.0,1,2,0,3.1,0,4.005472744077569,3.470761889910011,0.0
0,4,6,5.3,400.0,400.0,10.0,0,100.0,0.11211085319519043,-1,1,22.0,1,2,0,3.1,0,4.821049575378947,2.201699568909998,0.0
0,15,17,5.3,400.0,400.0,10.0,1,100.0,0.11101102828979492,-1,1,22.0,2,1,0,3.1,2,-4.821049575378945,-2.201699568910002,0.0
0,17,19,5.3,400.0,400.0,10.0,0,100.0,0.11268997192382812,-1,1,22.0,1,2,0,3.1,0,-5.246053641968944,0.7542686428484098,0.0
0,18,20,5.3,400.0,400.0,10.0,0,100.0,0.11271190643310547,-1,1,22.0,2,1,0,3.1,0,-4.821049575378947,2.20169956891,0.0
0,20,0,5.3,400.0,400.0,10.0,0,100.0,0.11206889152526855,-1,1,22.0,1,1,0,3.1,1,-2.8653963325146705,4.458643724005258,0.0
0,7,9,5.3,400.0,400.0,10.0,-1,100.0,0.1126091480255127,-1,1,22.0,1,2,0,3.1,0,4.8210495753789475,-2.2016995689099974,0.0
0,12,14,5.3,400.0,400.0,10.0,-2,100.0,0.11201119422912598,-1,1,22.0,2,1,0,3.1,0,-1.4931825512595758,-5.085312760156836,0.0
0,19,21,5.3,400.0,400.0,10.0,-2,100.0,0.11299800872802734,-1,1,22.0,1,2,0,3.1,-1,-4.005472744077568,3.470761889910012,0.0
0,7,9,5.3,400.0,400.0,10.0,0,100.0,0.11172103881835938,-1,1,22.0,2,2,0,3.1,2,4.8210495753789475,-2.2016995689099974,0.0
0,1,3,5.3,400.0,400.0,10.0,0,100.0,0.11104798316955566,-1,1,22.0,1,2,0,3.1,0,1.493182551259577,5.085312760156836,0.0
0,4,6,5.3,400.0,400.0,10.0,-1,100.0,0.11273193359375,-1,1,22.0,1,1,0,3.1,0,4.821049575378947,2.201699568909998,0.0
0,10,12,5.3,400.0,400.0,10.0,0,100.0,0.11171603202819824,-1,1,22.0,2,1,0,3.1,0,1.4931825512595793,-5.085312760156835,0.0
0,2,4,5.3,400.0,400.0,10.0,0,100.0,0.11177182197570801,-1,1,22.0,1,2,0,3.1,-2,2.865396332514667,4.4586437240052605,0.0
0,21,1,5.3,400.0,400.0,10.0,2,100.0,0.11214709281921387,-1,1,22.0,1,1,0,3.1,-2,-1.4931825512595778,5.085312760156836,0.0
0,7,9,5.3,400.0,400.0,10.0,-1,100.0,0.11104106903076172,-1,1,22.0,1,1,0,3.1,0,4.8210495753789475,-2.2016995689099974,0.0
0,16,18,5.3,400.0,400.0,10.0,-1,100.0,0.11113691329956055,-1,1,22.0,1,1,0,3.1,0,-5.246053641968943,-0.7542686428484117,0.0
0,6,8,5.3,400.0,400.0,10.0,1,100.0,0.11171317100524902,-1,1,22.0,2,1,0,3.1,-1,5.246053641968944,-0.7542686428484106,0.0
0,12,14,5.3,400.0,400.0,10.0,-1,100.0,0.11105799674987793,-1,1,22.0,1,1,0,3.1,0,-1.4931825512595758,-5.085312760156836,0.0
0,18,20,5.3,400.0,400.0,10.0,0,100.0,0.11292195320129395,-1,1,22.0,1,1,0,3.1,-1,-4.821049575378947,2.20169956891,0.0
0,2,4,5.3,400.0,400.0,10.0,0,100.0,0.1127469539642334,-1,1,22.0,2,2,0,3.1,-1,2.865396332514667,4.4586437240052605,0.0
0,6,8,5.3,400.0,400.0,10.0,0,100.0,0.11171913146972656,-1,1,22.0,1,2,0,3.1,0,5.246053641968944,-0.7542686428484106,0.0
0,15,17,5.3,400.0,400.0,10.0,2,100.0,0.11295294761657715,-1,1,22.0,1,2,0,3.1,-1,-4.821049575378945,-2.201699568910002,0.0
0,19,21,5.3,400.0,400.0,10.0,0,100.0,0.11180710792541504,-1,1,22.0,2,2,0,3.1,-2,-4.005472744077568,3.470761889910012,0.0
0,15,17,5.3,400.0,400.0,10.0,-2,100.0,0.11267709732055664,-1,1,22.0,2,2,0,3.1,0,-4.821049575378945,-2.201699568910002,0.0
0,9,11,5.3,400.0,400.0,10.0,0,100.0,0.11159992218017578,-1,1,22.0,1,2,0,3.1,0,2.8653963325146665,-4.4586437240052605,0.0
0,9,11,5.3,400.0,400.0,10.0,2,100.0,0.11101412773132324,-1,1,22.0,1,1,0,3.1,-2,2.8653963325146665,-4.4586437240052605,0.0
0,13,15,5.3,400.0,400.0,10.0,1,100.0,0.11099696159362793,-1,1,22.0,1,1,0,3.1,-1,-2.865396332514667,-4.4586437240052605,0.0
0,2,4,5.3,400.0,400.0,10.0,0,100.0,0.11099100112915039,-1,1,22.0,2,1,0,3.1,0,2.865396332514667,4.4586437240052605,0.0
0,6,8,5.3,400.0,400.0,10.0,1,100.0,0.11237382888793945,-1,1,22.0,1,2,0,3.1,0,5.246053641968944,-0.7542686428484106,0.0
0,15,17,5.3,400.0,400.0,10.0,0,100.0,0.12395596504211426,-1,1,22.0,1,1,0,3.1,-1,-4.821049575378945,-2.201699568910002,0.0
0,13,15,5.3,400.0,400.0,10.0,0,100.0,0.1110379695892334,-1,1,22.0,2,1,0,3.1,-1,-2.865396332514667,-4.4586437240052605,0.0
0,13,15,5.3,400.0,400.0,10.0,-1,100.0,0.11111879348754883,-1,1,22.0,1,2,0,3.1,0,-2.865396332514667,-4.4586437240052605,0.0
0,10,12,5.3,400.0,400.0,10.0,2,100.0,0.11109685897827148,-1,1,22.0,2,2,0,3.1,0,1.4931825512595793,-5.085312760156835,0.0
0,4,6,5.3,400.0,400.0,10.0,0,100.0,0.11279678344726562,-1,1,22.0,2,2,0,3.1,-1,4.821049575378947,2.201699568909998,0.0
0,8,10,5.3,400.0,400.0,10.0,0,100.0,0.11275911331176758,-1,1,22.0,1,1,0,3.1,-2,4.005472744077569,-3.47076188991001,0.0
0,18,20,5.3,400.0,400.0,10.0,-1,100.0,0.11288022994995117,-1,1,22.0,1,2,0,3.1,1,-4.821049575378947,2.20169956891,0.0
0,10,12,5.3,400.0,400.0,10.0,1,100.0,0.11274218559265137,-1,1,22.0,1,1,0,3.1,0,1.4931825512595793,-5.085312760156835,0.0
0,20,0,5.3,400.0,400.0,10.0,0,100.0,0.11266398429870605,-1,1,22.0,1,2,0,3.1,-1,-2.8653963325146705,4.458643724005258,0.0
0,1,3,5.3,400.0,400.0,10.0,0,100.0,0.11111211776733398,-1,1,22.0,1,2,0,3.1,0,1.493182551259577,5.085312760156836,0.0
0,13,15,5.3,400.0,400.0,10.0,2,100.0,0.1118021011352539,-1,1,22.0,1,2,0,3.1,0,-2.865396332514667,-4.4586437240052605,0.0
0,5,7,5.3,400.0,400.0,10.0,0,100.0,0.1127619743347168,-1,1,22.0,1,1,0,3.1,-2,5.246053641968943,0.7542686428484122,0.0
0,9,11,5.3,400.0,400.0,10.0,0,100.0,0.11107206344604492,-1,1,22.0,2,1,0,3.1,-1,2.8653963325146665,-4.4586437240052605,0.0
0,13,15,5.3,400.0,400.0,10.0,1,100.0,0.11267995834350586,-1,1,22.0,2,2,0,3.1,0,-2.865396332514667,-4.4586437240052605,0.0
0,11,13,5.3,400.0,400.0,10.0,0,100.0,0.11283707618713379,-1,1,22.0,1,2,0,3.1,-1,6.490628035480972e-16,-5.3,0.0
0,14,16,5.3,400.0,400.0,10.0,0,100.0,0.11136317253112793,-1,1,22.0,2,1,0,3.1,0,-4.005472744077568,-3.4707618899100114,0.0
0,18,20,5.3,400.0,400.0,10.0,1,100.0,0.11215519905090332,-1,1,22.0,1,2,0,3.1,0,-4.821049575378947,2.20169956891,0.0
0,17,19,5.3,400.0,400.0,10.0,0,100.0,0.11274313926696777,-1,1,22.0,1,2,0,3.1,0,-5.246053641968944,0.7542686428484098,0.0
0,14,16,5.3,400.0,400.0,10.0,-2,100.0,0.11109209060668945,-1,1,22.0,1,2,0,3.1,-1,-4.005472744077568,-3.4707618899100114,0.0
0,7,9,5.3,400.0,400.0,10.0,0,100.0,0.11212420463562012,-1,1,22.0,1,2,0,3.1,1,4.8210495753789475,-2.2016995689099974,0.0
0,8,10,5.3,400.0,400.0,10.0,0,100.0,0.11217403411865234,-1,1,22.0,1,2,0,3.1,0,4.005472744077569,-3.47076188991001,0.0
0,0,2,5.3,400.0,400.0,10.0,-1,100.0,0.11202597618103027,-1,1,22.0,2,1,0,3.1,0,0.0,5.3,0.0
0,19,21,5.3,400.0,400.0,10.0,2,100.0,0.11268186569213867,-1,1,22.0,1,1,0,3.1,-2,-4.005472744077568,3.470761889910012,0.0
0,16,18,5.3,400.0,400.0,10.0,0,100.0,0.11266589164733887,-1,1,22.0,1,2,0,3.1,1,-5.246053641968943,-0.7542686428484117,0.0
0,7,9,5.3,400.0,400.0,10.0,0,100.0,0.11268997192382812,-1,1,22.0,2,1,0,3.1,0,4.8210495753789475,-2.2016995689099974,0.0
0,15,17,5.3,400.0,400.0,10.0,-1,100.0,0.11109590530395508,-1,1,22.0,1,1,0,3.1,-2,-4.821049575378945,-2.201699568910002,0.0
0,16,18,5.3,400.0,400.0,10.0,0,100.0,0.11268210411071777,-1,1,22.0,1,2,0,3.1,2,-5.246053641968943,-0.7542686428484117,0.0
0,16,18,5.3,400.0,400.0,10.0,0,100.0,0.11173701286315918,-1,1,22.0,1,1,0,3.1,2,-5.246053641968943,-0.7542686428484117,0.0
0,16,18,5.3,400.0,400.0,10.0,0,100.0,0.11104011535644531,-1,1,22.0,2,1,0,3.1,0,-5.246053641968943,-0.7542686428484117,0.0
0,0,2,5.3,400.0,400.0,10.0,-1,100.0,0.11106991767883301,-1,1,22.0,1,2,0,3.1,0,0.0,5.3,0.0
0,5,7,5.3,400.0,400.0,10.0,0,100.0,0.11210083961486816,-1,1,22.0,1,2,0,3.1,0,5.246053641968943,0.7542686428484122,0.0
0,17,19,5.3,400.0,400.0,10.0,-1,100.0,0.11134505271911621,-1,1,22.0,2,2,0,3.1,0,-5.246053641968944,0.7542686428484098,0.0
0,19,21,5.3,400.0,400.0,10.0,0,100.0,0.11219501495361328,-1,1,22.0,1,1,0,3.1,2,-4.005472744077568,3.470761889910012,0.0
0,15,17,5.3,400.0,400.0,10.0,0,100.0,0.11127686500549316,-1,1,22.0,1,2,0,3.1,-2,-4.821049575378945,-2.201699568910002,0.0
0,4,6,5.3,400.0,400.0,10.0,1,100.0,0.11179208755493164,-1,1,22.0,2,1,0,3.1,0,4.821049575378947,2.201699568909998,0.0
0,0,2,5.3,400.0,400.0,10.0,0,100.0,0.11271810531616211,-1,1,22.0,2,1,0,3.1,0,0.0,5.3,0.0
0,15,17,5.3,400.0,400.0,10.0,0,100.0,0.11102509498596191,-1,1,22.0,1,1,0,3.1,1,-4.821049575378945,-2.201699568910002,0.0
0,15,17,5.3,400.0,400.0,10.0,0,100.0,0.11092901229858398,-1,1,22.0,2,1,0,3.1,0,-4.821049575378945,-2.201699568910002,0.0
0,0,2,5.3,400.0,400.0,10.0,-1,100.0,0.11116290092468262,-1,1,22.0,2,2,0,3.1,2,0.0,5.3,0.0
0,4,6,5.3,400.0,400.0,10.0,1,100.0,0.1110689640045166,-1,1,22.0,2,1,0,3.1,-2,4.821049575378947,2.201699568909998,0.0
0,6,8,5.3,400.0,400.0,10.0,0,100.0,0.11275100708007812,-1,1,22.0,1,1,0,3.1,-2,5.246053641968944,-0.7542686428484106,0.0
0,11,13,5.3,400.0,400.0,10.0,-1,100.0,0.11322402954101562,-1,1,22.0,1,2,0,3.1,0,6.490628035480972e-16,-5.3,0.0
0,1,3,5.3,400.0,400.0,10.0,-1,100.0,0.11231398582458496,-1,1,22.0,2,1,0,3.1,0,1.493182551259577,5.085312760156836,0.0
0,12,14,5.3,400.0,400.0,10.0,2,100.0,0.11199593544006348,-1,1,22.0,2,2,0,3.1,0,-1.4931825512595758,-5.085312760156836,0.0
0,8,10,5.3,400.0,400.0,10.0,0,100.0,0.11290216445922852,-1,1,22.0,1,2,0,3.1,0,4.005472744077569,-3.47076188991001,0.0
0,16,18,5.3,400.0,400.0,10.0,0,100.0,0.1109781265258789,-1,1,22.0,1,2,0,3.1,0,-5.246053641968943,-0.7542686428484117,0.0
0,17,19,5.3,400.0,400.0,10.0,0,100.0,0.11104893684387207,-1,1,22.0,1,2,0,3.1,0,-5.246053641968944,0.7542686428484098,0.0
0,6,8,5.3,400.0,400.0,10.0,-2,100.0,0.11104106903076172,-1,1,22.0,2,2,0,3.1,0,5.246053641968944,-0.7542686428484106,0.0
0,1,3,5.3,400.0,400.0,10.0,1,100.0,0.11112499237060547,-1,1,22.0,2,1,0,3.1,0,1.493182551259577,5.085312760156836,0.0
0,17,19,5.3,400.0,400.0,10.0,-1,100.0,0.11271095275878906,-1,1,22.0,1,2,0,3.1,0,-5.246053641968944,0.7542686428484098,0.0
0,19,21,5.3,400.0,400.0,10.0,0,100.0,0.11274290084838867,-1,1,22.0,2,2,0,3.1,-2,-4.005472744077568,3.470761889910012,0.0
0,12,14,5.3,400.0,400.0,10.0,2,100.0,0.11110186576843262,-1,1,22.0,1,2,0,3.1,-1,-1.4931825512595758,-5.085312760156836,0.0
0,6,8,5.3,400.0,400.0,10.0,0,100.0,0.11366701126098633,-1,1,22.0,1,2,0,3.1,0,5.246053641968944,-0.7542686428484106,0.0
0,20,0,5.3,400.0,400.0,10.0,-1,100.0,0.11103987693786621,-1,1,22.0,2,1,0,3.1,-1,-2.8653963325146705,4.458643724005258,0.0
0,5,7,5.3,400.0,400.0,10.0,0,100.0,0.11200594902038574,-1,1,22.0,1,2,0,3.1,0,5.246053641968943,0.7542686428484122,0.0
0,19,21,5.3,400.0,400.0,10.0,-1,100.0,0.11173391342163086,-1,1,22.0,1,1,0,3.1,0,-4.005472744077568,3.470761889910012,0.0
0,8,10,5.3,400.0,400.0,10.0,-1,100.0,0.11107492446899414,-1,1,22.0,1,2,0,3.1,-1,4.005472744077569,-3.47076188991001,0.0
0,1,3,5.3,400.0,400.0,10.0,2,100.0,0.11284303665161133,-1,1,22.0,1,2,0,3.1,2,1.493182551259577,5.085312760156836,0.0
0,14,16,5.3,400.0,400.0,10.0,1,100.0,0.11089301109313965,-1,1,22.0,2,2,0,3.1,2,-4.005472744077568,-3.4707618899100114,0.0
0,20,0,5.3,400.0,400.0,10.0,-2,100.0,0.11176300048828125,-1,1,22.0,2,1,0,3.1,1,-2.8653963325146705,4.458643724005258,0.0
0,7,9,5.3,400.0,400.0,10.0,0,100.0,0.11286807060241699,-1,1,22.0,1,2,0,3.1,0,4.8210495753789475,-2.2016995689099974,0.0
0,14,16,5.3,400.0,400.0,10.0,0,100.0,0.11177802085876465,-1,1,22.0,2,1,0,3.1,0,-4.005472744077568,-3.4707618899100114,0.0
0,14,16,5.3,400.0,400.0,10.0,0,100.0,0.11296510696411133,-1,1,22.0,1,2,0,3.1,0,-4.005472744077568,-3.4707618899100114,0.0
0,9,11,5.3,400.0,400.0,10.0,-2,100.0,0.11172294616699219,-1,1,22.0,1,2,0,3.1,1,2.8653963325146665,-4.4586437240052605,0.0
0,8,10,5.3,400.0,400.0,10.0,2,100.0,0.112030029296875,-1,1,22.0,2,1,0,3.1,-2,4.005472744077569,-3.47076188991001,0.0
0,18,20,5.3,400.0,400.0,10.0,0,100.0,0.11178207397460938,-1,1,22.0,1,2,0,3.1,-1,-4.821049575378947,2.20169956891,0.0
0,14,16,5.3,400.0,400.0,10.0,0,100.0,0.11176586151123047,-1,1,22.0,1,2,0,3.1,-1,-4.005472744077568,-3.4707618899100114,0.0
0,15,17,5.3,400.0,400.0,10.0,0,100.0,0.11168885231018066,-1,1,22.0,1,1,0,3.1,1,-4.821049575378945,-2.201699568910002,0.0
0,17,19,5.3,400.0,400.0,10.0,0,100.0,0.1127769947052002,-1,1,22.0,1,2,0,3.1,0,-5.246053641968944,0.7542686428484098,0.0
0,19,21,5.3,400.0,400.0,10.0,0,100.0,0.1110689640045166,-1,1,22.0,2,1,0,3.1,0,-4.005472744077568,3.470761889910012,0.0
0,21,1,5.3,400.0,400.0,10.0,0,100.0,0.1128079891204834,-1,1,22.0,2,2,0,3.1,1,-1.4931825512595778,5.085312760156836,0.0
0,9,11,5.3,400.0,400.0,10.0,0,100.0,0.11181497573852539,-1,1,22.0,1,1,0,3.1,2,2.8653963325146665,-4.4586437240052605,0.0
0,10,12,5.3,400.0,400.0,10.0,-1,100.0,0.11251997947692871,-1,1,22.0,1,2,0,3.1,0,1.4931825512595793,-5.085312760156835,0.0
0,16,18,5.3,400.0,400.0,10.0,0,100.0,0.11281991004943848,-1,1,22.0,1,2,0,3.1,0,-5.246053641968943,-0.7542686428484117,0.0
0,13,15,5.3,400.0,400.0,10.0,-2,100.0,0.11255407333374023,-1,1,22.0,2,1,0,3.1,0,-2.865396332514667,-4.4586437240052605,0.0
0,13,15,5.3,400.0,400.0,10.0,-2,100.0,0.11139416694641113,-1,1,22.0,2,1,0,3.1,0,-2.865396332514667,-4.4586437240052605,0.0
0,7,9,5.3,400.0,400.0,10.0,2,100.0,0.1110389232635498,-1,1,22.0,2,1,0,3.1,1,4.8210495753789475,-2.2016995689099974,0.0
0,12,14,5.3,400.0,400.0,10.0,-1,100.0,0.11274600028991699,-1,1,22.0,1,2,0,3.1,-2,-1.4931825512595758,-5.085312760156836,0.0
0,8,10,5.3,400.0,400.0,10.0,1,100.0,0.11107587814331055,-1,1,22.0,1,2,0,3.1,0,4.005472744077569,-3.47076188991001,0.0
0,14,16,5.3,400.0,400.0,10.0,-1,100.0,0.11104583740234375,-1,1,22.0,2,2,0,3.1,1,-4.005472744077568,-3.4707618899100114,0.0
0,3,5,5.3,400.0,400.0,10.0,-2,100.0,0.11286187171936035,-1,1,22.0,1,2,0,3.1,2,4.005472744077569,3.470761889910011,0.0
0,14,16,5.3,400.0,400.0,10.0,0,100.0,0.11275577545166016,-1,1,22.0,2,2,0,3.1,-1,-4.005472744077568,-3.4707618899100114,0.0
0,6,8,5.3,400.0,400.0,10.0,0,100.0,0.1110239028930664,-1,1,22.0,1,2,0,3.1,0,5.246053641968944,-0.7542686428484106,0.0
0,19,21,5.3,400.0,400.0,10.0,-2,100.0,0.11280703544616699,-1,1,22.0,1,2,0,3.1,2,-4.005472744077568,3.470761889910012,0.0
0,2,4,5.3,400.0,400.0,10.0,-2,100.0,0.11089015007019043,-1,1,22.0,2,2,0,3.1,-1,2.865396332514667,4.4586437240052605,0.0
0,9,11,5.3,400.0,400.0,10.0,0,100.0,0.11173391342163086,-1,1,22.0,2,1,0,3.1,0,2.8653963325146665,-4.4586437240052605,0.0
0,16,18,5.3,400.0,400.0,10.0,-1,100.0,0.11272406578063965,-1,1,22.0,2,1,0,3.1,-1,-5.246053641968943,-0.7542686428484117,0.0
0,10,12,5.3,400.0,400.0,10.0,0,100.0,0.11205196380615234,-1,1,22.0,1,1,0,3.1,-1,1.4931825512595793,-5.085312760156835,0.0
0,1,3,5.3,400.0,400.0,10.0,1,100.0,0.11233377456665039,-1,1,22.0,1,2,0,3.1,0,1.493182551259577,5.085312760156836,0.0
0,1,3,5.3,400.0,400.0,10.0,-1,100.0,0.11176800727844238,-1,1,22.0,1,2,0,3.1,0,1.493182551259577,5.085312760156836,0.0
0,16,18,5.3,400.0,400.0,10.0,0,100.0,0.11177992820739746,-1,1,22.0,1,2,0,3.1,0,-5.246053641968943,-0.7542686428484117,0.0
0,4,6,5.3,400.0,400.0,10.0,0,100.0,0.11200809478759766,-1,1,22.0,1,2,0,3.1,0,4.821049575378947,2.201699568909998,0.0
0,11,13,5.3,400.0,400.0,10.0,1,100.0,0.11265993118286133,-1,1,22.0,1,2,0,3.1,0,6.490628035480972e-16,-5.3,0.0
0,18,20,5.3,400.0,400.0,10.0,0,100.0,0.11179304122924805,-1,1,22.0,2,1,0,3.1,0,-4.821049575378947,2.20169956891,0.0
0,16,18,5.3,400.0,400.0,10.0,0,100.0,0.11278104782104492,-1,1,22.0,2,2,0,3.1,-1,-5.246053641968943,-0.7542686428484117,0.0
0,17,19,5.3,400.0,400.0,10.0,0,100.0,0.11107492446899414,-1,1,22.0,1,2,0,3.1,0,-5.246053641968944,0.7542686428484098,0.0
0,21,1,5.3,400.0,400.0,10.0,0,100.0,0.11249208450317383,-1,1,22.0,1,2,0,3.1,0,-1.4931825512595778,5.085312760156836,0.0
0,12,14,5.3,400.0,400.0,10.0,-2,100.0,0.11265397071838379,-1,1,22.0,2,2,0,3.1,-1,-1.4931825512595758,-5.085312760156836,0.0
0,4,6,5.3,400.0,400.0,10.0,0,100.0,0.11272716522216797,-1,1,22.0,1,1,0,3.1,-2,4.821049575378947,2.201699568909998,0.0
0,10,12,5.3,400.0,400.0,10.0,-2,100.0,0.11277318000793457,-1,1,22.0,2,1,0,3.1,0,1.4931825512595793,-5.085312760156835,0.0
0,13,15,5.3,400.0,400.0,10.0,-2,100.0,0.11236000061035156,-1,1,22.0,1,2,0,3.1,2,-2.865396332514667,-4.4586437240052605,0.0
0,3,5,5.3,400.0,400.0,10.0,0,100.0,0.11212992668151855,-1,1,22.0,1,2,0,3.1,1,4.005472744077569,3.470761889910011,0.0
0,12,14,5.3,400.0,400.0,10.0,0,100.0,0.11274600028991699,-1,1,22.0,2,2,0,3.1,1,-1.4931825512595758,-5.085312760156836,0.0
0,5,7,5.3,400.0,400.0,10.0,0,100.0,0.11276483535766602,-1,1,22.0,2,1,0,3.1,0,5.246053641968943,0.7542686428484122,0.0
0,14,16,5.3,400.0,400.0,10.0,1,100.0,0.1129150390625,-1,1,22.0,2,2,0,3.1,0,-4.005472744077568,-3.4707618899100114,0.0
0,17,19,5.3,400.0,400.0,10.0,0,100.0,0.11273002624511719,-1,1,22.0,1,2,0,3.1,0,-5.246053641968944,0.7542686428484098,0.0
0,20,0,5.3,400.0,400.0,10.0,-1,100.0,0.11175799369812012,-1,1,22.0,2,1,0,3.1,2,-2.8653963325146705,4.458643724005258,0.0
0,18,20,5.3,400.0,400.0,10.0,2,100.0,0.11202001571655273,-1,1,22.0,2,2,0,3.1,0,-4.821049575378947,2.20169956891,0.0
0,2,4,5.3,400.0,400.0,10.0,0,100.0,0.1112210750579834,-1,1,22.0,2,2,0,3.1,2,2.865396332514667,4.4586437240052605,0.0
0,7,9,5.3,400.0,400.0,10.0,0,100.0,0.11292099952697754,-1,1,22.0,1,2,0,3.1,0,4.8210495753789475,-2.2016995689099974,0.0
0,12,14,5.3,400.0,400.0,10.0,0,100.0,0.11274480819702148,-1,1,22.0,1,2,0,3.1,0,-1.4931825512595758,-5.085312760156836,0.0
0,21,1,5.3,400.0,400.0,10.0,0,100.0,0.11179494857788086,-1,1,22.0,1,1,0,3.1,-1,-1.4931825512595778,5.085312760156836,0.0
0,15,17,5.3,400.0,400.0,10.0,-1,100.0,0.11212801933288574,-1,1,22.0,1,2,0,3.1,2,-4.821049575378945,-2.201699568910002,0.0
0,15,17,5.3,400.0,400.0,10.0,0,100.0,0.11232399940490723,-1,1,22.0,1,2,0,3.1,0,-4.821049575378945,-2.201699568910002,0.0
0,6,8,5.3,400.0,400.0,10.0,0,100.0,0.11182093620300293,-1,1,22.0,2,1,0,3.1,0,5.246053641968944,-0.7542686428484106,0.0
0,9,11,5.3,400.0,400.0,10.0,0,100.0,0.1143040657043457,-1,1,22.0,1,2,0,3.1,0,2.8653963325146665,-4.4586437240052605,0.0
0,8,10,5.3,400.0,400.0,10.0,-1,100.0,0.11370086669921875,-1,1,22.0,1,1,0,3.1,1,4.005472744077569,-3.47076188991001,0.0
0,11,13,5.3,400.0,400.0,10.0,0,100.0,0.11101222038269043,-1,1,22.0,1,2,0,3.1,0,6.490628035480972e-16,-5.3,0.0
0,4,6,5.3,400.0,400.0,10.0,0,100.0,0.11274194717407227,-1,1,22.0,1,1,0,3.1,-2,4.821049575378947,2.201699568909998,0.0
0,10,12,5.3,400.0,400.0,10.0,1,100.0,0.1127469539642334,-1,1,22.0,2,1,0,3.1,0,1.4931825512595793,-5.085312760156835,0.0
0,11,13,5.3,400.0,400.0,10.0,0,100.0,0.11278891563415527,-1,1,22.0,1,2,0,3.1,0,6.490628035480972e-16,-5.3,0.0
0,13,15,5.3,400.0,400.0,10.0,-2,100.0,0.11278486251831055,-1,1,22.0,2,1,0,3.1,1,-2.865396332514667,-4.4586437240052605,0.0
0,6,8,5.3,400.0,400.0,10.0,0,100.0,0.11121392250061035,-1,1,22.0,2,2,0,3.1,2,5.246053641968944,-0.7542686428484106,0.0
0,20,0,5.3,400.0,400.0,10.0,0,100.0,0.11251211166381836,-1,1,22.0,1,1,0,3.1,1,-2.8653963325146705,4.458643724005258,0.0
0,12,14,5.3,400.0,400.0,10.0,-1,100.0,0.11292910575866699,-1,1,22.0,1,2,0,3.1,0,-1.4931825512595758,-5.085312760156836,0.0
0,3,5,5.3,400.0,400.0,10.0,1,100.0,0.11215806007385254,-1,1,22.0,1,2,0,3.1,0,4.005472744077569,3.470761889910011,0.0
0,19,21,5.3,400.0,400.0,10.0,0,100.0,0.11212396621704102,-1,1,22.0,1,2,0,3.1,-1,-4.005472744077568,3.470761889910012,0.0
0,18,20,5.3,400.0,400.0,10.0,2,100.0,0.11161613464355469,-1,1,22.0,2,1,0,3.1,-1,-4.821049575378947,2.20169956891,0.0
0,13,15,5.3,400.0,400.0,10.0,1,100.0,0.11098599433898926,-1,1,22.0,2,1,0,3.1,-2,-2.865396332514667,-4.4586437240052605,0.0
0,6,8,5.3,400.0,400.0,10.0,0,100.0,0.11176109313964844,-1,1,22.0,1,2,0,3.1,0,5.246053641968944,-0.7542686428484106,0.0
0,10,12,5.3,400.0,400.0,10.0,0,100.0,0.11216115951538086,-1,1,22.0,1,2,0,3.1,0,1.4931825512595793,-5.085312760156835,0.0
0,11,13,5.3,400.0,400.0,10.0,2,100.0,0.11208701133728027,-1,1,22.0,1,2,0,3.1,0,6.490628035480972e-16,-5.3,0.0
0,1,3,5.3,400.0,400.0,10.0,2,100.0,0.11171317100524902,-1,1,22.0,2,2,0,3.1,0,1.493182551259577,5.085312760156836,0.0
0,7,9,5.3,400.0,400.0,10.0,0,100.0,0.11252403259277344,-1,1,22.0,1,2,0,3.1,0,4.8210495753789475,-2.2016995689099974,0.0
0,14,16,5.3,400.0,400.0,10.0,-1,100.0,0.1110849380493164,-1,1,22.0,2,1,0,3.1,0,-4.005472744077568,-3.4707618899100114,0.0
0,7,9,5.3,400.0,400.0,10.0,0,100.0,0.11106300354003906,-1,1,22.0,1,2,0,3.1,0,4.8210495753789475,-2.2016995689099974,0.0
0,15,17,5.3,400.0,400.0,10.0,2,100.0,0.11177396774291992,-1,1,22.0,1,2,0,3.1,2,-4.821049575378945,-2.201699568910002,0.0
0,11,13,5.3,400.0,400.0,10.0,0,100.0,0.11214518547058105,-1,1,22.0,1,1,0,3.1,-1,6.490628035480972e-16,-5.3,0.0
0,20,0,5.3,400.0,400.0,10.0,-1,100.0,0.11212491989135742,-1,1,22.0,1,1,0,3.1,1,-2.8653963325146705,4.458643724005258,0.0
0,11,13,5.3,400.0,400.0,10.0,0,100.0,0.11269497871398926,-1,1,22.0,1,2,0,3.1,1,6.490628035480972e-16,-5.3,0.0
0,15,17,5.3,400.0,400.0,10.0,-2,100.0,0.11105108261108398,-1,1,22.0,2,1,0,3.1,1,-4.821049575378945,-2.201699568910002,0.0
0,16,18,5.3,400.0,400.0,10.0,0,100.0,0.11293816566467285,-1,1,22.0,1,2,0,3.1,0,-5.246053641968943,-0.7542686428484117,0.0
0,10,12,5.3,400.0,400.0,10.0,0,100.0,0.11287999153137207,-1,1,22.0,1,2,0,3.1,0,1.4931825512595793,-5.085312760156835,0.0
0,10,12,5.3,400.0,400.0,10.0,-1,100.0,0.11279892921447754,-1,1,22.0,1,1,0,3.1,0,1.4931825512595793,-5.085312760156835,0.0
0,7,9,5.3,400.0,400.0,10.0,1,100.0,0.11270689964294434,-1,1,22.0,2,2,0,3.1,0,4.8210495753789475,-2.2016995689099974,0.0
0,6,8,5.3,400.0,400.0,10.0,0,100.0,0.11266803741455078,-1,1,22.0,1,2,0,3.1,0,5.246053641968944,-0.7542686428484106,0.0
0,2,4,5.3,400.0,400.0,10.0,0,100.0,0.11204695701599121,-1,1,22.0,1,2,0,3.1,0,2.865396332514667,4.4586437240052605,0.0
0,17,19,5.3,400.0,400.0,10.0,0,100.0,0.11203789710998535,-1,1,22.0,1,2,0,3.1,0,-5.246053641968944,0.7542686428484098,0.0
0,3,5,5.3,400.0,400.0,10.0,0,100.0,0.11255478858947754,-1,1,22.0,1,2,0,3.1,0,4.005472744077569,3.470761889910011,0.0
0,16,18,5.3,400.0,400.0,10.0,0,100.0,0.11201310157775879,-1,1,22.0,1,2,0,3.1,0,-5.246053641968943,-0.7542686428484117,0.0
0,16,18,5.3,400.0,400.0,10.0,-1,100.0,0.11207795143127441,-1,1,22.0,1,2,0,3.1,1,-5.246053641968943,-0.7542686428484117,0.0
0,19,21,5.3,400.0,400.0,10.0,-2,100.0,0.11267805099487305,-1,1,22.0,2,1,0,3.1,2,-4.005472744077568,3.470761889910012,0.0
0,9,11,5.3,400.0,400.0,10.0,0,100.0,0.11270999908447266,-1,1,22.0,2,1,0,3.1,-1,2.8653963325146665,-4.4586437240052605,0.0
0,1,3,5.3,400.0,400.0,10.0,0,100.0,0.11321020126342773,-1,1,22.0,1,2,0,3.1,0,1.493182551259577,5.085312760156836,0.0
0,3,5,5.3,400.0,400.0,10.0,-2,100.0,0.11107802391052246,-1,1,22.0,1,1,0,3.1,-1,4.005472744077569,3.470761889910011,0.0
0,12,14,5.3,400.0,400.0,10.0,1,100.0,0.11296200752258301,-1,1,22.0,1,2,0,3.1,-1,-1.4931825512595758,-5.085312760156836,0.0
0,19,21,5.3,400.0,400.0,10.0,1,100.0,0.11113405227661133,-1,1,22.0,2,2,0,3.1,-2,-4.005472744077568,3.470761889910012,0.0
0,0,2,5.3,400.0,400.0,10.0,0,100.0,0.11271095275878906,-1,1,22.0,1,1,0,3.1,1,0.0,5.3,0.0
0,3,5,5.3,400.0,400.0,10.0,0,100.0,0.11270999908447266,-1,1,22.0,2,2,0,3.1,-1,4.005472744077569,3.470761889910011,0.0
0,16,18,5.3,400.0,400.0,10.0,0,100.0,0.11272788047790527,-1,1,22.0,1,2,0,3.1,-2,-5.246053641968943,-0.7542686428484117,0.0
0,18,20,5.3,400.0,400.0,10.0,0,100.0,0.11103606224060059,-1,1,22.0,1,1,0,3.1,2,-4.821049575378947,2.20169956891,0.0
0,19,21,5.3,400.0,400.0,10.0,0,100.0,0.11175990104675293,-1,1,22.0,1,2,0,3.1,0,-4.005472744077568,3.470761889910012,0.0
0,17,19,5.3,400.0,400.0,10.0,2,100.0,0.11209607124328613,-1,1,22.0,2,2,0,3.1,0,-5.246053641968944,0.7542686428484098,0.0
0,6,8,5.3,400.0,400.0,10.0,0,100.0,0.11194610595703125,-1,1,22.0,1,2,0,3.1,0,5.246053641968944,-0.7542686428484106,0.0
0,3,5,5.3,400.0,400.0,10.0,0,100.0,0.11282205581665039,-1,1,22.0,1,2,0,3.1,0,4.005472744077569,3.470761889910011,0.0
0,18,20,5.3,400.0,400.0,10.0,-1,100.0,0.11174702644348145,-1,1,22.0,2,2,0,3.1,0,-4.821049575378947,2.20169956891,0.0
0,12,14,5.3,400.0,400.0,10.0,-1,100.0,0.11230993270874023,-1,1,22.0,1,1,0,3.1,1,-1.4931825512595758,-5.085312760156836,0.0
0,7,9,5.3,400.0,400.0,10.0,0,100.0,0.11274194717407227,-1,1,22.0,1,2,0,3.1,0,4.8210495753789475,-2.2016995689099974,0.0
0,13,15,5.3,400.0,400.0,10.0,0,100.0,0.11271214485168457,-1,1,22.0,2,1,0,3.1,0,-2.865396332514667,-4.4586437240052605,0.0
0,21,1,5.3,400.0,400.0,10.0,0,100.0,0.11220002174377441,-1,1,22.0,1,2,0,3.1,0,-1.4931825512595778,5.085312760156836,0.0
0,7,9,5.3,400.0,400.0,10.0,0,100.0,0.11275196075439453,-1,1,22.0,1,1,0,3.1,-2,4.8210495753789475,-2.2016995689099974,0.0
0,12,14,5.3,400.0,400.0,10.0,-2,100.0,0.11101603507995605,-1,1,22.0,1,2,0,3.1,0,-1.4931825512595758,-5.085312760156836,0.0
0,3,5,5.3,400.0,400.0,10.0,-2,100.0,0.11267805099487305,-1,1,22.0,1,2,0,3.1,2,4.005472744077569,3.470761889910011,0.0
0,7,9,5.3,400.0,400.0,10.0,0,100.0,0.11270999908447266,-1,1,22.0,2,1,0,3.1,0,4.8210495753789475,-2.2016995689099974,0.0
0,2,4,5.3,400.0,400.0,10.0,-1,100.0,0.11191415786743164,-1,1,22.0,1,2,0,3.1,-1,2.865396332514667,4.4586437240052605,0.0
0,21,1,5.3,400.0,400.0,10.0,-1,100.0,0.11273598670959473,-1,1,22.0,2,1,0,3.1,0,-1.4931825512595778,5.085312760156836,0.0
0,5,7,5.3,400.0,400.0,10.0,0,100.0,0.1119089126586914,-1,1,22.0,2,1,0,3.1,0,5.246053641968943,0.7542686428484122,0.0
0,18,20,5.3,400.0,400.0,10.0,-1,100.0,0.11205196380615234,-1,1,22.0,1,2,0,3.1,-1,-4.821049575378947,2.20169956891,0.0
0,11,13,5.3,400.0,400.0,10.0,0,100.0,0.1110541820526123,-1,1,22.0,1,2,0,3.1,0,6.490628035480972e-16,-5.3,0.0
0,13,15,5.3,400.0,400.0,10.0,-1,100.0,0.11176514625549316,-1,1,22.0,2,2,0,3.1,0,-2.865396332514667,-4.4586437240052605,0.0
0,19,21,5.3,400.0,400.0,10.0,-1,100.0,0.11267209053039551,-1,1,22.0,1,2,0,3.1,-1,-4.005472744077568,3.470761889910012,0.0
0,4,6,5.3,400.0,400.0,10.0,1,100.0,0.11230778694152832,-1,1,22.0,2,2,0,3.1,0,4.821049575378947,2.201699568909998,0.0
0,8,10,5.3,400.0,400.0,10.0,0,100.0,0.11163783073425293,-1,1,22.0,2,1,0,3.1,0,4.005472744077569,-3.47076188991001,0.0
0,17,19,5.3,400.0,400.0,10.0,0,100.0,0.11202812194824219,-1,1,22.0,2,1,0,3.1,0,-5.246053641968944,0.7542686428484098,0.0
0,9,11,5.3,400.0,400.0,10.0,-1,100.0,0.11251592636108398,-1,1,22.0,1,1,0,3.1,0,2.8653963325146665,-4.4586437240052605,0.0
0,18,20,5.3,400.0,400.0,10.0,0,100.0,0.11266899108886719,-1,1,22.0,2,1,0,3.1,-1,-4.821049575378947,2.20169956891,0.0
0,17,19,5.3,400.0,400.0,10.0,0,100.0,0.1110219955444336,-1,1,22.0,1,2,0,3.1,1,-5.246053641968944,0.7542686428484098,0.0
0,15,17,5.3,400.0,400.0,10.0,0,100.0,0.11264395713806152,-1,1,22.0,2,2,0,3.1,-2,-4.821049575378945,-2.201699568910002,0.0
0,6,8,5.3,400.0,400.0,10.0,0,100.0,0.11101102828979492,-1,1,22.0,1,2,0,3.1,0,5.246053641968944,-0.7542686428484106,0.0
0,15,17,5.3,400.0,400.0,10.0,0,100.0,0.11179900169372559,-1,1,22.0,1,2,0,3.1,2,-4.821049575378945,-2.201699568910002,0.0
0,17,19,5.3,400.0,400.0,10.0,0,100.0,0.11231398582458496,-1,1,22.0,1,2,0,3.1,0,-5.246053641968944,0.7542686428484098,0.0
0,8,10,5.3,400.0,400.0,10.0,1,100.0,0.11249089241027832,-1,1,22.0,1,2,0,3.1,1,4.005472744077569,-3.47076188991001,0.0
0,15,17,5.3,400.0,400.0,10.0,0,100.0,0.11107492446899414,-1,1,22.0,2,1,0,3.1,0,-4.821049575378945,-2.201699568910002,0.0
0,18,20,5.3,400.0,400.0,10.0,0,100.0,0.11281991004943848,-1,1,22.0,1,2,0,3.1,2,-4.821049575378947,2.20169956891,0.0
0,19,21,5.3,400.0,400.0,10.0,0,100.0,0.11269402503967285,-1,1,22.0,1,2,0,3.1,0,-4.005472744077568,3.470761889910012,0.0
0,10,12,5.3,400.0,400.0,10.0,0,100.0,0.11249804496765137,-1,1,22.0,1,2,0,3.1,0,1.4931825512595793,-5.085312760156835,0.0
0,5,7,5.3,400.0,400.0,10.0,0,100.0,0.11278009414672852,-1,1,22.0,1,2,0,3.1,0,5.246053641968943,0.7542686428484122,0.0
0,19,21,5.3,400.0,400.0,10.0,0,100.0,0.11150097846984863,-1,1,22.0,2,1,0,3.1,0,-4.005472744077568,3.470761889910012,0.0
0,6,8,5.3,400.0,400.0,10.0,0,100.0,0.1128849983215332,-1,1,22.0,1,2,0,3.1,0,5.246053641968944,-0.7542686428484106,0.0
0,12,14,5.3,400.0,400.0,10.0,1,100.0,0.11199402809143066,-1,1,22.0,1,1,0,3.1,-1,-1.4931825512595758,-5.085312760156836,0.0
0,7,9,5.3,400.0,400.0,10.0,0,100.0,0.11120796203613281,-1,1,22.0,1,2,0,3.1,-1,4.8210495753789475,-2.2016995689099974,0.0
0,14,16,5.3,400.0,400.0,10.0,1,100.0,0.11275601387023926,-1,1,22.0,1,1,0,3.1,-1,-4.005472744077568,-3.4707618899100114,0.0
0,8,10,5.3,400.0,400.0,10.0,0,100.0,0.11266088485717773,-1,1,22.0,2,1,0,3.1,0,4.005472744077569,-3.47076188991001,0.0
0,0,2,5.3,400.0,400.0,10.0,-1,100.0,0.11272788047790527,-1,1,22.0,2,1,0,3.1,-2,0.0,5.3,0.0
0,10,12,5.3,400.0,400.0,10.0,-1,100.0,0.11287713050842285,-1,1,22.0,1,2,0,3.1,-1,1.4931825512595793,-5.085312760156835,0.0
0,17,19,5.3,400.0,400.0,10.0,0,100.0,0.11275100708007812,-1,1,22.0,2,2,0,3.1,-2,-5.246053641968944,0.7542686428484098,0.0
0,9,11,5.3,400.0,400.0,10.0,0,100.0,0.11199212074279785,-1,1,22.0,1,2,0,3.1,-1,2.8653963325146665,-4.4586437240052605,0.0
0,5,7,5.3,400.0,400.0,10.0,0,100.0,0.11210083961486816,-1,1,22.0,1,2,0,3.1,1,5.246053641968943,0.7542686428484122,0.0
0,11,13,5.3,400.0,400.0,10.0,0,100.0,0.11106204986572266,-1,1,22.0,2,2,0,3.1,-2,6.490628035480972e-16,-5.3,0.0
0,15,17,5.3,400.0,400.0,10.0,0,100.0,0.11107802391052246,-1,1,22.0,1,2,0,3.1,0,-4.821049575378945,-2.201699568910002,0.0
0,16,18,5.3,400.0,400.0,10.0,0,100.0,0.11162495613098145,-1,1,22.0,1,2,0,3.1,0,-5.246053641968943,-0.7542686428484117,0.0
0,10,12,5.3,400.0,400.0,10.0,-1,100.0,0.11527013778686523,-1,1,22.0,1,2,0,3.1,2,1.4931825512595793,-5.085312760156835,0.0
0,8,10,5.3,400.0,400.0,10.0,0,100.0,0.11107397079467773,-1,1,22.0,1,2,0,3.1,0,4.005472744077569,-3.47076188991001,0.0
0,11,13,5.3,400.0,400.0,10.0,0,100.0,0.1123208999633789,-1,1,22.0,1,2,0,3.1,0,6.490628035480972e-16,-5.3,0.0
0,3,5,5.3,400.0,400.0,10.0,0,100.0,0.113494873046875,-1,1,22.0,1,2,0,3.1,-1,4.005472744077569,3.470761889910011,0.0
0,18,20,5.3,400.0,400.0,10.0,-1,100.0,0.11164712905883789,-1,1,22.0,1,1,0,3.1,-2,-4.821049575378947,2.20169956891,0.0
0,19,21,5.3,400.0,400.0,10.0,0,100.0,0.11145281791687012,-1,1,22.0,1,2,0,3.1,0,-4.005472744077568,3.470761889910012,0.0
0,8,10,5.3,400.0,400.0,10.0,1,100.0,0.11246919631958008,-1,1,22.0,1,2,0,3.1,0,4.005472744077569,-3.47076188991001,0.0
0,15,17,5.3,400.0,400.0,10.0,-1,100.0,0.11102294921875,-1,1,22.0,1,2,0,3.1,0,-4.821049575378945,-2.201699568910002,0.0
0,17,19,5.3,400.0,400.0,10.0,0,100.0,0.11283588409423828,-1,1,22.0,1,1,0,3.1,-2,-5.246053641968944,0.7542686428484098,0.0
0,14,16,5.3,400.0,400.0,10.0,1,100.0,0.11103391647338867,-1,1,22.0,2,2,0,3.1,-2,-4.005472744077568,-3.4707618899100114,0.0
0,15,17,5.3,400.0,400.0,10.0,0,100.0,0.1111459732055664,-1,1,22.0,2,1,0,3.1,0,-4.821049575378945,-2.201699568910002,0.0
0,18,20,5.3,400.0,400.0,10.0,0,100.0,0.11263608932495117,-1,1,22.0,2,2,0,3.1,1,-4.821049575378947,2.20169956891,0.0
0,15,17,5.3,400.0,400.0,10.0,1,100.0,0.11165595054626465,-1,1,22.0,2,2,0,3.1,0,-4.821049575378945,-2.201699568910002,0.0
0,0,2,5.3,400.0,400.0,10.0,2,100.0,0.11270380020141602,-1,1,22.0,1,2,0,3.1,0,0.0,5.3,0.0
0,16,18,5.3,400.0,400.0,10.0,0,100.0,0.11267900466918945,-1,1,22.0,1,1,0,3.1,-1,-5.246053641968943,-0.7542686428484117,0.0
0,5,7,5.3,400.0,400.0,10.0,0,100.0,0.11112284660339355,-1,1,22.0,1,2,0,3.1,0,5.246053641968943,0.7542686428484122,0.0
0,6,8,5.3,400.0,400.0,10.0,0,100.0,0.11175012588500977,-1,1,22.0,1,2,0,3.1,0,5.246053641968944,-0.7542686428484106,0.0
0,16,18,5.3,400.0,400.0,10.0,0,100.0,0.11265301704406738,-1,1,22.0,1,2,0,3.1,0,-5.246053641968943,-0.7542686428484117,0.0
0,0,2,5.3,400.0,400.0,10.0,1,100.0,0.11210513114929199,-1,1,22.0,2,2,0,3.1,0,0.0,5.3,0.0
0,6,8,5.3,400.0,400.0,10.0,0,100.0,0.11194515228271484,-1,1,22.0,1,2,0,3.1,0,5.246053641968944,-0.7542686428484106,0.0
0,4,6,5.3,400.0,400.0,10.0,0,100.0,0.1120760440826416,-1,1,22.0,1,1,0,3.1,2,4.821049575378947,2.201699568909998,0.0
0,17,19,5.3,400.0,400.0,10.0,-2,100.0,0.11173391342163086,-1,1,22.0,1,2,0,3.1,1,-5.246053641968944,0.7542686428484098,0.0
0,7,9,5.3,400.0,400.0,10.0,0,100.0,0.11243891716003418,-1,1,22.0,1,1,0,3.1,1,4.8210495753789475,-2.2016995689099974,0.0
0,19,21,5.3,400.0,400.0,10.0,2,100.0,0.11172199249267578,-1,1,22.0,2,1,0,3.1,1,-4.005472744077568,3.470761889910012,0.0
0,19,21,5.3,400.0,400.0,10.0,-1,100.0,0.1110379695892334,-1,1,22.0,1,2,0,3.1,-1,-4.005472744077568,3.470761889910012,0.0
0,8,10,5.3,400.0,400.0,10.0,-2,100.0,0.11277198791503906,-1,1,22.0,1,2,0,3.1,0,4.005472744077569,-3.47076188991001,0.0
0,15,17,5.3,400.0,400.0,10.0,1,100.0,0.11176800727844238,-1,1,22.0,1,2,0,3.1,1,-4.821049575378945,-2.201699568910002,0.0
0,21,1,5.3,400.0,400.0,10.0,0,100.0,0.11272716522216797,-1,1,22.0,1,2,0,3.1,0,-1.4931825512595778,5.085312760156836,0.0
0,12,14,5.3,400.0,400.0,10.0,0,100.0,0.11101198196411133,-1,1,22.0,2,1,0,3.1,0,-1.4931825512595758,-5.085312760156836,0.0
0,21,1,5.3,400.0,400.0,10.0,0,100.0,0.11110687255859375,-1,1,22.0,1,2,0,3.1,0,-1.4931825512595778,5.085312760156836,0.0
0,15,17,5.3,400.0,400.0,10.0,0,100.0,0.11115789413452148,-1,1,22.0,1,2,0,3.1,-1,-4.821049575378945,-2.201699568910002,0.0
0,20,0,5.3,400.0,400.0,10.0,-1,100.0,0.11275696754455566,-1,1,22.0,1,1,0,3.1,0,-2.8653963325146705,4.458643724005258,0.0
0,12,14,5.3,400.0,400.0,10.0,0,100.0,0.11228108406066895,-1,1,22.0,1,2,0,3.1,0,-1.4931825512595758,-5.085312760156836,0.0
0,21,1,5.3,400.0,400.0,10.0,0,100.0,0.11165285110473633,-1,1,22.0,2,1,0,3.1,2,-1.4931825512595778,5.085312760156836,0.0
0,17,19,5.3,400.0,400.0,10.0,0,100.0,0.11232686042785645,-1,1,22.0,1,2,0,3.1,0,-5.246053641968944,0.7542686428484098,0.0
0,5,7,5.3,400.0,400.0,10.0,0,100.0,0.11082887649536133,-1,1,22.0,1,2,0,3.1,-1,5.246053641968943,0.7542686428484122,0.0
0,19,21,5.3,400.0,400.0,10.0,-1,100.0,0.11252403259277344,-1,1,22.0,2,2,0,3.1,0,-4.005472744077568,3.470761889910012,0.0
0,11,13,5.3,400.0,400.0,10.0,0,100.0,0.11107301712036133,-1,1,22.0,1,2,0,3.1,0,6.490628035480972e-16,-5.3,0.0
0,19,21,5.3,400.0,400.0,10.0,0,100.0,0.11274194717407227,-1,1,22.0,1,1,0,3.1,-1,-4.005472744077568,3.470761889910012,0.0
0,10,12,5.3,400.0,400.0,10.0,1,100.0,0.11100196838378906,-1,1,22.0,1,1,0,3.1,0,1.4931825512595793,-5.085312760156835,0.0
0,3,5,5.3,400.0,400.0,10.0,0,100.0,0.11271500587463379,-1,1,22.0,2,2,0,3.1,-1,4.005472744077569,3.470761889910011,0.0
0,7,9,5.3,400.0,400.0,10.0,0,100.0,0.11252999305725098,-1,1,22.0,1,2,0,3.1,0,4.8210495753789475,-2.2016995689099974,0.0
0,16,18,5.3,400.0,400.0,10.0,0,100.0,0.11154413223266602,-1,1,22.0,1,2,0,3.1,-1,-5.246053641968943,-0.7542686428484117,0.0
0,6,8,5.3,400.0,400.0,10.0,-1,100.0,0.11287283897399902,-1,1,22.0,1,2,0,3.1,0,5.246053641968944,-0.7542686428484106,0.0
0,11,13,5.3,400.0,400.0,10.0,0,100.0,0.11179900169372559,-1,1,22.0,1,2,0,3.1,0,6.490628035480972e-16,-5.3,0.0
0,8,10,5.3,400.0,400.0,10.0,-2,100.0,0.11171793937683105,-1,1,22.0,1,1,0,3.1,0,4.005472744077569,-3.47076188991001,0.0
0,0,2,5.3,400.0,400.0,10.0,1,100.0,0.11274313926696777,-1,1,22.0,1,2,0,3.1,1,0.0,5.3,0.0
0,4,6,5.3,400.0,400.0,10.0,0,100.0,0.11271095275878906,-1,1,22.0,1,2,0,3.1,0,4.821049575378947,2.201699568909998,0.0
0,1,3,5.3,400.0,400.0,10.0,0,100.0,0.11278796195983887,-1,1,22.0,2,1,0,3.1,0,1.493182551259577,5.085312760156836,0.0
0,14,16,5.3,400.0,400.0,10.0,-1,100.0,0.11282992362976074,-1,1,22.0,1,2,0,3.1,-1,-4.005472744077568,-3.4707618899100114,0.0
0,12,14,5.3,400.0,400.0,10.0,0,100.0,0.11148881912231445,-1,1,22.0,1,2,0,3.1,0,-1.4931825512595758,-5.085312760156836,0.0
0,1,3,5.3,400.0,400.0,10.0,0,100.0,0.11168193817138672,-1,1,22.0,1,1,0,3.1,1,1.493182551259577,5.085312760156836,0.0
0,3,5,5.3,400.0,400.0,10.0,0,100.0,0.1127469539642334,-1,1,22.0,1,1,0,3.1,-2,4.005472744077569,3.470761889910011,0.0
0,8,10,5.3,400.0,400.0,10.0,-2,100.0,0.11260414123535156,-1,1,22.0,1,2,0,3.1,0,4.005472744077569,-3.47076188991001,0.0
0,6,8,5.3,400.0,400.0,10.0,0,100.0,0.11273407936096191,-1,1,22.0,2,1,0,3.1,0,5.246053641968944,-0.7542686428484106,0.0
0,5,7,5.3,400.0,400.0,10.0,0,100.0,0.1125330924987793,-1,1,22.0,1,2,0,3.1,1,5.246053641968943,0.7542686428484122,0.0
0,18,20,5.3,400.0,400.0,10.0,2,100.0,0.11270809173583984,-1,1,22.0,1,1,0,3.1,-1,-4.821049575378947,2.20169956891,0.0
0,21,1,5.3,400.0,400.0,10.0,-1,100.0,0.11092400550842285,-1,1,22.0,2,2,0,3.1,2,-1.4931825512595778,5.085312760156836,0.0
0,8,10,5.3,400.0,400.0,10.0,0,100.0,0.11209607124328613,-1,1,22.0,2,2,0,3.1,-2,4.005472744077569,-3.47076188991001,0.0
0,9,11,5.3,400.0,400.0,10.0,0,100.0,0.1125490665435791,-1,1,22.0,1,2,0,3.1,0,2.8653963325146665,-4.4586437240052605,0.0
0,17,19,5.3,400.0,400.0,10.0,0,100.0,0.11170101165771484,-1,1,22.0,1,1,0,3.1,2,-5.246053641968944,0.7542686428484098,0.0
0,16,18,5.3,400.0,400.0,10.0,-2,100.0,0.11214303970336914,-1,1,22.0,2,1,0,3.1,-2,-5.246053641968943,-0.7542686428484117,0.0
0,10,12,5.3,400.0,400.0,10.0,0,100.0,0.11239504814147949,-1,1,22.0,1,2,0,3.1,0,1.4931825512595793,-5.085312760156835,0.0
0,4,6,5.3,400.0,400.0,10.0,2,100.0,0.11269116401672363,-1,1,22.0,1,1,0,3.1,0,4.821049575378947,2.201699568909998,0.0
0,20,0,5.3,400.0,400.0,10.0,-2,100.0,0.1110830307006836,-1,1,22.0,2,2,0,3.1,0,-2.8653963325146705,4.458643724005258,0.0
0,4,6,5.3,400.0,400.0,10.0,0,100.0,0.11104202270507812,-1,1,22.0,1,2,0,3.1,0,4.821049575378947,2.201699568909998,0.0
0,3,5,5.3,400.0,400.0,10.0,0,100.0,0.11240720748901367,-1,1,22.0,1,1,0,3.1,-2,4.005472744077569,3.470761889910011,0.0
0,18,20,5.3,400.0,400.0,10.0,0,100.0,0.11284208297729492,-1,1,22.0,2,2,0,3.1,-2,-4.821049575378947,2.20169956891,0.0
0,14,16,5.3,400.0,400.0,10.0,0,100.0,0.11209988594055176,-1,1,22.0,1,2,0,3.1,0,-4.005472744077568,-3.4707618899100114,0.0
0,12,14,5.3,400.0,400.0,10.0,0,100.0,0.11209797859191895,-1,1,22.0,1,1,0,3.1,-1,-1.4931825512595758,-5.085312760156836,0.0
0,18,20,5.3,400.0,400.0,10.0,1,100.0,0.1127631664276123,-1,1,22.0,1,1,0,3.1,0,-4.821049575378947,2.20169956891,0.0
0,18,20,5.3,400.0,400.0,10.0,0,100.0,0.1110079288482666,-1,1,22.0,1,1,0,3.1,2,-4.821049575378947,2.20169956891,0.0
0,0,2,5.3,400.0,400.0,10.0,0,100.0,0.11240482330322266,-1,1,22.0,1,2,0,3.1,0,0.0,5.3,0.0
0,11,13,5.3,400.0,400.0,10.0,2,100.0,0.11196494102478027,-1,1,22.0,2,2,0,3.1,0,6.490628035480972e-16,-5.3,0.0
0,16,18,5.3,400.0,400.0,10.0,0,100.0,0.11102986335754395,-1,1,22.0,1,2,0,3.1,0,-5.246053641968943,-0.7542686428484117,0.0
0,10,12,5.3,400.0,400.0,10.0,1,100.0,0.1110990047454834,-1,1,22.0,1,2,0,3.1,0,1.4931825512595793,-5.085312760156835,0.0
0,19,21,5.3,400.0,400.0,10.0,0,100.0,0.11239409446716309,-1,1,22.0,2,1,0,3.1,0,-4.005472744077568,3.470761889910012,0.0
0,6,8,5.3,400.0,400.0,10.0,0,100.0,0.11105084419250488,-1,1,22.0,1,2,0,3.1,0,5.246053641968944,-0.7542686428484106,0.0
0,20,0,5.3,400.0,400.0,10.0,1,100.0,0.11153292655944824,-1,1,22.0,2,1,0,3.1,1,-2.8653963325146705,4.458643724005258,0.0
0,2,4,5.3,400.0,400.0,10.0,1,100.0,0.11350297927856445,-1,1,22.0,2,2,0,3.1,2,2.865396332514667,4.4586437240052605,0.0
0,3,5,5.3,400.0,400.0,10.0,0,100.0,0.11127400398254395,-1,1,22.0,2,1,0,3.1,0,4.005472744077569,3.470761889910011,0.0
0,7,9,5.3,400.0,400.0,10.0,0,100.0,0.11163496971130371,-1,1,22.0,1,2,0,3.1,0,4.8210495753789475,-2.2016995689099974,0.0
0,18,20,5.3,400.0,400.0,10.0,0,100.0,0.11248898506164551,-1,1,22.0,1,2,0,3.1,-2,-4.821049575378947,2.20169956891,0.0
0,19,21,5.3,400.0,400.0,10.0,1,100.0,0.11110711097717285,-1,1,22.0,1,2,0,3.1,1,-4.005472744077568,3.470761889910012,0.0
0,14,16,5.3,400.0,400.0,10.0,-1,100.0,0.11179280281066895,-1,1,22.0,1,2,0,3.1,0,-4.005472744077568,-3.4707618899100114,0.0
0,13,15,5.3,400.0,400.0,10.0,1,100.0,0.11235213279724121,-1,1,22.0,1,2,0,3.1,0,-2.865396332514667,-4.4586437240052605,0.0
0,1,3,5.3,400.0,400.0,10.0,0,100.0,0.11253595352172852,-1,1,22.0,1,1,0,3.1,-2,1.493182551259577,5.085312760156836,0.0
0,11,13,5.3,400.0,400.0,10.0,1,100.0,0.11178922653198242,-1,1,22.0,1,2,0,3.1,0,6.490628035480972e-16,-5.3,0.0
0,20,0,5.3,400.0,400.0,10.0,0,100.0,0.11114692687988281,-1,1,22.0,1,2,0,3.1,0,-2.8653963325146705,4.458643724005258,0.0
0,15,17,5.3,400.0,400.0,10.0,1,100.0,0.11176705360412598,-1,1,22.0,1,1,0,3.1,0,-4.821049575378945,-2.201699568910002,0.0
0,2,4,5.3,400.0,400.0,10.0,1,100.0,0.11273193359375,-1,1,22.0,1,1,0,3.1,0,2.865396332514667,4.4586437240052605,0.0
0,12,14,5.3,400.0,400.0,10.0,0,100.0,0.11168599128723145,-1,1,22.0,1,1,0,3.1,-1,-1.4931825512595758,-5.085312760156836,0.0
0,16,18,5.3,400.0,400.0,10.0,0,100.0,0.11107897758483887,-1,1,22.0,1,2,0,3.1,0,-5.246053641968943,-0.7542686428484117,0.0
0,16,18,5.3,400.0,400.0,10.0,0,100.0,0.11107587814331055,-1,1,22.0,1,2,0,3.1,-1,-5.246053641968943,-0.7542686428484117,0.0
0,11,13,5.3,400.0,400.0,10.0,0,100.0,0.11164999008178711,-1,1,22.0,1,2,0,3.1,0,6.490628035480972e-16,-5.3,0.0
0,2,4,5.3,400.0,400.0,10.0,1,100.0,0.11272096633911133,-1,1,22.0,1,2,0,3.1,0,2.865396332514667,4.4586437240052605,0.0
0,19,21,5.3,400.0,400.0,10.0,0,100.0,0.11271190643310547,-1,1,22.0,2,1,0,3.1,-1,-4.005472744077568,3.470761889910012,0.0
0,14,16,5.3,400.0,400.0,10.0,0,100.0,0.11217093467712402,-1,1,22.0,1,1,0,3.1,-2,-4.005472744077568,-3.4707618899100114,0.0
0,14,16,5.3,400.0,400.0,10.0,-1,100.0,0.11092400550842285,-1,1,22.0,2,1,0,3.1,-1,-4.005472744077568,-3.4707618899100114,0.0
0,15,17,5.3,400.0,400.0,10.0,-1,100.0,0.11175799369812012,-1,1,22.0,1,2,0,3.1,0,-4.821049575378945,-2.201699568910002,0.0
0,16,18,5.3,400.0,400.0,10.0,0,100.0,0.11274409294128418,-1,1,22.0,1,2,0,3.1,0,-5.246053641968943,-0.7542686428484117,0.0
0,13,15,5.3,400.0,400.0,10.0,-1,100.0,0.11250996589660645,-1,1,22.0,1,2,0,3.1,2,-2.865396332514667,-4.4586437240052605,0.0
0,11,13,5.3,400.0,400.0,10.0,0,100.0,0.11176586151123047,-1,1,22.0,1,2,0,3.1,-2,6.490628035480972e-16,-5.3,0.0
0,20,0,5.3,400.0,400.0,10.0,-2,100.0,0.1128990650177002,-1,1,22.0,2,1,0,3.1,1,-2.8653963325146705,4.458643724005258,0.0
