offset2,cue-loc-int,refi,radius,ntrials,ms-st-cue,npractice,resp-h-pos,ms-stimon,actualStimOn,version,bars-or-spot,nitems,resp-h-hv,resp-v-hv,offset,cue-length,resp-v-pos,cue-loc-x,cue-loc-y,ms-precue
0,8,10,5.3,400.0,400.0,10.0,1,100.0,0.11185598373413086,-1,1,22.0,2,2,0,3.1,0,4.005472744077569,-3.47076188991001,0.0
0,19,21,5.3,400.0,400.0,10.0,2,100.0,0.11277604103088379,-1,1,22.0,1,1,0,3.1,-1,-4.005472744077568,3.470761889910012,0.0
0,2,4,5.3,400.0,400.0,10.0,0,100.0,0.11094188690185547,-1,1,22.0,1,1,0,3.1,-2,2.865396332514667,4.4586437240052605,0.0
0,15,17,5.3,400.0,400.0,10.0,-1,100.0,0.11258983612060547,-1,1,22.0,1,1,0,3.1,-2,-4.821049575378945,-2.201699568910002,0.0
0,1,3,5.3,400.0,400.0,10.0,0,100.0,0.1119379997253418,-1,1,22.0,1,1,0,3.1,-2,1.493182551259577,5.085312760156836,0.0
0,9,11,5.3,400.0,400.0,10.0,0,100.0,0.11106014251708984,-1,1,22.0,2,1,0,3.1,1,2.8653963325146665,-4.4586437240052605,0.0
0,20,0,5.3,400.0,400.0,10.0,-1,100.0,0.11220216751098633,-1,1,22.0,1,1,0,3.1,-2,-2.8653963325146705,4.458643724005258,0.0
0,0,2,5.3,400.0,400.0,10.0,1,100.0,0.11263799667358398,-1,1,22.0,1,2,0,3.1,1,0.0,5.3,0.0
0,20,0,5.3,400.0,400.0,10.0,0,100.0,0.11290192604064941,-1,1,22.0,1,2,0,3.1,1,-2.8653963325146705,4.458643724005258,0.0
0,14,16,5.3,400.0,400.0,10.0,0,100.0,0.11143994331359863,-1,1,22.0,1,1,0,3.1,-1,-4.005472744077568,-3.4707618899100114,0.0
0,2,4,5.3,400.0,400.0,10.0,0,100.0,0.11096310615539551,-1,1,22.0,1,1,0,3.1,-1,2.865396332514667,4.4586437240052605,0.0
0,9,11,5.3,400.0,400.0,10.0,0,100.0,0.11277389526367188,-1,1,22.0,2,2,0,3.1,-1,2.8653963325146665,-4.4586437240052605,0.0
0,21,1,5.3,400.0,400.0,10.0,-2,100.0,0.11155319213867188,-1,1,22.0,2,1,0,3.1,-1,-1.4931825512595778,5.085312760156836,0.0
0,18,20,5.3,400.0,400.0,10.0,2,100.0,0.1121821403503418,-1,1,22.0,1,2,0,3.1,-1,-4.821049575378947,2.20169956891,0.0
0,6,8,5.3,400.0,400.0,10.0,0,100.0,0.11083388328552246,-1,1,22.0,2,1,0,3.1,2,5.246053641968944,-0.7542686428484106,0.0
0,11,13,5.3,400.0,400.0,10.0,-1,100.0,0.11229300498962402,-1,1,22.0,2,2,0,3.1,-2,6.490628035480972e-16,-5.3,0.0
0,19,21,5.3,400.0,400.0,10.0,2,100.0,0.11236906051635742,-1,1,22.0,1,2,0,3.1,0,-4.005472744077568,3.470761889910012,0.0
0,19,21,5.3,400.0,400.0,10.0,1,100.0,0.11244702339172363,-1,1,22.0,2,1,0,3.1,0,-4.005472744077568,3.470761889910012,0.0
0,0,2,5.3,400.0,400.0,10.0,-1,100.0,0.11243510246276855,-1,1,22.0,2,1,0,3.1,-1,0.0,5.3,0.0
0,7,9,5.3,400.0,400.0,10.0,2,100.0,0.1113588809967041,-1,1,22.0,1,1,0,3.1,1,4.8210495753789475,-2.2016995689099974,0.0
0,14,16,5.3,400.0,400.0,10.0,1,100.0,0.11270403861999512,-1,1,22.0,2,2,0,3.1,0,-4.005472744077568,-3.4707618899100114,0.0
0,17,19,5.3,400.0,400.0,10.0,-2,100.0,0.11289310455322266,-1,1,22.0,2,1,0,3.1,0,-5.246053641968944,0.7542686428484098,0.0
0,5,7,5.3,400.0,400.0,10.0,-1,100.0,0.1128239631652832,-1,1,22.0,2,1,0,3.1,0,5.246053641968943,0.7542686428484122,0.0
0,2,4,5.3,400.0,400.0,10.0,-2,100.0,0.11146712303161621,-1,1,22.0,1,2,0,3.1,2,2.865396332514667,4.4586437240052605,0.0
0,7,9,5.3,400.0,400.0,10.0,0,100.0,0.11114215850830078,-1,1,22.0,1,2,0,3.1,0,4.8210495753789475,-2.2016995689099974,0.0
0,6,8,5.3,400.0,400.0,10.0,2,100.0,0.11195802688598633,-1,1,22.0,2,1,0,3.1,0,5.246053641968944,-0.7542686428484106,0.0
0,7,9,5.3,400.0,400.0,10.0,0,100.0,0.11142301559448242,-1,1,22.0,2,1,0,3.1,0,4.8210495753789475,-2.2016995689099974,0.0
0,11,13,5.3,400.0,400.0,10.0,-1,100.0,0.11153006553649902,-1,1,22.0,1,2,0,3.1,0,6.490628035480972e-16,-5.3,0.0
0,12,14,5.3,400.0,400.0,10.0,-2,100.0,0.11171317100524902,-1,1,22.0,1,2,0,3.1,1,-1.4931825512595758,-5.085312760156836,0.0
0,4,6,5.3,400.0,400.0,10.0,0,100.0,0.1127328872680664,-1,1,22.0,2,2,0,3.1,2,4.821049575378947,2.201699568909998,0.0
0,9,11,5.3,400.0,400.0,10.0,-1,100.0,0.1122429370880127,-1,1,22.0,2,1,0,3.1,1,2.8653963325146665,-4.4586437240052605,0.0
0,19,21,5.3,400.0,400.0,10.0,0,100.0,0.11281704902648926,-1,1,22.0,2,1,0,3.1,0,-4.005472744077568,3.470761889910012,0.0
0,0,2,5.3,400.0,400.0,10.0,2,100.0,0.1119990348815918,-1,1,22.0,2,1,0,3.1,0,0.0,5.3,0.0
0,15,17,5.3,400.0,400.0,10.0,2,100.0,0.1124269962310791,-1,1,22.0,2,2,0,3.1,-1,-4.821049575378945,-2.201699568910002,0.0
0,11,13,5.3,400.0,400.0,10.0,0,100.0,0.11267495155334473,-1,1,22.0,1,2,0,3.1,0,6.490628035480972e-16,-5.3,0.0
0,15,17,5.3,400.0,400.0,10.0,0,100.0,0.11239886283874512,-1,1,22.0,2,1,0,3.1,0,-4.821049575378945,-2.201699568910002,0.0
0,17,19,5.3,400.0,400.0,10.0,-2,100.0,0.11144304275512695,-1,1,22.0,1,1,0,3.1,0,-5.246053641968944,0.7542686428484098,0.0
0,6,8,5.3,400.0,400.0,10.0,-2,100.0,0.11111807823181152,-1,1,22.0,1,2,0,3.1,0,5.246053641968944,-0.7542686428484106,0.0
0,9,11,5.3,400.0,400.0,10.0,2,100.0,0.11239385604858398,-1,1,22.0,2,1,0,3.1,-2,2.8653963325146665,-4.4586437240052605,0.0
0,20,0,5.3,400.0,400.0,10.0,2,100.0,0.11273479461669922,-1,1,22.0,2,2,0,3.1,-1,-2.8653963325146705,4.458643724005258,0.0
0,21,1,5.3,400.0,400.0,10.0,2,100.0,0.11224794387817383,-1,1,22.0,2,2,0,3.1,-1,-1.4931825512595778,5.085312760156836,0.0
0,17,19,5.3,400.0,400.0,10.0,-1,100.0,0.1114659309387207,-1,1,22.0,1,2,0,3.1,1,-5.246053641968944,0.7542686428484098,0.0
0,11,13,5.3,400.0,400.0,10.0,-2,100.0,0.11266398429870605,-1,1,22.0,1,1,0,3.1,0,6.490628035480972e-16,-5.3,0.0
0,19,21,5.3,400.0,400.0,10.0,-1,100.0,0.11083817481994629,-1,1,22.0,1,2,0,3.1,0,-4.005472744077568,3.470761889910012,0.0
0,12,14,5.3,400.0,400.0,10.0,2,100.0,0.11266398429870605,-1,1,22.0,2,2,0,3.1,-2,-1.4931825512595758,-5.085312760156836,0.0
0,18,20,5.3,400.0,400.0,10.0,-2,100.0,0.11210894584655762,-1,1,22.0,2,1,0,3.1,2,-4.821049575378947,2.20169956891,0.0
0,5,7,5.3,400.0,400.0,10.0,0,100.0,0.11197113990783691,-1,1,22.0,1,2,0,3.1,1,5.246053641968943,0.7542686428484122,0.0
0,3,5,5.3,400.0,400.0,10.0,1,100.0,0.1119530200958252,-1,1,22.0,2,2,0,3.1,0,4.005472744077569,3.470761889910011,0.0
0,12,14,5.3,400.0,400.0,10.0,-1,100.0,0.11142897605895996,-1,1,22.0,2,1,0,3.1,1,-1.4931825512595758,-5.085312760156836,0.0
0,1,3,5.3,400.0,400.0,10.0,-1,100.0,0.11287283897399902,-1,1,22.0,2,1,0,3.1,1,1.493182551259577,5.085312760156836,0.0
0,18,20,5.3,400.0,400.0,10.0,1,100.0,0.1127619743347168,-1,1,22.0,1,1,0,3.1,-2,-4.821049575378947,2.20169956891,0.0
0,9,11,5.3,400.0,400.0,10.0,-2,100.0,0.11211419105529785,-1,1,22.0,2,2,0,3.1,0,2.8653963325146665,-4.4586437240052605,0.0
0,12,14,5.3,400.0,400.0,10.0,0,100.0,0.11257100105285645,-1,1,22.0,2,1,0,3.1,0,-1.4931825512595758,-5.085312760156836,0.0
0,18,20,5.3,400.0,400.0,10.0,0,100.0,0.11296486854553223,-1,1,22.0,1,2,0,3.1,1,-4.821049575378947,2.20169956891,0.0
0,1,3,5.3,400.0,400.0,10.0,0,100.0,0.1109468936920166,-1,1,22.0,2,2,0,3.1,1,1.493182551259577,5.085312760156836,0.0
0,6,8,5.3,400.0,400.0,10.0,0,100.0,0.11112284660339355,-1,1,22.0,1,2,0,3.1,-1,5.246053641968944,-0.7542686428484106,0.0
0,5,7,5.3,400.0,400.0,10.0,0,100.0,0.11197304725646973,-1,1,22.0,1,2,0,3.1,0,5.246053641968943,0.7542686428484122,0.0
0,18,20,5.3,400.0,400.0,10.0,-1,100.0,0.11264991760253906,-1,1,22.0,1,2,0,3.1,2,-4.821049575378947,2.20169956891,0.0
0,13,15,5.3,400.0,400.0,10.0,-1,100.0,0.11238598823547363,-1,1,22.0,1,1,0,3.1,1,-2.865396332514667,-4.4586437240052605,0.0
0,10,12,5.3,400.0,400.0,10.0,0,100.0,0.11284208297729492,-1,1,22.0,1,2,0,3.1,1,1.4931825512595793,-5.085312760156835,0.0
0,14,16,5.3,400.0,400.0,10.0,-1,100.0,0.11245489120483398,-1,1,22.0,2,1,0,3.1,-1,-4.005472744077568,-3.4707618899100114,0.0
0,20,0,5.3,400.0,400.0,10.0,2,100.0,0.11097407341003418,-1,1,22.0,2,1,0,3.1,0,-2.8653963325146705,4.458643724005258,0.0
0,17,19,5.3,400.0,400.0,10.0,-1,100.0,0.11156511306762695,-1,1,22.0,2,2,0,3.1,1,-5.246053641968944,0.7542686428484098,0.0
0,13,15,5.3,400.0,400.0,10.0,0,100.0,0.11086201667785645,-1,1,22.0,1,2,0,3.1,-1,-2.865396332514667,-4.4586437240052605,0.0
0,7,9,5.3,400.0,400.0,10.0,0,100.0,0.11278200149536133,-1,1,22.0,2,1,0,3.1,1,4.8210495753789475,-2.2016995689099974,0.0
0,3,5,5.3,400.0,400.0,10.0,-2,100.0,0.11434197425842285,-1,1,22.0,2,1,0,3.1,1,4.005472744077569,3.470761889910011,0.0
0,12,14,5.3,400.0,400.0,10.0,0,100.0,0.11249399185180664,-1,1,22.0,1,2,0,3.1,0,-1.4931825512595758,-5.085312760156836,0.0
0,18,20,5.3,400.0,400.0,10.0,0,100.0,0.11197495460510254,-1,1,22.0,2,1,0,3.1,-1,-4.821049575378947,2.20169956891,0.0
0,0,2,5.3,400.0,400.0,10.0,-1,100.0,0.11200690269470215,-1,1,22.0,2,1,0,3.1,1,0.0,5.3,0.0
0,3,5,5.3,400.0,400.0,10.0,1,100.0,0.11237192153930664,-1,1,22.0,1,2,0,3.1,-1,4.005472744077569,3.470761889910011,0.0
0,20,0,5.3,400.0,400.0,10.0,-2,100.0,0.1109931468963623,-1,1,22.0,2,1,0,3.1,-2,-2.8653963325146705,4.458643724005258,0.0
0,15,17,5.3,400.0,400.0,10.0,0,100.0,0.11174702644348145,-1,1,22.0,2,2,0,3.1,2,-4.821049575378945,-2.201699568910002,0.0
0,1,3,5.3,400.0,400.0,10.0,2,100.0,0.11253881454467773,-1,1,22.0,1,1,0,3.1,-2,1.493182551259577,5.085312760156836,0.0
0,20,0,5.3,400.0,400.0,10.0,2,100.0,0.11191511154174805,-1,1,22.0,1,2,0,3.1,1,-2.8653963325146705,4.458643724005258,0.0
0,8,10,5.3,400.0,400.0,10.0,2,100.0,0.11110210418701172,-1,1,22.0,1,2,0,3.1,1,4.005472744077569,-3.47076188991001,0.0
0,17,19,5.3,400.0,400.0,10.0,0,100.0,0.11096906661987305,-1,1,22.0,1,2,0,3.1,-1,-5.246053641968944,0.7542686428484098,0.0
0,14,16,5.3,400.0,400.0,10.0,0,100.0,0.11269497871398926,-1,1,22.0,1,2,0,3.1,0,-4.005472744077568,-3.4707618899100114,0.0
0,1,3,5.3,400.0,400.0,10.0,1,100.0,0.11113309860229492,-1,1,22.0,2,2,0,3.1,-2,1.493182551259577,5.085312760156836,0.0
0,18,20,5.3,400.0,400.0,10.0,1,100.0,0.11268401145935059,-1,1,22.0,1,2,0,3.1,0,-4.821049575378947,2.20169956891,0.0
0,2,4,5.3,400.0,400.0,10.0,1,100.0,0.11194801330566406,-1,1,22.0,2,1,0,3.1,-1,2.865396332514667,4.4586437240052605,0.0
0,2,4,5.3,400.0,400.0,10.0,1,100.0,0.11206197738647461,-1,1,22.0,2,2,0,3.1,2,2.865396332514667,4.4586437240052605,0.0
0,15,17,5.3,400.0,400.0,10.0,1,100.0,0.1111140251159668,-1,1,22.0,1,2,0,3.1,-1,-4.821049575378945,-2.201699568910002,0.0
0,2,4,5.3,400.0,400.0,10.0,2,100.0,0.11268782615661621,-1,1,22.0,2,2,0,3.1,0,2.865396332514667,4.4586437240052605,0.0
0,15,17,5.3,400.0,400.0,10.0,-2,100.0,0.11264705657958984,-1,1,22.0,2,2,0,3.1,0,-4.821049575378945,-2.201699568910002,0.0
0,19,21,5.3,400.0,400.0,10.0,-1,100.0,0.11269617080688477,-1,1,22.0,2,1,0,3.1,-1,-4.005472744077568,3.470761889910012,0.0
0,20,0,5.3,400.0,400.0,10.0,-2,100.0,0.11197519302368164,-1,1,22.0,1,2,0,3.1,0,-2.8653963325146705,4.458643724005258,0.0
0,0,2,5.3,400.0,400.0,10.0,0,100.0,0.11252903938293457,-1,1,22.0,2,1,0,3.1,0,0.0,5.3,0.0
0,11,13,5.3,400.0,400.0,10.0,0,100.0,0.11270618438720703,-1,1,22.0,1,2,0,3.1,0,6.490628035480972e-16,-5.3,0.0
0,3,5,5.3,400.0,400.0,10.0,2,100.0,0.11259603500366211,-1,1,22.0,2,2,0,3.1,1,4.005472744077569,3.470761889910011,0.0
0,10,12,5.3,400.0,400.0,10.0,0,100.0,0.11162710189819336,-1,1,22.0,1,1,0,3.1,-1,1.4931825512595793,-5.085312760156835,0.0
0,6,8,5.3,400.0,400.0,10.0,0,100.0,0.1123800277709961,-1,1,22.0,1,2,0,3.1,0,5.246053641968944,-0.7542686428484106,0.0
0,11,13,5.3,400.0,400.0,10.0,-1,100.0,0.11205101013183594,-1,1,22.0,2,2,0,3.1,1,6.490628035480972e-16,-5.3,0.0
0,21,1,5.3,400.0,400.0,10.0,-2,100.0,0.1119680404663086,-1,1,22.0,1,2,0,3.1,1,-1.4931825512595778,5.085312760156836,0.0
0,2,4,5.3,400.0,400.0,10.0,2,100.0,0.11208486557006836,-1,1,22.0,1,2,0,3.1,0,2.865396332514667,4.4586437240052605,0.0
0,9,11,5.3,400.0,400.0,10.0,2,100.0,0.11245298385620117,-1,1,22.0,1,1,0,3.1,-2,2.8653963325146665,-4.4586437240052605,0.0
0,2,4,5.3,400.0,400.0,10.0,-1,100.0,0.11267900466918945,-1,1,22.0,2,1,0,3.1,0,2.865396332514667,4.4586437240052605,0.0
0,21,1,5.3,400.0,400.0,10.0,2,100.0,0.11272883415222168,-1,1,22.0,2,1,0,3.1,-1,-1.4931825512595778,5.085312760156836,0.0
0,11,13,5.3,400.0,400.0,10.0,1,100.0,0.11209893226623535,-1,1,22.0,1,1,0,3.1,-1,6.490628035480972e-16,-5.3,0.0
0,14,16,5.3,400.0,400.0,10.0,-1,100.0,0.11210298538208008,-1,1,22.0,2,1,0,3.1,-1,-4.005472744077568,-3.4707618899100114,0.0
0,10,12,5.3,400.0,400.0,10.0,-1,100.0,0.11269998550415039,-1,1,22.0,1,1,0,3.1,1,1.4931825512595793,-5.085312760156835,0.0
0,12,14,5.3,400.0,400.0,10.0,-1,100.0,0.11216402053833008,-1,1,22.0,2,2,0,3.1,2,-1.4931825512595758,-5.085312760156836,0.0
0,0,2,5.3,400.0,400.0,10.0,-1,100.0,0.11165404319763184,-1,1,22.0,2,1,0,3.1,-2,0.0,5.3,0.0
0,21,1,5.3,400.0,400.0,10.0,0,100.0,0.1124730110168457,-1,1,22.0,2,2,0,3.1,1,-1.4931825512595778,5.085312760156836,0.0
0,3,5,5.3,400.0,400.0,10.0,1,100.0,0.11112785339355469,-1,1,22.0,2,1,0,3.1,0,4.005472744077569,3.470761889910011,0.0
0,21,1,5.3,400.0,400.0,10.0,0,100.0,0.11444211006164551,-1,1,22.0,2,1,0,3.1,0,-1.4931825512595778,5.085312760156836,0.0
0,20,0,5.3,400.0,400.0,10.0,-2,100.0,0.11185383796691895,-1,1,22.0,2,1,0,3.1,0,-2.8653963325146705,4.458643724005258,0.0
0,5,7,5.3,400.0,400.0,10.0,0,100.0,0.11190199851989746,-1,1,22.0,1,1,0,3.1,1,5.246053641968943,0.7542686428484122,0.0
0,21,1,5.3,400.0,400.0,10.0,1,100.0,0.11291694641113281,-1,1,22.0,2,1,0,3.1,-2,-1.4931825512595778,5.085312760156836,0.0
0,1,3,5.3,400.0,400.0,10.0,-1,100.0,0.11117315292358398,-1,1,22.0,2,2,0,3.1,0,1.493182551259577,5.085312760156836,0.0
0,4,6,5.3,400.0,400.0,10.0,1,100.0,0.11145210266113281,-1,1,22.0,2,2,0,3.1,0,4.821049575378947,2.201699568909998,0.0
0,5,7,5.3,400.0,400.0,10.0,0,100.0,0.1120150089263916,-1,1,22.0,1,2,0,3.1,0,5.246053641968943,0.7542686428484122,0.0
0,3,5,5.3,400.0,400.0,10.0,0,100.0,0.11194419860839844,-1,1,22.0,2,1,0,3.1,2,4.005472744077569,3.470761889910011,0.0
0,10,12,5.3,400.0,400.0,10.0,0,100.0,0.1125788688659668,-1,1,22.0,1,1,0,3.1,-1,1.4931825512595793,-5.085312760156835,0.0
0,17,19,5.3,400.0,400.0,10.0,2,100.0,0.11156392097473145,-1,1,22.0,1,2,0,3.1,0,-5.246053641968944,0.7542686428484098,0.0
0,20,0,5.3,400.0,400.0,10.0,-2,100.0,0.11169910430908203,-1,1,22.0,1,1,0,3.1,1,-2.8653963325146705,4.458643724005258,0.0
0,13,15,5.3,400.0,400.0,10.0,0,100.0,0.11261296272277832,-1,1,22.0,2,2,0,3.1,-1,-2.865396332514667,-4.4586437240052605,0.0
0,17,19,5.3,400.0,400.0,10.0,0,100.0,0.11243796348571777,-1,1,22.0,2,1,0,3.1,0,-5.246053641968944,0.7542686428484098,0.0
0,7,9,5.3,400.0,400.0,10.0,-2,100.0,0.11272788047790527,-1,1,22.0,2,2,0,3.1,-1,4.8210495753789475,-2.2016995689099974,0.0
0,15,17,5.3,400.0,400.0,10.0,-1,100.0,0.11114788055419922,-1,1,22.0,2,1,0,3.1,0,-4.821049575378945,-2.201699568910002,0.0
0,11,13,5.3,400.0,400.0,10.0,2,100.0,0.11113500595092773,-1,1,22.0,1,1,0,3.1,-1,6.490628035480972e-16,-5.3,0.0
0,18,20,5.3,400.0,400.0,10.0,-2,100.0,0.11192917823791504,-1,1,22.0,1,2,0,3.1,2,-4.821049575378947,2.20169956891,0.0
0,5,7,5.3,400.0,400.0,10.0,0,100.0,0.11189603805541992,-1,1,22.0,1,1,0,3.1,1,5.246053641968943,0.7542686428484122,0.0
0,6,8,5.3,400.0,400.0,10.0,0,100.0,0.11202287673950195,-1,1,22.0,1,2,0,3.1,0,5.246053641968944,-0.7542686428484106,0.0
0,10,12,5.3,400.0,400.0,10.0,-1,100.0,0.11203813552856445,-1,1,22.0,2,2,0,3.1,0,1.4931825512595793,-5.085312760156835,0.0
0,2,4,5.3,400.0,400.0,10.0,1,100.0,0.11286807060241699,-1,1,22.0,1,1,0,3.1,2,2.865396332514667,4.4586437240052605,0.0
0,15,17,5.3,400.0,400.0,10.0,0,100.0,0.11149215698242188,-1,1,22.0,2,2,0,3.1,1,-4.821049575378945,-2.201699568910002,0.0
0,8,10,5.3,400.0,400.0,10.0,0,100.0,0.11269688606262207,-1,1,22.0,2,1,0,3.1,0,4.005472744077569,-3.47076188991001,0.0
0,20,0,5.3,400.0,400.0,10.0,-2,100.0,0.11242794990539551,-1,1,22.0,1,2,0,3.1,-1,-2.8653963325146705,4.458643724005258,0.0
0,12,14,5.3,400.0,400.0,10.0,2,100.0,0.11272001266479492,-1,1,22.0,1,2,0,3.1,0,-1.4931825512595758,-5.085312760156836,0.0
0,1,3,5.3,400.0,400.0,10.0,-1,100.0,0.11274886131286621,-1,1,22.0,2,2,0,3.1,2,1.493182551259577,5.085312760156836,0.0
0,0,2,5.3,400.0,400.0,10.0,0,100.0,0.11271190643310547,-1,1,22.0,1,2,0,3.1,0,0.0,5.3,0.0
0,15,17,5.3,400.0,400.0,10.0,1,100.0,0.11216211318969727,-1,1,22.0,2,1,0,3.1,-1,-4.821049575378945,-2.201699568910002,0.0
0,6,8,5.3,400.0,400.0,10.0,-1,100.0,0.11154794692993164,-1,1,22.0,1,2,0,3.1,0,5.246053641968944,-0.7542686428484106,0.0
0,14,16,5.3,400.0,400.0,10.0,2,100.0,0.11103987693786621,-1,1,22.0,2,1,0,3.1,1,-4.005472744077568,-3.4707618899100114,0.0
0,11,13,5.3,400.0,400.0,10.0,0,100.0,0.11289501190185547,-1,1,22.0,2,1,0,3.1,0,6.490628035480972e-16,-5.3,0.0
0,0,2,5.3,400.0,400.0,10.0,1,100.0,0.11207413673400879,-1,1,22.0,1,2,0,3.1,2,0.0,5.3,0.0
0,10,12,5.3,400.0,400.0,10.0,-1,100.0,0.11272597312927246,-1,1,22.0,1,1,0,3.1,0,1.4931825512595793,-5.085312760156835,0.0
0,5,7,5.3,400.0,400.0,10.0,1,100.0,0.1127920150756836,-1,1,22.0,1,1,0,3.1,0,5.246053641968943,0.7542686428484122,0.0
0,17,19,5.3,400.0,400.0,10.0,2,100.0,0.1108708381652832,-1,1,22.0,2,1,0,3.1,-1,-5.246053641968944,0.7542686428484098,0.0
0,6,8,5.3,400.0,400.0,10.0,-1,100.0,0.11159586906433105,-1,1,22.0,2,1,0,3.1,0,5.246053641968944,-0.7542686428484106,0.0
0,8,10,5.3,400.0,400.0,10.0,0,100.0,0.11267685890197754,-1,1,22.0,1,2,0,3.1,0,4.005472744077569,-3.47076188991001,0.0
0,6,8,5.3,400.0,400.0,10.0,0,100.0,0.11191010475158691,-1,1,22.0,2,1,0,3.1,0,5.246053641968944,-0.7542686428484106,0.0
0,12,14,5.3,400.0,400.0,10.0,2,100.0,0.11171197891235352,-1,1,22.0,1,1,0,3.1,-2,-1.4931825512595758,-5.085312760156836,0.0
0,16,18,5.3,400.0,400.0,10.0,-1,100.0,0.11194515228271484,-1,1,22.0,2,1,0,3.1,-1,-5.246053641968943,-0.7542686428484117,0.0
0,1,3,5.3,400.0,400.0,10.0,1,100.0,0.11138796806335449,-1,1,22.0,1,1,0,3.1,-1,1.493182551259577,5.085312760156836,0.0
0,17,19,5.3,400.0,400.0,10.0,-1,100.0,0.1128849983215332,-1,1,22.0,1,1,0,3.1,0,-5.246053641968944,0.7542686428484098,0.0
0,3,5,5.3,400.0,400.0,10.0,0,100.0,0.11207294464111328,-1,1,22.0,1,2,0,3.1,-2,4.005472744077569,3.470761889910011,0.0
0,20,0,5.3,400.0,400.0,10.0,0,100.0,0.11254000663757324,-1,1,22.0,2,2,0,3.1,-1,-2.8653963325146705,4.458643724005258,0.0
0,17,19,5.3,400.0,400.0,10.0,0,100.0,0.11200308799743652,-1,1,22.0,2,2,0,3.1,2,-5.246053641968944,0.7542686428484098,0.0
0,21,1,5.3,400.0,400.0,10.0,1,100.0,0.11083197593688965,-1,1,22.0,1,2,0,3.1,1,-1.4931825512595778,5.085312760156836,0.0
0,19,21,5.3,400.0,400.0,10.0,-2,100.0,0.11196684837341309,-1,1,22.0,1,2,0,3.1,-2,-4.005472744077568,3.470761889910012,0.0
0,7,9,5.3,400.0,400.0,10.0,-2,100.0,0.11254191398620605,-1,1,22.0,2,1,0,3.1,0,4.8210495753789475,-2.2016995689099974,0.0
0,9,11,5.3,400.0,400.0,10.0,-1,100.0,0.11266016960144043,-1,1,22.0,1,2,0,3.1,0,2.8653963325146665,-4.4586437240052605,0.0
0,11,13,5.3,400.0,400.0,10.0,0,100.0,0.11137199401855469,-1,1,22.0,2,1,0,3.1,0,6.490628035480972e-16,-5.3,0.0
0,9,11,5.3,400.0,400.0,10.0,0,100.0,0.11287593841552734,-1,1,22.0,2,1,0,3.1,0,2.8653963325146665,-4.4586437240052605,0.0
0,20,0,5.3,400.0,400.0,10.0,-1,100.0,0.11288309097290039,-1,1,22.0,1,2,0,3.1,1,-2.8653963325146705,4.458643724005258,0.0
0,8,10,5.3,400.0,400.0,10.0,0,100.0,0.11234617233276367,-1,1,22.0,2,2,0,3.1,1,4.005472744077569,-3.47076188991001,0.0
0,16,18,5.3,400.0,400.0,10.0,0,100.0,0.11138200759887695,-1,1,22.0,1,2,0,3.1,-1,-5.246053641968943,-0.7542686428484117,0.0
0,19,21,5.3,400.0,400.0,10.0,0,100.0,0.11278009414672852,-1,1,22.0,1,1,0,3.1,1,-4.005472744077568,3.470761889910012,0.0
0,21,1,5.3,400.0,400.0,10.0,1,100.0,0.11191511154174805,-1,1,22.0,1,2,0,3.1,-1,-1.4931825512595778,5.085312760156836,0.0
0,13,15,5.3,400.0,400.0,10.0,-2,100.0,0.11154007911682129,-1,1,22.0,1,2,0,3.1,1,-2.865396332514667,-4.4586437240052605,0.0
0,18,20,5.3,400.0,400.0,10.0,-1,100.0,0.11164307594299316,-1,1,22.0,2,1,0,3.1,-1,-4.821049575378947,2.20169956891,0.0
0,12,14,5.3,400.0,400.0,10.0,0,100.0,0.11232399940490723,-1,1,22.0,2,1,0,3.1,0,-1.4931825512595758,-5.085312760156836,0.0
0,15,17,5.3,400.0,400.0,10.0,0,100.0,0.11194300651550293,-1,1,22.0,1,1,0,3.1,1,-4.821049575378945,-2.201699568910002,0.0
0,1,3,5.3,400.0,400.0,10.0,1,100.0,0.11265707015991211,-1,1,22.0,1,2,0,3.1,0,1.493182551259577,5.085312760156836,0.0
0,15,17,5.3,400.0,400.0,10.0,-2,100.0,0.11275506019592285,-1,1,22.0,2,2,0,3.1,0,-4.821049575378945,-2.201699568910002,0.0
0,18,20,5.3,400.0,400.0,10.0,0,100.0,0.11287093162536621,-1,1,22.0,1,1,0,3.1,-2,-4.821049575378947,2.20169956891,0.0
0,20,0,5.3,400.0,400.0,10.0,-1,100.0,0.11093997955322266,-1,1,22.0,2,2,0,3.1,0,-2.8653963325146705,4.458643724005258,0.0
0,5,7,5.3,400.0,400.0,10.0,-1,100.0,0.1127169132232666,-1,1,22.0,2,2,0,3.1,-2,5.246053641968943,0.7542686428484122,0.0
0,13,15,5.3,400.0,400.0,10.0,-1,100.0,0.11137509346008301,-1,1,22.0,2,1,0,3.1,0,-2.865396332514667,-4.4586437240052605,0.0
0,8,10,5.3,400.0,400.0,10.0,0,100.0,0.11282587051391602,-1,1,22.0,1,2,0,3.1,0,4.005472744077569,-3.47076188991001,0.0
0,16,18,5.3,400.0,400.0,10.0,0,100.0,0.11090803146362305,-1,1,22.0,1,2,0,3.1,1,-5.246053641968943,-0.7542686428484117,0.0
0,9,11,5.3,400.0,400.0,10.0,0,100.0,0.11281299591064453,-1,1,22.0,2,2,0,3.1,-2,2.8653963325146665,-4.4586437240052605,0.0
0,12,14,5.3,400.0,400.0,10.0,-2,100.0,0.11093902587890625,-1,1,22.0,1,2,0,3.1,0,-1.4931825512595758,-5.085312760156836,0.0
0,7,9,5.3,400.0,400.0,10.0,-1,100.0,0.11226606369018555,-1,1,22.0,1,2,0,3.1,0,4.8210495753789475,-2.2016995689099974,0.0
0,13,15,5.3,400.0,400.0,10.0,0,100.0,0.11188411712646484,-1,1,22.0,1,2,0,3.1,-1,-2.865396332514667,-4.4586437240052605,0.0
0,12,14,5.3,400.0,400.0,10.0,1,100.0,0.11218810081481934,-1,1,22.0,1,1,0,3.1,0,-1.4931825512595758,-5.085312760156836,0.0
0,4,6,5.3,400.0,400.0,10.0,0,100.0,0.11186909675598145,-1,1,22.0,2,1,0,3.1,-1,4.821049575378947,2.201699568909998,0.0
0,0,2,5.3,400.0,400.0,10.0,0,100.0,0.11210489273071289,-1,1,22.0,2,1,0,3.1,1,0.0,5.3,0.0
0,7,9,5.3,400.0,400.0,10.0,0,100.0,0.11191606521606445,-1,1,22.0,1,2,0,3.1,0,4.8210495753789475,-2.2016995689099974,0.0
0,15,17,5.3,400.0,400.0,10.0,-1,100.0,0.11268496513366699,-1,1,22.0,1,1,0,3.1,-2,-4.821049575378945,-2.201699568910002,0.0
0,10,12,5.3,400.0,400.0,10.0,2,100.0,0.11161017417907715,-1,1,22.0,1,2,0,3.1,-2,1.4931825512595793,-5.085312760156835,0.0
0,5,7,5.3,400.0,400.0,10.0,0,100.0,0.1126859188079834,-1,1,22.0,2,2,0,3.1,1,5.246053641968943,0.7542686428484122,0.0
0,19,21,5.3,400.0,400.0,10.0,2,100.0,0.11272001266479492,-1,1,22.0,1,1,0,3.1,-1,-4.005472744077568,3.470761889910012,0.0
0,17,19,5.3,400.0,400.0,10.0,-1,100.0,0.1123051643371582,-1,1,22.0,1,2,0,3.1,1,-5.246053641968944,0.7542686428484098,0.0
0,8,10,5.3,400.0,400.0,10.0,0,100.0,0.1120920181274414,-1,1,22.0,1,2,0,3.1,0,4.005472744077569,-3.47076188991001,0.0
0,13,15,5.3,400.0,400.0,10.0,-1,100.0,0.1125788688659668,-1,1,22.0,1,1,0,3.1,2,-2.865396332514667,-4.4586437240052605,0.0
0,13,15,5.3,400.0,400.0,10.0,1,100.0,0.11112523078918457,-1,1,22.0,1,2,0,3.1,2,-2.865396332514667,-4.4586437240052605,0.0
0,16,18,5.3,400.0,400.0,10.0,0,100.0,0.11278581619262695,-1,1,22.0,2,1,0,3.1,1,-5.246053641968943,-0.7542686428484117,0.0
0,21,1,5.3,400.0,400.0,10.0,2,100.0,0.11265301704406738,-1,1,22.0,2,1,0,3.1,-2,-1.4931825512595778,5.085312760156836,0.0
0,19,21,5.3,400.0,400.0,10.0,0,100.0,0.11268997192382812,-1,1,22.0,2,2,0,3.1,1,-4.005472744077568,3.470761889910012,0.0
0,15,17,5.3,400.0,400.0,10.0,2,100.0,0.11256694793701172,-1,1,22.0,2,2,0,3.1,0,-4.821049575378945,-2.201699568910002,0.0
0,6,8,5.3,400.0,400.0,10.0,0,100.0,0.11236214637756348,-1,1,22.0,2,2,0,3.1,1,5.246053641968944,-0.7542686428484106,0.0
0,9,11,5.3,400.0,400.0,10.0,1,100.0,0.11269712448120117,-1,1,22.0,1,2,0,3.1,1,2.8653963325146665,-4.4586437240052605,0.0
0,5,7,5.3,400.0,400.0,10.0,0,100.0,0.11523795127868652,-1,1,22.0,2,1,0,3.1,0,5.246053641968943,0.7542686428484122,0.0
0,13,15,5.3,400.0,400.0,10.0,0,100.0,0.11242508888244629,-1,1,22.0,1,1,0,3.1,-1,-2.865396332514667,-4.4586437240052605,0.0
0,9,11,5.3,400.0,400.0,10.0,-1,100.0,0.11178207397460938,-1,1,22.0,1,1,0,3.1,-2,2.8653963325146665,-4.4586437240052605,0.0
0,19,21,5.3,400.0,400.0,10.0,-1,100.0,0.11249899864196777,-1,1,22.0,2,1,0,3.1,2,-4.005472744077568,3.470761889910012,0.0
0,10,12,5.3,400.0,400.0,10.0,-2,100.0,0.11278390884399414,-1,1,22.0,1,2,0,3.1,1,1.4931825512595793,-5.085312760156835,0.0
0,20,0,5.3,400.0,400.0,10.0,2,100.0,0.1127159595489502,-1,1,22.0,2,1,0,3.1,0,-2.8653963325146705,4.458643724005258,0.0
0,18,20,5.3,400.0,400.0,10.0,0,100.0,0.11141300201416016,-1,1,22.0,1,2,0,3.1,-2,-4.821049575378947,2.20169956891,0.0
0,1,3,5.3,400.0,400.0,10.0,2,100.0,0.11190485954284668,-1,1,22.0,2,2,0,3.1,0,1.493182551259577,5.085312760156836,0.0
0,13,15,5.3,400.0,400.0,10.0,-1,100.0,0.11259794235229492,-1,1,22.0,1,1,0,3.1,0,-2.865396332514667,-4.4586437240052605,0.0
0,21,1,5.3,400.0,400.0,10.0,-1,100.0,0.11210298538208008,-1,1,22.0,1,1,0,3.1,2,-1.4931825512595778,5.085312760156836,0.0
0,2,4,5.3,400.0,400.0,10.0,-1,100.0,0.11157798767089844,-1,1,22.0,2,2,0,3.1,0,2.865396332514667,4.4586437240052605,0.0
0,3,5,5.3,400.0,400.0,10.0,-2,100.0,0.11199116706848145,-1,1,22.0,2,1,0,3.1,0,4.005472744077569,3.470761889910011,0.0
0,14,16,5.3,400.0,400.0,10.0,-1,100.0,0.11100912094116211,-1,1,22.0,2,1,0,3.1,-1,-4.005472744077568,-3.4707618899100114,0.0
0,10,12,5.3,400.0,400.0,10.0,1,100.0,0.11159491539001465,-1,1,22.0,2,2,0,3.1,0,1.4931825512595793,-5.085312760156835,0.0
0,15,17,5.3,400.0,400.0,10.0,-2,100.0,0.1110379695892334,-1,1,22.0,1,2,0,3.1,0,-4.821049575378945,-2.201699568910002,0.0
0,16,18,5.3,400.0,400.0,10.0,2,100.0,0.11269879341125488,-1,1,22.0,2,1,0,3.1,0,-5.246053641968943,-0.7542686428484117,0.0
0,10,12,5.3,400.0,400.0,10.0,0,100.0,0.11222004890441895,-1,1,22.0,1,2,0,3.1,0,1.4931825512595793,-5.085312760156835,0.0
0,0,2,5.3,400.0,400.0,10.0,-1,100.0,0.11189103126525879,-1,1,22.0,1,2,0,3.1,-1,0.0,5.3,0.0
0,18,20,5.3,400.0,400.0,10.0,1,100.0,0.11268901824951172,-1,1,22.0,2,2,0,3.1,-2,-4.821049575378947,2.20169956891,0.0
0,19,21,5.3,400.0,400.0,10.0,2,100.0,0.11272978782653809,-1,1,22.0,1,2,0,3.1,-2,-4.005472744077568,3.470761889910012,0.0
0,2,4,5.3,400.0,400.0,10.0,1,100.0,0.11272597312927246,-1,1,22.0,2,2,0,3.1,-1,2.865396332514667,4.4586437240052605,0.0
0,15,17,5.3,400.0,400.0,10.0,0,100.0,0.11103391647338867,-1,1,22.0,1,2,0,3.1,1,-4.821049575378945,-2.201699568910002,0.0
0,19,21,5.3,400.0,400.0,10.0,1,100.0,0.11143708229064941,-1,1,22.0,2,1,0,3.1,1,-4.005472744077568,3.470761889910012,0.0
0,12,14,5.3,400.0,400.0,10.0,-1,100.0,0.11157989501953125,-1,1,22.0,2,2,0,3.1,0,-1.4931825512595758,-5.085312760156836,0.0
0,18,20,5.3,400.0,400.0,10.0,2,100.0,0.1128380298614502,-1,1,22.0,1,2,0,3.1,1,-4.821049575378947,2.20169956891,0.0
0,6,8,5.3,400.0,400.0,10.0,1,100.0,0.11310601234436035,-1,1,22.0,2,2,0,3.1,0,5.246053641968944,-0.7542686428484106,0.0
0,18,20,5.3,400.0,400.0,10.0,1,100.0,0.11096000671386719,-1,1,22.0,2,1,0,3.1,1,-4.821049575378947,2.20169956891,0.0
0,15,17,5.3,400.0,400.0,10.0,-2,100.0,0.11141204833984375,-1,1,22.0,1,1,0,3.1,2,-4.821049575378945,-2.201699568910002,0.0
0,21,1,5.3,400.0,400.0,10.0,-1,100.0,0.11236715316772461,-1,1,22.0,2,1,0,3.1,1,-1.4931825512595778,5.085312760156836,0.0
0,20,0,5.3,400.0,400.0,10.0,0,100.0,0.11245894432067871,-1,1,22.0,2,1,0,3.1,-2,-2.8653963325146705,4.458643724005258,0.0
0,0,2,5.3,400.0,400.0,10.0,-1,100.0,0.11201786994934082,-1,1,22.0,1,2,0,3.1,0,0.0,5.3,0.0
0,3,5,5.3,400.0,400.0,10.0,1,100.0,0.11223101615905762,-1,1,22.0,1,2,0,3.1,1,4.005472744077569,3.470761889910011,0.0
0,13,15,5.3,400.0,400.0,10.0,-2,100.0,0.11276602745056152,-1,1,22.0,1,1,0,3.1,-1,-2.865396332514667,-4.4586437240052605,0.0
0,16,18,5.3,400.0,400.0,10.0,-2,100.0,0.1125030517578125,-1,1,22.0,2,2,0,3.1,0,-5.246053641968943,-0.7542686428484117,0.0
0,12,14,5.3,400.0,400.0,10.0,-1,100.0,0.11231207847595215,-1,1,22.0,2,1,0,3.1,0,-1.4931825512595758,-5.085312760156836,0.0
0,7,9,5.3,400.0,400.0,10.0,-1,100.0,0.11269187927246094,-1,1,22.0,1,1,0,3.1,0,4.8210495753789475,-2.2016995689099974,0.0
0,21,1,5.3,400.0,400.0,10.0,0,100.0,0.11269092559814453,-1,1,22.0,1,2,0,3.1,0,-1.4931825512595778,5.085312760156836,0.0
0,13,15,5.3,400.0,400.0,10.0,-1,100.0,0.1120750904083252,-1,1,22.0,1,2,0,3.1,0,-2.865396332514667,-4.4586437240052605,0.0
0,11,13,5.3,400.0,400.0,10.0,0,100.0,0.11272692680358887,-1,1,22.0,1,2,0,3.1,0,6.490628035480972e-16,-5.3,0.0
0,19,21,5.3,400.0,400.0,10.0,2,100.0,0.11205005645751953,-1,1,22.0,1,2,0,3.1,-2,-4.005472744077568,3.470761889910012,0.0
0,19,21,5.3,400.0,400.0,10.0,2,100.0,0.11208701133728027,-1,1,22.0,2,1,0,3.1,0,-4.005472744077568,3.470761889910012,0.0
0,2,4,5.3,400.0,400.0,10.0,1,100.0,0.11202597618103027,-1,1,22.0,2,1,0,3.1,1,2.865396332514667,4.4586437240052605,0.0
0,0,2,5.3,400.0,400.0,10.0,0,100.0,0.11274194717407227,-1,1,22.0,2,1,0,3.1,0,0.0,5.3,0.0
0,9,11,5.3,400.0,400.0,10.0,-1,100.0,0.11246299743652344,-1,1,22.0,2,1,0,3.1,1,2.8653963325146665,-4.4586437240052605,0.0
0,10,12,5.3,400.0,400.0,10.0,-1,100.0,0.11207199096679688,-1,1,22.0,2,1,0,3.1,-1,1.4931825512595793,-5.085312760156835,0.0
0,11,13,5.3,400.0,400.0,10.0,0,100.0,0.11217999458312988,-1,1,22.0,2,2,0,3.1,2,6.490628035480972e-16,-5.3,0.0
0,3,5,5.3,400.0,400.0,10.0,-1,100.0,0.11273884773254395,-1,1,22.0,2,1,0,3.1,0,4.005472744077569,3.470761889910011,0.0
0,5,7,5.3,400.0,400.0,10.0,0,100.0,0.11248207092285156,-1,1,22.0,2,1,0,3.1,2,5.246053641968943,0.7542686428484122,0.0
0,15,17,5.3,400.0,400.0,10.0,-2,100.0,0.1111598014831543,-1,1,22.0,2,2,0,3.1,0,-4.821049575378945,-2.201699568910002,0.0
0,11,13,5.3,400.0,400.0,10.0,-1,100.0,0.11160397529602051,-1,1,22.0,2,2,0,3.1,0,6.490628035480972e-16,-5.3,0.0
0,13,15,5.3,400.0,400.0,10.0,0,100.0,0.11263799667358398,-1,1,22.0,1,2,0,3.1,0,-2.865396332514667,-4.4586437240052605,0.0
0,6,8,5.3,400.0,400.0,10.0,-1,100.0,0.11266708374023438,-1,1,22.0,2,2,0,3.1,0,5.246053641968944,-0.7542686428484106,0.0
0,18,20,5.3,400.0,400.0,10.0,0,100.0,0.11268377304077148,-1,1,22.0,1,1,0,3.1,1,-4.821049575378947,2.20169956891,0.0
0,2,4,5.3,400.0,400.0,10.0,-2,100.0,0.11191105842590332,-1,1,22.0,1,2,0,3.1,0,2.865396332514667,4.4586437240052605,0.0
0,0,2,5.3,400.0,400.0,10.0,2,100.0,0.1120450496673584,-1,1,22.0,2,1,0,3.1,0,0.0,5.3,0.0
0,16,18,5.3,400.0,400.0,10.0,0,100.0,0.11194992065429688,-1,1,22.0,1,2,0,3.1,0,-5.246053641968943,-0.7542686428484117,0.0
0,13,15,5.3,400.0,400.0,10.0,0,100.0,0.11192893981933594,-1,1,22.0,2,2,0,3.1,2,-2.865396332514667,-4.4586437240052605,0.0
0,0,2,5.3,400.0,400.0,10.0,-2,100.0,0.11087918281555176,-1,1,22.0,2,1,0,3.1,0,0.0,5.3,0.0
0,1,3,5.3,400.0,400.0,10.0,-2,100.0,0.1115109920501709,-1,1,22.0,2,2,0,3.1,0,1.493182551259577,5.085312760156836,0.0
0,8,10,5.3,400.0,400.0,10.0,-2,100.0,0.11095595359802246,-1,1,22.0,1,2,0,3.1,-1,4.005472744077569,-3.47076188991001,0.0
0,3,5,5.3,400.0,400.0,10.0,2,100.0,0.1111600399017334,-1,1,22.0,2,2,0,3.1,-1,4.005472744077569,3.470761889910011,0.0
0,14,16,5.3,400.0,400.0,10.0,1,100.0,0.11243605613708496,-1,1,22.0,1,2,0,3.1,-2,-4.005472744077568,-3.4707618899100114,0.0
0,4,6,5.3,400.0,400.0,10.0,0,100.0,0.11183691024780273,-1,1,22.0,2,1,0,3.1,1,4.821049575378947,2.201699568909998,0.0
0,14,16,5.3,400.0,400.0,10.0,0,100.0,0.11156082153320312,-1,1,22.0,2,2,0,3.1,1,-4.005472744077568,-3.4707618899100114,0.0
0,6,8,5.3,400.0,400.0,10.0,1,100.0,0.11231303215026855,-1,1,22.0,1,1,0,3.1,0,5.246053641968944,-0.7542686428484106,0.0
0,10,12,5.3,400.0,400.0,10.0,1,100.0,0.11238312721252441,-1,1,22.0,1,2,0,3.1,0,1.4931825512595793,-5.085312760156835,0.0
0,13,15,5.3,400.0,400.0,10.0,-1,100.0,0.11270999908447266,-1,1,22.0,2,1,0,3.1,0,-2.865396332514667,-4.4586437240052605,0.0
0,15,17,5.3,400.0,400.0,10.0,-1,100.0,0.11250901222229004,-1,1,22.0,1,2,0,3.1,0,-4.821049575378945,-2.201699568910002,0.0
0,14,16,5.3,400.0,400.0,10.0,0,100.0,0.1116178035736084,-1,1,22.0,2,1,0,3.1,0,-4.005472744077568,-3.4707618899100114,0.0
0,8,10,5.3,400.0,400.0,10.0,0,100.0,0.11145496368408203,-1,1,22.0,1,2,0,3.1,-1,4.005472744077569,-3.47076188991001,0.0
0,16,18,5.3,400.0,400.0,10.0,-2,100.0,0.11185789108276367,-1,1,22.0,1,2,0,3.1,-1,-5.246053641968943,-0.7542686428484117,0.0
0,5,7,5.3,400.0,400.0,10.0,0,100.0,0.11148905754089355,-1,1,22.0,1,1,0,3.1,-2,5.246053641968943,0.7542686428484122,0.0
0,11,13,5.3,400.0,400.0,10.0,0,100.0,0.11222505569458008,-1,1,22.0,2,1,0,3.1,0,6.490628035480972e-16,-5.3,0.0
0,6,8,5.3,400.0,400.0,10.0,0,100.0,0.11208295822143555,-1,1,22.0,1,2,0,3.1,0,5.246053641968944,-0.7542686428484106,0.0
0,7,9,5.3,400.0,400.0,10.0,-1,100.0,0.1127619743347168,-1,1,22.0,1,2,0,3.1,1,4.8210495753789475,-2.2016995689099974,0.0
0,3,5,5.3,400.0,400.0,10.0,0,100.0,0.11247992515563965,-1,1,22.0,1,2,0,3.1,0,4.005472744077569,3.470761889910011,0.0
0,15,17,5.3,400.0,400.0,10.0,-1,100.0,0.11326909065246582,-1,1,22.0,2,2,0,3.1,2,-4.821049575378945,-2.201699568910002,0.0
0,13,15,5.3,400.0,400.0,10.0,-1,100.0,0.11188101768493652,-1,1,22.0,2,2,0,3.1,-2,-2.865396332514667,-4.4586437240052605,0.0
0,20,0,5.3,400.0,400.0,10.0,1,100.0,0.11203885078430176,-1,1,22.0,1,1,0,3.1,0,-2.8653963325146705,4.458643724005258,0.0
0,20,0,5.3,400.0,400.0,10.0,0,100.0,0.11286211013793945,-1,1,22.0,1,2,0,3.1,0,-2.8653963325146705,4.458643724005258,0.0
0,13,15,5.3,400.0,400.0,10.0,2,100.0,0.11248588562011719,-1,1,22.0,2,1,0,3.1,0,-2.865396332514667,-4.4586437240052605,0.0
0,4,6,5.3,400.0,400.0,10.0,0,100.0,0.11123394966125488,-1,1,22.0,1,1,0,3.1,1,4.821049575378947,2.201699568909998,0.0
0,1,3,5.3,400.0,400.0,10.0,-2,100.0,0.11157011985778809,-1,1,22.0,1,1,0,3.1,-1,1.493182551259577,5.085312760156836,0.0
0,0,2,5.3,400.0,400.0,10.0,-1,100.0,0.11229085922241211,-1,1,22.0,2,1,0,3.1,-2,0.0,5.3,0.0
0,11,13,5.3,400.0,400.0,10.0,0,100.0,0.1127769947052002,-1,1,22.0,1,2,0,3.1,-1,6.490628035480972e-16,-5.3,0.0
0,8,10,5.3,400.0,400.0,10.0,-1,100.0,0.11283707618713379,-1,1,22.0,2,1,0,3.1,0,4.005472744077569,-3.47076188991001,0.0
0,19,21,5.3,400.0,400.0,10.0,0,100.0,0.11203694343566895,-1,1,22.0,2,1,0,3.1,1,-4.005472744077568,3.470761889910012,0.0
0,5,7,5.3,400.0,400.0,10.0,0,100.0,0.11279010772705078,-1,1,22.0,1,2,0,3.1,0,5.246053641968943,0.7542686428484122,0.0
0,2,4,5.3,400.0,400.0,10.0,-1,100.0,0.11213183403015137,-1,1,22.0,2,1,0,3.1,2,2.865396332514667,4.4586437240052605,0.0
0,1,3,5.3,400.0,400.0,10.0,-1,100.0,0.11200094223022461,-1,1,22.0,1,1,0,3.1,-2,1.493182551259577,5.085312760156836,0.0
0,15,17,5.3,400.0,400.0,10.0,-2,100.0,0.11329913139343262,-1,1,22.0,2,1,0,3.1,-2,-4.821049575378945,-2.201699568910002,0.0
0,10,12,5.3,400.0,400.0,10.0,1,100.0,0.11247396469116211,-1,1,22.0,2,1,0,3.1,0,1.4931825512595793,-5.085312760156835,0.0
0,13,15,5.3,400.0,400.0,10.0,0,100.0,0.11101698875427246,-1,1,22.0,1,2,0,3.1,0,-2.865396332514667,-4.4586437240052605,0.0
0,2,4,5.3,400.0,400.0,10.0,-1,100.0,0.11198186874389648,-1,1,22.0,2,1,0,3.1,2,2.865396332514667,4.4586437240052605,0.0
0,7,9,5.3,400.0,400.0,10.0,0,100.0,0.11091089248657227,-1,1,22.0,2,2,0,3.1,-2,4.8210495753789475,-2.2016995689099974,0.0
0,16,18,5.3,400.0,400.0,10.0,0,100.0,0.11242294311523438,-1,1,22.0,2,1,0,3.1,2,-5.246053641968943,-0.7542686428484117,0.0
0,15,17,5.3,400.0,400.0,10.0,-2,100.0,0.11276507377624512,-1,1,22.0,2,1,0,3.1,1,-4.821049575378945,-2.201699568910002,0.0
0,11,13,5.3,400.0,400.0,10.0,1,100.0,0.11270809173583984,-1,1,22.0,2,2,0,3.1,0,6.490628035480972e-16,-5.3,0.0
0,4,6,5.3,400.0,400.0,10.0,1,100.0,0.11252903938293457,-1,1,22.0,2,1,0,3.1,1,4.821049575378947,2.201699568909998,0.0
0,0,2,5.3,400.0,400.0,10.0,2,100.0,0.11181306838989258,-1,1,22.0,1,2,0,3.1,0,0.0,5.3,0.0
0,9,11,5.3,400.0,400.0,10.0,0,100.0,0.11200189590454102,-1,1,22.0,2,1,0,3.1,0,2.8653963325146665,-4.4586437240052605,0.0
0,12,14,5.3,400.0,400.0,10.0,0,100.0,0.11364912986755371,-1,1,22.0,1,2,0,3.1,0,-1.4931825512595758,-5.085312760156836,0.0
0,6,8,5.3,400.0,400.0,10.0,2,100.0,0.11195707321166992,-1,1,22.0,1,2,0,3.1,1,5.246053641968944,-0.7542686428484106,0.0
0,7,9,5.3,400.0,400.0,10.0,0,100.0,0.11238598823547363,-1,1,22.0,1,1,0,3.1,1,4.8210495753789475,-2.2016995689099974,0.0
0,15,17,5.3,400.0,400.0,10.0,1,100.0,0.1114809513092041,-1,1,22.0,2,1,0,3.1,0,-4.821049575378945,-2.201699568910002,0.0
0,21,1,5.3,400.0,400.0,10.0,-1,100.0,0.1118929386138916,-1,1,22.0,1,2,0,3.1,-1,-1.4931825512595778,5.085312760156836,0.0
0,20,0,5.3,400.0,400.0,10.0,-1,100.0,0.11272788047790527,-1,1,22.0,2,2,0,3.1,0,-2.8653963325146705,4.458643724005258,0.0
0,15,17,5.3,400.0,400.0,10.0,0,100.0,0.11087298393249512,-1,1,22.0,1,2,0,3.1,0,-4.821049575378945,-2.201699568910002,0.0
0,2,4,5.3,400.0,400.0,10.0,1,100.0,0.11165499687194824,-1,1,22.0,2,2,0,3.1,0,2.865396332514667,4.4586437240052605,0.0
0,9,11,5.3,400.0,400.0,10.0,0,100.0,0.11265802383422852,-1,1,22.0,2,1,0,3.1,1,2.8653963325146665,-4.4586437240052605,0.0
0,11,13,5.3,400.0,400.0,10.0,0,100.0,0.1113889217376709,-1,1,22.0,2,1,0,3.1,0,6.490628035480972e-16,-5.3,0.0
0,11,13,5.3,400.0,400.0,10.0,0,100.0,0.11094903945922852,-1,1,22.0,1,2,0,3.1,0,6.490628035480972e-16,-5.3,0.0
0,0,2,5.3,400.0,400.0,10.0,2,100.0,0.11271095275878906,-1,1,22.0,2,2,0,3.1,0,0.0,5.3,0.0
0,8,10,5.3,400.0,400.0,10.0,1,100.0,0.11153888702392578,-1,1,22.0,1,2,0,3.1,0,4.005472744077569,-3.47076188991001,0.0
0,18,20,5.3,400.0,400.0,10.0,0,100.0,0.11118912696838379,-1,1,22.0,1,2,0,3.1,0,-4.821049575378947,2.20169956891,0.0
0,15,17,5.3,400.0,400.0,10.0,0,100.0,0.11138296127319336,-1,1,22.0,1,2,0,3.1,0,-4.821049575378945,-2.201699568910002,0.0
0,20,0,5.3,400.0,400.0,10.0,-1,100.0,0.11088299751281738,-1,1,22.0,2,1,0,3.1,-1,-2.8653963325146705,4.458643724005258,0.0
0,4,6,5.3,400.0,400.0,10.0,-1,100.0,0.11255407333374023,-1,1,22.0,1,2,0,3.1,0,4.821049575378947,2.201699568909998,0.0
0,8,10,5.3,400.0,400.0,10.0,0,100.0,0.11168384552001953,-1,1,22.0,1,2,0,3.1,0,4.005472744077569,-3.47076188991001,0.0
0,20,0,5.3,400.0,400.0,10.0,0,100.0,0.1126718521118164,-1,1,22.0,2,1,0,3.1,0,-2.8653963325146705,4.458643724005258,0.0
0,1,3,5.3,400.0,400.0,10.0,-1,100.0,0.11196208000183105,-1,1,22.0,1,2,0,3.1,-1,1.493182551259577,5.085312760156836,0.0
0,3,5,5.3,400.0,400.0,10.0,0,100.0,0.11299490928649902,-1,1,22.0,2,1,0,3.1,1,4.005472744077569,3.470761889910011,0.0
0,1,3,5.3,400.0,400.0,10.0,2,100.0,0.11266493797302246,-1,1,22.0,2,1,0,3.1,0,1.493182551259577,5.085312760156836,0.0
0,15,17,5.3,400.0,400.0,10.0,0,100.0,0.11254405975341797,-1,1,22.0,1,2,0,3.1,0,-4.821049575378945,-2.201699568910002,0.0
0,13,15,5.3,400.0,400.0,10.0,0,100.0,0.11271405220031738,-1,1,22.0,1,2,0,3.1,0,-2.865396332514667,-4.4586437240052605,0.0
0,4,6,5.3,400.0,400.0,10.0,2,100.0,0.11206912994384766,-1,1,22.0,1,1,0,3.1,0,4.821049575378947,2.201699568909998,0.0
0,1,3,5.3,400.0,400.0,10.0,-2,100.0,0.11147713661193848,-1,1,22.0,1,2,0,3.1,0,1.493182551259577,5.085312760156836,0.0
0,11,13,5.3,400.0,400.0,10.0,0,100.0,0.1126871109008789,-1,1,22.0,1,1,0,3.1,-1,6.490628035480972e-16,-5.3,0.0
0,15,17,5.3,400.0,400.0,10.0,-2,100.0,0.11210203170776367,-1,1,22.0,1,2,0,3.1,0,-4.821049575378945,-2.201699568910002,0.0
0,1,3,5.3,400.0,400.0,10.0,1,100.0,0.11254405975341797,-1,1,22.0,2,2,0,3.1,2,1.493182551259577,5.085312760156836,0.0
0,18,20,5.3,400.0,400.0,10.0,2,100.0,0.11253190040588379,-1,1,22.0,1,1,0,3.1,-2,-4.821049575378947,2.20169956891,0.0
0,6,8,5.3,400.0,400.0,10.0,0,100.0,0.11269092559814453,-1,1,22.0,1,2,0,3.1,0,5.246053641968944,-0.7542686428484106,0.0
0,20,0,5.3,400.0,400.0,10.0,0,100.0,0.11276602745056152,-1,1,22.0,1,2,0,3.1,0,-2.8653963325146705,4.458643724005258,0.0
0,18,20,5.3,400.0,400.0,10.0,2,100.0,0.1126871109008789,-1,1,22.0,1,1,0,3.1,-1,-4.821049575378947,2.20169956891,0.0
0,17,19,5.3,400.0,400.0,10.0,1,100.0,0.11246609687805176,-1,1,22.0,2,2,0,3.1,0,-5.246053641968944,0.7542686428484098,0.0
0,13,15,5.3,400.0,400.0,10.0,0,100.0,0.1126408576965332,-1,1,22.0,1,2,0,3.1,0,-2.865396332514667,-4.4586437240052605,0.0
0,16,18,5.3,400.0,400.0,10.0,0,100.0,0.11285901069641113,-1,1,22.0,2,1,0,3.1,-1,-5.246053641968943,-0.7542686428484117,0.0
0,2,4,5.3,400.0,400.0,10.0,0,100.0,0.1127009391784668,-1,1,22.0,2,2,0,3.1,2,2.865396332514667,4.4586437240052605,0.0
0,17,19,5.3,400.0,400.0,10.0,0,100.0,0.11248111724853516,-1,1,22.0,1,1,0,3.1,-1,-5.246053641968944,0.7542686428484098,0.0
0,9,11,5.3,400.0,400.0,10.0,0,100.0,0.11090612411499023,-1,1,22.0,1,1,0,3.1,1,2.8653963325146665,-4.4586437240052605,0.0
0,19,21,5.3,400.0,400.0,10.0,-2,100.0,0.1111149787902832,-1,1,22.0,2,2,0,3.1,0,-4.005472744077568,3.470761889910012,0.0
0,6,8,5.3,400.0,400.0,10.0,0,100.0,0.1119081974029541,-1,1,22.0,1,2,0,3.1,0,5.246053641968944,-0.7542686428484106,0.0
0,5,7,5.3,400.0,400.0,10.0,0,100.0,0.1128089427947998,-1,1,22.0,1,1,0,3.1,1,5.246053641968943,0.7542686428484122,0.0
0,13,15,5.3,400.0,400.0,10.0,-2,100.0,0.11096501350402832,-1,1,22.0,1,2,0,3.1,0,-2.865396332514667,-4.4586437240052605,0.0
0,8,10,5.3,400.0,400.0,10.0,0,100.0,0.11163592338562012,-1,1,22.0,2,2,0,3.1,1,4.005472744077569,-3.47076188991001,0.0
0,21,1,5.3,400.0,400.0,10.0,1,100.0,0.11249899864196777,-1,1,22.0,1,2,0,3.1,0,-1.4931825512595778,5.085312760156836,0.0
0,6,8,5.3,400.0,400.0,10.0,0,100.0,0.11111187934875488,-1,1,22.0,1,2,0,3.1,0,5.246053641968944,-0.7542686428484106,0.0
0,12,14,5.3,400.0,400.0,10.0,0,100.0,0.11273193359375,-1,1,22.0,1,2,0,3.1,-1,-1.4931825512595758,-5.085312760156836,0.0
0,7,9,5.3,400.0,400.0,10.0,0,100.0,0.1114809513092041,-1,1,22.0,2,1,0,3.1,-1,4.8210495753789475,-2.2016995689099974,0.0
0,9,11,5.3,400.0,400.0,10.0,0,100.0,0.11136603355407715,-1,1,22.0,1,2,0,3.1,1,2.8653963325146665,-4.4586437240052605,0.0
0,20,0,5.3,400.0,400.0,10.0,1,100.0,0.11276912689208984,-1,1,22.0,2,2,0,3.1,0,-2.8653963325146705,4.458643724005258,0.0
0,10,12,5.3,400.0,400.0,10.0,1,100.0,0.11136412620544434,-1,1,22.0,2,2,0,3.1,2,1.4931825512595793,-5.085312760156835,0.0
0,1,3,5.3,400.0,400.0,10.0,1,100.0,0.11147379875183105,-1,1,22.0,2,1,0,3.1,0,1.493182551259577,5.085312760156836,0.0
0,4,6,5.3,400.0,400.0,10.0,0,100.0,0.11142086982727051,-1,1,22.0,1,1,0,3.1,1,4.821049575378947,2.201699568909998,0.0
0,4,6,5.3,400.0,400.0,10.0,1,100.0,0.11099910736083984,-1,1,22.0,2,1,0,3.1,-2,4.821049575378947,2.201699568909998,0.0
0,9,11,5.3,400.0,400.0,10.0,-1,100.0,0.11226797103881836,-1,1,22.0,2,1,0,3.1,0,2.8653963325146665,-4.4586437240052605,0.0
0,21,1,5.3,400.0,400.0,10.0,-1,100.0,0.1129150390625,-1,1,22.0,1,2,0,3.1,2,-1.4931825512595778,5.085312760156836,0.0
0,7,9,5.3,400.0,400.0,10.0,0,100.0,0.11160993576049805,-1,1,22.0,2,2,0,3.1,1,4.8210495753789475,-2.2016995689099974,0.0
0,12,14,5.3,400.0,400.0,10.0,0,100.0,0.11269402503967285,-1,1,22.0,1,2,0,3.1,0,-1.4931825512595758,-5.085312760156836,0.0
0,21,1,5.3,400.0,400.0,10.0,1,100.0,0.11099100112915039,-1,1,22.0,2,1,0,3.1,0,-1.4931825512595778,5.085312760156836,0.0
0,3,5,5.3,400.0,400.0,10.0,0,100.0,0.11271095275878906,-1,1,22.0,2,1,0,3.1,0,4.005472744077569,3.470761889910011,0.0
0,1,3,5.3,400.0,400.0,10.0,-2,100.0,0.11278414726257324,-1,1,22.0,1,1,0,3.1,0,1.493182551259577,5.085312760156836,0.0
0,5,7,5.3,400.0,400.0,10.0,0,100.0,0.11270308494567871,-1,1,22.0,1,2,0,3.1,0,5.246053641968943,0.7542686428484122,0.0
0,15,17,5.3,400.0,400.0,10.0,-2,100.0,0.1121530532836914,-1,1,22.0,2,2,0,3.1,-1,-4.821049575378945,-2.201699568910002,0.0
0,20,0,5.3,400.0,400.0,10.0,-2,100.0,0.11218905448913574,-1,1,22.0,2,1,0,3.1,1,-2.8653963325146705,4.458643724005258,0.0
0,3,5,5.3,400.0,400.0,10.0,2,100.0,0.11272406578063965,-1,1,22.0,2,2,0,3.1,0,4.005472744077569,3.470761889910011,0.0
0,12,14,5.3,400.0,400.0,10.0,0,100.0,0.11276888847351074,-1,1,22.0,2,1,0,3.1,1,-1.4931825512595758,-5.085312760156836,0.0
0,5,7,5.3,400.0,400.0,10.0,0,100.0,0.11274909973144531,-1,1,22.0,2,2,0,3.1,-1,5.246053641968943,0.7542686428484122,0.0
0,15,17,5.3,400.0,400.0,10.0,0,100.0,0.11240005493164062,-1,1,22.0,2,1,0,3.1,0,-4.821049575378945,-2.201699568910002,0.0
0,19,21,5.3,400.0,400.0,10.0,-1,100.0,0.11175298690795898,-1,1,22.0,1,2,0,3.1,1,-4.005472744077568,3.470761889910012,0.0
0,9,11,5.3,400.0,400.0,10.0,1,100.0,0.11242413520812988,-1,1,22.0,1,1,0,3.1,0,2.8653963325146665,-4.4586437240052605,0.0
0,10,12,5.3,400.0,400.0,10.0,0,100.0,0.11189699172973633,-1,1,22.0,2,1,0,3.1,0,1.4931825512595793,-5.085312760156835,0.0
0,17,19,5.3,400.0,400.0,10.0,2,100.0,0.11272120475769043,-1,1,22.0,1,2,0,3.1,0,-5.246053641968944,0.7542686428484098,0.0
0,19,21,5.3,400.0,400.0,10.0,2,100.0,0.11243295669555664,-1,1,22.0,1,2,0,3.1,2,-4.005472744077568,3.470761889910012,0.0
0,7,9,5.3,400.0,400.0,10.0,0,100.0,0.11229801177978516,-1,1,22.0,1,2,0,3.1,0,4.8210495753789475,-2.2016995689099974,0.0
0,8,10,5.3,400.0,400.0,10.0,0,100.0,0.11238908767700195,-1,1,22.0,1,2,0,3.1,-2,4.005472744077569,-3.47076188991001,0.0
0,10,12,5.3,400.0,400.0,10.0,0,100.0,0.11251091957092285,-1,1,22.0,1,2,0,3.1,2,1.4931825512595793,-5.085312760156835,0.0
0,4,6,5.3,400.0,400.0,10.0,-1,100.0,0.11148881912231445,-1,1,22.0,1,2,0,3.1,1,4.821049575378947,2.201699568909998,0.0
0,10,12,5.3,400.0,400.0,10.0,2,100.0,0.1129310131072998,-1,1,22.0,2,2,0,3.1,-2,1.4931825512595793,-5.085312760156835,0.0
0,2,4,5.3,400.0,400.0,10.0,-1,100.0,0.11092400550842285,-1,1,22.0,1,2,0,3.1,-1,2.865396332514667,4.4586437240052605,0.0
0,15,17,5.3,400.0,400.0,10.0,-1,100.0,0.11199593544006348,-1,1,22.0,2,1,0,3.1,-1,-4.821049575378945,-2.201699568910002,0.0
0,7,9,5.3,400.0,400.0,10.0,0,100.0,0.11371898651123047,-1,1,22.0,1,1,0,3.1,-2,4.8210495753789475,-2.2016995689099974,0.0
0,15,17,5.3,400.0,400.0,10.0,0,100.0,0.11250495910644531,-1,1,22.0,1,1,0,3.1,-1,-4.821049575378945,-2.201699568910002,0.0
0,11,13,5.3,400.0,400.0,10.0,0,100.0,0.1112358570098877,-1,1,22.0,1,2,0,3.1,0,6.490628035480972e-16,-5.3,0.0
0,6,8,5.3,400.0,400.0,10.0,1,100.0,0.11186003684997559,-1,1,22.0,2,2,0,3.1,0,5.246053641968944,-0.7542686428484106,0.0
0,8,10,5.3,400.0,400.0,10.0,0,100.0,0.11284494400024414,-1,1,22.0,1,2,0,3.1,0,4.005472744077569,-3.47076188991001,0.0
0,0,2,5.3,400.0,400.0,10.0,0,100.0,0.11219501495361328,-1,1,22.0,2,2,0,3.1,-2,0.0,5.3,0.0
0,15,17,5.3,400.0,400.0,10.0,-2,100.0,0.11205196380615234,-1,1,22.0,1,1,0,3.1,0,-4.821049575378945,-2.201699568910002,0.0
0,2,4,5.3,400.0,400.0,10.0,0,100.0,0.1120908260345459,-1,1,22.0,1,1,0,3.1,1,2.865396332514667,4.4586437240052605,0.0
0,15,17,5.3,400.0,400.0,10.0,0,100.0,0.11267995834350586,-1,1,22.0,1,1,0,3.1,-2,-4.821049575378945,-2.201699568910002,0.0
0,8,10,5.3,400.0,400.0,10.0,1,100.0,0.11269497871398926,-1,1,22.0,1,2,0,3.1,0,4.005472744077569,-3.47076188991001,0.0
0,19,21,5.3,400.0,400.0,10.0,-1,100.0,0.1120598316192627,-1,1,22.0,2,2,0,3.1,2,-4.005472744077568,3.470761889910012,0.0
0,2,4,5.3,400.0,400.0,10.0,0,100.0,0.11105513572692871,-1,1,22.0,1,2,0,3.1,1,2.865396332514667,4.4586437240052605,0.0
0,20,0,5.3,400.0,400.0,10.0,1,100.0,0.11146187782287598,-1,1,22.0,1,1,0,3.1,0,-2.8653963325146705,4.458643724005258,0.0
0,2,4,5.3,400.0,400.0,10.0,0,100.0,0.1112058162689209,-1,1,22.0,2,1,0,3.1,0,2.865396332514667,4.4586437240052605,0.0
0,0,2,5.3,400.0,400.0,10.0,0,100.0,0.11102414131164551,-1,1,22.0,1,2,0,3.1,0,0.0,5.3,0.0
0,18,20,5.3,400.0,400.0,10.0,-1,100.0,0.1109170913696289,-1,1,22.0,1,1,0,3.1,-2,-4.821049575378947,2.20169956891,0.0
0,0,2,5.3,400.0,400.0,10.0,0,100.0,0.11204695701599121,-1,1,22.0,1,1,0,3.1,-1,0.0,5.3,0.0
0,21,1,5.3,400.0,400.0,10.0,0,100.0,0.11237692832946777,-1,1,22.0,2,1,0,3.1,0,-1.4931825512595778,5.085312760156836,0.0
0,15,17,5.3,400.0,400.0,10.0,0,100.0,0.11153721809387207,-1,1,22.0,1,1,0,3.1,1,-4.821049575378945,-2.201699568910002,0.0
0,3,5,5.3,400.0,400.0,10.0,2,100.0,0.11088919639587402,-1,1,22.0,2,1,0,3.1,0,4.005472744077569,3.470761889910011,0.0
0,20,0,5.3,400.0,400.0,10.0,1,100.0,0.11145186424255371,-1,1,22.0,1,2,0,3.1,0,-2.8653963325146705,4.458643724005258,0.0
0,0,2,5.3,400.0,400.0,10.0,0,100.0,0.11270308494567871,-1,1,22.0,2,1,0,3.1,0,0.0,5.3,0.0
0,10,12,5.3,400.0,400.0,10.0,-1,100.0,0.11204814910888672,-1,1,22.0,2,2,0,3.1,0,1.4931825512595793,-5.085312760156835,0.0
0,7,9,5.3,400.0,400.0,10.0,0,100.0,0.11268401145935059,-1,1,22.0,2,1,0,3.1,0,4.8210495753789475,-2.2016995689099974,0.0
0,17,19,5.3,400.0,400.0,10.0,0,100.0,0.11265206336975098,-1,1,22.0,1,1,0,3.1,-2,-5.246053641968944,0.7542686428484098,0.0
