offset2,cue-loc-int,refi,radius,ntrials,ms-st-cue,npractice,resp-h-pos,ms-stimon,actualStimOn,version,bars-or-spot,nitems,resp-h-hv,resp-v-hv,offset,cue-length,resp-v-pos,cue-loc-x,cue-loc-y,ms-precue
0,15,17,5.3,400.0,400.0,10.0,-2,100.0,0.10336089134216309,-1,1,22.0,1,2,0,3.1,0,-4.821049575378945,-2.201699568910002,0.0
0,0,2,5.3,400.0,400.0,10.0,1,100.0,0.1032559871673584,-1,1,22.0,2,1,0,3.1,-2,0.0,5.3,0.0
0,17,19,5.3,400.0,400.0,10.0,-2,100.0,0.10327315330505371,-1,1,22.0,2,2,0,3.1,-1,-5.246053641968944,0.7542686428484098,0.0
0,4,6,5.3,400.0,400.0,10.0,-1,100.0,0.10329914093017578,-1,1,22.0,1,2,0,3.1,0,4.821049575378947,2.201699568909998,0.0
0,0,2,5.3,400.0,400.0,10.0,2,100.0,0.10327005386352539,-1,1,22.0,2,1,0,3.1,0,0.0,5.3,0.0
0,15,17,5.3,400.0,400.0,10.0,1,100.0,0.10327887535095215,-1,1,22.0,2,1,0,3.1,0,-4.821049575378945,-2.201699568910002,0.0
0,3,5,5.3,400.0,400.0,10.0,-1,100.0,0.10322999954223633,-1,1,22.0,1,2,0,3.1,2,4.005472744077569,3.470761889910011,0.0
0,19,21,5.3,400.0,400.0,10.0,1,100.0,0.10323214530944824,-1,1,22.0,2,1,0,3.1,0,-4.005472744077568,3.470761889910012,0.0
0,1,3,5.3,400.0,400.0,10.0,-1,100.0,0.1033010482788086,-1,1,22.0,1,2,0,3.1,-1,1.493182551259577,5.085312760156836,0.0
0,3,5,5.3,400.0,400.0,10.0,1,100.0,0.1033627986907959,-1,1,22.0,2,1,0,3.1,1,4.005472744077569,3.470761889910011,0.0
0,13,15,5.3,400.0,400.0,10.0,2,100.0,0.10327005386352539,-1,1,22.0,1,2,0,3.1,-1,-2.865396332514667,-4.4586437240052605,0.0
0,10,12,5.3,400.0,400.0,10.0,0,100.0,0.10343289375305176,-1,1,22.0,1,1,0,3.1,2,1.4931825512595793,-5.085312760156835,0.0
0,16,18,5.3,400.0,400.0,10.0,2,100.0,0.10326910018920898,-1,1,22.0,1,1,0,3.1,0,-5.246053641968943,-0.7542686428484117,0.0
0,17,19,5.3,400.0,400.0,10.0,0,100.0,0.10318803787231445,-1,1,22.0,1,1,0,3.1,1,-5.246053641968944,0.7542686428484098,0.0
0,20,0,5.3,400.0,400.0,10.0,0,100.0,0.10309910774230957,-1,1,22.0,1,2,0,3.1,-2,-2.8653963325146705,4.458643724005258,0.0
0,17,19,5.3,400.0,400.0,10.0,1,100.0,0.10326695442199707,-1,1,22.0,1,1,0,3.1,0,-5.246053641968944,0.7542686428484098,0.0
0,0,2,5.3,400.0,400.0,10.0,0,100.0,0.10328507423400879,-1,1,22.0,1,2,0,3.1,2,0.0,5.3,0.0
0,7,9,5.3,400.0,400.0,10.0,2,100.0,0.10348892211914062,-1,1,22.0,1,1,0,3.1,1,4.8210495753789475,-2.2016995689099974,0.0
0,15,17,5.3,400.0,400.0,10.0,2,100.0,0.10326790809631348,-1,1,22.0,2,2,0,3.1,-2,-4.821049575378945,-2.201699568910002,0.0
0,0,2,5.3,400.0,400.0,10.0,-2,100.0,0.1032099723815918,-1,1,22.0,2,1,0,3.1,2,0.0,5.3,0.0
0,9,11,5.3,400.0,400.0,10.0,-1,100.0,0.10319399833679199,-1,1,22.0,1,2,0,3.1,0,2.8653963325146665,-4.4586437240052605,0.0
0,16,18,5.3,400.0,400.0,10.0,-1,100.0,0.10326313972473145,-1,1,22.0,2,2,0,3.1,2,-5.246053641968943,-0.7542686428484117,0.0
0,15,17,5.3,400.0,400.0,10.0,0,100.0,0.10323596000671387,-1,1,22.0,2,1,0,3.1,-2,-4.821049575378945,-2.201699568910002,0.0
0,4,6,5.3,400.0,400.0,10.0,-1,100.0,0.10319709777832031,-1,1,22.0,2,2,0,3.1,1,4.821049575378947,2.201699568909998,0.0
0,20,0,5.3,400.0,400.0,10.0,-2,100.0,0.10310697555541992,-1,1,22.0,1,2,0,3.1,-1,-2.8653963325146705,4.458643724005258,0.0
0,14,16,5.3,400.0,400.0,10.0,-1,100.0,0.10341000556945801,-1,1,22.0,1,2,0,3.1,2,-4.005472744077568,-3.4707618899100114,0.0
0,12,14,5.3,400.0,400.0,10.0,2,100.0,0.10310602188110352,-1,1,22.0,1,1,0,3.1,-2,-1.4931825512595758,-5.085312760156836,0.0
0,4,6,5.3,400.0,400.0,10.0,-1,100.0,0.10327792167663574,-1,1,22.0,1,2,0,3.1,0,4.821049575378947,2.201699568909998,0.0
0,1,3,5.3,400.0,400.0,10.0,2,100.0,0.10310602188110352,-1,1,22.0,2,1,0,3.1,1,1.493182551259577,5.085312760156836,0.0
0,3,5,5.3,400.0,400.0,10.0,-1,100.0,0.10327696800231934,-1,1,22.0,1,1,0,3.1,1,4.005472744077569,3.470761889910011,0.0
0,14,16,5.3,400.0,400.0,10.0,1,100.0,0.10343098640441895,-1,1,22.0,2,2,0,3.1,2,-4.005472744077568,-3.4707618899100114,0.0
0,8,10,5.3,400.0,400.0,10.0,2,100.0,0.10308003425598145,-1,1,22.0,2,2,0,3.1,0,4.005472744077569,-3.47076188991001,0.0
0,8,10,5.3,400.0,400.0,10.0,-1,100.0,0.1032719612121582,-1,1,22.0,1,2,0,3.1,1,4.005472744077569,-3.47076188991001,0.0
0,3,5,5.3,400.0,400.0,10.0,2,100.0,0.10329198837280273,-1,1,22.0,1,1,0,3.1,-1,4.005472744077569,3.470761889910011,0.0
0,17,19,5.3,400.0,400.0,10.0,0,100.0,0.1032719612121582,-1,1,22.0,2,2,0,3.1,-2,-5.246053641968944,0.7542686428484098,0.0
0,0,2,5.3,400.0,400.0,10.0,2,100.0,0.10323119163513184,-1,1,22.0,1,1,0,3.1,-2,0.0,5.3,0.0
0,8,10,5.3,400.0,400.0,10.0,-2,100.0,0.10345697402954102,-1,1,22.0,1,1,0,3.1,0,4.005472744077569,-3.47076188991001,0.0
0,10,12,5.3,400.0,400.0,10.0,0,100.0,0.1031179428100586,-1,1,22.0,1,1,0,3.1,2,1.4931825512595793,-5.085312760156835,0.0
0,0,2,5.3,400.0,400.0,10.0,0,100.0,0.10327696800231934,-1,1,22.0,2,2,0,3.1,1,0.0,5.3,0.0
0,18,20,5.3,400.0,400.0,10.0,2,100.0,0.10328006744384766,-1,1,22.0,1,2,0,3.1,2,-4.821049575378947,2.20169956891,0.0
0,6,8,5.3,400.0,400.0,10.0,2,100.0,0.10323286056518555,-1,1,22.0,1,1,0,3.1,1,5.246053641968944,-0.7542686428484106,0.0
0,2,4,5.3,400.0,400.0,10.0,-1,100.0,0.1032559871673584,-1,1,22.0,2,1,0,3.1,2,2.865396332514667,4.4586437240052605,0.0
0,8,10,5.3,400.0,400.0,10.0,0,100.0,0.10324716567993164,-1,1,22.0,2,1,0,3.1,-2,4.005472744077569,-3.47076188991001,0.0
0,21,1,5.3,400.0,400.0,10.0,-2,100.0,0.10323500633239746,-1,1,22.0,2,2,0,3.1,-1,-1.4931825512595778,5.085312760156836,0.0
0,16,18,5.3,400.0,400.0,10.0,-2,100.0,0.1032569408416748,-1,1,22.0,1,2,0,3.1,1,-5.246053641968943,-0.7542686428484117,0.0
0,4,6,5.3,400.0,400.0,10.0,0,100.0,0.10326290130615234,-1,1,22.0,1,2,0,3.1,-2,4.821049575378947,2.201699568909998,0.0
0,16,18,5.3,400.0,400.0,10.0,2,100.0,0.10328197479248047,-1,1,22.0,1,1,0,3.1,0,-5.246053641968943,-0.7542686428484117,0.0
0,16,18,5.3,400.0,400.0,10.0,0,100.0,0.10305380821228027,-1,1,22.0,1,2,0,3.1,1,-5.246053641968943,-0.7542686428484117,0.0
0,12,14,5.3,400.0,400.0,10.0,-2,100.0,0.10319805145263672,-1,1,22.0,1,2,0,3.1,0,-1.4931825512595758,-5.085312760156836,0.0
0,15,17,5.3,400.0,400.0,10.0,1,100.0,0.10342717170715332,-1,1,22.0,2,1,0,3.1,0,-4.821049575378945,-2.201699568910002,0.0
0,17,19,5.3,400.0,400.0,10.0,-2,100.0,0.10305094718933105,-1,1,22.0,1,1,0,3.1,0,-5.246053641968944,0.7542686428484098,0.0
0,18,20,5.3,400.0,400.0,10.0,2,100.0,0.10326099395751953,-1,1,22.0,2,1,0,3.1,-1,-4.821049575378947,2.20169956891,0.0
0,5,7,5.3,400.0,400.0,10.0,1,100.0,0.10324597358703613,-1,1,22.0,2,2,0,3.1,2,5.246053641968943,0.7542686428484122,0.0
0,13,15,5.3,400.0,400.0,10.0,-1,100.0,0.10326385498046875,-1,1,22.0,1,2,0,3.1,0,-2.865396332514667,-4.4586437240052605,0.0
0,8,10,5.3,400.0,400.0,10.0,-1,100.0,0.10309696197509766,-1,1,22.0,1,2,0,3.1,0,4.005472744077569,-3.47076188991001,0.0
0,16,18,5.3,400.0,400.0,10.0,0,100.0,0.10328388214111328,-1,1,22.0,2,1,0,3.1,1,-5.246053641968943,-0.7542686428484117,0.0
0,2,4,5.3,400.0,400.0,10.0,2,100.0,0.10318207740783691,-1,1,22.0,1,1,0,3.1,1,2.865396332514667,4.4586437240052605,0.0
0,1,3,5.3,400.0,400.0,10.0,0,100.0,0.10325884819030762,-1,1,22.0,1,1,0,3.1,-1,1.493182551259577,5.085312760156836,0.0
0,11,13,5.3,400.0,400.0,10.0,1,100.0,0.10327482223510742,-1,1,22.0,2,2,0,3.1,0,6.490413675258599e-16,-5.3,0.0
0,1,3,5.3,400.0,400.0,10.0,0,100.0,0.10326409339904785,-1,1,22.0,2,2,0,3.1,-2,1.493182551259577,5.085312760156836,0.0
0,2,4,5.3,400.0,400.0,10.0,2,100.0,0.10325312614440918,-1,1,22.0,1,1,0,3.1,-2,2.865396332514667,4.4586437240052605,0.0
0,20,0,5.3,400.0,400.0,10.0,-1,100.0,0.103057861328125,-1,1,22.0,1,2,0,3.1,-2,-2.8653963325146705,4.458643724005258,0.0
0,1,3,5.3,400.0,400.0,10.0,0,100.0,0.103424072265625,-1,1,22.0,1,2,0,3.1,0,1.493182551259577,5.085312760156836,0.0
0,1,3,5.3,400.0,400.0,10.0,2,100.0,0.10322690010070801,-1,1,22.0,1,2,0,3.1,1,1.493182551259577,5.085312760156836,0.0
0,19,21,5.3,400.0,400.0,10.0,-2,100.0,0.10328793525695801,-1,1,22.0,2,1,0,3.1,2,-4.005472744077568,3.470761889910012,0.0
0,0,2,5.3,400.0,400.0,10.0,2,100.0,0.10326194763183594,-1,1,22.0,2,1,0,3.1,0,0.0,5.3,0.0
0,3,5,5.3,400.0,400.0,10.0,-1,100.0,0.1032249927520752,-1,1,22.0,2,1,0,3.1,-1,4.005472744077569,3.470761889910011,0.0
0,12,14,5.3,400.0,400.0,10.0,0,100.0,0.10324597358703613,-1,1,22.0,1,1,0,3.1,-1,-1.4931825512595758,-5.085312760156836,0.0
0,19,21,5.3,400.0,400.0,10.0,-1,100.0,0.10326004028320312,-1,1,22.0,2,1,0,3.1,0,-4.005472744077568,3.470761889910012,0.0
0,18,20,5.3,400.0,400.0,10.0,-2,100.0,0.10421895980834961,-1,1,22.0,2,1,0,3.1,1,-4.821049575378947,2.20169956891,0.0
0,5,7,5.3,400.0,400.0,10.0,0,100.0,0.10327792167663574,-1,1,22.0,1,2,0,3.1,2,5.246053641968943,0.7542686428484122,0.0
0,0,2,5.3,400.0,400.0,10.0,2,100.0,0.10326099395751953,-1,1,22.0,2,1,0,3.1,0,0.0,5.3,0.0
0,8,10,5.3,400.0,400.0,10.0,2,100.0,0.10309290885925293,-1,1,22.0,2,1,0,3.1,2,4.005472744077569,-3.47076188991001,0.0
0,17,19,5.3,400.0,400.0,10.0,-2,100.0,0.10326409339904785,-1,1,22.0,1,2,0,3.1,0,-5.246053641968944,0.7542686428484098,0.0
0,18,20,5.3,400.0,400.0,10.0,1,100.0,0.10325407981872559,-1,1,22.0,2,2,0,3.1,0,-4.821049575378947,2.20169956891,0.0
0,2,4,5.3,400.0,400.0,10.0,1,100.0,0.10326910018920898,-1,1,22.0,1,2,0,3.1,0,2.865396332514667,4.4586437240052605,0.0
0,20,0,5.3,400.0,400.0,10.0,2,100.0,0.10327315330505371,-1,1,22.0,2,2,0,3.1,-1,-2.8653963325146705,4.458643724005258,0.0
0,19,21,5.3,400.0,400.0,10.0,-2,100.0,0.10342597961425781,-1,1,22.0,2,2,0,3.1,2,-4.005472744077568,3.470761889910012,0.0
0,14,16,5.3,400.0,400.0,10.0,-1,100.0,0.10343289375305176,-1,1,22.0,2,1,0,3.1,1,-4.005472744077568,-3.4707618899100114,0.0
0,1,3,5.3,400.0,400.0,10.0,0,100.0,0.10325193405151367,-1,1,22.0,2,2,0,3.1,-2,1.493182551259577,5.085312760156836,0.0
0,4,6,5.3,400.0,400.0,10.0,-1,100.0,0.10325002670288086,-1,1,22.0,1,1,0,3.1,0,4.821049575378947,2.201699568909998,0.0
0,7,9,5.3,400.0,400.0,10.0,2,100.0,0.10336089134216309,-1,1,22.0,1,1,0,3.1,0,4.8210495753789475,-2.2016995689099974,0.0
0,16,18,5.3,400.0,400.0,10.0,-1,100.0,0.10328507423400879,-1,1,22.0,1,2,0,3.1,0,-5.246053641968943,-0.7542686428484117,0.0
0,17,19,5.3,400.0,400.0,10.0,0,100.0,0.10304498672485352,-1,1,22.0,2,2,0,3.1,1,-5.246053641968944,0.7542686428484098,0.0
0,10,12,5.3,400.0,400.0,10.0,-2,100.0,0.10321807861328125,-1,1,22.0,2,2,0,3.1,2,1.4931825512595793,-5.085312760156835,0.0
0,0,2,5.3,400.0,400.0,10.0,-1,100.0,0.10326719284057617,-1,1,22.0,1,1,0,3.1,-2,0.0,5.3,0.0
0,16,18,5.3,400.0,400.0,10.0,0,100.0,0.10306501388549805,-1,1,22.0,1,2,0,3.1,0,-5.246053641968943,-0.7542686428484117,0.0
0,6,8,5.3,400.0,400.0,10.0,-2,100.0,0.1032860279083252,-1,1,22.0,2,1,0,3.1,1,5.246053641968944,-0.7542686428484106,0.0
0,12,14,5.3,400.0,400.0,10.0,2,100.0,0.1033010482788086,-1,1,22.0,1,1,0,3.1,0,-1.4931825512595758,-5.085312760156836,0.0
0,21,1,5.3,400.0,400.0,10.0,0,100.0,0.10329794883728027,-1,1,22.0,1,1,0,3.1,2,-1.4931825512595778,5.085312760156836,0.0
0,17,19,5.3,400.0,400.0,10.0,-2,100.0,0.10326004028320312,-1,1,22.0,2,2,0,3.1,1,-5.246053641968944,0.7542686428484098,0.0
0,4,6,5.3,400.0,400.0,10.0,0,100.0,0.10339903831481934,-1,1,22.0,1,1,0,3.1,1,4.821049575378947,2.201699568909998,0.0
0,19,21,5.3,400.0,400.0,10.0,0,100.0,0.10333895683288574,-1,1,22.0,1,1,0,3.1,-2,-4.005472744077568,3.470761889910012,0.0
0,10,12,5.3,400.0,400.0,10.0,0,100.0,0.10357379913330078,-1,1,22.0,1,1,0,3.1,1,1.4931825512595793,-5.085312760156835,0.0
0,14,16,5.3,400.0,400.0,10.0,-2,100.0,0.10465288162231445,-1,1,22.0,2,2,0,3.1,2,-4.005472744077568,-3.4707618899100114,0.0
0,5,7,5.3,400.0,400.0,10.0,2,100.0,0.10326099395751953,-1,1,22.0,2,1,0,3.1,2,5.246053641968943,0.7542686428484122,0.0
0,12,14,5.3,400.0,400.0,10.0,1,100.0,0.10326194763183594,-1,1,22.0,1,2,0,3.1,0,-1.4931825512595758,-5.085312760156836,0.0
0,1,3,5.3,400.0,400.0,10.0,0,100.0,0.1032710075378418,-1,1,22.0,2,2,0,3.1,1,1.493182551259577,5.085312760156836,0.0
0,8,10,5.3,400.0,400.0,10.0,0,100.0,0.10325503349304199,-1,1,22.0,1,1,0,3.1,2,4.005472744077569,-3.47076188991001,0.0
0,14,16,5.3,400.0,400.0,10.0,2,100.0,0.10310912132263184,-1,1,22.0,1,1,0,3.1,-1,-4.005472744077568,-3.4707618899100114,0.0
0,9,11,5.3,400.0,400.0,10.0,-2,100.0,0.10328388214111328,-1,1,22.0,1,1,0,3.1,2,2.8653963325146665,-4.4586437240052605,0.0
0,20,0,5.3,400.0,400.0,10.0,-2,100.0,0.10320806503295898,-1,1,22.0,1,2,0,3.1,1,-2.8653963325146705,4.458643724005258,0.0
0,8,10,5.3,400.0,400.0,10.0,2,100.0,0.10322189331054688,-1,1,22.0,2,1,0,3.1,2,4.005472744077569,-3.47076188991001,0.0
0,1,3,5.3,400.0,400.0,10.0,-1,100.0,0.10332584381103516,-1,1,22.0,2,2,0,3.1,0,1.493182551259577,5.085312760156836,0.0
0,10,12,5.3,400.0,400.0,10.0,0,100.0,0.10339713096618652,-1,1,22.0,2,2,0,3.1,-1,1.4931825512595793,-5.085312760156835,0.0
0,10,12,5.3,400.0,400.0,10.0,2,100.0,0.10326099395751953,-1,1,22.0,1,2,0,3.1,0,1.4931825512595793,-5.085312760156835,0.0
0,15,17,5.3,400.0,400.0,10.0,-2,100.0,0.1033620834350586,-1,1,22.0,2,2,0,3.1,1,-4.821049575378945,-2.201699568910002,0.0
0,20,0,5.3,400.0,400.0,10.0,-2,100.0,0.10334086418151855,-1,1,22.0,1,1,0,3.1,1,-2.8653963325146705,4.458643724005258,0.0
0,10,12,5.3,400.0,400.0,10.0,-2,100.0,0.10330700874328613,-1,1,22.0,1,1,0,3.1,-1,1.4931825512595793,-5.085312760156835,0.0
0,20,0,5.3,400.0,400.0,10.0,2,100.0,0.10330605506896973,-1,1,22.0,1,2,0,3.1,-1,-2.8653963325146705,4.458643724005258,0.0
0,2,4,5.3,400.0,400.0,10.0,0,100.0,0.10326313972473145,-1,1,22.0,1,2,0,3.1,2,2.865396332514667,4.4586437240052605,0.0
0,19,21,5.3,400.0,400.0,10.0,-2,100.0,0.10309386253356934,-1,1,22.0,1,2,0,3.1,-1,-4.005472744077568,3.470761889910012,0.0
0,13,15,5.3,400.0,400.0,10.0,1,100.0,0.10325479507446289,-1,1,22.0,2,1,0,3.1,-1,-2.865396332514667,-4.4586437240052605,0.0
0,18,20,5.3,400.0,400.0,10.0,0,100.0,0.10326409339904785,-1,1,22.0,2,2,0,3.1,2,-4.821049575378947,2.20169956891,0.0
0,1,3,5.3,400.0,400.0,10.0,-2,100.0,0.10318708419799805,-1,1,22.0,2,2,0,3.1,1,1.493182551259577,5.085312760156836,0.0
0,5,7,5.3,400.0,400.0,10.0,0,100.0,0.10325002670288086,-1,1,22.0,2,1,0,3.1,1,5.246053641968943,0.7542686428484122,0.0
0,7,9,5.3,400.0,400.0,10.0,-1,100.0,0.10326719284057617,-1,1,22.0,1,2,0,3.1,0,4.8210495753789475,-2.2016995689099974,0.0
0,20,0,5.3,400.0,400.0,10.0,-2,100.0,0.1032710075378418,-1,1,22.0,1,2,0,3.1,0,-2.8653963325146705,4.458643724005258,0.0
0,14,16,5.3,400.0,400.0,10.0,-1,100.0,0.10325002670288086,-1,1,22.0,2,1,0,3.1,-2,-4.005472744077568,-3.4707618899100114,0.0
0,18,20,5.3,400.0,400.0,10.0,0,100.0,0.10325503349304199,-1,1,22.0,2,2,0,3.1,1,-4.821049575378947,2.20169956891,0.0
0,5,7,5.3,400.0,400.0,10.0,-2,100.0,0.1032559871673584,-1,1,22.0,1,1,0,3.1,0,5.246053641968943,0.7542686428484122,0.0
0,3,5,5.3,400.0,400.0,10.0,0,100.0,0.10326194763183594,-1,1,22.0,1,2,0,3.1,-1,4.005472744077569,3.470761889910011,0.0
0,12,14,5.3,400.0,400.0,10.0,2,100.0,0.10333991050720215,-1,1,22.0,1,2,0,3.1,-1,-1.4931825512595758,-5.085312760156836,0.0
0,17,19,5.3,400.0,400.0,10.0,-1,100.0,0.10327005386352539,-1,1,22.0,2,2,0,3.1,-2,-5.246053641968944,0.7542686428484098,0.0
0,9,11,5.3,400.0,400.0,10.0,2,100.0,0.10324382781982422,-1,1,22.0,1,1,0,3.1,-2,2.8653963325146665,-4.4586437240052605,0.0
0,18,20,5.3,400.0,400.0,10.0,0,100.0,0.10326409339904785,-1,1,22.0,2,1,0,3.1,0,-4.821049575378947,2.20169956891,0.0
0,21,1,5.3,400.0,400.0,10.0,2,100.0,0.10324978828430176,-1,1,22.0,1,1,0,3.1,-2,-1.4931825512595778,5.085312760156836,0.0
0,14,16,5.3,400.0,400.0,10.0,-2,100.0,0.10327410697937012,-1,1,22.0,2,2,0,3.1,0,-4.005472744077568,-3.4707618899100114,0.0
0,9,11,5.3,400.0,400.0,10.0,0,100.0,0.10338401794433594,-1,1,22.0,1,1,0,3.1,-2,2.8653963325146665,-4.4586437240052605,0.0
0,6,8,5.3,400.0,400.0,10.0,0,100.0,0.10327005386352539,-1,1,22.0,1,1,0,3.1,-2,5.246053641968944,-0.7542686428484106,0.0
0,5,7,5.3,400.0,400.0,10.0,0,100.0,0.10315704345703125,-1,1,22.0,1,1,0,3.1,1,5.246053641968943,0.7542686428484122,0.0
0,1,3,5.3,400.0,400.0,10.0,2,100.0,0.103240966796875,-1,1,22.0,1,1,0,3.1,-2,1.493182551259577,5.085312760156836,0.0
0,19,21,5.3,400.0,400.0,10.0,-1,100.0,0.10326194763183594,-1,1,22.0,1,2,0,3.1,1,-4.005472744077568,3.470761889910012,0.0
0,13,15,5.3,400.0,400.0,10.0,1,100.0,0.10325384140014648,-1,1,22.0,1,2,0,3.1,0,-2.865396332514667,-4.4586437240052605,0.0
0,9,11,5.3,400.0,400.0,10.0,0,100.0,0.10331082344055176,-1,1,22.0,2,2,0,3.1,-2,2.8653963325146665,-4.4586437240052605,0.0
0,12,14,5.3,400.0,400.0,10.0,0,100.0,0.10331487655639648,-1,1,22.0,1,1,0,3.1,1,-1.4931825512595758,-5.085312760156836,0.0
0,4,6,5.3,400.0,400.0,10.0,0,100.0,0.10326313972473145,-1,1,22.0,1,1,0,3.1,2,4.821049575378947,2.201699568909998,0.0
0,20,0,5.3,400.0,400.0,10.0,1,100.0,0.1035311222076416,-1,1,22.0,2,2,0,3.1,-2,-2.8653963325146705,4.458643724005258,0.0
0,0,2,5.3,400.0,400.0,10.0,2,100.0,0.10326194763183594,-1,1,22.0,2,1,0,3.1,0,0.0,5.3,0.0
0,17,19,5.3,400.0,400.0,10.0,-2,100.0,0.10325312614440918,-1,1,22.0,2,2,0,3.1,-1,-5.246053641968944,0.7542686428484098,0.0
0,3,5,5.3,400.0,400.0,10.0,1,100.0,0.10321998596191406,-1,1,22.0,2,1,0,3.1,1,4.005472744077569,3.470761889910011,0.0
0,20,0,5.3,400.0,400.0,10.0,2,100.0,0.10327386856079102,-1,1,22.0,2,1,0,3.1,0,-2.8653963325146705,4.458643724005258,0.0
0,0,2,5.3,400.0,400.0,10.0,0,100.0,0.10327315330505371,-1,1,22.0,2,2,0,3.1,-1,0.0,5.3,0.0
0,14,16,5.3,400.0,400.0,10.0,-2,100.0,0.1032569408416748,-1,1,22.0,1,2,0,3.1,2,-4.005472744077568,-3.4707618899100114,0.0
0,2,4,5.3,400.0,400.0,10.0,-1,100.0,0.10325288772583008,-1,1,22.0,1,2,0,3.1,1,2.865396332514667,4.4586437240052605,0.0
0,7,9,5.3,400.0,400.0,10.0,-2,100.0,0.1033780574798584,-1,1,22.0,1,2,0,3.1,-2,4.8210495753789475,-2.2016995689099974,0.0
0,18,20,5.3,400.0,400.0,10.0,1,100.0,0.1032109260559082,-1,1,22.0,1,1,0,3.1,-1,-4.821049575378947,2.20169956891,0.0
0,15,17,5.3,400.0,400.0,10.0,2,100.0,0.10328412055969238,-1,1,22.0,1,1,0,3.1,-1,-4.821049575378945,-2.201699568910002,0.0
0,14,16,5.3,400.0,400.0,10.0,-2,100.0,0.10320401191711426,-1,1,22.0,2,1,0,3.1,2,-4.005472744077568,-3.4707618899100114,0.0
0,6,8,5.3,400.0,400.0,10.0,1,100.0,0.10325312614440918,-1,1,22.0,2,2,0,3.1,0,5.246053641968944,-0.7542686428484106,0.0
0,18,20,5.3,400.0,400.0,10.0,-2,100.0,0.10328102111816406,-1,1,22.0,1,2,0,3.1,0,-4.821049575378947,2.20169956891,0.0
0,6,8,5.3,400.0,400.0,10.0,2,100.0,0.10324406623840332,-1,1,22.0,2,2,0,3.1,0,5.246053641968944,-0.7542686428484106,0.0
0,10,12,5.3,400.0,400.0,10.0,1,100.0,0.10326313972473145,-1,1,22.0,2,1,0,3.1,0,1.4931825512595793,-5.085312760156835,0.0
0,10,12,5.3,400.0,400.0,10.0,-2,100.0,0.10309481620788574,-1,1,22.0,2,2,0,3.1,0,1.4931825512595793,-5.085312760156835,0.0
0,5,7,5.3,400.0,400.0,10.0,-1,100.0,0.10324311256408691,-1,1,22.0,1,2,0,3.1,2,5.246053641968943,0.7542686428484122,0.0
0,11,13,5.3,400.0,400.0,10.0,-1,100.0,0.10326099395751953,-1,1,22.0,1,2,0,3.1,0,6.490413675258599e-16,-5.3,0.0
0,10,12,5.3,400.0,400.0,10.0,0,100.0,0.10327720642089844,-1,1,22.0,1,2,0,3.1,-2,1.4931825512595793,-5.085312760156835,0.0
0,3,5,5.3,400.0,400.0,10.0,2,100.0,0.10326099395751953,-1,1,22.0,2,1,0,3.1,1,4.005472744077569,3.470761889910011,0.0
0,18,20,5.3,400.0,400.0,10.0,0,100.0,0.10325884819030762,-1,1,22.0,2,1,0,3.1,2,-4.821049575378947,2.20169956891,0.0
0,12,14,5.3,400.0,400.0,10.0,-2,100.0,0.1034088134765625,-1,1,22.0,2,1,0,3.1,0,-1.4931825512595758,-5.085312760156836,0.0
0,3,5,5.3,400.0,400.0,10.0,1,100.0,0.10324501991271973,-1,1,22.0,2,1,0,3.1,0,4.005472744077569,3.470761889910011,0.0
0,10,12,5.3,400.0,400.0,10.0,2,100.0,0.10328006744384766,-1,1,22.0,1,2,0,3.1,0,1.4931825512595793,-5.085312760156835,0.0
0,5,7,5.3,400.0,400.0,10.0,0,100.0,0.10336899757385254,-1,1,22.0,1,2,0,3.1,-2,5.246053641968943,0.7542686428484122,0.0
0,4,6,5.3,400.0,400.0,10.0,1,100.0,0.1032721996307373,-1,1,22.0,1,1,0,3.1,0,4.821049575378947,2.201699568909998,0.0
0,14,16,5.3,400.0,400.0,10.0,1,100.0,0.103240966796875,-1,1,22.0,2,2,0,3.1,0,-4.005472744077568,-3.4707618899100114,0.0
0,11,13,5.3,400.0,400.0,10.0,1,100.0,0.10353803634643555,-1,1,22.0,1,2,0,3.1,1,6.490413675258599e-16,-5.3,0.0
0,5,7,5.3,400.0,400.0,10.0,0,100.0,0.10307002067565918,-1,1,22.0,1,2,0,3.1,1,5.246053641968943,0.7542686428484122,0.0
0,14,16,5.3,400.0,400.0,10.0,1,100.0,0.10304021835327148,-1,1,22.0,1,1,0,3.1,0,-4.005472744077568,-3.4707618899100114,0.0
0,12,14,5.3,400.0,400.0,10.0,-1,100.0,0.10396385192871094,-1,1,22.0,1,2,0,3.1,-1,-1.4931825512595758,-5.085312760156836,0.0
0,9,11,5.3,400.0,400.0,10.0,1,100.0,0.10325479507446289,-1,1,22.0,1,2,0,3.1,2,2.8653963325146665,-4.4586437240052605,0.0
0,11,13,5.3,400.0,400.0,10.0,2,100.0,0.1041421890258789,-1,1,22.0,2,1,0,3.1,0,6.490413675258599e-16,-5.3,0.0
0,8,10,5.3,400.0,400.0,10.0,-1,100.0,0.1032860279083252,-1,1,22.0,1,1,0,3.1,1,4.005472744077569,-3.47076188991001,0.0
0,4,6,5.3,400.0,400.0,10.0,0,100.0,0.10306406021118164,-1,1,22.0,2,2,0,3.1,2,4.821049575378947,2.201699568909998,0.0
0,15,17,5.3,400.0,400.0,10.0,0,100.0,0.10321903228759766,-1,1,22.0,2,2,0,3.1,2,-4.821049575378945,-2.201699568910002,0.0
0,1,3,5.3,400.0,400.0,10.0,-2,100.0,0.10328817367553711,-1,1,22.0,2,1,0,3.1,-2,1.493182551259577,5.085312760156836,0.0
0,0,2,5.3,400.0,400.0,10.0,-1,100.0,0.10309910774230957,-1,1,22.0,2,2,0,3.1,1,0.0,5.3,0.0
0,14,16,5.3,400.0,400.0,10.0,2,100.0,0.10326886177062988,-1,1,22.0,2,1,0,3.1,2,-4.005472744077568,-3.4707618899100114,0.0
0,17,19,5.3,400.0,400.0,10.0,1,100.0,0.10326719284057617,-1,1,22.0,1,1,0,3.1,0,-5.246053641968944,0.7542686428484098,0.0
0,10,12,5.3,400.0,400.0,10.0,2,100.0,0.10328507423400879,-1,1,22.0,2,2,0,3.1,1,1.4931825512595793,-5.085312760156835,0.0
0,13,15,5.3,400.0,400.0,10.0,1,100.0,0.1032099723815918,-1,1,22.0,1,1,0,3.1,2,-2.865396332514667,-4.4586437240052605,0.0
0,20,0,5.3,400.0,400.0,10.0,2,100.0,0.10331606864929199,-1,1,22.0,2,1,0,3.1,-1,-2.8653963325146705,4.458643724005258,0.0
0,19,21,5.3,400.0,400.0,10.0,-2,100.0,0.10357904434204102,-1,1,22.0,2,1,0,3.1,1,-4.005472744077568,3.470761889910012,0.0
0,17,19,5.3,400.0,400.0,10.0,0,100.0,0.10309100151062012,-1,1,22.0,1,2,0,3.1,-1,-5.246053641968944,0.7542686428484098,0.0
0,12,14,5.3,400.0,400.0,10.0,-2,100.0,0.10327482223510742,-1,1,22.0,2,1,0,3.1,-1,-1.4931825512595758,-5.085312760156836,0.0
0,1,3,5.3,400.0,400.0,10.0,-2,100.0,0.10324811935424805,-1,1,22.0,2,1,0,3.1,0,1.493182551259577,5.085312760156836,0.0
0,9,11,5.3,400.0,400.0,10.0,-1,100.0,0.10310006141662598,-1,1,22.0,2,1,0,3.1,1,2.8653963325146665,-4.4586437240052605,0.0
0,15,17,5.3,400.0,400.0,10.0,-2,100.0,0.1032721996307373,-1,1,22.0,2,2,0,3.1,0,-4.821049575378945,-2.201699568910002,0.0
0,14,16,5.3,400.0,400.0,10.0,1,100.0,0.10320091247558594,-1,1,22.0,1,1,0,3.1,2,-4.005472744077568,-3.4707618899100114,0.0
0,8,10,5.3,400.0,400.0,10.0,-2,100.0,0.10341000556945801,-1,1,22.0,1,1,0,3.1,-1,4.005472744077569,-3.47076188991001,0.0
0,6,8,5.3,400.0,400.0,10.0,0,100.0,0.10343194007873535,-1,1,22.0,1,2,0,3.1,2,5.246053641968944,-0.7542686428484106,0.0
0,6,8,5.3,400.0,400.0,10.0,0,100.0,0.10324883460998535,-1,1,22.0,1,2,0,3.1,0,5.246053641968944,-0.7542686428484106,0.0
0,0,2,5.3,400.0,400.0,10.0,0,100.0,0.1033029556274414,-1,1,22.0,1,2,0,3.1,1,0.0,5.3,0.0
0,9,11,5.3,400.0,400.0,10.0,2,100.0,0.10323214530944824,-1,1,22.0,1,1,0,3.1,0,2.8653963325146665,-4.4586437240052605,0.0
0,12,14,5.3,400.0,400.0,10.0,-1,100.0,0.10327792167663574,-1,1,22.0,1,2,0,3.1,2,-1.4931825512595758,-5.085312760156836,0.0
0,16,18,5.3,400.0,400.0,10.0,2,100.0,0.1032559871673584,-1,1,22.0,1,2,0,3.1,0,-5.246053641968943,-0.7542686428484117,0.0
0,2,4,5.3,400.0,400.0,10.0,-1,100.0,0.10330986976623535,-1,1,22.0,2,1,0,3.1,1,2.865396332514667,4.4586437240052605,0.0
0,3,5,5.3,400.0,400.0,10.0,0,100.0,0.10349178314208984,-1,1,22.0,1,2,0,3.1,-1,4.005472744077569,3.470761889910011,0.0
0,6,8,5.3,400.0,400.0,10.0,0,100.0,0.10341811180114746,-1,1,22.0,2,1,0,3.1,0,5.246053641968944,-0.7542686428484106,0.0
0,3,5,5.3,400.0,400.0,10.0,1,100.0,0.10352301597595215,-1,1,22.0,1,1,0,3.1,-1,4.005472744077569,3.470761889910011,0.0
0,0,2,5.3,400.0,400.0,10.0,-1,100.0,0.10336685180664062,-1,1,22.0,2,1,0,3.1,1,0.0,5.3,0.0
0,9,11,5.3,400.0,400.0,10.0,1,100.0,0.103424072265625,-1,1,22.0,1,1,0,3.1,2,2.8653963325146665,-4.4586437240052605,0.0
0,11,13,5.3,400.0,400.0,10.0,0,100.0,0.1032710075378418,-1,1,22.0,2,2,0,3.1,1,6.490413675258599e-16,-5.3,0.0
0,15,17,5.3,400.0,400.0,10.0,-1,100.0,0.10327291488647461,-1,1,22.0,2,1,0,3.1,-1,-4.821049575378945,-2.201699568910002,0.0
0,10,12,5.3,400.0,400.0,10.0,2,100.0,0.10434198379516602,-1,1,22.0,2,2,0,3.1,-1,1.4931825512595793,-5.085312760156835,0.0
0,1,3,5.3,400.0,400.0,10.0,1,100.0,0.10326600074768066,-1,1,22.0,1,1,0,3.1,0,1.493182551259577,5.085312760156836,0.0
0,0,2,5.3,400.0,400.0,10.0,2,100.0,0.10325813293457031,-1,1,22.0,2,1,0,3.1,0,0.0,5.3,0.0
0,1,3,5.3,400.0,400.0,10.0,0,100.0,0.1033320426940918,-1,1,22.0,1,2,0,3.1,0,1.493182551259577,5.085312760156836,0.0
0,21,1,5.3,400.0,400.0,10.0,1,100.0,0.10327696800231934,-1,1,22.0,2,2,0,3.1,-1,-1.4931825512595778,5.085312760156836,0.0
0,14,16,5.3,400.0,400.0,10.0,-1,100.0,0.10326004028320312,-1,1,22.0,2,1,0,3.1,-1,-4.005472744077568,-3.4707618899100114,0.0
0,21,1,5.3,400.0,400.0,10.0,1,100.0,0.10325908660888672,-1,1,22.0,1,1,0,3.1,-1,-1.4931825512595778,5.085312760156836,0.0
0,11,13,5.3,400.0,400.0,10.0,2,100.0,0.10338187217712402,-1,1,22.0,1,2,0,3.1,2,6.490413675258599e-16,-5.3,0.0
0,17,19,5.3,400.0,400.0,10.0,0,100.0,0.10334491729736328,-1,1,22.0,2,2,0,3.1,-1,-5.246053641968944,0.7542686428484098,0.0
0,8,10,5.3,400.0,400.0,10.0,0,100.0,0.10334610939025879,-1,1,22.0,1,1,0,3.1,-1,4.005472744077569,-3.47076188991001,0.0
0,7,9,5.3,400.0,400.0,10.0,2,100.0,0.10309100151062012,-1,1,22.0,2,2,0,3.1,-1,4.8210495753789475,-2.2016995689099974,0.0
0,7,9,5.3,400.0,400.0,10.0,0,100.0,0.1033480167388916,-1,1,22.0,2,2,0,3.1,1,4.8210495753789475,-2.2016995689099974,0.0
0,9,11,5.3,400.0,400.0,10.0,1,100.0,0.10330891609191895,-1,1,22.0,2,2,0,3.1,-2,2.8653963325146665,-4.4586437240052605,0.0
0,0,2,5.3,400.0,400.0,10.0,-1,100.0,0.10325098037719727,-1,1,22.0,2,2,0,3.1,0,0.0,5.3,0.0
0,19,21,5.3,400.0,400.0,10.0,0,100.0,0.10306501388549805,-1,1,22.0,1,1,0,3.1,1,-4.005472744077568,3.470761889910012,0.0
0,9,11,5.3,400.0,400.0,10.0,-1,100.0,0.10336804389953613,-1,1,22.0,1,1,0,3.1,2,2.8653963325146665,-4.4586437240052605,0.0
0,5,7,5.3,400.0,400.0,10.0,-2,100.0,0.10327315330505371,-1,1,22.0,1,1,0,3.1,0,5.246053641968943,0.7542686428484122,0.0
0,13,15,5.3,400.0,400.0,10.0,2,100.0,0.10338401794433594,-1,1,22.0,1,2,0,3.1,0,-2.865396332514667,-4.4586437240052605,0.0
0,17,19,5.3,400.0,400.0,10.0,0,100.0,0.10335087776184082,-1,1,22.0,1,1,0,3.1,-2,-5.246053641968944,0.7542686428484098,0.0
0,8,10,5.3,400.0,400.0,10.0,2,100.0,0.10310602188110352,-1,1,22.0,2,2,0,3.1,-1,4.005472744077569,-3.47076188991001,0.0
0,1,3,5.3,400.0,400.0,10.0,2,100.0,0.1032721996307373,-1,1,22.0,1,1,0,3.1,0,1.493182551259577,5.085312760156836,0.0
0,10,12,5.3,400.0,400.0,10.0,0,100.0,0.1036381721496582,-1,1,22.0,2,1,0,3.1,1,1.4931825512595793,-5.085312760156835,0.0
0,12,14,5.3,400.0,400.0,10.0,0,100.0,0.10337305068969727,-1,1,22.0,2,2,0,3.1,2,-1.4931825512595758,-5.085312760156836,0.0
0,8,10,5.3,400.0,400.0,10.0,0,100.0,0.10328292846679688,-1,1,22.0,1,2,0,3.1,1,4.005472744077569,-3.47076188991001,0.0
0,15,17,5.3,400.0,400.0,10.0,1,100.0,0.10325407981872559,-1,1,22.0,2,1,0,3.1,0,-4.821049575378945,-2.201699568910002,0.0
0,20,0,5.3,400.0,400.0,10.0,1,100.0,0.10321998596191406,-1,1,22.0,1,1,0,3.1,-2,-2.8653963325146705,4.458643724005258,0.0
0,20,0,5.3,400.0,400.0,10.0,-2,100.0,0.10322904586791992,-1,1,22.0,2,2,0,3.1,1,-2.8653963325146705,4.458643724005258,0.0
0,6,8,5.3,400.0,400.0,10.0,0,100.0,0.10304403305053711,-1,1,22.0,2,1,0,3.1,-2,5.246053641968944,-0.7542686428484106,0.0
0,13,15,5.3,400.0,400.0,10.0,2,100.0,0.10326600074768066,-1,1,22.0,1,2,0,3.1,0,-2.865396332514667,-4.4586437240052605,0.0
0,12,14,5.3,400.0,400.0,10.0,0,100.0,0.10337495803833008,-1,1,22.0,2,1,0,3.1,-2,-1.4931825512595758,-5.085312760156836,0.0
0,2,4,5.3,400.0,400.0,10.0,0,100.0,0.10331296920776367,-1,1,22.0,1,1,0,3.1,2,2.865396332514667,4.4586437240052605,0.0
0,10,12,5.3,400.0,400.0,10.0,0,100.0,0.10334396362304688,-1,1,22.0,1,2,0,3.1,0,1.4931825512595793,-5.085312760156835,0.0
0,15,17,5.3,400.0,400.0,10.0,0,100.0,0.10398983955383301,-1,1,22.0,2,1,0,3.1,-1,-4.821049575378945,-2.201699568910002,0.0
0,5,7,5.3,400.0,400.0,10.0,1,100.0,0.10327792167663574,-1,1,22.0,2,1,0,3.1,2,5.246053641968943,0.7542686428484122,0.0
0,17,19,5.3,400.0,400.0,10.0,-2,100.0,0.10328102111816406,-1,1,22.0,2,1,0,3.1,0,-5.246053641968944,0.7542686428484098,0.0
0,8,10,5.3,400.0,400.0,10.0,0,100.0,0.1032719612121582,-1,1,22.0,2,1,0,3.1,1,4.005472744077569,-3.47076188991001,0.0
0,7,9,5.3,400.0,400.0,10.0,-1,100.0,0.10330390930175781,-1,1,22.0,2,1,0,3.1,2,4.8210495753789475,-2.2016995689099974,0.0
0,12,14,5.3,400.0,400.0,10.0,0,100.0,0.10332202911376953,-1,1,22.0,1,1,0,3.1,2,-1.4931825512595758,-5.085312760156836,0.0
0,1,3,5.3,400.0,400.0,10.0,-1,100.0,0.10325312614440918,-1,1,22.0,2,1,0,3.1,0,1.493182551259577,5.085312760156836,0.0
0,1,3,5.3,400.0,400.0,10.0,0,100.0,0.10327005386352539,-1,1,22.0,1,2,0,3.1,1,1.493182551259577,5.085312760156836,0.0
0,21,1,5.3,400.0,400.0,10.0,-1,100.0,0.10327005386352539,-1,1,22.0,1,2,0,3.1,-1,-1.4931825512595778,5.085312760156836,0.0
0,9,11,5.3,400.0,400.0,10.0,0,100.0,0.10310506820678711,-1,1,22.0,2,1,0,3.1,2,2.8653963325146665,-4.4586437240052605,0.0
0,6,8,5.3,400.0,400.0,10.0,-2,100.0,0.10328006744384766,-1,1,22.0,2,1,0,3.1,0,5.246053641968944,-0.7542686428484106,0.0
0,14,16,5.3,400.0,400.0,10.0,-2,100.0,0.10324501991271973,-1,1,22.0,1,1,0,3.1,0,-4.005472744077568,-3.4707618899100114,0.0
0,7,9,5.3,400.0,400.0,10.0,2,100.0,0.10325407981872559,-1,1,22.0,2,2,0,3.1,-1,4.8210495753789475,-2.2016995689099974,0.0
0,8,10,5.3,400.0,400.0,10.0,2,100.0,0.1032559871673584,-1,1,22.0,1,2,0,3.1,0,4.005472744077569,-3.47076188991001,0.0
0,20,0,5.3,400.0,400.0,10.0,-2,100.0,0.10333395004272461,-1,1,22.0,2,2,0,3.1,1,-2.8653963325146705,4.458643724005258,0.0
0,2,4,5.3,400.0,400.0,10.0,1,100.0,0.10378003120422363,-1,1,22.0,1,2,0,3.1,2,2.865396332514667,4.4586437240052605,0.0
0,10,12,5.3,400.0,400.0,10.0,0,100.0,0.10331082344055176,-1,1,22.0,1,1,0,3.1,-1,1.4931825512595793,-5.085312760156835,0.0
0,18,20,5.3,400.0,400.0,10.0,-1,100.0,0.10324788093566895,-1,1,22.0,1,1,0,3.1,0,-4.821049575378947,2.20169956891,0.0
0,7,9,5.3,400.0,400.0,10.0,2,100.0,0.10322380065917969,-1,1,22.0,2,1,0,3.1,0,4.8210495753789475,-2.2016995689099974,0.0
0,7,9,5.3,400.0,400.0,10.0,2,100.0,0.1033930778503418,-1,1,22.0,1,1,0,3.1,0,4.8210495753789475,-2.2016995689099974,0.0
0,19,21,5.3,400.0,400.0,10.0,-2,100.0,0.10388898849487305,-1,1,22.0,2,1,0,3.1,-1,-4.005472744077568,3.470761889910012,0.0
0,20,0,5.3,400.0,400.0,10.0,0,100.0,0.10329890251159668,-1,1,22.0,2,1,0,3.1,1,-2.8653963325146705,4.458643724005258,0.0
0,14,16,5.3,400.0,400.0,10.0,0,100.0,0.1032860279083252,-1,1,22.0,1,1,0,3.1,-2,-4.005472744077568,-3.4707618899100114,0.0
0,10,12,5.3,400.0,400.0,10.0,-2,100.0,0.10329794883728027,-1,1,22.0,2,2,0,3.1,2,1.4931825512595793,-5.085312760156835,0.0
0,19,21,5.3,400.0,400.0,10.0,2,100.0,0.10354280471801758,-1,1,22.0,2,1,0,3.1,1,-4.005472744077568,3.470761889910012,0.0
0,17,19,5.3,400.0,400.0,10.0,-2,100.0,0.1033170223236084,-1,1,22.0,2,1,0,3.1,-2,-5.246053641968944,0.7542686428484098,0.0
0,1,3,5.3,400.0,400.0,10.0,-1,100.0,0.1030421257019043,-1,1,22.0,2,1,0,3.1,0,1.493182551259577,5.085312760156836,0.0
0,10,12,5.3,400.0,400.0,10.0,-1,100.0,0.10330510139465332,-1,1,22.0,1,2,0,3.1,2,1.4931825512595793,-5.085312760156835,0.0
0,2,4,5.3,400.0,400.0,10.0,2,100.0,0.10327482223510742,-1,1,22.0,2,1,0,3.1,0,2.865396332514667,4.4586437240052605,0.0
0,16,18,5.3,400.0,400.0,10.0,1,100.0,0.10324406623840332,-1,1,22.0,2,2,0,3.1,-1,-5.246053641968943,-0.7542686428484117,0.0
0,17,19,5.3,400.0,400.0,10.0,0,100.0,0.10324811935424805,-1,1,22.0,1,1,0,3.1,2,-5.246053641968944,0.7542686428484098,0.0
0,13,15,5.3,400.0,400.0,10.0,0,100.0,0.10326719284057617,-1,1,22.0,1,2,0,3.1,2,-2.865396332514667,-4.4586437240052605,0.0
0,3,5,5.3,400.0,400.0,10.0,1,100.0,0.10320711135864258,-1,1,22.0,2,1,0,3.1,-2,4.005472744077569,3.470761889910011,0.0
0,19,21,5.3,400.0,400.0,10.0,-2,100.0,0.10306811332702637,-1,1,22.0,2,2,0,3.1,0,-4.005472744077568,3.470761889910012,0.0
0,6,8,5.3,400.0,400.0,10.0,0,100.0,0.1032719612121582,-1,1,22.0,2,1,0,3.1,0,5.246053641968944,-0.7542686428484106,0.0
0,11,13,5.3,400.0,400.0,10.0,1,100.0,0.10322189331054688,-1,1,22.0,1,1,0,3.1,0,6.490413675258599e-16,-5.3,0.0
0,11,13,5.3,400.0,400.0,10.0,1,100.0,0.10335087776184082,-1,1,22.0,1,1,0,3.1,0,6.490413675258599e-16,-5.3,0.0
0,13,15,5.3,400.0,400.0,10.0,0,100.0,0.10306215286254883,-1,1,22.0,2,2,0,3.1,1,-2.865396332514667,-4.4586437240052605,0.0
0,12,14,5.3,400.0,400.0,10.0,1,100.0,0.1030580997467041,-1,1,22.0,1,2,0,3.1,0,-1.4931825512595758,-5.085312760156836,0.0
0,16,18,5.3,400.0,400.0,10.0,-2,100.0,0.10326504707336426,-1,1,22.0,1,2,0,3.1,0,-5.246053641968943,-0.7542686428484117,0.0
0,0,2,5.3,400.0,400.0,10.0,-1,100.0,0.10325503349304199,-1,1,22.0,1,1,0,3.1,0,0.0,5.3,0.0
0,0,2,5.3,400.0,400.0,10.0,-1,100.0,0.10338807106018066,-1,1,22.0,1,2,0,3.1,2,0.0,5.3,0.0
0,21,1,5.3,400.0,400.0,10.0,-2,100.0,0.1032259464263916,-1,1,22.0,1,2,0,3.1,-1,-1.4931825512595778,5.085312760156836,0.0
0,5,7,5.3,400.0,400.0,10.0,-2,100.0,0.10326004028320312,-1,1,22.0,2,1,0,3.1,1,5.246053641968943,0.7542686428484122,0.0
0,10,12,5.3,400.0,400.0,10.0,2,100.0,0.10337090492248535,-1,1,22.0,1,1,0,3.1,-2,1.4931825512595793,-5.085312760156835,0.0
0,18,20,5.3,400.0,400.0,10.0,-1,100.0,0.10323405265808105,-1,1,22.0,2,1,0,3.1,-1,-4.821049575378947,2.20169956891,0.0
0,19,21,5.3,400.0,400.0,10.0,1,100.0,0.10322403907775879,-1,1,22.0,1,2,0,3.1,0,-4.005472744077568,3.470761889910012,0.0
0,20,0,5.3,400.0,400.0,10.0,0,100.0,0.10321593284606934,-1,1,22.0,1,2,0,3.1,-2,-2.8653963325146705,4.458643724005258,0.0
0,10,12,5.3,400.0,400.0,10.0,1,100.0,0.1030879020690918,-1,1,22.0,1,1,0,3.1,2,1.4931825512595793,-5.085312760156835,0.0
0,3,5,5.3,400.0,400.0,10.0,-2,100.0,0.10335302352905273,-1,1,22.0,2,2,0,3.1,2,4.005472744077569,3.470761889910011,0.0
0,1,3,5.3,400.0,400.0,10.0,-2,100.0,0.10398101806640625,-1,1,22.0,2,2,0,3.1,0,1.493182551259577,5.085312760156836,0.0
0,16,18,5.3,400.0,400.0,10.0,1,100.0,0.10326504707336426,-1,1,22.0,2,1,0,3.1,0,-5.246053641968943,-0.7542686428484117,0.0
0,5,7,5.3,400.0,400.0,10.0,1,100.0,0.10326385498046875,-1,1,22.0,1,2,0,3.1,2,5.246053641968943,0.7542686428484122,0.0
0,0,2,5.3,400.0,400.0,10.0,0,100.0,0.10326194763183594,-1,1,22.0,2,2,0,3.1,2,0.0,5.3,0.0
0,20,0,5.3,400.0,400.0,10.0,-1,100.0,0.10327506065368652,-1,1,22.0,2,1,0,3.1,-1,-2.8653963325146705,4.458643724005258,0.0
0,4,6,5.3,400.0,400.0,10.0,0,100.0,0.10320591926574707,-1,1,22.0,2,2,0,3.1,1,4.821049575378947,2.201699568909998,0.0
0,4,6,5.3,400.0,400.0,10.0,0,100.0,0.10326910018920898,-1,1,22.0,1,1,0,3.1,-1,4.821049575378947,2.201699568909998,0.0
0,4,6,5.3,400.0,400.0,10.0,1,100.0,0.10304594039916992,-1,1,22.0,2,1,0,3.1,1,4.821049575378947,2.201699568909998,0.0
0,16,18,5.3,400.0,400.0,10.0,-2,100.0,0.10309100151062012,-1,1,22.0,1,2,0,3.1,1,-5.246053641968943,-0.7542686428484117,0.0
0,18,20,5.3,400.0,400.0,10.0,-2,100.0,0.10326790809631348,-1,1,22.0,2,1,0,3.1,0,-4.821049575378947,2.20169956891,0.0
0,11,13,5.3,400.0,400.0,10.0,2,100.0,0.10326504707336426,-1,1,22.0,1,2,0,3.1,0,6.490413675258599e-16,-5.3,0.0
0,11,13,5.3,400.0,400.0,10.0,1,100.0,0.10318708419799805,-1,1,22.0,2,2,0,3.1,0,6.490413675258599e-16,-5.3,0.0
0,11,13,5.3,400.0,400.0,10.0,1,100.0,0.10306715965270996,-1,1,22.0,2,2,0,3.1,0,6.490413675258599e-16,-5.3,0.0
0,11,13,5.3,400.0,400.0,10.0,0,100.0,0.10326600074768066,-1,1,22.0,2,2,0,3.1,-1,6.490413675258599e-16,-5.3,0.0
0,10,12,5.3,400.0,400.0,10.0,2,100.0,0.10328197479248047,-1,1,22.0,2,2,0,3.1,0,1.4931825512595793,-5.085312760156835,0.0
0,4,6,5.3,400.0,400.0,10.0,-1,100.0,0.10337686538696289,-1,1,22.0,2,1,0,3.1,1,4.821049575378947,2.201699568909998,0.0
0,21,1,5.3,400.0,400.0,10.0,-2,100.0,0.10307598114013672,-1,1,22.0,2,1,0,3.1,-2,-1.4931825512595778,5.085312760156836,0.0
0,15,17,5.3,400.0,400.0,10.0,0,100.0,0.10326695442199707,-1,1,22.0,2,2,0,3.1,2,-4.821049575378945,-2.201699568910002,0.0
0,13,15,5.3,400.0,400.0,10.0,0,100.0,0.10326600074768066,-1,1,22.0,1,1,0,3.1,-2,-2.865396332514667,-4.4586437240052605,0.0
0,5,7,5.3,400.0,400.0,10.0,2,100.0,0.10327696800231934,-1,1,22.0,1,2,0,3.1,2,5.246053641968943,0.7542686428484122,0.0
0,14,16,5.3,400.0,400.0,10.0,0,100.0,0.10312914848327637,-1,1,22.0,2,2,0,3.1,-2,-4.005472744077568,-3.4707618899100114,0.0
0,4,6,5.3,400.0,400.0,10.0,1,100.0,0.10340404510498047,-1,1,22.0,2,2,0,3.1,-1,4.821049575378947,2.201699568909998,0.0
0,13,15,5.3,400.0,400.0,10.0,2,100.0,0.10324978828430176,-1,1,22.0,2,1,0,3.1,0,-2.865396332514667,-4.4586437240052605,0.0
0,1,3,5.3,400.0,400.0,10.0,0,100.0,0.10326480865478516,-1,1,22.0,2,1,0,3.1,-1,1.493182551259577,5.085312760156836,0.0
0,1,3,5.3,400.0,400.0,10.0,0,100.0,0.10324597358703613,-1,1,22.0,1,2,0,3.1,1,1.493182551259577,5.085312760156836,0.0
0,3,5,5.3,400.0,400.0,10.0,1,100.0,0.10329604148864746,-1,1,22.0,1,2,0,3.1,0,4.005472744077569,3.470761889910011,0.0
0,7,9,5.3,400.0,400.0,10.0,-1,100.0,0.10328292846679688,-1,1,22.0,1,2,0,3.1,-1,4.8210495753789475,-2.2016995689099974,0.0
0,3,5,5.3,400.0,400.0,10.0,0,100.0,0.1033928394317627,-1,1,22.0,1,1,0,3.1,2,4.005472744077569,3.470761889910011,0.0
0,16,18,5.3,400.0,400.0,10.0,0,100.0,0.10325908660888672,-1,1,22.0,1,1,0,3.1,2,-5.246053641968943,-0.7542686428484117,0.0
0,21,1,5.3,400.0,400.0,10.0,-2,100.0,0.10326600074768066,-1,1,22.0,2,2,0,3.1,0,-1.4931825512595778,5.085312760156836,0.0
0,19,21,5.3,400.0,400.0,10.0,-1,100.0,0.10323214530944824,-1,1,22.0,1,1,0,3.1,-2,-4.005472744077568,3.470761889910012,0.0
0,5,7,5.3,400.0,400.0,10.0,0,100.0,0.10327410697937012,-1,1,22.0,2,1,0,3.1,-2,5.246053641968943,0.7542686428484122,0.0
0,6,8,5.3,400.0,400.0,10.0,0,100.0,0.10348296165466309,-1,1,22.0,2,1,0,3.1,2,5.246053641968944,-0.7542686428484106,0.0
0,18,20,5.3,400.0,400.0,10.0,2,100.0,0.10330677032470703,-1,1,22.0,1,2,0,3.1,0,-4.821049575378947,2.20169956891,0.0
0,10,12,5.3,400.0,400.0,10.0,1,100.0,0.10310888290405273,-1,1,22.0,2,2,0,3.1,-1,1.4931825512595793,-5.085312760156835,0.0
0,7,9,5.3,400.0,400.0,10.0,-1,100.0,0.10330390930175781,-1,1,22.0,1,1,0,3.1,0,4.8210495753789475,-2.2016995689099974,0.0
0,11,13,5.3,400.0,400.0,10.0,2,100.0,0.1032400131225586,-1,1,22.0,1,2,0,3.1,1,6.490413675258599e-16,-5.3,0.0
0,9,11,5.3,400.0,400.0,10.0,-1,100.0,0.10325813293457031,-1,1,22.0,1,2,0,3.1,0,2.8653963325146665,-4.4586437240052605,0.0
0,9,11,5.3,400.0,400.0,10.0,1,100.0,0.10326600074768066,-1,1,22.0,1,2,0,3.1,1,2.8653963325146665,-4.4586437240052605,0.0
0,3,5,5.3,400.0,400.0,10.0,0,100.0,0.10330915451049805,-1,1,22.0,2,2,0,3.1,-2,4.005472744077569,3.470761889910011,0.0
0,13,15,5.3,400.0,400.0,10.0,-1,100.0,0.10326504707336426,-1,1,22.0,1,2,0,3.1,1,-2.865396332514667,-4.4586437240052605,0.0
0,17,19,5.3,400.0,400.0,10.0,1,100.0,0.10326910018920898,-1,1,22.0,2,2,0,3.1,-2,-5.246053641968944,0.7542686428484098,0.0
0,18,20,5.3,400.0,400.0,10.0,-2,100.0,0.10326910018920898,-1,1,22.0,1,1,0,3.1,-1,-4.821049575378947,2.20169956891,0.0
0,6,8,5.3,400.0,400.0,10.0,2,100.0,0.10325121879577637,-1,1,22.0,2,1,0,3.1,0,5.246053641968944,-0.7542686428484106,0.0
0,15,17,5.3,400.0,400.0,10.0,2,100.0,0.10335898399353027,-1,1,22.0,2,1,0,3.1,1,-4.821049575378945,-2.201699568910002,0.0
0,20,0,5.3,400.0,400.0,10.0,2,100.0,0.10326504707336426,-1,1,22.0,2,2,0,3.1,0,-2.8653963325146705,4.458643724005258,0.0
0,20,0,5.3,400.0,400.0,10.0,-1,100.0,0.10325288772583008,-1,1,22.0,1,2,0,3.1,-1,-2.8653963325146705,4.458643724005258,0.0
0,19,21,5.3,400.0,400.0,10.0,-2,100.0,0.10309600830078125,-1,1,22.0,1,1,0,3.1,1,-4.005472744077568,3.470761889910012,0.0
0,8,10,5.3,400.0,400.0,10.0,2,100.0,0.10325503349304199,-1,1,22.0,2,1,0,3.1,-1,4.005472744077569,-3.47076188991001,0.0
0,14,16,5.3,400.0,400.0,10.0,1,100.0,0.10327792167663574,-1,1,22.0,1,1,0,3.1,-2,-4.005472744077568,-3.4707618899100114,0.0
0,8,10,5.3,400.0,400.0,10.0,-1,100.0,0.10326886177062988,-1,1,22.0,2,1,0,3.1,-1,4.005472744077569,-3.47076188991001,0.0
0,1,3,5.3,400.0,400.0,10.0,1,100.0,0.10326719284057617,-1,1,22.0,1,2,0,3.1,-2,1.493182551259577,5.085312760156836,0.0
0,18,20,5.3,400.0,400.0,10.0,2,100.0,0.1032719612121582,-1,1,22.0,1,2,0,3.1,1,-4.821049575378947,2.20169956891,0.0
0,8,10,5.3,400.0,400.0,10.0,-2,100.0,0.10325908660888672,-1,1,22.0,1,2,0,3.1,-1,4.005472744077569,-3.47076188991001,0.0
0,19,21,5.3,400.0,400.0,10.0,1,100.0,0.10325789451599121,-1,1,22.0,1,1,0,3.1,0,-4.005472744077568,3.470761889910012,0.0
0,4,6,5.3,400.0,400.0,10.0,-2,100.0,0.10327601432800293,-1,1,22.0,2,1,0,3.1,1,4.821049575378947,2.201699568909998,0.0
0,21,1,5.3,400.0,400.0,10.0,1,100.0,0.10326790809631348,-1,1,22.0,1,1,0,3.1,2,-1.4931825512595778,5.085312760156836,0.0
0,21,1,5.3,400.0,400.0,10.0,0,100.0,0.10320305824279785,-1,1,22.0,2,2,0,3.1,-1,-1.4931825512595778,5.085312760156836,0.0
0,3,5,5.3,400.0,400.0,10.0,0,100.0,0.10327291488647461,-1,1,22.0,2,1,0,3.1,0,4.005472744077569,3.470761889910011,0.0
0,11,13,5.3,400.0,400.0,10.0,0,100.0,0.10331392288208008,-1,1,22.0,1,2,0,3.1,0,6.490413675258599e-16,-5.3,0.0
0,0,2,5.3,400.0,400.0,10.0,0,100.0,0.10326194763183594,-1,1,22.0,2,2,0,3.1,-1,0.0,5.3,0.0
0,8,10,5.3,400.0,400.0,10.0,0,100.0,0.10326099395751953,-1,1,22.0,2,1,0,3.1,0,4.005472744077569,-3.47076188991001,0.0
0,19,21,5.3,400.0,400.0,10.0,-1,100.0,0.10344600677490234,-1,1,22.0,2,1,0,3.1,0,-4.005472744077568,3.470761889910012,0.0
0,13,15,5.3,400.0,400.0,10.0,-1,100.0,0.10325908660888672,-1,1,22.0,2,1,0,3.1,0,-2.865396332514667,-4.4586437240052605,0.0
0,5,7,5.3,400.0,400.0,10.0,0,100.0,0.10322284698486328,-1,1,22.0,1,2,0,3.1,0,5.246053641968943,0.7542686428484122,0.0
0,16,18,5.3,400.0,400.0,10.0,1,100.0,0.10325407981872559,-1,1,22.0,2,2,0,3.1,-1,-5.246053641968943,-0.7542686428484117,0.0
0,7,9,5.3,400.0,400.0,10.0,0,100.0,0.10318589210510254,-1,1,22.0,1,2,0,3.1,-1,4.8210495753789475,-2.2016995689099974,0.0
0,0,2,5.3,400.0,400.0,10.0,-1,100.0,0.10319209098815918,-1,1,22.0,1,1,0,3.1,2,0.0,5.3,0.0
0,13,15,5.3,400.0,400.0,10.0,-1,100.0,0.1032719612121582,-1,1,22.0,1,2,0,3.1,0,-2.865396332514667,-4.4586437240052605,0.0
0,11,13,5.3,400.0,400.0,10.0,1,100.0,0.10335588455200195,-1,1,22.0,1,2,0,3.1,0,6.490413675258599e-16,-5.3,0.0
0,20,0,5.3,400.0,400.0,10.0,-1,100.0,0.10326790809631348,-1,1,22.0,2,1,0,3.1,-2,-2.8653963325146705,4.458643724005258,0.0
0,12,14,5.3,400.0,400.0,10.0,0,100.0,0.10329008102416992,-1,1,22.0,2,1,0,3.1,1,-1.4931825512595758,-5.085312760156836,0.0
0,9,11,5.3,400.0,400.0,10.0,2,100.0,0.10338592529296875,-1,1,22.0,1,1,0,3.1,-2,2.8653963325146665,-4.4586437240052605,0.0
0,8,10,5.3,400.0,400.0,10.0,-2,100.0,0.10335206985473633,-1,1,22.0,2,1,0,3.1,-1,4.005472744077569,-3.47076188991001,0.0
0,21,1,5.3,400.0,400.0,10.0,2,100.0,0.10326790809631348,-1,1,22.0,1,2,0,3.1,2,-1.4931825512595778,5.085312760156836,0.0
0,1,3,5.3,400.0,400.0,10.0,2,100.0,0.10326981544494629,-1,1,22.0,2,2,0,3.1,1,1.493182551259577,5.085312760156836,0.0
0,14,16,5.3,400.0,400.0,10.0,1,100.0,0.10327506065368652,-1,1,22.0,2,2,0,3.1,-1,-4.005472744077568,-3.4707618899100114,0.0
0,3,5,5.3,400.0,400.0,10.0,-2,100.0,0.10307788848876953,-1,1,22.0,1,1,0,3.1,2,4.005472744077569,3.470761889910011,0.0
0,4,6,5.3,400.0,400.0,10.0,2,100.0,0.10334610939025879,-1,1,22.0,2,1,0,3.1,-1,4.821049575378947,2.201699568909998,0.0
0,11,13,5.3,400.0,400.0,10.0,-2,100.0,0.10324382781982422,-1,1,22.0,2,2,0,3.1,0,6.490413675258599e-16,-5.3,0.0
0,13,15,5.3,400.0,400.0,10.0,0,100.0,0.10327291488647461,-1,1,22.0,2,1,0,3.1,0,-2.865396332514667,-4.4586437240052605,0.0
0,11,13,5.3,400.0,400.0,10.0,2,100.0,0.10321998596191406,-1,1,22.0,1,2,0,3.1,-2,6.490413675258599e-16,-5.3,0.0
0,8,10,5.3,400.0,400.0,10.0,1,100.0,0.10339498519897461,-1,1,22.0,2,2,0,3.1,0,4.005472744077569,-3.47076188991001,0.0
0,17,19,5.3,400.0,400.0,10.0,1,100.0,0.10306978225708008,-1,1,22.0,1,1,0,3.1,-1,-5.246053641968944,0.7542686428484098,0.0
0,3,5,5.3,400.0,400.0,10.0,-1,100.0,0.10326814651489258,-1,1,22.0,1,1,0,3.1,2,4.005472744077569,3.470761889910011,0.0
0,8,10,5.3,400.0,400.0,10.0,-1,100.0,0.10317492485046387,-1,1,22.0,1,2,0,3.1,2,4.005472744077569,-3.47076188991001,0.0
0,8,10,5.3,400.0,400.0,10.0,0,100.0,0.10327291488647461,-1,1,22.0,2,2,0,3.1,1,4.005472744077569,-3.47076188991001,0.0
0,0,2,5.3,400.0,400.0,10.0,-1,100.0,0.10326600074768066,-1,1,22.0,1,1,0,3.1,1,0.0,5.3,0.0
0,5,7,5.3,400.0,400.0,10.0,0,100.0,0.10358095169067383,-1,1,22.0,1,1,0,3.1,1,5.246053641968943,0.7542686428484122,0.0
0,0,2,5.3,400.0,400.0,10.0,-1,100.0,0.10309004783630371,-1,1,22.0,2,2,0,3.1,0,0.0,5.3,0.0
0,17,19,5.3,400.0,400.0,10.0,1,100.0,0.10343194007873535,-1,1,22.0,1,1,0,3.1,2,-5.246053641968944,0.7542686428484098,0.0
0,11,13,5.3,400.0,400.0,10.0,2,100.0,0.10326004028320312,-1,1,22.0,1,2,0,3.1,0,6.490413675258599e-16,-5.3,0.0
0,0,2,5.3,400.0,400.0,10.0,0,100.0,0.10326194763183594,-1,1,22.0,1,1,0,3.1,1,0.0,5.3,0.0
0,17,19,5.3,400.0,400.0,10.0,2,100.0,0.10327005386352539,-1,1,22.0,2,1,0,3.1,1,-5.246053641968944,0.7542686428484098,0.0
0,9,11,5.3,400.0,400.0,10.0,2,100.0,0.10326409339904785,-1,1,22.0,2,2,0,3.1,-1,2.8653963325146665,-4.4586437240052605,0.0
0,15,17,5.3,400.0,400.0,10.0,-1,100.0,0.10326480865478516,-1,1,22.0,2,2,0,3.1,0,-4.821049575378945,-2.201699568910002,0.0
0,3,5,5.3,400.0,400.0,10.0,0,100.0,0.1032111644744873,-1,1,22.0,1,2,0,3.1,0,4.005472744077569,3.470761889910011,0.0
0,15,17,5.3,400.0,400.0,10.0,0,100.0,0.10327506065368652,-1,1,22.0,2,1,0,3.1,0,-4.821049575378945,-2.201699568910002,0.0
0,13,15,5.3,400.0,400.0,10.0,-1,100.0,0.10327410697937012,-1,1,22.0,1,1,0,3.1,-2,-2.865396332514667,-4.4586437240052605,0.0
0,13,15,5.3,400.0,400.0,10.0,1,100.0,0.1032249927520752,-1,1,22.0,1,1,0,3.1,-2,-2.865396332514667,-4.4586437240052605,0.0
0,19,21,5.3,400.0,400.0,10.0,-2,100.0,0.10326504707336426,-1,1,22.0,2,1,0,3.1,0,-4.005472744077568,3.470761889910012,0.0
0,5,7,5.3,400.0,400.0,10.0,1,100.0,0.10324788093566895,-1,1,22.0,2,2,0,3.1,0,5.246053641968943,0.7542686428484122,0.0
0,1,3,5.3,400.0,400.0,10.0,1,100.0,0.10364317893981934,-1,1,22.0,2,1,0,3.1,-1,1.493182551259577,5.085312760156836,0.0
0,15,17,5.3,400.0,400.0,10.0,0,100.0,0.10326504707336426,-1,1,22.0,2,1,0,3.1,-2,-4.821049575378945,-2.201699568910002,0.0
0,11,13,5.3,400.0,400.0,10.0,-1,100.0,0.10333108901977539,-1,1,22.0,1,2,0,3.1,0,6.490413675258599e-16,-5.3,0.0
0,19,21,5.3,400.0,400.0,10.0,0,100.0,0.10326409339904785,-1,1,22.0,1,2,0,3.1,2,-4.005472744077568,3.470761889910012,0.0
0,18,20,5.3,400.0,400.0,10.0,1,100.0,0.10329508781433105,-1,1,22.0,2,2,0,3.1,-2,-4.821049575378947,2.20169956891,0.0
0,11,13,5.3,400.0,400.0,10.0,0,100.0,0.10306000709533691,-1,1,22.0,1,1,0,3.1,1,6.490413675258599e-16,-5.3,0.0
0,4,6,5.3,400.0,400.0,10.0,1,100.0,0.10321593284606934,-1,1,22.0,2,2,0,3.1,2,4.821049575378947,2.201699568909998,0.0
0,14,16,5.3,400.0,400.0,10.0,-1,100.0,0.10404014587402344,-1,1,22.0,2,1,0,3.1,-2,-4.005472744077568,-3.4707618899100114,0.0
0,9,11,5.3,400.0,400.0,10.0,1,100.0,0.1032259464263916,-1,1,22.0,1,1,0,3.1,0,2.8653963325146665,-4.4586437240052605,0.0
0,8,10,5.3,400.0,400.0,10.0,1,100.0,0.1032710075378418,-1,1,22.0,2,2,0,3.1,0,4.005472744077569,-3.47076188991001,0.0
0,11,13,5.3,400.0,400.0,10.0,0,100.0,0.10325980186462402,-1,1,22.0,1,2,0,3.1,-2,6.490413675258599e-16,-5.3,0.0
0,7,9,5.3,400.0,400.0,10.0,1,100.0,0.10325193405151367,-1,1,22.0,1,1,0,3.1,-2,4.8210495753789475,-2.2016995689099974,0.0
0,0,2,5.3,400.0,400.0,10.0,2,100.0,0.10326385498046875,-1,1,22.0,2,1,0,3.1,-2,0.0,5.3,0.0
