offset2,cue-loc-int,refi,radius,ntrials,ms-st-cue,npractice,resp-h-pos,ms-stimon,actualStimOn,version,bars-or-spot,nitems,resp-h-hv,resp-v-hv,offset,cue-length,resp-v-pos,cue-loc-x,cue-loc-y,ms-precue
0,13,15,5.3,400.0,400.0,10.0,1,100.0,0.1109778881072998,5,0,22.0,2,1,-10.5,3.1,-1,-2.865396332514667,-4.4586437240052605,0.0
0,17,19,5.3,400.0,400.0,10.0,-2,100.0,0.1115269660949707,5,0,22.0,2,1,-10.5,3.1,1,-5.246053641968944,0.7542686428484098,0.0
0,10,12,5.3,400.0,400.0,10.0,-1,100.0,0.11168098449707031,5,0,22.0,1,2,-10.5,3.1,-1,1.4931825512595793,-5.085312760156835,0.0
0,17,19,5.3,400.0,400.0,10.0,0,100.0,0.11235713958740234,5,0,22.0,2,1,-10.5,3.1,1,-5.246053641968944,0.7542686428484098,0.0
0,2,4,5.3,400.0,400.0,10.0,1,100.0,0.11263799667358398,5,0,22.0,1,1,-10.5,3.1,0,2.865396332514667,4.4586437240052605,0.0
0,4,6,5.3,400.0,400.0,10.0,0,100.0,0.11163902282714844,5,0,22.0,1,2,-10.5,3.1,0,4.821049575378947,2.201699568909998,0.0
0,19,21,5.3,400.0,400.0,10.0,0,100.0,0.11226892471313477,5,0,22.0,2,2,-10.5,3.1,2,-4.005472744077568,3.470761889910012,0.0
0,18,20,5.3,400.0,400.0,10.0,0,100.0,0.11159706115722656,5,0,22.0,1,1,-10.5,3.1,-1,-4.821049575378947,2.20169956891,0.0
0,10,12,5.3,400.0,400.0,10.0,2,100.0,0.11262106895446777,5,0,22.0,2,2,-10.5,3.1,0,1.4931825512595793,-5.085312760156835,0.0
0,13,15,5.3,400.0,400.0,10.0,1,100.0,0.11264991760253906,5,0,22.0,1,1,-10.5,3.1,2,-2.865396332514667,-4.4586437240052605,0.0
0,21,1,5.3,400.0,400.0,10.0,-1,100.0,0.11165809631347656,5,0,22.0,2,2,-10.5,3.1,0,-1.4931825512595778,5.085312760156836,0.0
0,16,18,5.3,400.0,400.0,10.0,2,100.0,0.11117100715637207,5,0,22.0,2,2,-10.5,3.1,0,-5.246053641968943,-0.7542686428484117,0.0
0,21,1,5.3,400.0,400.0,10.0,0,100.0,0.11194109916687012,5,0,22.0,2,1,-10.5,3.1,1,-1.4931825512595778,5.085312760156836,0.0
0,7,9,5.3,400.0,400.0,10.0,1,100.0,0.11251306533813477,5,0,22.0,1,2,-10.5,3.1,-2,4.8210495753789475,-2.2016995689099974,0.0
0,15,17,5.3,400.0,400.0,10.0,0,100.0,0.1112360954284668,5,0,22.0,2,2,-10.5,3.1,2,-4.821049575378945,-2.201699568910002,0.0
0,19,21,5.3,400.0,400.0,10.0,-1,100.0,0.11209511756896973,5,0,22.0,1,1,-10.5,3.1,1,-4.005472744077568,3.470761889910012,0.0
0,6,8,5.3,400.0,400.0,10.0,0,100.0,0.11179208755493164,5,0,22.0,2,2,-10.5,3.1,-2,5.246053641968944,-0.7542686428484106,0.0
0,14,16,5.3,400.0,400.0,10.0,-1,100.0,0.11102890968322754,5,0,22.0,2,1,-10.5,3.1,2,-4.005472744077568,-3.4707618899100114,0.0
0,11,13,5.3,400.0,400.0,10.0,-1,100.0,0.11217308044433594,5,0,22.0,1,2,-10.5,3.1,0,6.490628035480972e-16,-5.3,0.0
0,8,10,5.3,400.0,400.0,10.0,-1,100.0,0.11165690422058105,5,0,22.0,1,1,-10.5,3.1,0,4.005472744077569,-3.47076188991001,0.0
0,18,20,5.3,400.0,400.0,10.0,-1,100.0,0.11270689964294434,5,0,22.0,1,1,-10.5,3.1,0,-4.821049575378947,2.20169956891,0.0
0,6,8,5.3,400.0,400.0,10.0,0,100.0,0.11280322074890137,5,0,22.0,1,2,-10.5,3.1,0,5.246053641968944,-0.7542686428484106,0.0
0,10,12,5.3,400.0,400.0,10.0,-2,100.0,0.11264300346374512,5,0,22.0,2,2,-10.5,3.1,1,1.4931825512595793,-5.085312760156835,0.0
0,13,15,5.3,400.0,400.0,10.0,0,100.0,0.11275196075439453,5,0,22.0,1,1,-10.5,3.1,1,-2.865396332514667,-4.4586437240052605,0.0
0,11,13,5.3,400.0,400.0,10.0,-1,100.0,0.1116640567779541,5,0,22.0,2,2,-10.5,3.1,0,6.490628035480972e-16,-5.3,0.0
0,9,11,5.3,400.0,400.0,10.0,0,100.0,0.11232304573059082,5,0,22.0,1,2,-10.5,3.1,0,2.8653963325146665,-4.4586437240052605,0.0
0,4,6,5.3,400.0,400.0,10.0,0,100.0,0.11286306381225586,5,0,22.0,2,1,-10.5,3.1,1,4.821049575378947,2.201699568909998,0.0
0,2,4,5.3,400.0,400.0,10.0,-2,100.0,0.11265802383422852,5,0,22.0,1,2,-10.5,3.1,0,2.865396332514667,4.4586437240052605,0.0
0,3,5,5.3,400.0,400.0,10.0,0,100.0,0.1110391616821289,5,0,22.0,2,2,-10.5,3.1,-2,4.005472744077569,3.470761889910011,0.0
0,16,18,5.3,400.0,400.0,10.0,0,100.0,0.11190104484558105,5,0,22.0,1,1,-10.5,3.1,-2,-5.246053641968943,-0.7542686428484117,0.0
0,2,4,5.3,400.0,400.0,10.0,-2,100.0,0.11089682579040527,5,0,22.0,2,2,-10.5,3.1,0,2.865396332514667,4.4586437240052605,0.0
0,21,1,5.3,400.0,400.0,10.0,0,100.0,0.11199402809143066,5,0,22.0,1,1,-10.5,3.1,-2,-1.4931825512595778,5.085312760156836,0.0
0,17,19,5.3,400.0,400.0,10.0,-1,100.0,0.11101794242858887,5,0,22.0,1,2,-10.5,3.1,1,-5.246053641968944,0.7542686428484098,0.0
0,13,15,5.3,400.0,400.0,10.0,0,100.0,0.11085391044616699,5,0,22.0,2,1,-10.5,3.1,2,-2.865396332514667,-4.4586437240052605,0.0
0,11,13,5.3,400.0,400.0,10.0,0,100.0,0.11098885536193848,5,0,22.0,1,2,-10.5,3.1,0,6.490628035480972e-16,-5.3,0.0
0,10,12,5.3,400.0,400.0,10.0,0,100.0,0.11266899108886719,5,0,22.0,2,1,-10.5,3.1,2,1.4931825512595793,-5.085312760156835,0.0
0,13,15,5.3,400.0,400.0,10.0,-1,100.0,0.1126551628112793,5,0,22.0,2,1,-10.5,3.1,2,-2.865396332514667,-4.4586437240052605,0.0
0,8,10,5.3,400.0,400.0,10.0,-2,100.0,0.11233210563659668,5,0,22.0,2,2,-10.5,3.1,-1,4.005472744077569,-3.47076188991001,0.0
0,6,8,5.3,400.0,400.0,10.0,0,100.0,0.11265993118286133,5,0,22.0,1,2,-10.5,3.1,0,5.246053641968944,-0.7542686428484106,0.0
0,18,20,5.3,400.0,400.0,10.0,0,100.0,0.11269807815551758,5,0,22.0,2,1,-10.5,3.1,-1,-4.821049575378947,2.20169956891,0.0
0,12,14,5.3,400.0,400.0,10.0,0,100.0,0.11897802352905273,5,0,22.0,1,1,-10.5,3.1,2,-1.4931825512595758,-5.085312760156836,0.0
0,20,0,5.3,400.0,400.0,10.0,1,100.0,0.11217713356018066,5,0,22.0,1,2,-10.5,3.1,0,-2.8653963325146705,4.458643724005258,0.0
0,19,21,5.3,400.0,400.0,10.0,0,100.0,0.1115717887878418,5,0,22.0,2,2,-10.5,3.1,-2,-4.005472744077568,3.470761889910012,0.0
0,4,6,5.3,400.0,400.0,10.0,0,100.0,0.11099886894226074,5,0,22.0,1,1,-10.5,3.1,2,4.821049575378947,2.201699568909998,0.0
0,21,1,5.3,400.0,400.0,10.0,0,100.0,0.11163187026977539,5,0,22.0,1,2,-10.5,3.1,1,-1.4931825512595778,5.085312760156836,0.0
0,17,19,5.3,400.0,400.0,10.0,0,100.0,0.11215901374816895,5,0,22.0,1,2,-10.5,3.1,0,-5.246053641968944,0.7542686428484098,0.0
0,17,19,5.3,400.0,400.0,10.0,-1,100.0,0.11267590522766113,5,0,22.0,1,2,-10.5,3.1,0,-5.246053641968944,0.7542686428484098,0.0
0,12,14,5.3,400.0,400.0,10.0,0,100.0,0.11252999305725098,5,0,22.0,1,2,-10.5,3.1,1,-1.4931825512595758,-5.085312760156836,0.0
0,7,9,5.3,400.0,400.0,10.0,0,100.0,0.11274504661560059,5,0,22.0,2,2,-10.5,3.1,-2,4.8210495753789475,-2.2016995689099974,0.0
0,16,18,5.3,400.0,400.0,10.0,-2,100.0,0.11101508140563965,5,0,22.0,1,1,-10.5,3.1,-1,-5.246053641968943,-0.7542686428484117,0.0
0,3,5,5.3,400.0,400.0,10.0,2,100.0,0.11246585845947266,5,0,22.0,1,2,-10.5,3.1,0,4.005472744077569,3.470761889910011,0.0
0,16,18,5.3,400.0,400.0,10.0,0,100.0,0.11164307594299316,5,0,22.0,1,2,-10.5,3.1,-2,-5.246053641968943,-0.7542686428484117,0.0
0,15,17,5.3,400.0,400.0,10.0,-1,100.0,0.11221694946289062,5,0,22.0,1,2,-10.5,3.1,-1,-4.821049575378945,-2.201699568910002,0.0
0,2,4,5.3,400.0,400.0,10.0,1,100.0,0.11267209053039551,5,0,22.0,1,2,-10.5,3.1,0,2.865396332514667,4.4586437240052605,0.0
0,5,7,5.3,400.0,400.0,10.0,1,100.0,0.11265301704406738,5,0,22.0,1,2,-10.5,3.1,1,5.246053641968943,0.7542686428484122,0.0
0,9,11,5.3,400.0,400.0,10.0,-1,100.0,0.11213397979736328,5,0,22.0,1,1,-10.5,3.1,0,2.8653963325146665,-4.4586437240052605,0.0
0,1,3,5.3,400.0,400.0,10.0,-2,100.0,0.11214900016784668,5,0,22.0,1,1,-10.5,3.1,0,1.493182551259577,5.085312760156836,0.0
0,18,20,5.3,400.0,400.0,10.0,-2,100.0,0.11238884925842285,5,0,22.0,2,2,-10.5,3.1,0,-4.821049575378947,2.20169956891,0.0
0,20,0,5.3,400.0,400.0,10.0,1,100.0,0.11167716979980469,5,0,22.0,1,1,-10.5,3.1,0,-2.8653963325146705,4.458643724005258,0.0
0,7,9,5.3,400.0,400.0,10.0,-2,100.0,0.11104488372802734,5,0,22.0,2,2,-10.5,3.1,0,4.8210495753789475,-2.2016995689099974,0.0
0,18,20,5.3,400.0,400.0,10.0,2,100.0,0.11283683776855469,5,0,22.0,1,1,-10.5,3.1,-1,-4.821049575378947,2.20169956891,0.0
0,10,12,5.3,400.0,400.0,10.0,-2,100.0,0.11276102066040039,5,0,22.0,1,1,-10.5,3.1,1,1.4931825512595793,-5.085312760156835,0.0
0,15,17,5.3,400.0,400.0,10.0,1,100.0,0.11267209053039551,5,0,22.0,1,2,-10.5,3.1,2,-4.821049575378945,-2.201699568910002,0.0
0,9,11,5.3,400.0,400.0,10.0,1,100.0,0.11274290084838867,5,0,22.0,2,1,-10.5,3.1,-2,2.8653963325146665,-4.4586437240052605,0.0
0,4,6,5.3,400.0,400.0,10.0,1,100.0,0.11240601539611816,5,0,22.0,2,2,-10.5,3.1,0,4.821049575378947,2.201699568909998,0.0
0,13,15,5.3,400.0,400.0,10.0,1,100.0,0.1110219955444336,5,0,22.0,1,1,-10.5,3.1,2,-2.865396332514667,-4.4586437240052605,0.0
0,19,21,5.3,400.0,400.0,10.0,-2,100.0,0.11101508140563965,5,0,22.0,2,2,-10.5,3.1,1,-4.005472744077568,3.470761889910012,0.0
0,11,13,5.3,400.0,400.0,10.0,1,100.0,0.1127481460571289,5,0,22.0,2,1,-10.5,3.1,0,6.490628035480972e-16,-5.3,0.0
0,16,18,5.3,400.0,400.0,10.0,-2,100.0,0.11136603355407715,5,0,22.0,2,1,-10.5,3.1,1,-5.246053641968943,-0.7542686428484117,0.0
0,15,17,5.3,400.0,400.0,10.0,-1,100.0,0.11273789405822754,5,0,22.0,2,2,-10.5,3.1,-2,-4.821049575378945,-2.201699568910002,0.0
0,18,20,5.3,400.0,400.0,10.0,-2,100.0,0.11208796501159668,5,0,22.0,1,2,-10.5,3.1,0,-4.821049575378947,2.20169956891,0.0
0,10,12,5.3,400.0,400.0,10.0,-2,100.0,0.11197090148925781,5,0,22.0,2,2,-10.5,3.1,2,1.4931825512595793,-5.085312760156835,0.0
0,10,12,5.3,400.0,400.0,10.0,0,100.0,0.11191391944885254,5,0,22.0,1,1,-10.5,3.1,-1,1.4931825512595793,-5.085312760156835,0.0
0,19,21,5.3,400.0,400.0,10.0,-1,100.0,0.11365795135498047,5,0,22.0,2,1,-10.5,3.1,-2,-4.005472744077568,3.470761889910012,0.0
0,20,0,5.3,400.0,400.0,10.0,-2,100.0,0.1110379695892334,5,0,22.0,2,2,-10.5,3.1,-1,-2.8653963325146705,4.458643724005258,0.0
0,14,16,5.3,400.0,400.0,10.0,1,100.0,0.11199808120727539,5,0,22.0,2,2,-10.5,3.1,-1,-4.005472744077568,-3.4707618899100114,0.0
0,7,9,5.3,400.0,400.0,10.0,1,100.0,0.11270618438720703,5,0,22.0,2,1,-10.5,3.1,1,4.8210495753789475,-2.2016995689099974,0.0
0,12,14,5.3,400.0,400.0,10.0,-1,100.0,0.11269116401672363,5,0,22.0,1,2,-10.5,3.1,2,-1.4931825512595758,-5.085312760156836,0.0
0,11,13,5.3,400.0,400.0,10.0,-1,100.0,0.11248302459716797,5,0,22.0,2,1,-10.5,3.1,1,6.490628035480972e-16,-5.3,0.0
0,3,5,5.3,400.0,400.0,10.0,2,100.0,0.11160016059875488,5,0,22.0,2,1,-10.5,3.1,0,4.005472744077569,3.470761889910011,0.0
0,4,6,5.3,400.0,400.0,10.0,0,100.0,0.11212897300720215,5,0,22.0,2,1,-10.5,3.1,1,4.821049575378947,2.201699568909998,0.0
0,0,2,5.3,400.0,400.0,10.0,-2,100.0,0.11191701889038086,5,0,22.0,1,2,-10.5,3.1,2,0.0,5.3,0.0
0,14,16,5.3,400.0,400.0,10.0,0,100.0,0.11267709732055664,5,0,22.0,2,2,-10.5,3.1,1,-4.005472744077568,-3.4707618899100114,0.0
0,19,21,5.3,400.0,400.0,10.0,1,100.0,0.11105608940124512,5,0,22.0,2,1,-10.5,3.1,-2,-4.005472744077568,3.470761889910012,0.0
0,7,9,5.3,400.0,400.0,10.0,0,100.0,0.11233091354370117,5,0,22.0,1,2,-10.5,3.1,0,4.8210495753789475,-2.2016995689099974,0.0
0,18,20,5.3,400.0,400.0,10.0,2,100.0,0.11273598670959473,5,0,22.0,1,1,-10.5,3.1,1,-4.821049575378947,2.20169956891,0.0
0,13,15,5.3,400.0,400.0,10.0,-2,100.0,0.1110219955444336,5,0,22.0,2,2,-10.5,3.1,-1,-2.865396332514667,-4.4586437240052605,0.0
0,15,17,5.3,400.0,400.0,10.0,-2,100.0,0.11277008056640625,5,0,22.0,1,2,-10.5,3.1,0,-4.821049575378945,-2.201699568910002,0.0
0,5,7,5.3,400.0,400.0,10.0,0,100.0,0.11282587051391602,5,0,22.0,2,1,-10.5,3.1,0,5.246053641968943,0.7542686428484122,0.0
0,8,10,5.3,400.0,400.0,10.0,-1,100.0,0.1116340160369873,5,0,22.0,1,1,-10.5,3.1,0,4.005472744077569,-3.47076188991001,0.0
0,4,6,5.3,400.0,400.0,10.0,0,100.0,0.11201000213623047,5,0,22.0,2,2,-10.5,3.1,2,4.821049575378947,2.201699568909998,0.0
0,9,11,5.3,400.0,400.0,10.0,1,100.0,0.11229991912841797,5,0,22.0,2,2,-10.5,3.1,0,2.8653963325146665,-4.4586437240052605,0.0
0,14,16,5.3,400.0,400.0,10.0,-2,100.0,0.11465978622436523,5,0,22.0,2,2,-10.5,3.1,2,-4.005472744077568,-3.4707618899100114,0.0
0,5,7,5.3,400.0,400.0,10.0,0,100.0,0.11205315589904785,5,0,22.0,1,1,-10.5,3.1,-2,5.246053641968943,0.7542686428484122,0.0
0,15,17,5.3,400.0,400.0,10.0,0,100.0,0.11286401748657227,5,0,22.0,2,1,-10.5,3.1,-1,-4.821049575378945,-2.201699568910002,0.0
0,15,17,5.3,400.0,400.0,10.0,1,100.0,0.11215901374816895,5,0,22.0,1,1,-10.5,3.1,0,-4.821049575378945,-2.201699568910002,0.0
0,3,5,5.3,400.0,400.0,10.0,1,100.0,0.11195588111877441,5,0,22.0,1,2,-10.5,3.1,0,4.005472744077569,3.470761889910011,0.0
0,8,10,5.3,400.0,400.0,10.0,-2,100.0,0.11173415184020996,5,0,22.0,2,1,-10.5,3.1,0,4.005472744077569,-3.47076188991001,0.0
0,17,19,5.3,400.0,400.0,10.0,2,100.0,0.11098694801330566,5,0,22.0,1,2,-10.5,3.1,0,-5.246053641968944,0.7542686428484098,0.0
0,16,18,5.3,400.0,400.0,10.0,0,100.0,0.11157107353210449,5,0,22.0,1,2,-10.5,3.1,0,-5.246053641968943,-0.7542686428484117,0.0
0,7,9,5.3,400.0,400.0,10.0,2,100.0,0.11262989044189453,5,0,22.0,2,2,-10.5,3.1,0,4.8210495753789475,-2.2016995689099974,0.0
0,21,1,5.3,400.0,400.0,10.0,1,100.0,0.11102485656738281,5,0,22.0,1,1,-10.5,3.1,-1,-1.4931825512595778,5.085312760156836,0.0
0,17,19,5.3,400.0,400.0,10.0,0,100.0,0.11245989799499512,5,0,22.0,1,1,-10.5,3.1,1,-5.246053641968944,0.7542686428484098,0.0
0,16,18,5.3,400.0,400.0,10.0,-2,100.0,0.11168289184570312,5,0,22.0,2,2,-10.5,3.1,0,-5.246053641968943,-0.7542686428484117,0.0
0,4,6,5.3,400.0,400.0,10.0,1,100.0,0.1116950511932373,5,0,22.0,1,2,-10.5,3.1,0,4.821049575378947,2.201699568909998,0.0
0,7,9,5.3,400.0,400.0,10.0,1,100.0,0.11116409301757812,5,0,22.0,2,2,-10.5,3.1,0,4.8210495753789475,-2.2016995689099974,0.0
0,0,2,5.3,400.0,400.0,10.0,-2,100.0,0.11203718185424805,5,0,22.0,2,2,-10.5,3.1,0,0.0,5.3,0.0
0,13,15,5.3,400.0,400.0,10.0,1,100.0,0.11168384552001953,5,0,22.0,2,1,-10.5,3.1,0,-2.865396332514667,-4.4586437240052605,0.0
0,3,5,5.3,400.0,400.0,10.0,0,100.0,0.11167001724243164,5,0,22.0,2,1,-10.5,3.1,1,4.005472744077569,3.470761889910011,0.0
0,0,2,5.3,400.0,400.0,10.0,1,100.0,0.11100387573242188,5,0,22.0,2,1,-10.5,3.1,-1,0.0,5.3,0.0
0,18,20,5.3,400.0,400.0,10.0,-2,100.0,0.11170792579650879,5,0,22.0,1,1,-10.5,3.1,-1,-4.821049575378947,2.20169956891,0.0
0,1,3,5.3,400.0,400.0,10.0,2,100.0,0.11171197891235352,5,0,22.0,1,1,-10.5,3.1,1,1.493182551259577,5.085312760156836,0.0
0,1,3,5.3,400.0,400.0,10.0,2,100.0,0.11243104934692383,5,0,22.0,1,2,-10.5,3.1,0,1.493182551259577,5.085312760156836,0.0
0,10,12,5.3,400.0,400.0,10.0,0,100.0,0.11271095275878906,5,0,22.0,1,2,-10.5,3.1,0,1.4931825512595793,-5.085312760156835,0.0
0,9,11,5.3,400.0,400.0,10.0,0,100.0,0.11115002632141113,5,0,22.0,2,1,-10.5,3.1,0,2.8653963325146665,-4.4586437240052605,0.0
0,21,1,5.3,400.0,400.0,10.0,0,100.0,0.1124429702758789,5,0,22.0,1,2,-10.5,3.1,-2,-1.4931825512595778,5.085312760156836,0.0
0,0,2,5.3,400.0,400.0,10.0,2,100.0,0.1123189926147461,5,0,22.0,1,2,-10.5,3.1,2,0.0,5.3,0.0
0,15,17,5.3,400.0,400.0,10.0,-1,100.0,0.11175990104675293,5,0,22.0,1,2,-10.5,3.1,1,-4.821049575378945,-2.201699568910002,0.0
0,4,6,5.3,400.0,400.0,10.0,1,100.0,0.1119987964630127,5,0,22.0,2,1,-10.5,3.1,2,4.821049575378947,2.201699568909998,0.0
0,4,6,5.3,400.0,400.0,10.0,-2,100.0,0.11220097541809082,5,0,22.0,1,2,-10.5,3.1,0,4.821049575378947,2.201699568909998,0.0
0,18,20,5.3,400.0,400.0,10.0,-2,100.0,0.11209297180175781,5,0,22.0,1,2,-10.5,3.1,-1,-4.821049575378947,2.20169956891,0.0
0,3,5,5.3,400.0,400.0,10.0,-2,100.0,0.1108558177947998,5,0,22.0,2,2,-10.5,3.1,0,4.005472744077569,3.470761889910011,0.0
0,7,9,5.3,400.0,400.0,10.0,2,100.0,0.11207699775695801,5,0,22.0,2,2,-10.5,3.1,1,4.8210495753789475,-2.2016995689099974,0.0
0,4,6,5.3,400.0,400.0,10.0,0,100.0,0.11149787902832031,5,0,22.0,2,1,-10.5,3.1,1,4.821049575378947,2.201699568909998,0.0
0,5,7,5.3,400.0,400.0,10.0,-1,100.0,0.11222195625305176,5,0,22.0,1,2,-10.5,3.1,0,5.246053641968943,0.7542686428484122,0.0
0,10,12,5.3,400.0,400.0,10.0,2,100.0,0.11264300346374512,5,0,22.0,2,2,-10.5,3.1,0,1.4931825512595793,-5.085312760156835,0.0
0,15,17,5.3,400.0,400.0,10.0,-2,100.0,0.11263799667358398,5,0,22.0,2,2,-10.5,3.1,0,-4.821049575378945,-2.201699568910002,0.0
0,9,11,5.3,400.0,400.0,10.0,-2,100.0,0.11175298690795898,5,0,22.0,1,2,-10.5,3.1,0,2.8653963325146665,-4.4586437240052605,0.0
0,0,2,5.3,400.0,400.0,10.0,-1,100.0,0.11245417594909668,5,0,22.0,2,1,-10.5,3.1,-1,0.0,5.3,0.0
0,1,3,5.3,400.0,400.0,10.0,1,100.0,0.11080312728881836,5,0,22.0,1,2,-10.5,3.1,0,1.493182551259577,5.085312760156836,0.0
0,20,0,5.3,400.0,400.0,10.0,0,100.0,0.11092805862426758,5,0,22.0,1,2,-10.5,3.1,0,-2.8653963325146705,4.458643724005258,0.0
0,19,21,5.3,400.0,400.0,10.0,-1,100.0,0.11215901374816895,5,0,22.0,2,2,-10.5,3.1,1,-4.005472744077568,3.470761889910012,0.0
0,4,6,5.3,400.0,400.0,10.0,1,100.0,0.1115570068359375,5,0,22.0,2,1,-10.5,3.1,0,4.821049575378947,2.201699568909998,0.0
0,17,19,5.3,400.0,400.0,10.0,2,100.0,0.11103105545043945,5,0,22.0,1,2,-10.5,3.1,2,-5.246053641968944,0.7542686428484098,0.0
0,21,1,5.3,400.0,400.0,10.0,2,100.0,0.11096811294555664,5,0,22.0,1,2,-10.5,3.1,0,-1.4931825512595778,5.085312760156836,0.0
0,16,18,5.3,400.0,400.0,10.0,0,100.0,0.11098003387451172,5,0,22.0,1,2,-10.5,3.1,0,-5.246053641968943,-0.7542686428484117,0.0
0,14,16,5.3,400.0,400.0,10.0,0,100.0,0.11171698570251465,5,0,22.0,1,2,-10.5,3.1,0,-4.005472744077568,-3.4707618899100114,0.0
0,20,0,5.3,400.0,400.0,10.0,-1,100.0,0.11278581619262695,5,0,22.0,2,1,-10.5,3.1,0,-2.8653963325146705,4.458643724005258,0.0
0,17,19,5.3,400.0,400.0,10.0,-1,100.0,0.11170196533203125,5,0,22.0,2,1,-10.5,3.1,-1,-5.246053641968944,0.7542686428484098,0.0
0,4,6,5.3,400.0,400.0,10.0,0,100.0,0.11157989501953125,5,0,22.0,2,1,-10.5,3.1,2,4.821049575378947,2.201699568909998,0.0
0,18,20,5.3,400.0,400.0,10.0,-2,100.0,0.11094284057617188,5,0,22.0,1,1,-10.5,3.1,0,-4.821049575378947,2.20169956891,0.0
0,4,6,5.3,400.0,400.0,10.0,-1,100.0,0.11096000671386719,5,0,22.0,1,1,-10.5,3.1,0,4.821049575378947,2.201699568909998,0.0
0,4,6,5.3,400.0,400.0,10.0,-2,100.0,0.11206507682800293,5,0,22.0,1,2,-10.5,3.1,0,4.821049575378947,2.201699568909998,0.0
0,0,2,5.3,400.0,400.0,10.0,-2,100.0,0.11260986328125,5,0,22.0,1,2,-10.5,3.1,1,0.0,5.3,0.0
0,12,14,5.3,400.0,400.0,10.0,-2,100.0,0.1120610237121582,5,0,22.0,2,1,-10.5,3.1,1,-1.4931825512595758,-5.085312760156836,0.0
0,10,12,5.3,400.0,400.0,10.0,0,100.0,0.11235594749450684,5,0,22.0,1,2,-10.5,3.1,-2,1.4931825512595793,-5.085312760156835,0.0
0,15,17,5.3,400.0,400.0,10.0,-2,100.0,0.11237287521362305,5,0,22.0,1,2,-10.5,3.1,-2,-4.821049575378945,-2.201699568910002,0.0
0,9,11,5.3,400.0,400.0,10.0,-2,100.0,0.11105489730834961,5,0,22.0,2,2,-10.5,3.1,2,2.8653963325146665,-4.4586437240052605,0.0
0,10,12,5.3,400.0,400.0,10.0,0,100.0,0.11096787452697754,5,0,22.0,1,1,-10.5,3.1,-1,1.4931825512595793,-5.085312760156835,0.0
0,21,1,5.3,400.0,400.0,10.0,1,100.0,0.11220598220825195,5,0,22.0,1,2,-10.5,3.1,0,-1.4931825512595778,5.085312760156836,0.0
0,16,18,5.3,400.0,400.0,10.0,-2,100.0,0.11197710037231445,5,0,22.0,1,1,-10.5,3.1,-1,-5.246053641968943,-0.7542686428484117,0.0
0,2,4,5.3,400.0,400.0,10.0,0,100.0,0.1116018295288086,5,0,22.0,1,2,-10.5,3.1,1,2.865396332514667,4.4586437240052605,0.0
0,11,13,5.3,400.0,400.0,10.0,-1,100.0,0.11330819129943848,5,0,22.0,2,2,-10.5,3.1,1,6.490628035480972e-16,-5.3,0.0
0,17,19,5.3,400.0,400.0,10.0,0,100.0,0.11097002029418945,5,0,22.0,1,2,-10.5,3.1,0,-5.246053641968944,0.7542686428484098,0.0
0,15,17,5.3,400.0,400.0,10.0,0,100.0,0.1116018295288086,5,0,22.0,2,1,-10.5,3.1,0,-4.821049575378945,-2.201699568910002,0.0
0,7,9,5.3,400.0,400.0,10.0,0,100.0,0.1127479076385498,5,0,22.0,2,1,-10.5,3.1,0,4.8210495753789475,-2.2016995689099974,0.0
0,0,2,5.3,400.0,400.0,10.0,0,100.0,0.11101198196411133,5,0,22.0,1,2,-10.5,3.1,0,0.0,5.3,0.0
0,6,8,5.3,400.0,400.0,10.0,0,100.0,0.11170601844787598,5,0,22.0,1,2,-10.5,3.1,-1,5.246053641968944,-0.7542686428484106,0.0
0,17,19,5.3,400.0,400.0,10.0,0,100.0,0.11237192153930664,5,0,22.0,2,2,-10.5,3.1,-2,-5.246053641968944,0.7542686428484098,0.0
0,17,19,5.3,400.0,400.0,10.0,-1,100.0,0.11272311210632324,5,0,22.0,1,2,-10.5,3.1,-2,-5.246053641968944,0.7542686428484098,0.0
0,6,8,5.3,400.0,400.0,10.0,0,100.0,0.11168599128723145,5,0,22.0,1,2,-10.5,3.1,1,5.246053641968944,-0.7542686428484106,0.0
0,8,10,5.3,400.0,400.0,10.0,1,100.0,0.11165213584899902,5,0,22.0,1,2,-10.5,3.1,0,4.005472744077569,-3.47076188991001,0.0
0,11,13,5.3,400.0,400.0,10.0,1,100.0,0.1127171516418457,5,0,22.0,2,1,-10.5,3.1,-2,6.490628035480972e-16,-5.3,0.0
0,14,16,5.3,400.0,400.0,10.0,0,100.0,0.11097598075866699,5,0,22.0,2,1,-10.5,3.1,0,-4.005472744077568,-3.4707618899100114,0.0
0,0,2,5.3,400.0,400.0,10.0,0,100.0,0.11217498779296875,5,0,22.0,1,2,-10.5,3.1,0,0.0,5.3,0.0
0,1,3,5.3,400.0,400.0,10.0,0,100.0,0.1127939224243164,5,0,22.0,1,2,-10.5,3.1,0,1.493182551259577,5.085312760156836,0.0
0,12,14,5.3,400.0,400.0,10.0,1,100.0,0.11166095733642578,5,0,22.0,2,2,-10.5,3.1,0,-1.4931825512595758,-5.085312760156836,0.0
0,21,1,5.3,400.0,400.0,10.0,0,100.0,0.11154317855834961,5,0,22.0,2,1,-10.5,3.1,1,-1.4931825512595778,5.085312760156836,0.0
0,13,15,5.3,400.0,400.0,10.0,-1,100.0,0.11268019676208496,5,0,22.0,2,1,-10.5,3.1,-2,-2.865396332514667,-4.4586437240052605,0.0
0,20,0,5.3,400.0,400.0,10.0,0,100.0,0.11104512214660645,5,0,22.0,2,1,-10.5,3.1,0,-2.8653963325146705,4.458643724005258,0.0
0,21,1,5.3,400.0,400.0,10.0,0,100.0,0.11280703544616699,5,0,22.0,1,2,-10.5,3.1,0,-1.4931825512595778,5.085312760156836,0.0
0,3,5,5.3,400.0,400.0,10.0,0,100.0,0.11174702644348145,5,0,22.0,1,2,-10.5,3.1,0,4.005472744077569,3.470761889910011,0.0
0,11,13,5.3,400.0,400.0,10.0,2,100.0,0.11220192909240723,5,0,22.0,1,1,-10.5,3.1,0,6.490628035480972e-16,-5.3,0.0
0,16,18,5.3,400.0,400.0,10.0,-1,100.0,0.11417603492736816,5,0,22.0,1,2,-10.5,3.1,0,-5.246053641968943,-0.7542686428484117,0.0
0,11,13,5.3,400.0,400.0,10.0,-2,100.0,0.11258602142333984,5,0,22.0,2,2,-10.5,3.1,1,6.490628035480972e-16,-5.3,0.0
0,17,19,5.3,400.0,400.0,10.0,1,100.0,0.1120140552520752,5,0,22.0,1,2,-10.5,3.1,0,-5.246053641968944,0.7542686428484098,0.0
0,2,4,5.3,400.0,400.0,10.0,0,100.0,0.11100602149963379,5,0,22.0,1,2,-10.5,3.1,0,2.865396332514667,4.4586437240052605,0.0
0,12,14,5.3,400.0,400.0,10.0,-2,100.0,0.11202812194824219,5,0,22.0,1,2,-10.5,3.1,-1,-1.4931825512595758,-5.085312760156836,0.0
0,15,17,5.3,400.0,400.0,10.0,2,100.0,0.11217689514160156,5,0,22.0,1,2,-10.5,3.1,0,-4.821049575378945,-2.201699568910002,0.0
0,21,1,5.3,400.0,400.0,10.0,0,100.0,0.11094808578491211,5,0,22.0,2,2,-10.5,3.1,1,-1.4931825512595778,5.085312760156836,0.0
0,21,1,5.3,400.0,400.0,10.0,-2,100.0,0.11201000213623047,5,0,22.0,1,1,-10.5,3.1,2,-1.4931825512595778,5.085312760156836,0.0
0,16,18,5.3,400.0,400.0,10.0,2,100.0,0.11098098754882812,5,0,22.0,2,2,-10.5,3.1,-2,-5.246053641968943,-0.7542686428484117,0.0
0,3,5,5.3,400.0,400.0,10.0,-2,100.0,0.11282014846801758,5,0,22.0,2,1,-10.5,3.1,2,4.005472744077569,3.470761889910011,0.0
0,10,12,5.3,400.0,400.0,10.0,1,100.0,0.1123201847076416,5,0,22.0,1,1,-10.5,3.1,2,1.4931825512595793,-5.085312760156835,0.0
0,20,0,5.3,400.0,400.0,10.0,1,100.0,0.11277985572814941,5,0,22.0,1,1,-10.5,3.1,2,-2.8653963325146705,4.458643724005258,0.0
0,8,10,5.3,400.0,400.0,10.0,0,100.0,0.1116018295288086,5,0,22.0,1,1,-10.5,3.1,-1,4.005472744077569,-3.47076188991001,0.0
0,4,6,5.3,400.0,400.0,10.0,1,100.0,0.11272096633911133,5,0,22.0,2,2,-10.5,3.1,2,4.821049575378947,2.201699568909998,0.0
0,16,18,5.3,400.0,400.0,10.0,2,100.0,0.11210799217224121,5,0,22.0,1,1,-10.5,3.1,-2,-5.246053641968943,-0.7542686428484117,0.0
0,3,5,5.3,400.0,400.0,10.0,0,100.0,0.11205697059631348,5,0,22.0,1,2,-10.5,3.1,1,4.005472744077569,3.470761889910011,0.0
0,1,3,5.3,400.0,400.0,10.0,1,100.0,0.11163496971130371,5,0,22.0,2,1,-10.5,3.1,1,1.493182551259577,5.085312760156836,0.0
0,10,12,5.3,400.0,400.0,10.0,0,100.0,0.11281704902648926,5,0,22.0,1,1,-10.5,3.1,2,1.4931825512595793,-5.085312760156835,0.0
0,19,21,5.3,400.0,400.0,10.0,0,100.0,0.11167216300964355,5,0,22.0,2,1,-10.5,3.1,1,-4.005472744077568,3.470761889910012,0.0
0,0,2,5.3,400.0,400.0,10.0,0,100.0,0.11245298385620117,5,0,22.0,1,2,-10.5,3.1,0,0.0,5.3,0.0
0,9,11,5.3,400.0,400.0,10.0,-2,100.0,0.11196708679199219,5,0,22.0,2,2,-10.5,3.1,0,2.8653963325146665,-4.4586437240052605,0.0
0,3,5,5.3,400.0,400.0,10.0,0,100.0,0.11231207847595215,5,0,22.0,1,2,-10.5,3.1,-2,4.005472744077569,3.470761889910011,0.0
0,21,1,5.3,400.0,400.0,10.0,1,100.0,0.11098694801330566,5,0,22.0,1,1,-10.5,3.1,0,-1.4931825512595778,5.085312760156836,0.0
0,14,16,5.3,400.0,400.0,10.0,-1,100.0,0.11109209060668945,5,0,22.0,2,1,-10.5,3.1,1,-4.005472744077568,-3.4707618899100114,0.0
0,6,8,5.3,400.0,400.0,10.0,2,100.0,0.11196589469909668,5,0,22.0,2,2,-10.5,3.1,0,5.246053641968944,-0.7542686428484106,0.0
0,19,21,5.3,400.0,400.0,10.0,0,100.0,0.11099791526794434,5,0,22.0,1,1,-10.5,3.1,1,-4.005472744077568,3.470761889910012,0.0
0,10,12,5.3,400.0,400.0,10.0,0,100.0,0.11167502403259277,5,0,22.0,1,2,-10.5,3.1,0,1.4931825512595793,-5.085312760156835,0.0
0,7,9,5.3,400.0,400.0,10.0,0,100.0,0.11275315284729004,5,0,22.0,2,2,-10.5,3.1,-1,4.8210495753789475,-2.2016995689099974,0.0
0,17,19,5.3,400.0,400.0,10.0,0,100.0,0.11282992362976074,5,0,22.0,1,2,-10.5,3.1,0,-5.246053641968944,0.7542686428484098,0.0
0,11,13,5.3,400.0,400.0,10.0,-1,100.0,0.11096000671386719,5,0,22.0,1,1,-10.5,3.1,0,6.490628035480972e-16,-5.3,0.0
0,14,16,5.3,400.0,400.0,10.0,-1,100.0,0.11148786544799805,5,0,22.0,2,1,-10.5,3.1,2,-4.005472744077568,-3.4707618899100114,0.0
0,1,3,5.3,400.0,400.0,10.0,2,100.0,0.11166214942932129,5,0,22.0,2,2,-10.5,3.1,0,1.493182551259577,5.085312760156836,0.0
0,18,20,5.3,400.0,400.0,10.0,1,100.0,0.11272907257080078,5,0,22.0,1,1,-10.5,3.1,0,-4.821049575378947,2.20169956891,0.0
0,3,5,5.3,400.0,400.0,10.0,2,100.0,0.11185312271118164,5,0,22.0,2,1,-10.5,3.1,-1,4.005472744077569,3.470761889910011,0.0
0,15,17,5.3,400.0,400.0,10.0,-2,100.0,0.11159491539001465,5,0,22.0,1,2,-10.5,3.1,0,-4.821049575378945,-2.201699568910002,0.0
0,10,12,5.3,400.0,400.0,10.0,-1,100.0,0.11269092559814453,5,0,22.0,1,2,-10.5,3.1,0,1.4931825512595793,-5.085312760156835,0.0
0,21,1,5.3,400.0,400.0,10.0,2,100.0,0.11213302612304688,5,0,22.0,1,2,-10.5,3.1,0,-1.4931825512595778,5.085312760156836,0.0
0,16,18,5.3,400.0,400.0,10.0,0,100.0,0.11299991607666016,5,0,22.0,2,1,-10.5,3.1,0,-5.246053641968943,-0.7542686428484117,0.0
0,16,18,5.3,400.0,400.0,10.0,-1,100.0,0.11201190948486328,5,0,22.0,1,2,-10.5,3.1,-1,-5.246053641968943,-0.7542686428484117,0.0
0,1,3,5.3,400.0,400.0,10.0,1,100.0,0.11206912994384766,5,0,22.0,1,2,-10.5,3.1,0,1.493182551259577,5.085312760156836,0.0
0,16,18,5.3,400.0,400.0,10.0,0,100.0,0.11278104782104492,5,0,22.0,2,2,-10.5,3.1,1,-5.246053641968943,-0.7542686428484117,0.0
0,17,19,5.3,400.0,400.0,10.0,-2,100.0,0.11274003982543945,5,0,22.0,1,2,-10.5,3.1,0,-5.246053641968944,0.7542686428484098,0.0
0,9,11,5.3,400.0,400.0,10.0,-2,100.0,0.11282110214233398,5,0,22.0,1,1,-10.5,3.1,-1,2.8653963325146665,-4.4586437240052605,0.0
0,15,17,5.3,400.0,400.0,10.0,1,100.0,0.11163091659545898,5,0,22.0,2,1,-10.5,3.1,-1,-4.821049575378945,-2.201699568910002,0.0
0,18,20,5.3,400.0,400.0,10.0,-1,100.0,0.11271786689758301,5,0,22.0,1,2,-10.5,3.1,-1,-4.821049575378947,2.20169956891,0.0
0,7,9,5.3,400.0,400.0,10.0,1,100.0,0.11205101013183594,5,0,22.0,2,2,-10.5,3.1,-1,4.8210495753789475,-2.2016995689099974,0.0
0,13,15,5.3,400.0,400.0,10.0,-2,100.0,0.1109781265258789,5,0,22.0,2,2,-10.5,3.1,1,-2.865396332514667,-4.4586437240052605,0.0
0,13,15,5.3,400.0,400.0,10.0,-1,100.0,0.11279106140136719,5,0,22.0,1,2,-10.5,3.1,0,-2.865396332514667,-4.4586437240052605,0.0
0,20,0,5.3,400.0,400.0,10.0,1,100.0,0.11104512214660645,5,0,22.0,1,2,-10.5,3.1,-1,-2.8653963325146705,4.458643724005258,0.0
0,9,11,5.3,400.0,400.0,10.0,2,100.0,0.1127309799194336,5,0,22.0,1,2,-10.5,3.1,1,2.8653963325146665,-4.4586437240052605,0.0
0,2,4,5.3,400.0,400.0,10.0,-2,100.0,0.12589716911315918,5,0,22.0,2,2,-10.5,3.1,1,2.865396332514667,4.4586437240052605,0.0
0,3,5,5.3,400.0,400.0,10.0,-1,100.0,0.11209607124328613,5,0,22.0,2,1,-10.5,3.1,0,4.005472744077569,3.470761889910011,0.0
0,3,5,5.3,400.0,400.0,10.0,1,100.0,0.11089301109313965,5,0,22.0,1,2,-10.5,3.1,0,4.005472744077569,3.470761889910011,0.0
0,19,21,5.3,400.0,400.0,10.0,0,100.0,0.11220288276672363,5,0,22.0,2,2,-10.5,3.1,-1,-4.005472744077568,3.470761889910012,0.0
0,6,8,5.3,400.0,400.0,10.0,1,100.0,0.1112511157989502,5,0,22.0,1,1,-10.5,3.1,-1,5.246053641968944,-0.7542686428484106,0.0
0,1,3,5.3,400.0,400.0,10.0,-2,100.0,0.11296582221984863,5,0,22.0,1,2,-10.5,3.1,-2,1.493182551259577,5.085312760156836,0.0
0,20,0,5.3,400.0,400.0,10.0,-2,100.0,0.11200499534606934,5,0,22.0,2,1,-10.5,3.1,0,-2.8653963325146705,4.458643724005258,0.0
0,0,2,5.3,400.0,400.0,10.0,2,100.0,0.11096382141113281,5,0,22.0,2,2,-10.5,3.1,-1,0.0,5.3,0.0
0,20,0,5.3,400.0,400.0,10.0,-2,100.0,0.11160588264465332,5,0,22.0,1,1,-10.5,3.1,0,-2.8653963325146705,4.458643724005258,0.0
0,6,8,5.3,400.0,400.0,10.0,-2,100.0,0.11270689964294434,5,0,22.0,1,2,-10.5,3.1,-2,5.246053641968944,-0.7542686428484106,0.0
0,16,18,5.3,400.0,400.0,10.0,-1,100.0,0.11091780662536621,5,0,22.0,2,2,-10.5,3.1,0,-5.246053641968943,-0.7542686428484117,0.0
0,17,19,5.3,400.0,400.0,10.0,0,100.0,0.11272096633911133,5,0,22.0,1,2,-10.5,3.1,-2,-5.246053641968944,0.7542686428484098,0.0
0,17,19,5.3,400.0,400.0,10.0,0,100.0,0.11098408699035645,5,0,22.0,1,2,-10.5,3.1,0,-5.246053641968944,0.7542686428484098,0.0
0,18,20,5.3,400.0,400.0,10.0,-1,100.0,0.11299920082092285,5,0,22.0,1,2,-10.5,3.1,1,-4.821049575378947,2.20169956891,0.0
0,16,18,5.3,400.0,400.0,10.0,0,100.0,0.11216902732849121,5,0,22.0,2,1,-10.5,3.1,2,-5.246053641968943,-0.7542686428484117,0.0
0,15,17,5.3,400.0,400.0,10.0,1,100.0,0.11264586448669434,5,0,22.0,1,2,-10.5,3.1,0,-4.821049575378945,-2.201699568910002,0.0
0,5,7,5.3,400.0,400.0,10.0,1,100.0,0.1120920181274414,5,0,22.0,1,2,-10.5,3.1,0,5.246053641968943,0.7542686428484122,0.0
0,20,0,5.3,400.0,400.0,10.0,-1,100.0,0.1119840145111084,5,0,22.0,1,2,-10.5,3.1,-2,-2.8653963325146705,4.458643724005258,0.0
0,19,21,5.3,400.0,400.0,10.0,0,100.0,0.11219406127929688,5,0,22.0,2,2,-10.5,3.1,-1,-4.005472744077568,3.470761889910012,0.0
0,15,17,5.3,400.0,400.0,10.0,0,100.0,0.11239504814147949,5,0,22.0,2,2,-10.5,3.1,2,-4.821049575378945,-2.201699568910002,0.0
0,3,5,5.3,400.0,400.0,10.0,0,100.0,0.111907958984375,5,0,22.0,2,1,-10.5,3.1,-1,4.005472744077569,3.470761889910011,0.0
0,13,15,5.3,400.0,400.0,10.0,2,100.0,0.11275506019592285,5,0,22.0,1,2,-10.5,3.1,1,-2.865396332514667,-4.4586437240052605,0.0
0,4,6,5.3,400.0,400.0,10.0,2,100.0,0.11265397071838379,5,0,22.0,1,1,-10.5,3.1,0,4.821049575378947,2.201699568909998,0.0
0,13,15,5.3,400.0,400.0,10.0,-1,100.0,0.11263680458068848,5,0,22.0,2,2,-10.5,3.1,-2,-2.865396332514667,-4.4586437240052605,0.0
0,9,11,5.3,400.0,400.0,10.0,2,100.0,0.1116189956665039,5,0,22.0,1,1,-10.5,3.1,-2,2.8653963325146665,-4.4586437240052605,0.0
0,1,3,5.3,400.0,400.0,10.0,0,100.0,0.11170291900634766,5,0,22.0,1,1,-10.5,3.1,-2,1.493182551259577,5.085312760156836,0.0
0,20,0,5.3,400.0,400.0,10.0,2,100.0,0.11162877082824707,5,0,22.0,1,2,-10.5,3.1,-2,-2.8653963325146705,4.458643724005258,0.0
0,13,15,5.3,400.0,400.0,10.0,1,100.0,0.11179208755493164,5,0,22.0,2,1,-10.5,3.1,-2,-2.865396332514667,-4.4586437240052605,0.0
0,16,18,5.3,400.0,400.0,10.0,0,100.0,0.11202216148376465,5,0,22.0,2,1,-10.5,3.1,0,-5.246053641968943,-0.7542686428484117,0.0
0,8,10,5.3,400.0,400.0,10.0,2,100.0,0.11183500289916992,5,0,22.0,1,2,-10.5,3.1,-1,4.005472744077569,-3.47076188991001,0.0
0,20,0,5.3,400.0,400.0,10.0,0,100.0,0.1116938591003418,5,0,22.0,1,2,-10.5,3.1,1,-2.8653963325146705,4.458643724005258,0.0
0,5,7,5.3,400.0,400.0,10.0,1,100.0,0.11226797103881836,5,0,22.0,1,2,-10.5,3.1,-1,5.246053641968943,0.7542686428484122,0.0
0,0,2,5.3,400.0,400.0,10.0,0,100.0,0.11159515380859375,5,0,22.0,1,2,-10.5,3.1,1,0.0,5.3,0.0
0,21,1,5.3,400.0,400.0,10.0,0,100.0,0.11237502098083496,5,0,22.0,2,2,-10.5,3.1,-1,-1.4931825512595778,5.085312760156836,0.0
0,8,10,5.3,400.0,400.0,10.0,2,100.0,0.11102604866027832,5,0,22.0,2,2,-10.5,3.1,-1,4.005472744077569,-3.47076188991001,0.0
0,15,17,5.3,400.0,400.0,10.0,0,100.0,0.11234903335571289,5,0,22.0,1,1,-10.5,3.1,2,-4.821049575378945,-2.201699568910002,0.0
0,16,18,5.3,400.0,400.0,10.0,1,100.0,0.11272597312927246,5,0,22.0,2,1,-10.5,3.1,0,-5.246053641968943,-0.7542686428484117,0.0
0,11,13,5.3,400.0,400.0,10.0,-1,100.0,0.11279487609863281,5,0,22.0,2,2,-10.5,3.1,0,6.490628035480972e-16,-5.3,0.0
0,14,16,5.3,400.0,400.0,10.0,-1,100.0,0.11128616333007812,5,0,22.0,1,2,-10.5,3.1,1,-4.005472744077568,-3.4707618899100114,0.0
0,16,18,5.3,400.0,400.0,10.0,0,100.0,0.11281895637512207,5,0,22.0,1,2,-10.5,3.1,0,-5.246053641968943,-0.7542686428484117,0.0
0,15,17,5.3,400.0,400.0,10.0,0,100.0,0.11164212226867676,5,0,22.0,2,1,-10.5,3.1,-2,-4.821049575378945,-2.201699568910002,0.0
0,14,16,5.3,400.0,400.0,10.0,0,100.0,0.11098909378051758,5,0,22.0,2,1,-10.5,3.1,-1,-4.005472744077568,-3.4707618899100114,0.0
0,9,11,5.3,400.0,400.0,10.0,0,100.0,0.11081504821777344,5,0,22.0,1,2,-10.5,3.1,2,2.8653963325146665,-4.4586437240052605,0.0
0,1,3,5.3,400.0,400.0,10.0,1,100.0,0.11139178276062012,5,0,22.0,1,1,-10.5,3.1,-1,1.493182551259577,5.085312760156836,0.0
0,19,21,5.3,400.0,400.0,10.0,-1,100.0,0.11281704902648926,5,0,22.0,2,2,-10.5,3.1,-2,-4.005472744077568,3.470761889910012,0.0
0,6,8,5.3,400.0,400.0,10.0,2,100.0,0.11207199096679688,5,0,22.0,2,2,-10.5,3.1,0,5.246053641968944,-0.7542686428484106,0.0
0,8,10,5.3,400.0,400.0,10.0,0,100.0,0.11264681816101074,5,0,22.0,1,2,-10.5,3.1,0,4.005472744077569,-3.47076188991001,0.0
0,15,17,5.3,400.0,400.0,10.0,2,100.0,0.11088800430297852,5,0,22.0,2,2,-10.5,3.1,0,-4.821049575378945,-2.201699568910002,0.0
0,12,14,5.3,400.0,400.0,10.0,0,100.0,0.11284613609313965,5,0,22.0,1,2,-10.5,3.1,1,-1.4931825512595758,-5.085312760156836,0.0
0,13,15,5.3,400.0,400.0,10.0,0,100.0,0.11208581924438477,5,0,22.0,2,2,-10.5,3.1,-2,-2.865396332514667,-4.4586437240052605,0.0
0,14,16,5.3,400.0,400.0,10.0,0,100.0,0.11186981201171875,5,0,22.0,1,1,-10.5,3.1,2,-4.005472744077568,-3.4707618899100114,0.0
0,8,10,5.3,400.0,400.0,10.0,-1,100.0,0.11264395713806152,5,0,22.0,2,2,-10.5,3.1,0,4.005472744077569,-3.47076188991001,0.0
0,13,15,5.3,400.0,400.0,10.0,1,100.0,0.11105990409851074,5,0,22.0,2,2,-10.5,3.1,0,-2.865396332514667,-4.4586437240052605,0.0
0,20,0,5.3,400.0,400.0,10.0,0,100.0,0.11244511604309082,5,0,22.0,1,1,-10.5,3.1,2,-2.8653963325146705,4.458643724005258,0.0
0,3,5,5.3,400.0,400.0,10.0,2,100.0,0.1126549243927002,5,0,22.0,2,1,-10.5,3.1,-2,4.005472744077569,3.470761889910011,0.0
0,14,16,5.3,400.0,400.0,10.0,2,100.0,0.11178302764892578,5,0,22.0,2,2,-10.5,3.1,0,-4.005472744077568,-3.4707618899100114,0.0
0,21,1,5.3,400.0,400.0,10.0,-2,100.0,0.11303305625915527,5,0,22.0,1,2,-10.5,3.1,0,-1.4931825512595778,5.085312760156836,0.0
0,17,19,5.3,400.0,400.0,10.0,0,100.0,0.1110069751739502,5,0,22.0,1,2,-10.5,3.1,0,-5.246053641968944,0.7542686428484098,0.0
0,17,19,5.3,400.0,400.0,10.0,0,100.0,0.11194086074829102,5,0,22.0,1,2,-10.5,3.1,0,-5.246053641968944,0.7542686428484098,0.0
0,1,3,5.3,400.0,400.0,10.0,-1,100.0,0.11239314079284668,5,0,22.0,2,2,-10.5,3.1,0,1.493182551259577,5.085312760156836,0.0
0,16,18,5.3,400.0,400.0,10.0,0,100.0,0.11217093467712402,5,0,22.0,2,2,-10.5,3.1,-2,-5.246053641968943,-0.7542686428484117,0.0
0,14,16,5.3,400.0,400.0,10.0,1,100.0,0.11280393600463867,5,0,22.0,1,2,-10.5,3.1,1,-4.005472744077568,-3.4707618899100114,0.0
0,16,18,5.3,400.0,400.0,10.0,0,100.0,0.11274909973144531,5,0,22.0,2,1,-10.5,3.1,-1,-5.246053641968943,-0.7542686428484117,0.0
0,15,17,5.3,400.0,400.0,10.0,0,100.0,0.11228203773498535,5,0,22.0,2,2,-10.5,3.1,1,-4.821049575378945,-2.201699568910002,0.0
0,16,18,5.3,400.0,400.0,10.0,2,100.0,0.11172604560852051,5,0,22.0,1,2,-10.5,3.1,1,-5.246053641968943,-0.7542686428484117,0.0
0,14,16,5.3,400.0,400.0,10.0,1,100.0,0.11213493347167969,5,0,22.0,2,2,-10.5,3.1,0,-4.005472744077568,-3.4707618899100114,0.0
0,6,8,5.3,400.0,400.0,10.0,-2,100.0,0.11264300346374512,5,0,22.0,2,2,-10.5,3.1,0,5.246053641968944,-0.7542686428484106,0.0
0,7,9,5.3,400.0,400.0,10.0,0,100.0,0.11154508590698242,5,0,22.0,1,2,-10.5,3.1,0,4.8210495753789475,-2.2016995689099974,0.0
0,18,20,5.3,400.0,400.0,10.0,0,100.0,0.11251115798950195,5,0,22.0,1,2,-10.5,3.1,0,-4.821049575378947,2.20169956891,0.0
0,9,11,5.3,400.0,400.0,10.0,1,100.0,0.11274600028991699,5,0,22.0,1,2,-10.5,3.1,-1,2.8653963325146665,-4.4586437240052605,0.0
0,8,10,5.3,400.0,400.0,10.0,0,100.0,0.11234402656555176,5,0,22.0,2,2,-10.5,3.1,1,4.005472744077569,-3.47076188991001,0.0
0,6,8,5.3,400.0,400.0,10.0,0,100.0,0.11182284355163574,5,0,22.0,1,2,-10.5,3.1,1,5.246053641968944,-0.7542686428484106,0.0
0,13,15,5.3,400.0,400.0,10.0,-1,100.0,0.11104512214660645,5,0,22.0,2,2,-10.5,3.1,0,-2.865396332514667,-4.4586437240052605,0.0
0,14,16,5.3,400.0,400.0,10.0,-2,100.0,0.11204218864440918,5,0,22.0,1,2,-10.5,3.1,2,-4.005472744077568,-3.4707618899100114,0.0
0,10,12,5.3,400.0,400.0,10.0,-1,100.0,0.11209678649902344,5,0,22.0,1,1,-10.5,3.1,0,1.4931825512595793,-5.085312760156835,0.0
0,9,11,5.3,400.0,400.0,10.0,0,100.0,0.11201620101928711,5,0,22.0,2,1,-10.5,3.1,-2,2.8653963325146665,-4.4586437240052605,0.0
0,15,17,5.3,400.0,400.0,10.0,-2,100.0,0.11212587356567383,5,0,22.0,2,1,-10.5,3.1,2,-4.821049575378945,-2.201699568910002,0.0
0,6,8,5.3,400.0,400.0,10.0,1,100.0,0.11209702491760254,5,0,22.0,2,1,-10.5,3.1,-2,5.246053641968944,-0.7542686428484106,0.0
0,8,10,5.3,400.0,400.0,10.0,1,100.0,0.11115908622741699,5,0,22.0,1,2,-10.5,3.1,-2,4.005472744077569,-3.47076188991001,0.0
0,3,5,5.3,400.0,400.0,10.0,-2,100.0,0.11229610443115234,5,0,22.0,2,1,-10.5,3.1,0,4.005472744077569,3.470761889910011,0.0
0,1,3,5.3,400.0,400.0,10.0,-1,100.0,0.11172294616699219,5,0,22.0,1,2,-10.5,3.1,0,1.493182551259577,5.085312760156836,0.0
0,9,11,5.3,400.0,400.0,10.0,2,100.0,0.11230707168579102,5,0,22.0,2,1,-10.5,3.1,-2,2.8653963325146665,-4.4586437240052605,0.0
0,2,4,5.3,400.0,400.0,10.0,2,100.0,0.11086893081665039,5,0,22.0,2,1,-10.5,3.1,-2,2.865396332514667,4.4586437240052605,0.0
0,15,17,5.3,400.0,400.0,10.0,-1,100.0,0.11213111877441406,5,0,22.0,2,1,-10.5,3.1,2,-4.821049575378945,-2.201699568910002,0.0
0,0,2,5.3,400.0,400.0,10.0,1,100.0,0.1115269660949707,5,0,22.0,2,1,-10.5,3.1,-1,0.0,5.3,0.0
0,15,17,5.3,400.0,400.0,10.0,2,100.0,0.11234593391418457,5,0,22.0,1,2,-10.5,3.1,-1,-4.821049575378945,-2.201699568910002,0.0
0,8,10,5.3,400.0,400.0,10.0,2,100.0,0.11265397071838379,5,0,22.0,1,2,-10.5,3.1,0,4.005472744077569,-3.47076188991001,0.0
0,1,3,5.3,400.0,400.0,10.0,-1,100.0,0.1118929386138916,5,0,22.0,2,1,-10.5,3.1,-2,1.493182551259577,5.085312760156836,0.0
0,21,1,5.3,400.0,400.0,10.0,-1,100.0,0.11260819435119629,5,0,22.0,1,1,-10.5,3.1,-2,-1.4931825512595778,5.085312760156836,0.0
0,0,2,5.3,400.0,400.0,10.0,0,100.0,0.11155819892883301,5,0,22.0,1,2,-10.5,3.1,2,0.0,5.3,0.0
0,8,10,5.3,400.0,400.0,10.0,0,100.0,0.11269783973693848,5,0,22.0,2,2,-10.5,3.1,-1,4.005472744077569,-3.47076188991001,0.0
0,4,6,5.3,400.0,400.0,10.0,-2,100.0,0.11269807815551758,5,0,22.0,1,1,-10.5,3.1,1,4.821049575378947,2.201699568909998,0.0
0,2,4,5.3,400.0,400.0,10.0,1,100.0,0.11229705810546875,5,0,22.0,1,2,-10.5,3.1,1,2.865396332514667,4.4586437240052605,0.0
0,19,21,5.3,400.0,400.0,10.0,1,100.0,0.11171317100524902,5,0,22.0,1,1,-10.5,3.1,-2,-4.005472744077568,3.470761889910012,0.0
0,5,7,5.3,400.0,400.0,10.0,1,100.0,0.11265110969543457,5,0,22.0,2,2,-10.5,3.1,2,5.246053641968943,0.7542686428484122,0.0
0,14,16,5.3,400.0,400.0,10.0,-1,100.0,0.11169004440307617,5,0,22.0,1,2,-10.5,3.1,-1,-4.005472744077568,-3.4707618899100114,0.0
0,6,8,5.3,400.0,400.0,10.0,-2,100.0,0.11103415489196777,5,0,22.0,1,1,-10.5,3.1,1,5.246053641968944,-0.7542686428484106,0.0
0,2,4,5.3,400.0,400.0,10.0,-2,100.0,0.11173701286315918,5,0,22.0,2,1,-10.5,3.1,1,2.865396332514667,4.4586437240052605,0.0
0,13,15,5.3,400.0,400.0,10.0,-1,100.0,0.11277890205383301,5,0,22.0,2,2,-10.5,3.1,1,-2.865396332514667,-4.4586437240052605,0.0
0,0,2,5.3,400.0,400.0,10.0,0,100.0,0.11172604560852051,5,0,22.0,1,2,-10.5,3.1,0,0.0,5.3,0.0
0,16,18,5.3,400.0,400.0,10.0,0,100.0,0.11261892318725586,5,0,22.0,1,2,-10.5,3.1,0,-5.246053641968943,-0.7542686428484117,0.0
0,11,13,5.3,400.0,400.0,10.0,0,100.0,0.11200189590454102,5,0,22.0,1,2,-10.5,3.1,0,6.490628035480972e-16,-5.3,0.0
0,13,15,5.3,400.0,400.0,10.0,-1,100.0,0.11124992370605469,5,0,22.0,1,2,-10.5,3.1,0,-2.865396332514667,-4.4586437240052605,0.0
0,18,20,5.3,400.0,400.0,10.0,1,100.0,0.11097216606140137,5,0,22.0,1,2,-10.5,3.1,0,-4.821049575378947,2.20169956891,0.0
0,17,19,5.3,400.0,400.0,10.0,0,100.0,0.11275410652160645,5,0,22.0,1,2,-10.5,3.1,0,-5.246053641968944,0.7542686428484098,0.0
0,10,12,5.3,400.0,400.0,10.0,0,100.0,0.11142301559448242,5,0,22.0,1,1,-10.5,3.1,-1,1.4931825512595793,-5.085312760156835,0.0
0,19,21,5.3,400.0,400.0,10.0,0,100.0,0.11182498931884766,5,0,22.0,2,2,-10.5,3.1,-2,-4.005472744077568,3.470761889910012,0.0
0,16,18,5.3,400.0,400.0,10.0,0,100.0,0.11235904693603516,5,0,22.0,2,1,-10.5,3.1,-2,-5.246053641968943,-0.7542686428484117,0.0
0,20,0,5.3,400.0,400.0,10.0,-2,100.0,0.11171102523803711,5,0,22.0,2,1,-10.5,3.1,-1,-2.8653963325146705,4.458643724005258,0.0
0,1,3,5.3,400.0,400.0,10.0,2,100.0,0.11215400695800781,5,0,22.0,2,1,-10.5,3.1,2,1.493182551259577,5.085312760156836,0.0
0,14,16,5.3,400.0,400.0,10.0,1,100.0,0.11230301856994629,5,0,22.0,2,1,-10.5,3.1,1,-4.005472744077568,-3.4707618899100114,0.0
0,3,5,5.3,400.0,400.0,10.0,-2,100.0,0.11203408241271973,5,0,22.0,2,2,-10.5,3.1,1,4.005472744077569,3.470761889910011,0.0
0,11,13,5.3,400.0,400.0,10.0,-2,100.0,0.11207985877990723,5,0,22.0,2,2,-10.5,3.1,0,6.490628035480972e-16,-5.3,0.0
0,21,1,5.3,400.0,400.0,10.0,1,100.0,0.11208200454711914,5,0,22.0,2,1,-10.5,3.1,2,-1.4931825512595778,5.085312760156836,0.0
0,11,13,5.3,400.0,400.0,10.0,-1,100.0,0.11170697212219238,5,0,22.0,2,2,-10.5,3.1,0,6.490628035480972e-16,-5.3,0.0
0,13,15,5.3,400.0,400.0,10.0,1,100.0,0.11193704605102539,5,0,22.0,1,2,-10.5,3.1,1,-2.865396332514667,-4.4586437240052605,0.0
0,0,2,5.3,400.0,400.0,10.0,-1,100.0,0.11209797859191895,5,0,22.0,2,2,-10.5,3.1,1,0.0,5.3,0.0
0,20,0,5.3,400.0,400.0,10.0,1,100.0,0.1119849681854248,5,0,22.0,2,2,-10.5,3.1,-1,-2.8653963325146705,4.458643724005258,0.0
0,14,16,5.3,400.0,400.0,10.0,1,100.0,0.11140918731689453,5,0,22.0,1,2,-10.5,3.1,1,-4.005472744077568,-3.4707618899100114,0.0
0,13,15,5.3,400.0,400.0,10.0,0,100.0,0.11159586906433105,5,0,22.0,2,1,-10.5,3.1,-1,-2.865396332514667,-4.4586437240052605,0.0
0,17,19,5.3,400.0,400.0,10.0,-1,100.0,0.11100983619689941,5,0,22.0,1,2,-10.5,3.1,-2,-5.246053641968944,0.7542686428484098,0.0
0,21,1,5.3,400.0,400.0,10.0,2,100.0,0.11102104187011719,5,0,22.0,2,2,-10.5,3.1,1,-1.4931825512595778,5.085312760156836,0.0
0,21,1,5.3,400.0,400.0,10.0,2,100.0,0.11269283294677734,5,0,22.0,2,1,-10.5,3.1,0,-1.4931825512595778,5.085312760156836,0.0
0,0,2,5.3,400.0,400.0,10.0,-1,100.0,0.11175107955932617,5,0,22.0,2,2,-10.5,3.1,0,0.0,5.3,0.0
0,13,15,5.3,400.0,400.0,10.0,-1,100.0,0.11268186569213867,5,0,22.0,2,2,-10.5,3.1,-2,-2.865396332514667,-4.4586437240052605,0.0
0,16,18,5.3,400.0,400.0,10.0,2,100.0,0.11100983619689941,5,0,22.0,1,2,-10.5,3.1,-2,-5.246053641968943,-0.7542686428484117,0.0
0,14,16,5.3,400.0,400.0,10.0,1,100.0,0.11168289184570312,5,0,22.0,2,1,-10.5,3.1,2,-4.005472744077568,-3.4707618899100114,0.0
0,18,20,5.3,400.0,400.0,10.0,1,100.0,0.1124880313873291,5,0,22.0,1,2,-10.5,3.1,0,-4.821049575378947,2.20169956891,0.0
0,8,10,5.3,400.0,400.0,10.0,1,100.0,0.11277413368225098,5,0,22.0,1,1,-10.5,3.1,2,4.005472744077569,-3.47076188991001,0.0
0,1,3,5.3,400.0,400.0,10.0,1,100.0,0.11264300346374512,5,0,22.0,2,1,-10.5,3.1,-2,1.493182551259577,5.085312760156836,0.0
0,7,9,5.3,400.0,400.0,10.0,0,100.0,0.11170101165771484,5,0,22.0,1,2,-10.5,3.1,0,4.8210495753789475,-2.2016995689099974,0.0
0,9,11,5.3,400.0,400.0,10.0,-2,100.0,0.11283016204833984,5,0,22.0,1,2,-10.5,3.1,-1,2.8653963325146665,-4.4586437240052605,0.0
0,8,10,5.3,400.0,400.0,10.0,-1,100.0,0.11223006248474121,5,0,22.0,1,2,-10.5,3.1,-2,4.005472744077569,-3.47076188991001,0.0
0,11,13,5.3,400.0,400.0,10.0,1,100.0,0.11220407485961914,5,0,22.0,1,1,-10.5,3.1,-1,6.490628035480972e-16,-5.3,0.0
0,21,1,5.3,400.0,400.0,10.0,-1,100.0,0.11089515686035156,5,0,22.0,2,2,-10.5,3.1,1,-1.4931825512595778,5.085312760156836,0.0
0,16,18,5.3,400.0,400.0,10.0,-2,100.0,0.11210203170776367,5,0,22.0,1,1,-10.5,3.1,1,-5.246053641968943,-0.7542686428484117,0.0
0,13,15,5.3,400.0,400.0,10.0,-1,100.0,0.11210799217224121,5,0,22.0,2,1,-10.5,3.1,0,-2.865396332514667,-4.4586437240052605,0.0
0,12,14,5.3,400.0,400.0,10.0,0,100.0,0.1118781566619873,5,0,22.0,1,2,-10.5,3.1,0,-1.4931825512595758,-5.085312760156836,0.0
0,12,14,5.3,400.0,400.0,10.0,0,100.0,0.11270999908447266,5,0,22.0,1,2,-10.5,3.1,0,-1.4931825512595758,-5.085312760156836,0.0
0,6,8,5.3,400.0,400.0,10.0,1,100.0,0.11099910736083984,5,0,22.0,2,2,-10.5,3.1,-2,5.246053641968944,-0.7542686428484106,0.0
0,4,6,5.3,400.0,400.0,10.0,-1,100.0,0.11270809173583984,5,0,22.0,1,1,-10.5,3.1,1,4.821049575378947,2.201699568909998,0.0
0,11,13,5.3,400.0,400.0,10.0,-1,100.0,0.11100482940673828,5,0,22.0,2,1,-10.5,3.1,1,6.490628035480972e-16,-5.3,0.0
0,12,14,5.3,400.0,400.0,10.0,2,100.0,0.11264705657958984,5,0,22.0,2,2,-10.5,3.1,0,-1.4931825512595758,-5.085312760156836,0.0
0,15,17,5.3,400.0,400.0,10.0,0,100.0,0.11109495162963867,5,0,22.0,1,1,-10.5,3.1,2,-4.821049575378945,-2.201699568910002,0.0
0,5,7,5.3,400.0,400.0,10.0,-1,100.0,0.11099100112915039,5,0,22.0,1,1,-10.5,3.1,0,5.246053641968943,0.7542686428484122,0.0
0,7,9,5.3,400.0,400.0,10.0,2,100.0,0.11100912094116211,5,0,22.0,1,2,-10.5,3.1,0,4.8210495753789475,-2.2016995689099974,0.0
0,5,7,5.3,400.0,400.0,10.0,2,100.0,0.11261510848999023,5,0,22.0,2,1,-10.5,3.1,1,5.246053641968943,0.7542686428484122,0.0
0,21,1,5.3,400.0,400.0,10.0,0,100.0,0.11100196838378906,5,0,22.0,1,2,-10.5,3.1,0,-1.4931825512595778,5.085312760156836,0.0
0,9,11,5.3,400.0,400.0,10.0,-1,100.0,0.11280202865600586,5,0,22.0,2,1,-10.5,3.1,-1,2.8653963325146665,-4.4586437240052605,0.0
0,21,1,5.3,400.0,400.0,10.0,0,100.0,0.11262202262878418,5,0,22.0,2,2,-10.5,3.1,2,-1.4931825512595778,5.085312760156836,0.0
0,8,10,5.3,400.0,400.0,10.0,-2,100.0,0.11109209060668945,5,0,22.0,1,2,-10.5,3.1,0,4.005472744077569,-3.47076188991001,0.0
0,18,20,5.3,400.0,400.0,10.0,2,100.0,0.11217999458312988,5,0,22.0,2,1,-10.5,3.1,0,-4.821049575378947,2.20169956891,0.0
0,21,1,5.3,400.0,400.0,10.0,-1,100.0,0.1110231876373291,5,0,22.0,2,2,-10.5,3.1,2,-1.4931825512595778,5.085312760156836,0.0
0,18,20,5.3,400.0,400.0,10.0,1,100.0,0.11211800575256348,5,0,22.0,2,1,-10.5,3.1,-1,-4.821049575378947,2.20169956891,0.0
0,14,16,5.3,400.0,400.0,10.0,-1,100.0,0.11300396919250488,5,0,22.0,1,2,-10.5,3.1,1,-4.005472744077568,-3.4707618899100114,0.0
0,11,13,5.3,400.0,400.0,10.0,2,100.0,0.11134219169616699,5,0,22.0,1,2,-10.5,3.1,1,6.490628035480972e-16,-5.3,0.0
0,5,7,5.3,400.0,400.0,10.0,-1,100.0,0.11164498329162598,5,0,22.0,1,2,-10.5,3.1,0,5.246053641968943,0.7542686428484122,0.0
0,9,11,5.3,400.0,400.0,10.0,2,100.0,0.1124730110168457,5,0,22.0,1,1,-10.5,3.1,-1,2.8653963325146665,-4.4586437240052605,0.0
0,15,17,5.3,400.0,400.0,10.0,-2,100.0,0.11249804496765137,5,0,22.0,1,2,-10.5,3.1,1,-4.821049575378945,-2.201699568910002,0.0
0,19,21,5.3,400.0,400.0,10.0,2,100.0,0.11265110969543457,5,0,22.0,1,2,-10.5,3.1,-2,-4.005472744077568,3.470761889910012,0.0
0,18,20,5.3,400.0,400.0,10.0,0,100.0,0.11211895942687988,5,0,22.0,1,1,-10.5,3.1,-1,-4.821049575378947,2.20169956891,0.0
0,17,19,5.3,400.0,400.0,10.0,0,100.0,0.11197900772094727,5,0,22.0,1,1,-10.5,3.1,-2,-5.246053641968944,0.7542686428484098,0.0
0,21,1,5.3,400.0,400.0,10.0,1,100.0,0.11264300346374512,5,0,22.0,2,2,-10.5,3.1,0,-1.4931825512595778,5.085312760156836,0.0
0,0,2,5.3,400.0,400.0,10.0,0,100.0,0.11230611801147461,5,0,22.0,2,1,-10.5,3.1,0,0.0,5.3,0.0
0,10,12,5.3,400.0,400.0,10.0,-1,100.0,0.11197781562805176,5,0,22.0,1,2,-10.5,3.1,-1,1.4931825512595793,-5.085312760156835,0.0
0,20,0,5.3,400.0,400.0,10.0,-1,100.0,0.1126549243927002,5,0,22.0,1,1,-10.5,3.1,1,-2.8653963325146705,4.458643724005258,0.0
0,21,1,5.3,400.0,400.0,10.0,2,100.0,0.1110219955444336,5,0,22.0,2,1,-10.5,3.1,0,-1.4931825512595778,5.085312760156836,0.0
0,8,10,5.3,400.0,400.0,10.0,-1,100.0,0.11242914199829102,5,0,22.0,2,1,-10.5,3.1,1,4.005472744077569,-3.47076188991001,0.0
0,9,11,5.3,400.0,400.0,10.0,0,100.0,0.11289405822753906,5,0,22.0,1,2,-10.5,3.1,0,2.8653963325146665,-4.4586437240052605,0.0
0,13,15,5.3,400.0,400.0,10.0,1,100.0,0.11250996589660645,5,0,22.0,2,1,-10.5,3.1,-2,-2.865396332514667,-4.4586437240052605,0.0
0,9,11,5.3,400.0,400.0,10.0,2,100.0,0.11269903182983398,5,0,22.0,1,2,-10.5,3.1,1,2.8653963325146665,-4.4586437240052605,0.0
0,20,0,5.3,400.0,400.0,10.0,-1,100.0,0.11227607727050781,5,0,22.0,1,2,-10.5,3.1,0,-2.8653963325146705,4.458643724005258,0.0
0,20,0,5.3,400.0,400.0,10.0,2,100.0,0.11096906661987305,5,0,22.0,2,1,-10.5,3.1,0,-2.8653963325146705,4.458643724005258,0.0
0,16,18,5.3,400.0,400.0,10.0,0,100.0,0.11265897750854492,5,0,22.0,1,2,-10.5,3.1,0,-5.246053641968943,-0.7542686428484117,0.0
0,21,1,5.3,400.0,400.0,10.0,0,100.0,0.1202688217163086,5,0,22.0,1,2,-10.5,3.1,-2,-1.4931825512595778,5.085312760156836,0.0
0,1,3,5.3,400.0,400.0,10.0,0,100.0,0.11225605010986328,5,0,22.0,1,2,-10.5,3.1,0,1.493182551259577,5.085312760156836,0.0
0,10,12,5.3,400.0,400.0,10.0,-1,100.0,0.11136388778686523,5,0,22.0,2,1,-10.5,3.1,2,1.4931825512595793,-5.085312760156835,0.0
