offset2,cue-loc-int,refi,radius,ntrials,ms-st-cue,npractice,resp-h-pos,ms-stimon,actualStimOn,version,bars-or-spot,nitems,resp-h-hv,resp-v-hv,offset,cue-length,resp-v-pos,cue-loc-x,cue-loc-y,ms-precue
0,14,16,5.3,400.0,400.0,10.0,0,100.0,0.11274600028991699,-1,1,22.0,2,1,0,3.1,2,-4.005472744077568,-3.4707618899100114,0.0
0,8,10,5.3,400.0,400.0,10.0,0,100.0,0.11090397834777832,-1,1,22.0,2,1,0,3.1,-1,4.005472744077569,-3.47076188991001,0.0
0,6,8,5.3,400.0,400.0,10.0,0,100.0,0.1122279167175293,-1,1,22.0,1,1,0,3.1,-1,5.246053641968944,-0.7542686428484106,0.0
0,8,10,5.3,400.0,400.0,10.0,0,100.0,0.1127018928527832,-1,1,22.0,1,2,0,3.1,-1,4.005472744077569,-3.47076188991001,0.0
0,17,19,5.3,400.0,400.0,10.0,1,100.0,0.1127631664276123,-1,1,22.0,2,1,0,3.1,-2,-5.246053641968944,0.7542686428484098,0.0
0,16,18,5.3,400.0,400.0,10.0,2,100.0,0.11259198188781738,-1,1,22.0,2,1,0,3.1,-1,-5.246053641968943,-0.7542686428484117,0.0
0,11,13,5.3,400.0,400.0,10.0,2,100.0,0.11265397071838379,-1,1,22.0,2,2,0,3.1,1,6.490628035480972e-16,-5.3,0.0
0,6,8,5.3,400.0,400.0,10.0,0,100.0,0.11214089393615723,-1,1,22.0,1,2,0,3.1,0,5.246053641968944,-0.7542686428484106,0.0
0,2,4,5.3,400.0,400.0,10.0,0,100.0,0.11284112930297852,-1,1,22.0,1,2,0,3.1,1,2.865396332514667,4.4586437240052605,0.0
0,20,0,5.3,400.0,400.0,10.0,2,100.0,0.1119990348815918,-1,1,22.0,1,2,0,3.1,0,-2.8653963325146705,4.458643724005258,0.0
0,1,3,5.3,400.0,400.0,10.0,1,100.0,0.11246585845947266,-1,1,22.0,1,2,0,3.1,2,1.493182551259577,5.085312760156836,0.0
0,16,18,5.3,400.0,400.0,10.0,0,100.0,0.11271405220031738,-1,1,22.0,2,2,0,3.1,2,-5.246053641968943,-0.7542686428484117,0.0
0,0,2,5.3,400.0,400.0,10.0,1,100.0,0.1121830940246582,-1,1,22.0,2,1,0,3.1,0,0.0,5.3,0.0
0,9,11,5.3,400.0,400.0,10.0,1,100.0,0.11278295516967773,-1,1,22.0,2,1,0,3.1,0,2.8653963325146665,-4.4586437240052605,0.0
0,2,4,5.3,400.0,400.0,10.0,0,100.0,0.11293888092041016,-1,1,22.0,1,1,0,3.1,1,2.865396332514667,4.4586437240052605,0.0
0,10,12,5.3,400.0,400.0,10.0,0,100.0,0.11257791519165039,-1,1,22.0,1,2,0,3.1,-1,1.4931825512595793,-5.085312760156835,0.0
0,0,2,5.3,400.0,400.0,10.0,2,100.0,0.11268210411071777,-1,1,22.0,2,2,0,3.1,0,0.0,5.3,0.0
0,14,16,5.3,400.0,400.0,10.0,0,100.0,0.11260485649108887,-1,1,22.0,2,1,0,3.1,0,-4.005472744077568,-3.4707618899100114,0.0
0,13,15,5.3,400.0,400.0,10.0,0,100.0,0.11271500587463379,-1,1,22.0,1,2,0,3.1,2,-2.865396332514667,-4.4586437240052605,0.0
0,2,4,5.3,400.0,400.0,10.0,0,100.0,0.11264991760253906,-1,1,22.0,2,1,0,3.1,0,2.865396332514667,4.4586437240052605,0.0
0,10,12,5.3,400.0,400.0,10.0,-1,100.0,0.11113309860229492,-1,1,22.0,1,2,0,3.1,-1,1.4931825512595793,-5.085312760156835,0.0
0,11,13,5.3,400.0,400.0,10.0,2,100.0,0.11274099349975586,-1,1,22.0,1,2,0,3.1,1,6.490628035480972e-16,-5.3,0.0
0,8,10,5.3,400.0,400.0,10.0,1,100.0,0.11181187629699707,-1,1,22.0,1,1,0,3.1,-1,4.005472744077569,-3.47076188991001,0.0
0,7,9,5.3,400.0,400.0,10.0,0,100.0,0.11192202568054199,-1,1,22.0,1,1,0,3.1,2,4.8210495753789475,-2.2016995689099974,0.0
0,21,1,5.3,400.0,400.0,10.0,0,100.0,0.1122901439666748,-1,1,22.0,1,1,0,3.1,-1,-1.4931825512595778,5.085312760156836,0.0
0,5,7,5.3,400.0,400.0,10.0,2,100.0,0.1121821403503418,-1,1,22.0,2,2,0,3.1,0,5.246053641968943,0.7542686428484122,0.0
0,2,4,5.3,400.0,400.0,10.0,-1,100.0,0.11278820037841797,-1,1,22.0,2,2,0,3.1,2,2.865396332514667,4.4586437240052605,0.0
0,3,5,5.3,400.0,400.0,10.0,-1,100.0,0.1125941276550293,-1,1,22.0,1,1,0,3.1,1,4.005472744077569,3.470761889910011,0.0
0,8,10,5.3,400.0,400.0,10.0,1,100.0,0.11276602745056152,-1,1,22.0,1,2,0,3.1,0,4.005472744077569,-3.47076188991001,0.0
0,4,6,5.3,400.0,400.0,10.0,0,100.0,0.11265015602111816,-1,1,22.0,2,2,0,3.1,2,4.821049575378947,2.201699568909998,0.0
0,17,19,5.3,400.0,400.0,10.0,-1,100.0,0.11264610290527344,-1,1,22.0,1,2,0,3.1,-1,-5.246053641968944,0.7542686428484098,0.0
0,19,21,5.3,400.0,400.0,10.0,-2,100.0,0.11108207702636719,-1,1,22.0,1,2,0,3.1,-1,-4.005472744077568,3.470761889910012,0.0
0,10,12,5.3,400.0,400.0,10.0,1,100.0,0.11191916465759277,-1,1,22.0,1,1,0,3.1,-2,1.4931825512595793,-5.085312760156835,0.0
0,13,15,5.3,400.0,400.0,10.0,1,100.0,0.1135110855102539,-1,1,22.0,2,1,0,3.1,1,-2.865396332514667,-4.4586437240052605,0.0
0,15,17,5.3,400.0,400.0,10.0,0,100.0,0.11164999008178711,-1,1,22.0,1,2,0,3.1,0,-4.821049575378945,-2.201699568910002,0.0
0,21,1,5.3,400.0,400.0,10.0,-1,100.0,0.1124269962310791,-1,1,22.0,1,1,0,3.1,0,-1.4931825512595778,5.085312760156836,0.0
0,18,20,5.3,400.0,400.0,10.0,0,100.0,0.11226987838745117,-1,1,22.0,1,2,0,3.1,0,-4.821049575378947,2.20169956891,0.0
0,16,18,5.3,400.0,400.0,10.0,0,100.0,0.11080598831176758,-1,1,22.0,1,2,0,3.1,0,-5.246053641968943,-0.7542686428484117,0.0
0,5,7,5.3,400.0,400.0,10.0,0,100.0,0.11086702346801758,-1,1,22.0,2,2,0,3.1,1,5.246053641968943,0.7542686428484122,0.0
0,3,5,5.3,400.0,400.0,10.0,-1,100.0,0.11147594451904297,-1,1,22.0,1,2,0,3.1,1,4.005472744077569,3.470761889910011,0.0
0,21,1,5.3,400.0,400.0,10.0,1,100.0,0.11180615425109863,-1,1,22.0,1,2,0,3.1,0,-1.4931825512595778,5.085312760156836,0.0
0,5,7,5.3,400.0,400.0,10.0,1,100.0,0.11192083358764648,-1,1,22.0,2,1,0,3.1,0,5.246053641968943,0.7542686428484122,0.0
0,17,19,5.3,400.0,400.0,10.0,1,100.0,0.11139893531799316,-1,1,22.0,1,1,0,3.1,0,-5.246053641968944,0.7542686428484098,0.0
0,18,20,5.3,400.0,400.0,10.0,0,100.0,0.11194396018981934,-1,1,22.0,1,1,0,3.1,1,-4.821049575378947,2.20169956891,0.0
0,16,18,5.3,400.0,400.0,10.0,1,100.0,0.11277198791503906,-1,1,22.0,2,2,0,3.1,-1,-5.246053641968943,-0.7542686428484117,0.0
0,12,14,5.3,400.0,400.0,10.0,0,100.0,0.11210894584655762,-1,1,22.0,2,2,0,3.1,-1,-1.4931825512595758,-5.085312760156836,0.0
0,15,17,5.3,400.0,400.0,10.0,1,100.0,0.11382102966308594,-1,1,22.0,2,2,0,3.1,2,-4.821049575378945,-2.201699568910002,0.0
0,19,21,5.3,400.0,400.0,10.0,-2,100.0,0.11193609237670898,-1,1,22.0,1,1,0,3.1,1,-4.005472744077568,3.470761889910012,0.0
0,0,2,5.3,400.0,400.0,10.0,2,100.0,0.1127018928527832,-1,1,22.0,2,2,0,3.1,1,0.0,5.3,0.0
0,10,12,5.3,400.0,400.0,10.0,1,100.0,0.1126248836517334,-1,1,22.0,2,1,0,3.1,-1,1.4931825512595793,-5.085312760156835,0.0
0,6,8,5.3,400.0,400.0,10.0,-1,100.0,0.11261701583862305,-1,1,22.0,1,2,0,3.1,-2,5.246053641968944,-0.7542686428484106,0.0
0,2,4,5.3,400.0,400.0,10.0,-1,100.0,0.11081695556640625,-1,1,22.0,1,1,0,3.1,0,2.865396332514667,4.4586437240052605,0.0
0,18,20,5.3,400.0,400.0,10.0,1,100.0,0.11231803894042969,-1,1,22.0,1,2,0,3.1,0,-4.821049575378947,2.20169956891,0.0
0,19,21,5.3,400.0,400.0,10.0,-2,100.0,0.11162304878234863,-1,1,22.0,1,2,0,3.1,0,-4.005472744077568,3.470761889910012,0.0
0,13,15,5.3,400.0,400.0,10.0,1,100.0,0.11194109916687012,-1,1,22.0,1,1,0,3.1,-2,-2.865396332514667,-4.4586437240052605,0.0
0,17,19,5.3,400.0,400.0,10.0,0,100.0,0.1114499568939209,-1,1,22.0,1,2,0,3.1,0,-5.246053641968944,0.7542686428484098,0.0
0,11,13,5.3,400.0,400.0,10.0,0,100.0,0.11194396018981934,-1,1,22.0,1,2,0,3.1,0,6.490628035480972e-16,-5.3,0.0
0,21,1,5.3,400.0,400.0,10.0,-2,100.0,0.11267495155334473,-1,1,22.0,2,1,0,3.1,2,-1.4931825512595778,5.085312760156836,0.0
0,3,5,5.3,400.0,400.0,10.0,0,100.0,0.1127769947052002,-1,1,22.0,2,1,0,3.1,1,4.005472744077569,3.470761889910011,0.0
0,15,17,5.3,400.0,400.0,10.0,2,100.0,0.11166501045227051,-1,1,22.0,2,1,0,3.1,-1,-4.821049575378945,-2.201699568910002,0.0
0,19,21,5.3,400.0,400.0,10.0,0,100.0,0.11209607124328613,-1,1,22.0,2,2,0,3.1,1,-4.005472744077568,3.470761889910012,0.0
0,1,3,5.3,400.0,400.0,10.0,1,100.0,0.11266899108886719,-1,1,22.0,2,1,0,3.1,0,1.493182551259577,5.085312760156836,0.0
0,16,18,5.3,400.0,400.0,10.0,1,100.0,0.11268210411071777,-1,1,22.0,2,2,0,3.1,0,-5.246053641968943,-0.7542686428484117,0.0
0,8,10,5.3,400.0,400.0,10.0,-2,100.0,0.11170315742492676,-1,1,22.0,1,1,0,3.1,2,4.005472744077569,-3.47076188991001,0.0
0,16,18,5.3,400.0,400.0,10.0,1,100.0,0.11196708679199219,-1,1,22.0,2,1,0,3.1,0,-5.246053641968943,-0.7542686428484117,0.0
0,11,13,5.3,400.0,400.0,10.0,0,100.0,0.11268997192382812,-1,1,22.0,1,1,0,3.1,-2,6.490628035480972e-16,-5.3,0.0
0,9,11,5.3,400.0,400.0,10.0,0,100.0,0.11085915565490723,-1,1,22.0,2,1,0,3.1,-1,2.8653963325146665,-4.4586437240052605,0.0
0,19,21,5.3,400.0,400.0,10.0,-1,100.0,0.1119699478149414,-1,1,22.0,2,2,0,3.1,0,-4.005472744077568,3.470761889910012,0.0
0,15,17,5.3,400.0,400.0,10.0,-2,100.0,0.11140608787536621,-1,1,22.0,2,1,0,3.1,0,-4.821049575378945,-2.201699568910002,0.0
0,20,0,5.3,400.0,400.0,10.0,0,100.0,0.11240911483764648,-1,1,22.0,1,2,0,3.1,1,-2.8653963325146705,4.458643724005258,0.0
0,10,12,5.3,400.0,400.0,10.0,0,100.0,0.11275482177734375,-1,1,22.0,2,1,0,3.1,-1,1.4931825512595793,-5.085312760156835,0.0
0,7,9,5.3,400.0,400.0,10.0,1,100.0,0.11148810386657715,-1,1,22.0,2,1,0,3.1,1,4.8210495753789475,-2.2016995689099974,0.0
0,16,18,5.3,400.0,400.0,10.0,-1,100.0,0.11154317855834961,-1,1,22.0,1,1,0,3.1,-2,-5.246053641968943,-0.7542686428484117,0.0
0,1,3,5.3,400.0,400.0,10.0,0,100.0,0.11234307289123535,-1,1,22.0,2,2,0,3.1,-2,1.493182551259577,5.085312760156836,0.0
0,2,4,5.3,400.0,400.0,10.0,-1,100.0,0.1127169132232666,-1,1,22.0,2,1,0,3.1,-1,2.865396332514667,4.4586437240052605,0.0
0,16,18,5.3,400.0,400.0,10.0,2,100.0,0.11278200149536133,-1,1,22.0,2,2,0,3.1,0,-5.246053641968943,-0.7542686428484117,0.0
0,9,11,5.3,400.0,400.0,10.0,1,100.0,0.11100888252258301,-1,1,22.0,2,2,0,3.1,2,2.8653963325146665,-4.4586437240052605,0.0
0,20,0,5.3,400.0,400.0,10.0,0,100.0,0.11292505264282227,-1,1,22.0,2,1,0,3.1,-2,-2.8653963325146705,4.458643724005258,0.0
0,20,0,5.3,400.0,400.0,10.0,0,100.0,0.11142396926879883,-1,1,22.0,1,2,0,3.1,1,-2.8653963325146705,4.458643724005258,0.0
0,8,10,5.3,400.0,400.0,10.0,-2,100.0,0.1127619743347168,-1,1,22.0,1,2,0,3.1,-2,4.005472744077569,-3.47076188991001,0.0
0,15,17,5.3,400.0,400.0,10.0,2,100.0,0.11272001266479492,-1,1,22.0,2,2,0,3.1,-2,-4.821049575378945,-2.201699568910002,0.0
0,10,12,5.3,400.0,400.0,10.0,-2,100.0,0.11107707023620605,-1,1,22.0,2,2,0,3.1,0,1.4931825512595793,-5.085312760156835,0.0
0,11,13,5.3,400.0,400.0,10.0,0,100.0,0.11157608032226562,-1,1,22.0,2,1,0,3.1,0,6.490628035480972e-16,-5.3,0.0
0,3,5,5.3,400.0,400.0,10.0,0,100.0,0.11265206336975098,-1,1,22.0,2,1,0,3.1,-1,4.005472744077569,3.470761889910011,0.0
0,16,18,5.3,400.0,400.0,10.0,-2,100.0,0.11217999458312988,-1,1,22.0,2,2,0,3.1,0,-5.246053641968943,-0.7542686428484117,0.0
0,14,16,5.3,400.0,400.0,10.0,0,100.0,0.11140894889831543,-1,1,22.0,2,1,0,3.1,2,-4.005472744077568,-3.4707618899100114,0.0
0,17,19,5.3,400.0,400.0,10.0,-2,100.0,0.11206507682800293,-1,1,22.0,2,2,0,3.1,0,-5.246053641968944,0.7542686428484098,0.0
0,11,13,5.3,400.0,400.0,10.0,-2,100.0,0.11155200004577637,-1,1,22.0,1,2,0,3.1,-1,6.490628035480972e-16,-5.3,0.0
0,19,21,5.3,400.0,400.0,10.0,0,100.0,0.11276793479919434,-1,1,22.0,1,2,0,3.1,0,-4.005472744077568,3.470761889910012,0.0
0,14,16,5.3,400.0,400.0,10.0,0,100.0,0.11222290992736816,-1,1,22.0,1,2,0,3.1,2,-4.005472744077568,-3.4707618899100114,0.0
0,1,3,5.3,400.0,400.0,10.0,0,100.0,0.11276507377624512,-1,1,22.0,1,2,0,3.1,0,1.493182551259577,5.085312760156836,0.0
0,17,19,5.3,400.0,400.0,10.0,2,100.0,0.1127309799194336,-1,1,22.0,1,2,0,3.1,0,-5.246053641968944,0.7542686428484098,0.0
0,17,19,5.3,400.0,400.0,10.0,0,100.0,0.11270403861999512,-1,1,22.0,1,2,0,3.1,-1,-5.246053641968944,0.7542686428484098,0.0
0,3,5,5.3,400.0,400.0,10.0,0,100.0,0.11276602745056152,-1,1,22.0,2,2,0,3.1,2,4.005472744077569,3.470761889910011,0.0
0,5,7,5.3,400.0,400.0,10.0,-1,100.0,0.11194300651550293,-1,1,22.0,2,1,0,3.1,-1,5.246053641968943,0.7542686428484122,0.0
0,5,7,5.3,400.0,400.0,10.0,-2,100.0,0.11153078079223633,-1,1,22.0,2,2,0,3.1,1,5.246053641968943,0.7542686428484122,0.0
0,19,21,5.3,400.0,400.0,10.0,0,100.0,0.11268901824951172,-1,1,22.0,2,1,0,3.1,-2,-4.005472744077568,3.470761889910012,0.0
0,3,5,5.3,400.0,400.0,10.0,0,100.0,0.11265087127685547,-1,1,22.0,1,2,0,3.1,0,4.005472744077569,3.470761889910011,0.0
0,19,21,5.3,400.0,400.0,10.0,0,100.0,0.11147403717041016,-1,1,22.0,1,1,0,3.1,1,-4.005472744077568,3.470761889910012,0.0
0,11,13,5.3,400.0,400.0,10.0,-1,100.0,0.1119840145111084,-1,1,22.0,2,1,0,3.1,-2,6.490628035480972e-16,-5.3,0.0
0,1,3,5.3,400.0,400.0,10.0,0,100.0,0.1127321720123291,-1,1,22.0,1,2,0,3.1,0,1.493182551259577,5.085312760156836,0.0
0,19,21,5.3,400.0,400.0,10.0,0,100.0,0.11266803741455078,-1,1,22.0,2,1,0,3.1,0,-4.005472744077568,3.470761889910012,0.0
0,0,2,5.3,400.0,400.0,10.0,0,100.0,0.11139702796936035,-1,1,22.0,1,2,0,3.1,0,0.0,5.3,0.0
0,12,14,5.3,400.0,400.0,10.0,1,100.0,0.11268091201782227,-1,1,22.0,1,2,0,3.1,-1,-1.4931825512595758,-5.085312760156836,0.0
0,9,11,5.3,400.0,400.0,10.0,2,100.0,0.11167597770690918,-1,1,22.0,2,2,0,3.1,1,2.8653963325146665,-4.4586437240052605,0.0
0,16,18,5.3,400.0,400.0,10.0,-1,100.0,0.11186099052429199,-1,1,22.0,2,2,0,3.1,0,-5.246053641968943,-0.7542686428484117,0.0
0,12,14,5.3,400.0,400.0,10.0,1,100.0,0.11140918731689453,-1,1,22.0,1,2,0,3.1,0,-1.4931825512595758,-5.085312760156836,0.0
0,20,0,5.3,400.0,400.0,10.0,0,100.0,0.11196112632751465,-1,1,22.0,2,2,0,3.1,-2,-2.8653963325146705,4.458643724005258,0.0
0,1,3,5.3,400.0,400.0,10.0,-2,100.0,0.1121211051940918,-1,1,22.0,1,2,0,3.1,0,1.493182551259577,5.085312760156836,0.0
0,14,16,5.3,400.0,400.0,10.0,0,100.0,0.11267781257629395,-1,1,22.0,2,2,0,3.1,1,-4.005472744077568,-3.4707618899100114,0.0
0,14,16,5.3,400.0,400.0,10.0,-2,100.0,0.11159181594848633,-1,1,22.0,2,1,0,3.1,-2,-4.005472744077568,-3.4707618899100114,0.0
0,6,8,5.3,400.0,400.0,10.0,0,100.0,0.11083507537841797,-1,1,22.0,2,1,0,3.1,0,5.246053641968944,-0.7542686428484106,0.0
0,13,15,5.3,400.0,400.0,10.0,-1,100.0,0.11106586456298828,-1,1,22.0,2,1,0,3.1,0,-2.865396332514667,-4.4586437240052605,0.0
0,15,17,5.3,400.0,400.0,10.0,0,100.0,0.11200404167175293,-1,1,22.0,2,2,0,3.1,1,-4.821049575378945,-2.201699568910002,0.0
0,14,16,5.3,400.0,400.0,10.0,-1,100.0,0.11280012130737305,-1,1,22.0,2,1,0,3.1,0,-4.005472744077568,-3.4707618899100114,0.0
0,11,13,5.3,400.0,400.0,10.0,1,100.0,0.11297011375427246,-1,1,22.0,2,2,0,3.1,2,6.490628035480972e-16,-5.3,0.0
0,5,7,5.3,400.0,400.0,10.0,0,100.0,0.1121211051940918,-1,1,22.0,1,1,0,3.1,2,5.246053641968943,0.7542686428484122,0.0
0,21,1,5.3,400.0,400.0,10.0,2,100.0,0.11288213729858398,-1,1,22.0,1,1,0,3.1,0,-1.4931825512595778,5.085312760156836,0.0
0,8,10,5.3,400.0,400.0,10.0,2,100.0,0.11156702041625977,-1,1,22.0,2,1,0,3.1,-2,4.005472744077569,-3.47076188991001,0.0
0,13,15,5.3,400.0,400.0,10.0,1,100.0,0.1127619743347168,-1,1,22.0,2,2,0,3.1,0,-2.865396332514667,-4.4586437240052605,0.0
0,13,15,5.3,400.0,400.0,10.0,-1,100.0,0.11217999458312988,-1,1,22.0,1,2,0,3.1,-1,-2.865396332514667,-4.4586437240052605,0.0
0,19,21,5.3,400.0,400.0,10.0,-2,100.0,0.11259102821350098,-1,1,22.0,1,2,0,3.1,0,-4.005472744077568,3.470761889910012,0.0
0,4,6,5.3,400.0,400.0,10.0,2,100.0,0.11212587356567383,-1,1,22.0,1,2,0,3.1,0,4.821049575378947,2.201699568909998,0.0
0,5,7,5.3,400.0,400.0,10.0,-2,100.0,0.11201214790344238,-1,1,22.0,2,1,0,3.1,0,5.246053641968943,0.7542686428484122,0.0
0,21,1,5.3,400.0,400.0,10.0,1,100.0,0.11195588111877441,-1,1,22.0,2,1,0,3.1,-1,-1.4931825512595778,5.085312760156836,0.0
0,14,16,5.3,400.0,400.0,10.0,0,100.0,0.11270308494567871,-1,1,22.0,1,2,0,3.1,0,-4.005472744077568,-3.4707618899100114,0.0
0,12,14,5.3,400.0,400.0,10.0,-1,100.0,0.11276793479919434,-1,1,22.0,1,1,0,3.1,0,-1.4931825512595758,-5.085312760156836,0.0
0,20,0,5.3,400.0,400.0,10.0,-2,100.0,0.11203312873840332,-1,1,22.0,1,1,0,3.1,0,-2.8653963325146705,4.458643724005258,0.0
0,8,10,5.3,400.0,400.0,10.0,2,100.0,0.11099600791931152,-1,1,22.0,2,1,0,3.1,0,4.005472744077569,-3.47076188991001,0.0
0,8,10,5.3,400.0,400.0,10.0,1,100.0,0.11113810539245605,-1,1,22.0,1,2,0,3.1,0,4.005472744077569,-3.47076188991001,0.0
0,20,0,5.3,400.0,400.0,10.0,1,100.0,0.11270999908447266,-1,1,22.0,2,1,0,3.1,-2,-2.8653963325146705,4.458643724005258,0.0
0,13,15,5.3,400.0,400.0,10.0,2,100.0,0.11197710037231445,-1,1,22.0,1,2,0,3.1,0,-2.865396332514667,-4.4586437240052605,0.0
0,19,21,5.3,400.0,400.0,10.0,-1,100.0,0.1121368408203125,-1,1,22.0,2,2,0,3.1,2,-4.005472744077568,3.470761889910012,0.0
0,5,7,5.3,400.0,400.0,10.0,0,100.0,0.11180782318115234,-1,1,22.0,2,2,0,3.1,2,5.246053641968943,0.7542686428484122,0.0
0,21,1,5.3,400.0,400.0,10.0,-2,100.0,0.11144495010375977,-1,1,22.0,1,1,0,3.1,-1,-1.4931825512595778,5.085312760156836,0.0
0,8,10,5.3,400.0,400.0,10.0,-2,100.0,0.11181187629699707,-1,1,22.0,2,1,0,3.1,0,4.005472744077569,-3.47076188991001,0.0
0,13,15,5.3,400.0,400.0,10.0,-2,100.0,0.11086392402648926,-1,1,22.0,1,1,0,3.1,0,-2.865396332514667,-4.4586437240052605,0.0
0,9,11,5.3,400.0,400.0,10.0,-2,100.0,0.11083102226257324,-1,1,22.0,2,1,0,3.1,0,2.8653963325146665,-4.4586437240052605,0.0
0,13,15,5.3,400.0,400.0,10.0,1,100.0,0.11170506477355957,-1,1,22.0,2,1,0,3.1,-1,-2.865396332514667,-4.4586437240052605,0.0
0,7,9,5.3,400.0,400.0,10.0,-2,100.0,0.11152291297912598,-1,1,22.0,2,1,0,3.1,0,4.8210495753789475,-2.2016995689099974,0.0
0,13,15,5.3,400.0,400.0,10.0,2,100.0,0.11234903335571289,-1,1,22.0,1,1,0,3.1,-1,-2.865396332514667,-4.4586437240052605,0.0
0,9,11,5.3,400.0,400.0,10.0,-1,100.0,0.11232304573059082,-1,1,22.0,2,1,0,3.1,0,2.8653963325146665,-4.4586437240052605,0.0
0,9,11,5.3,400.0,400.0,10.0,0,100.0,0.11277294158935547,-1,1,22.0,2,2,0,3.1,1,2.8653963325146665,-4.4586437240052605,0.0
0,11,13,5.3,400.0,400.0,10.0,1,100.0,0.11268782615661621,-1,1,22.0,2,2,0,3.1,0,6.490628035480972e-16,-5.3,0.0
0,7,9,5.3,400.0,400.0,10.0,-1,100.0,0.11274099349975586,-1,1,22.0,1,2,0,3.1,0,4.8210495753789475,-2.2016995689099974,0.0
0,17,19,5.3,400.0,400.0,10.0,0,100.0,0.11229491233825684,-1,1,22.0,2,2,0,3.1,2,-5.246053641968944,0.7542686428484098,0.0
0,9,11,5.3,400.0,400.0,10.0,-1,100.0,0.1128549575805664,-1,1,22.0,2,1,0,3.1,2,2.8653963325146665,-4.4586437240052605,0.0
0,2,4,5.3,400.0,400.0,10.0,-2,100.0,0.11280488967895508,-1,1,22.0,1,1,0,3.1,0,2.865396332514667,4.4586437240052605,0.0
0,20,0,5.3,400.0,400.0,10.0,1,100.0,0.11281108856201172,-1,1,22.0,2,1,0,3.1,0,-2.8653963325146705,4.458643724005258,0.0
0,21,1,5.3,400.0,400.0,10.0,-1,100.0,0.11194109916687012,-1,1,22.0,2,1,0,3.1,0,-1.4931825512595778,5.085312760156836,0.0
0,13,15,5.3,400.0,400.0,10.0,0,100.0,0.1127769947052002,-1,1,22.0,1,2,0,3.1,-2,-2.865396332514667,-4.4586437240052605,0.0
0,5,7,5.3,400.0,400.0,10.0,0,100.0,0.11282110214233398,-1,1,22.0,2,1,0,3.1,0,5.246053641968943,0.7542686428484122,0.0
0,11,13,5.3,400.0,400.0,10.0,1,100.0,0.11141610145568848,-1,1,22.0,2,2,0,3.1,0,6.490628035480972e-16,-5.3,0.0
0,4,6,5.3,400.0,400.0,10.0,0,100.0,0.11202502250671387,-1,1,22.0,1,2,0,3.1,0,4.821049575378947,2.201699568909998,0.0
0,2,4,5.3,400.0,400.0,10.0,0,100.0,0.11278605461120605,-1,1,22.0,1,2,0,3.1,0,2.865396332514667,4.4586437240052605,0.0
0,21,1,5.3,400.0,400.0,10.0,0,100.0,0.11280202865600586,-1,1,22.0,1,1,0,3.1,1,-1.4931825512595778,5.085312760156836,0.0
0,1,3,5.3,400.0,400.0,10.0,0,100.0,0.11278700828552246,-1,1,22.0,1,2,0,3.1,0,1.493182551259577,5.085312760156836,0.0
0,17,19,5.3,400.0,400.0,10.0,-2,100.0,0.11267805099487305,-1,1,22.0,2,1,0,3.1,2,-5.246053641968944,0.7542686428484098,0.0
0,2,4,5.3,400.0,400.0,10.0,0,100.0,0.11265206336975098,-1,1,22.0,2,2,0,3.1,1,2.865396332514667,4.4586437240052605,0.0
0,4,6,5.3,400.0,400.0,10.0,-2,100.0,0.11158919334411621,-1,1,22.0,2,1,0,3.1,-2,4.821049575378947,2.201699568909998,0.0
0,17,19,5.3,400.0,400.0,10.0,-2,100.0,0.11235880851745605,-1,1,22.0,2,2,0,3.1,1,-5.246053641968944,0.7542686428484098,0.0
0,11,13,5.3,400.0,400.0,10.0,1,100.0,0.1122751235961914,-1,1,22.0,2,2,0,3.1,-1,6.490628035480972e-16,-5.3,0.0
0,7,9,5.3,400.0,400.0,10.0,1,100.0,0.11105704307556152,-1,1,22.0,2,1,0,3.1,2,4.8210495753789475,-2.2016995689099974,0.0
0,4,6,5.3,400.0,400.0,10.0,0,100.0,0.11136388778686523,-1,1,22.0,1,2,0,3.1,1,4.821049575378947,2.201699568909998,0.0
0,8,10,5.3,400.0,400.0,10.0,1,100.0,0.11282110214233398,-1,1,22.0,2,2,0,3.1,-1,4.005472744077569,-3.47076188991001,0.0
0,13,15,5.3,400.0,400.0,10.0,-2,100.0,0.1108088493347168,-1,1,22.0,1,1,0,3.1,0,-2.865396332514667,-4.4586437240052605,0.0
0,15,17,5.3,400.0,400.0,10.0,0,100.0,0.11197614669799805,-1,1,22.0,2,2,0,3.1,-1,-4.821049575378945,-2.201699568910002,0.0
0,18,20,5.3,400.0,400.0,10.0,-1,100.0,0.11140108108520508,-1,1,22.0,2,1,0,3.1,0,-4.821049575378947,2.20169956891,0.0
0,12,14,5.3,400.0,400.0,10.0,0,100.0,0.1118619441986084,-1,1,22.0,1,1,0,3.1,1,-1.4931825512595758,-5.085312760156836,0.0
0,21,1,5.3,400.0,400.0,10.0,0,100.0,0.11271882057189941,-1,1,22.0,2,2,0,3.1,1,-1.4931825512595778,5.085312760156836,0.0
0,17,19,5.3,400.0,400.0,10.0,-2,100.0,0.11279416084289551,-1,1,22.0,1,1,0,3.1,0,-5.246053641968944,0.7542686428484098,0.0
0,20,0,5.3,400.0,400.0,10.0,2,100.0,0.11271977424621582,-1,1,22.0,1,1,0,3.1,-2,-2.8653963325146705,4.458643724005258,0.0
0,13,15,5.3,400.0,400.0,10.0,-2,100.0,0.1127479076385498,-1,1,22.0,2,2,0,3.1,0,-2.865396332514667,-4.4586437240052605,0.0
0,4,6,5.3,400.0,400.0,10.0,-1,100.0,0.11214900016784668,-1,1,22.0,1,1,0,3.1,0,4.821049575378947,2.201699568909998,0.0
0,0,2,5.3,400.0,400.0,10.0,1,100.0,0.11270880699157715,-1,1,22.0,1,2,0,3.1,0,0.0,5.3,0.0
0,2,4,5.3,400.0,400.0,10.0,1,100.0,0.11114692687988281,-1,1,22.0,2,2,0,3.1,0,2.865396332514667,4.4586437240052605,0.0
0,3,5,5.3,400.0,400.0,10.0,0,100.0,0.11292099952697754,-1,1,22.0,1,2,0,3.1,0,4.005472744077569,3.470761889910011,0.0
0,15,17,5.3,400.0,400.0,10.0,-1,100.0,0.11145687103271484,-1,1,22.0,1,2,0,3.1,1,-4.821049575378945,-2.201699568910002,0.0
0,21,1,5.3,400.0,400.0,10.0,1,100.0,0.11173295974731445,-1,1,22.0,1,1,0,3.1,0,-1.4931825512595778,5.085312760156836,0.0
0,11,13,5.3,400.0,400.0,10.0,1,100.0,0.11278510093688965,-1,1,22.0,2,1,0,3.1,-2,6.490628035480972e-16,-5.3,0.0
0,0,2,5.3,400.0,400.0,10.0,-2,100.0,0.11276912689208984,-1,1,22.0,2,1,0,3.1,-2,0.0,5.3,0.0
0,20,0,5.3,400.0,400.0,10.0,0,100.0,0.11150908470153809,-1,1,22.0,1,2,0,3.1,0,-2.8653963325146705,4.458643724005258,0.0
0,6,8,5.3,400.0,400.0,10.0,2,100.0,0.11101412773132324,-1,1,22.0,2,2,0,3.1,0,5.246053641968944,-0.7542686428484106,0.0
0,1,3,5.3,400.0,400.0,10.0,0,100.0,0.1126699447631836,-1,1,22.0,2,2,0,3.1,-1,1.493182551259577,5.085312760156836,0.0
0,19,21,5.3,400.0,400.0,10.0,-1,100.0,0.11207795143127441,-1,1,22.0,2,1,0,3.1,0,-4.005472744077568,3.470761889910012,0.0
0,21,1,5.3,400.0,400.0,10.0,0,100.0,0.11101078987121582,-1,1,22.0,2,1,0,3.1,1,-1.4931825512595778,5.085312760156836,0.0
0,13,15,5.3,400.0,400.0,10.0,1,100.0,0.11083507537841797,-1,1,22.0,1,2,0,3.1,-2,-2.865396332514667,-4.4586437240052605,0.0
0,20,0,5.3,400.0,400.0,10.0,1,100.0,0.11179900169372559,-1,1,22.0,2,2,0,3.1,0,-2.8653963325146705,4.458643724005258,0.0
0,21,1,5.3,400.0,400.0,10.0,0,100.0,0.1111137866973877,-1,1,22.0,2,1,0,3.1,0,-1.4931825512595778,5.085312760156836,0.0
0,15,17,5.3,400.0,400.0,10.0,0,100.0,0.11199092864990234,-1,1,22.0,2,2,0,3.1,2,-4.821049575378945,-2.201699568910002,0.0
0,0,2,5.3,400.0,400.0,10.0,0,100.0,0.11198186874389648,-1,1,22.0,2,1,0,3.1,-1,0.0,5.3,0.0
0,21,1,5.3,400.0,400.0,10.0,-2,100.0,0.1119680404663086,-1,1,22.0,1,2,0,3.1,0,-1.4931825512595778,5.085312760156836,0.0
0,6,8,5.3,400.0,400.0,10.0,0,100.0,0.11269593238830566,-1,1,22.0,1,2,0,3.1,2,5.246053641968944,-0.7542686428484106,0.0
0,4,6,5.3,400.0,400.0,10.0,0,100.0,0.11159014701843262,-1,1,22.0,1,1,0,3.1,2,4.821049575378947,2.201699568909998,0.0
0,7,9,5.3,400.0,400.0,10.0,0,100.0,0.11159586906433105,-1,1,22.0,1,2,0,3.1,2,4.8210495753789475,-2.2016995689099974,0.0
0,21,1,5.3,400.0,400.0,10.0,-2,100.0,0.11160707473754883,-1,1,22.0,1,1,0,3.1,0,-1.4931825512595778,5.085312760156836,0.0
0,19,21,5.3,400.0,400.0,10.0,0,100.0,0.11084604263305664,-1,1,22.0,1,1,0,3.1,2,-4.005472744077568,3.470761889910012,0.0
0,21,1,5.3,400.0,400.0,10.0,0,100.0,0.11116719245910645,-1,1,22.0,1,2,0,3.1,2,-1.4931825512595778,5.085312760156836,0.0
0,8,10,5.3,400.0,400.0,10.0,2,100.0,0.11212706565856934,-1,1,22.0,2,1,0,3.1,-1,4.005472744077569,-3.47076188991001,0.0
0,10,12,5.3,400.0,400.0,10.0,2,100.0,0.11267995834350586,-1,1,22.0,1,1,0,3.1,1,1.4931825512595793,-5.085312760156835,0.0
0,12,14,5.3,400.0,400.0,10.0,0,100.0,0.1123499870300293,-1,1,22.0,2,2,0,3.1,2,-1.4931825512595758,-5.085312760156836,0.0
0,6,8,5.3,400.0,400.0,10.0,0,100.0,0.11167097091674805,-1,1,22.0,2,1,0,3.1,0,5.246053641968944,-0.7542686428484106,0.0
0,19,21,5.3,400.0,400.0,10.0,-1,100.0,0.11093997955322266,-1,1,22.0,1,1,0,3.1,1,-4.005472744077568,3.470761889910012,0.0
0,0,2,5.3,400.0,400.0,10.0,0,100.0,0.11086082458496094,-1,1,22.0,1,2,0,3.1,0,0.0,5.3,0.0
0,3,5,5.3,400.0,400.0,10.0,0,100.0,0.1110849380493164,-1,1,22.0,1,2,0,3.1,0,4.005472744077569,3.470761889910011,0.0
0,9,11,5.3,400.0,400.0,10.0,2,100.0,0.11138796806335449,-1,1,22.0,2,2,0,3.1,1,2.8653963325146665,-4.4586437240052605,0.0
0,15,17,5.3,400.0,400.0,10.0,1,100.0,0.11158394813537598,-1,1,22.0,2,1,0,3.1,1,-4.821049575378945,-2.201699568910002,0.0
0,20,0,5.3,400.0,400.0,10.0,0,100.0,0.11257505416870117,-1,1,22.0,1,2,0,3.1,0,-2.8653963325146705,4.458643724005258,0.0
0,20,0,5.3,400.0,400.0,10.0,0,100.0,0.11195206642150879,-1,1,22.0,1,2,0,3.1,0,-2.8653963325146705,4.458643724005258,0.0
0,1,3,5.3,400.0,400.0,10.0,0,100.0,0.1119840145111084,-1,1,22.0,1,2,0,3.1,0,1.493182551259577,5.085312760156836,0.0
0,11,13,5.3,400.0,400.0,10.0,-2,100.0,0.11254596710205078,-1,1,22.0,2,1,0,3.1,-2,6.490628035480972e-16,-5.3,0.0
0,21,1,5.3,400.0,400.0,10.0,2,100.0,0.11212015151977539,-1,1,22.0,2,2,0,3.1,0,-1.4931825512595778,5.085312760156836,0.0
0,3,5,5.3,400.0,400.0,10.0,0,100.0,0.11291193962097168,-1,1,22.0,1,2,0,3.1,0,4.005472744077569,3.470761889910011,0.0
0,3,5,5.3,400.0,400.0,10.0,-1,100.0,0.11102294921875,-1,1,22.0,2,2,0,3.1,-2,4.005472744077569,3.470761889910011,0.0
0,18,20,5.3,400.0,400.0,10.0,-2,100.0,0.11288905143737793,-1,1,22.0,2,2,0,3.1,1,-4.821049575378947,2.20169956891,0.0
0,18,20,5.3,400.0,400.0,10.0,0,100.0,0.11086678504943848,-1,1,22.0,1,2,0,3.1,-2,-4.821049575378947,2.20169956891,0.0
0,17,19,5.3,400.0,400.0,10.0,-2,100.0,0.11189699172973633,-1,1,22.0,1,1,0,3.1,2,-5.246053641968944,0.7542686428484098,0.0
0,3,5,5.3,400.0,400.0,10.0,0,100.0,0.11322712898254395,-1,1,22.0,1,2,0,3.1,0,4.005472744077569,3.470761889910011,0.0
0,20,0,5.3,400.0,400.0,10.0,-1,100.0,0.11151599884033203,-1,1,22.0,1,2,0,3.1,0,-2.8653963325146705,4.458643724005258,0.0
0,1,3,5.3,400.0,400.0,10.0,-1,100.0,0.11200618743896484,-1,1,22.0,1,2,0,3.1,0,1.493182551259577,5.085312760156836,0.0
0,16,18,5.3,400.0,400.0,10.0,-2,100.0,0.11205291748046875,-1,1,22.0,2,1,0,3.1,-2,-5.246053641968943,-0.7542686428484117,0.0
0,0,2,5.3,400.0,400.0,10.0,0,100.0,0.11274313926696777,-1,1,22.0,1,2,0,3.1,0,0.0,5.3,0.0
0,9,11,5.3,400.0,400.0,10.0,2,100.0,0.11161494255065918,-1,1,22.0,1,2,0,3.1,1,2.8653963325146665,-4.4586437240052605,0.0
0,21,1,5.3,400.0,400.0,10.0,-1,100.0,0.11086511611938477,-1,1,22.0,2,1,0,3.1,-2,-1.4931825512595778,5.085312760156836,0.0
0,9,11,5.3,400.0,400.0,10.0,-1,100.0,0.1123208999633789,-1,1,22.0,2,2,0,3.1,0,2.8653963325146665,-4.4586437240052605,0.0
0,13,15,5.3,400.0,400.0,10.0,0,100.0,0.11221098899841309,-1,1,22.0,1,2,0,3.1,-1,-2.865396332514667,-4.4586437240052605,0.0
0,18,20,5.3,400.0,400.0,10.0,0,100.0,0.11282801628112793,-1,1,22.0,1,1,0,3.1,2,-4.821049575378947,2.20169956891,0.0
0,12,14,5.3,400.0,400.0,10.0,0,100.0,0.11269593238830566,-1,1,22.0,2,1,0,3.1,0,-1.4931825512595758,-5.085312760156836,0.0
0,20,0,5.3,400.0,400.0,10.0,0,100.0,0.11271500587463379,-1,1,22.0,1,2,0,3.1,2,-2.8653963325146705,4.458643724005258,0.0
0,18,20,5.3,400.0,400.0,10.0,0,100.0,0.11158609390258789,-1,1,22.0,1,2,0,3.1,2,-4.821049575378947,2.20169956891,0.0
0,5,7,5.3,400.0,400.0,10.0,-2,100.0,0.11270999908447266,-1,1,22.0,1,1,0,3.1,1,5.246053641968943,0.7542686428484122,0.0
0,4,6,5.3,400.0,400.0,10.0,0,100.0,0.11262679100036621,-1,1,22.0,2,1,0,3.1,-2,4.821049575378947,2.201699568909998,0.0
0,2,4,5.3,400.0,400.0,10.0,0,100.0,0.11099100112915039,-1,1,22.0,1,2,0,3.1,-1,2.865396332514667,4.4586437240052605,0.0
0,18,20,5.3,400.0,400.0,10.0,0,100.0,0.11156702041625977,-1,1,22.0,1,2,0,3.1,1,-4.821049575378947,2.20169956891,0.0
0,6,8,5.3,400.0,400.0,10.0,-2,100.0,0.1122438907623291,-1,1,22.0,2,2,0,3.1,-1,5.246053641968944,-0.7542686428484106,0.0
0,14,16,5.3,400.0,400.0,10.0,1,100.0,0.11275601387023926,-1,1,22.0,2,1,0,3.1,0,-4.005472744077568,-3.4707618899100114,0.0
0,7,9,5.3,400.0,400.0,10.0,-1,100.0,0.11222600936889648,-1,1,22.0,2,1,0,3.1,-1,4.8210495753789475,-2.2016995689099974,0.0
0,14,16,5.3,400.0,400.0,10.0,-2,100.0,0.1108250617980957,-1,1,22.0,2,2,0,3.1,0,-4.005472744077568,-3.4707618899100114,0.0
0,7,9,5.3,400.0,400.0,10.0,-1,100.0,0.1130070686340332,-1,1,22.0,1,1,0,3.1,-2,4.8210495753789475,-2.2016995689099974,0.0
0,6,8,5.3,400.0,400.0,10.0,0,100.0,0.11304187774658203,-1,1,22.0,1,1,0,3.1,-2,5.246053641968944,-0.7542686428484106,0.0
0,7,9,5.3,400.0,400.0,10.0,1,100.0,0.11107301712036133,-1,1,22.0,1,1,0,3.1,0,4.8210495753789475,-2.2016995689099974,0.0
0,2,4,5.3,400.0,400.0,10.0,0,100.0,0.11160683631896973,-1,1,22.0,2,1,0,3.1,0,2.865396332514667,4.4586437240052605,0.0
0,19,21,5.3,400.0,400.0,10.0,1,100.0,0.11237192153930664,-1,1,22.0,2,1,0,3.1,0,-4.005472744077568,3.470761889910012,0.0
0,13,15,5.3,400.0,400.0,10.0,-1,100.0,0.11204886436462402,-1,1,22.0,2,2,0,3.1,1,-2.865396332514667,-4.4586437240052605,0.0
0,4,6,5.3,400.0,400.0,10.0,0,100.0,0.11295199394226074,-1,1,22.0,1,1,0,3.1,-1,4.821049575378947,2.201699568909998,0.0
0,17,19,5.3,400.0,400.0,10.0,1,100.0,0.11227297782897949,-1,1,22.0,2,2,0,3.1,-2,-5.246053641968944,0.7542686428484098,0.0
0,10,12,5.3,400.0,400.0,10.0,-1,100.0,0.11184501647949219,-1,1,22.0,1,1,0,3.1,2,1.4931825512595793,-5.085312760156835,0.0
0,4,6,5.3,400.0,400.0,10.0,0,100.0,0.11270809173583984,-1,1,22.0,2,1,0,3.1,0,4.821049575378947,2.201699568909998,0.0
0,14,16,5.3,400.0,400.0,10.0,-1,100.0,0.11213111877441406,-1,1,22.0,1,2,0,3.1,0,-4.005472744077568,-3.4707618899100114,0.0
0,15,17,5.3,400.0,400.0,10.0,2,100.0,0.11153793334960938,-1,1,22.0,1,2,0,3.1,-1,-4.821049575378945,-2.201699568910002,0.0
0,2,4,5.3,400.0,400.0,10.0,0,100.0,0.11159300804138184,-1,1,22.0,2,1,0,3.1,1,2.865396332514667,4.4586437240052605,0.0
0,21,1,5.3,400.0,400.0,10.0,2,100.0,0.11296486854553223,-1,1,22.0,2,1,0,3.1,0,-1.4931825512595778,5.085312760156836,0.0
0,20,0,5.3,400.0,400.0,10.0,1,100.0,0.11210107803344727,-1,1,22.0,2,1,0,3.1,0,-2.8653963325146705,4.458643724005258,0.0
0,2,4,5.3,400.0,400.0,10.0,0,100.0,0.11268210411071777,-1,1,22.0,2,1,0,3.1,2,2.865396332514667,4.4586437240052605,0.0
0,0,2,5.3,400.0,400.0,10.0,1,100.0,0.11202883720397949,-1,1,22.0,1,1,0,3.1,2,0.0,5.3,0.0
0,0,2,5.3,400.0,400.0,10.0,0,100.0,0.11271095275878906,-1,1,22.0,1,1,0,3.1,-2,0.0,5.3,0.0
0,1,3,5.3,400.0,400.0,10.0,0,100.0,0.11139988899230957,-1,1,22.0,2,1,0,3.1,0,1.493182551259577,5.085312760156836,0.0
0,15,17,5.3,400.0,400.0,10.0,2,100.0,0.11232900619506836,-1,1,22.0,2,2,0,3.1,-1,-4.821049575378945,-2.201699568910002,0.0
0,10,12,5.3,400.0,400.0,10.0,2,100.0,0.11283183097839355,-1,1,22.0,2,1,0,3.1,0,1.4931825512595793,-5.085312760156835,0.0
0,5,7,5.3,400.0,400.0,10.0,0,100.0,0.11276602745056152,-1,1,22.0,1,2,0,3.1,0,5.246053641968943,0.7542686428484122,0.0
0,17,19,5.3,400.0,400.0,10.0,0,100.0,0.11270713806152344,-1,1,22.0,1,2,0,3.1,0,-5.246053641968944,0.7542686428484098,0.0
0,17,19,5.3,400.0,400.0,10.0,1,100.0,0.11269497871398926,-1,1,22.0,2,2,0,3.1,2,-5.246053641968944,0.7542686428484098,0.0
0,13,15,5.3,400.0,400.0,10.0,1,100.0,0.11224508285522461,-1,1,22.0,1,1,0,3.1,-2,-2.865396332514667,-4.4586437240052605,0.0
0,14,16,5.3,400.0,400.0,10.0,-2,100.0,0.11187195777893066,-1,1,22.0,2,2,0,3.1,1,-4.005472744077568,-3.4707618899100114,0.0
0,3,5,5.3,400.0,400.0,10.0,0,100.0,0.11220717430114746,-1,1,22.0,1,1,0,3.1,-2,4.005472744077569,3.470761889910011,0.0
0,17,19,5.3,400.0,400.0,10.0,0,100.0,0.1116180419921875,-1,1,22.0,1,1,0,3.1,-2,-5.246053641968944,0.7542686428484098,0.0
0,15,17,5.3,400.0,400.0,10.0,1,100.0,0.11150002479553223,-1,1,22.0,1,2,0,3.1,1,-4.821049575378945,-2.201699568910002,0.0
0,20,0,5.3,400.0,400.0,10.0,0,100.0,0.11165714263916016,-1,1,22.0,1,2,0,3.1,0,-2.8653963325146705,4.458643724005258,0.0
0,4,6,5.3,400.0,400.0,10.0,2,100.0,0.11156511306762695,-1,1,22.0,1,1,0,3.1,1,4.821049575378947,2.201699568909998,0.0
0,14,16,5.3,400.0,400.0,10.0,0,100.0,0.11275100708007812,-1,1,22.0,1,1,0,3.1,-1,-4.005472744077568,-3.4707618899100114,0.0
0,13,15,5.3,400.0,400.0,10.0,2,100.0,0.11183309555053711,-1,1,22.0,1,2,0,3.1,0,-2.865396332514667,-4.4586437240052605,0.0
0,0,2,5.3,400.0,400.0,10.0,0,100.0,0.11197113990783691,-1,1,22.0,1,2,0,3.1,0,0.0,5.3,0.0
0,21,1,5.3,400.0,400.0,10.0,-1,100.0,0.1116800308227539,-1,1,22.0,2,1,0,3.1,-1,-1.4931825512595778,5.085312760156836,0.0
0,12,14,5.3,400.0,400.0,10.0,-2,100.0,0.11219501495361328,-1,1,22.0,1,2,0,3.1,-2,-1.4931825512595758,-5.085312760156836,0.0
0,12,14,5.3,400.0,400.0,10.0,2,100.0,0.11273813247680664,-1,1,22.0,2,1,0,3.1,-2,-1.4931825512595758,-5.085312760156836,0.0
0,0,2,5.3,400.0,400.0,10.0,-1,100.0,0.11194515228271484,-1,1,22.0,1,2,0,3.1,0,0.0,5.3,0.0
0,19,21,5.3,400.0,400.0,10.0,0,100.0,0.1123349666595459,-1,1,22.0,2,2,0,3.1,1,-4.005472744077568,3.470761889910012,0.0
0,17,19,5.3,400.0,400.0,10.0,1,100.0,0.11258411407470703,-1,1,22.0,1,1,0,3.1,-2,-5.246053641968944,0.7542686428484098,0.0
0,12,14,5.3,400.0,400.0,10.0,1,100.0,0.1129310131072998,-1,1,22.0,1,1,0,3.1,-2,-1.4931825512595758,-5.085312760156836,0.0
0,12,14,5.3,400.0,400.0,10.0,-1,100.0,0.11282086372375488,-1,1,22.0,1,2,0,3.1,2,-1.4931825512595758,-5.085312760156836,0.0
0,11,13,5.3,400.0,400.0,10.0,-1,100.0,0.11087393760681152,-1,1,22.0,1,2,0,3.1,2,6.490628035480972e-16,-5.3,0.0
0,5,7,5.3,400.0,400.0,10.0,-1,100.0,0.11276483535766602,-1,1,22.0,2,1,0,3.1,1,5.246053641968943,0.7542686428484122,0.0
0,17,19,5.3,400.0,400.0,10.0,0,100.0,0.1109931468963623,-1,1,22.0,2,2,0,3.1,1,-5.246053641968944,0.7542686428484098,0.0
0,19,21,5.3,400.0,400.0,10.0,0,100.0,0.1119849681854248,-1,1,22.0,1,1,0,3.1,-1,-4.005472744077568,3.470761889910012,0.0
0,3,5,5.3,400.0,400.0,10.0,0,100.0,0.11195611953735352,-1,1,22.0,2,1,0,3.1,-1,4.005472744077569,3.470761889910011,0.0
0,11,13,5.3,400.0,400.0,10.0,1,100.0,0.1131598949432373,-1,1,22.0,2,1,0,3.1,-2,6.490628035480972e-16,-5.3,0.0
0,10,12,5.3,400.0,400.0,10.0,2,100.0,0.11206293106079102,-1,1,22.0,2,1,0,3.1,-2,1.4931825512595793,-5.085312760156835,0.0
0,0,2,5.3,400.0,400.0,10.0,1,100.0,0.11204004287719727,-1,1,22.0,2,1,0,3.1,1,0.0,5.3,0.0
0,1,3,5.3,400.0,400.0,10.0,1,100.0,0.11275005340576172,-1,1,22.0,1,1,0,3.1,0,1.493182551259577,5.085312760156836,0.0
0,17,19,5.3,400.0,400.0,10.0,0,100.0,0.11233806610107422,-1,1,22.0,2,1,0,3.1,0,-5.246053641968944,0.7542686428484098,0.0
0,9,11,5.3,400.0,400.0,10.0,-2,100.0,0.11288189888000488,-1,1,22.0,1,2,0,3.1,-1,2.8653963325146665,-4.4586437240052605,0.0
0,18,20,5.3,400.0,400.0,10.0,0,100.0,0.11083292961120605,-1,1,22.0,1,2,0,3.1,0,-4.821049575378947,2.20169956891,0.0
0,12,14,5.3,400.0,400.0,10.0,1,100.0,0.11086487770080566,-1,1,22.0,1,2,0,3.1,0,-1.4931825512595758,-5.085312760156836,0.0
0,5,7,5.3,400.0,400.0,10.0,-1,100.0,0.11150693893432617,-1,1,22.0,1,1,0,3.1,0,5.246053641968943,0.7542686428484122,0.0
0,7,9,5.3,400.0,400.0,10.0,1,100.0,0.1121981143951416,-1,1,22.0,1,1,0,3.1,0,4.8210495753789475,-2.2016995689099974,0.0
0,15,17,5.3,400.0,400.0,10.0,2,100.0,0.11144804954528809,-1,1,22.0,1,1,0,3.1,0,-4.821049575378945,-2.201699568910002,0.0
0,21,1,5.3,400.0,400.0,10.0,-1,100.0,0.1128380298614502,-1,1,22.0,2,1,0,3.1,0,-1.4931825512595778,5.085312760156836,0.0
0,11,13,5.3,400.0,400.0,10.0,-1,100.0,0.11115717887878418,-1,1,22.0,2,2,0,3.1,0,6.490628035480972e-16,-5.3,0.0
0,18,20,5.3,400.0,400.0,10.0,0,100.0,0.11209297180175781,-1,1,22.0,1,2,0,3.1,-1,-4.821049575378947,2.20169956891,0.0
0,15,17,5.3,400.0,400.0,10.0,0,100.0,0.11200785636901855,-1,1,22.0,2,2,0,3.1,-2,-4.821049575378945,-2.201699568910002,0.0
0,21,1,5.3,400.0,400.0,10.0,-2,100.0,0.11276888847351074,-1,1,22.0,2,1,0,3.1,1,-1.4931825512595778,5.085312760156836,0.0
0,20,0,5.3,400.0,400.0,10.0,0,100.0,0.11274099349975586,-1,1,22.0,2,2,0,3.1,-2,-2.8653963325146705,4.458643724005258,0.0
0,7,9,5.3,400.0,400.0,10.0,-2,100.0,0.11086606979370117,-1,1,22.0,1,2,0,3.1,-1,4.8210495753789475,-2.2016995689099974,0.0
0,3,5,5.3,400.0,400.0,10.0,-2,100.0,0.11272501945495605,-1,1,22.0,2,2,0,3.1,0,4.005472744077569,3.470761889910011,0.0
0,17,19,5.3,400.0,400.0,10.0,-2,100.0,0.1114969253540039,-1,1,22.0,2,1,0,3.1,0,-5.246053641968944,0.7542686428484098,0.0
0,9,11,5.3,400.0,400.0,10.0,1,100.0,0.1110539436340332,-1,1,22.0,2,1,0,3.1,2,2.8653963325146665,-4.4586437240052605,0.0
0,3,5,5.3,400.0,400.0,10.0,-1,100.0,0.11276412010192871,-1,1,22.0,1,2,0,3.1,0,4.005472744077569,3.470761889910011,0.0
0,15,17,5.3,400.0,400.0,10.0,1,100.0,0.11088299751281738,-1,1,22.0,2,1,0,3.1,-2,-4.821049575378945,-2.201699568910002,0.0
0,11,13,5.3,400.0,400.0,10.0,-2,100.0,0.11150002479553223,-1,1,22.0,2,1,0,3.1,-1,6.490628035480972e-16,-5.3,0.0
0,7,9,5.3,400.0,400.0,10.0,1,100.0,0.1126861572265625,-1,1,22.0,1,2,0,3.1,0,4.8210495753789475,-2.2016995689099974,0.0
0,20,0,5.3,400.0,400.0,10.0,1,100.0,0.11283016204833984,-1,1,22.0,1,2,0,3.1,0,-2.8653963325146705,4.458643724005258,0.0
0,16,18,5.3,400.0,400.0,10.0,-2,100.0,0.1120150089263916,-1,1,22.0,1,1,0,3.1,0,-5.246053641968943,-0.7542686428484117,0.0
0,7,9,5.3,400.0,400.0,10.0,-1,100.0,0.11100101470947266,-1,1,22.0,1,2,0,3.1,1,4.8210495753789475,-2.2016995689099974,0.0
0,6,8,5.3,400.0,400.0,10.0,0,100.0,0.11291193962097168,-1,1,22.0,1,2,0,3.1,-1,5.246053641968944,-0.7542686428484106,0.0
0,6,8,5.3,400.0,400.0,10.0,0,100.0,0.11248898506164551,-1,1,22.0,1,1,0,3.1,1,5.246053641968944,-0.7542686428484106,0.0
0,16,18,5.3,400.0,400.0,10.0,-2,100.0,0.11297297477722168,-1,1,22.0,2,1,0,3.1,0,-5.246053641968943,-0.7542686428484117,0.0
0,19,21,5.3,400.0,400.0,10.0,0,100.0,0.11096405982971191,-1,1,22.0,2,2,0,3.1,-2,-4.005472744077568,3.470761889910012,0.0
0,13,15,5.3,400.0,400.0,10.0,-2,100.0,0.11131620407104492,-1,1,22.0,1,1,0,3.1,1,-2.865396332514667,-4.4586437240052605,0.0
0,12,14,5.3,400.0,400.0,10.0,0,100.0,0.11275696754455566,-1,1,22.0,2,2,0,3.1,-1,-1.4931825512595758,-5.085312760156836,0.0
0,19,21,5.3,400.0,400.0,10.0,2,100.0,0.11226701736450195,-1,1,22.0,1,1,0,3.1,0,-4.005472744077568,3.470761889910012,0.0
0,7,9,5.3,400.0,400.0,10.0,2,100.0,0.11270904541015625,-1,1,22.0,2,2,0,3.1,-2,4.8210495753789475,-2.2016995689099974,0.0
0,1,3,5.3,400.0,400.0,10.0,-2,100.0,0.11269807815551758,-1,1,22.0,2,1,0,3.1,2,1.493182551259577,5.085312760156836,0.0
0,0,2,5.3,400.0,400.0,10.0,1,100.0,0.11279797554016113,-1,1,22.0,2,2,0,3.1,0,0.0,5.3,0.0
0,21,1,5.3,400.0,400.0,10.0,1,100.0,0.11252212524414062,-1,1,22.0,2,1,0,3.1,0,-1.4931825512595778,5.085312760156836,0.0
0,13,15,5.3,400.0,400.0,10.0,-2,100.0,0.11288094520568848,-1,1,22.0,1,1,0,3.1,1,-2.865396332514667,-4.4586437240052605,0.0
0,13,15,5.3,400.0,400.0,10.0,0,100.0,0.11277508735656738,-1,1,22.0,1,1,0,3.1,1,-2.865396332514667,-4.4586437240052605,0.0
0,5,7,5.3,400.0,400.0,10.0,0,100.0,0.1129310131072998,-1,1,22.0,2,1,0,3.1,0,5.246053641968943,0.7542686428484122,0.0
0,10,12,5.3,400.0,400.0,10.0,1,100.0,0.11294698715209961,-1,1,22.0,2,1,0,3.1,-2,1.4931825512595793,-5.085312760156835,0.0
0,1,3,5.3,400.0,400.0,10.0,0,100.0,0.11130809783935547,-1,1,22.0,1,2,0,3.1,-2,1.493182551259577,5.085312760156836,0.0
0,16,18,5.3,400.0,400.0,10.0,0,100.0,0.11185002326965332,-1,1,22.0,1,2,0,3.1,0,-5.246053641968943,-0.7542686428484117,0.0
0,11,13,5.3,400.0,400.0,10.0,1,100.0,0.11301612854003906,-1,1,22.0,2,1,0,3.1,-1,6.490628035480972e-16,-5.3,0.0
0,13,15,5.3,400.0,400.0,10.0,1,100.0,0.11203193664550781,-1,1,22.0,2,2,0,3.1,-1,-2.865396332514667,-4.4586437240052605,0.0
0,7,9,5.3,400.0,400.0,10.0,-1,100.0,0.1120460033416748,-1,1,22.0,2,2,0,3.1,2,4.8210495753789475,-2.2016995689099974,0.0
0,18,20,5.3,400.0,400.0,10.0,0,100.0,0.11144900321960449,-1,1,22.0,1,2,0,3.1,-1,-4.821049575378947,2.20169956891,0.0
0,11,13,5.3,400.0,400.0,10.0,0,100.0,0.11155509948730469,-1,1,22.0,2,1,0,3.1,2,6.490628035480972e-16,-5.3,0.0
0,10,12,5.3,400.0,400.0,10.0,-2,100.0,0.11182308197021484,-1,1,22.0,1,2,0,3.1,0,1.4931825512595793,-5.085312760156835,0.0
0,9,11,5.3,400.0,400.0,10.0,2,100.0,0.11167788505554199,-1,1,22.0,2,1,0,3.1,0,2.8653963325146665,-4.4586437240052605,0.0
0,9,11,5.3,400.0,400.0,10.0,-1,100.0,0.11143684387207031,-1,1,22.0,1,2,0,3.1,-1,2.8653963325146665,-4.4586437240052605,0.0
0,3,5,5.3,400.0,400.0,10.0,0,100.0,0.11211395263671875,-1,1,22.0,2,2,0,3.1,2,4.005472744077569,3.470761889910011,0.0
0,7,9,5.3,400.0,400.0,10.0,-2,100.0,0.11201190948486328,-1,1,22.0,2,1,0,3.1,0,4.8210495753789475,-2.2016995689099974,0.0
0,10,12,5.3,400.0,400.0,10.0,0,100.0,0.11107587814331055,-1,1,22.0,1,2,0,3.1,-1,1.4931825512595793,-5.085312760156835,0.0
0,16,18,5.3,400.0,400.0,10.0,0,100.0,0.11238288879394531,-1,1,22.0,1,1,0,3.1,-2,-5.246053641968943,-0.7542686428484117,0.0
0,7,9,5.3,400.0,400.0,10.0,2,100.0,0.11275601387023926,-1,1,22.0,1,2,0,3.1,-1,4.8210495753789475,-2.2016995689099974,0.0
0,21,1,5.3,400.0,400.0,10.0,2,100.0,0.11090993881225586,-1,1,22.0,2,2,0,3.1,-1,-1.4931825512595778,5.085312760156836,0.0
0,14,16,5.3,400.0,400.0,10.0,-2,100.0,0.11200881004333496,-1,1,22.0,2,1,0,3.1,1,-4.005472744077568,-3.4707618899100114,0.0
0,12,14,5.3,400.0,400.0,10.0,2,100.0,0.11189103126525879,-1,1,22.0,2,2,0,3.1,0,-1.4931825512595758,-5.085312760156836,0.0
0,21,1,5.3,400.0,400.0,10.0,0,100.0,0.11208701133728027,-1,1,22.0,1,1,0,3.1,-1,-1.4931825512595778,5.085312760156836,0.0
0,10,12,5.3,400.0,400.0,10.0,1,100.0,0.11197400093078613,-1,1,22.0,1,2,0,3.1,-2,1.4931825512595793,-5.085312760156835,0.0
0,6,8,5.3,400.0,400.0,10.0,0,100.0,0.11218786239624023,-1,1,22.0,1,1,0,3.1,-2,5.246053641968944,-0.7542686428484106,0.0
0,8,10,5.3,400.0,400.0,10.0,1,100.0,0.1126549243927002,-1,1,22.0,2,2,0,3.1,2,4.005472744077569,-3.47076188991001,0.0
0,5,7,5.3,400.0,400.0,10.0,0,100.0,0.11194300651550293,-1,1,22.0,1,2,0,3.1,0,5.246053641968943,0.7542686428484122,0.0
0,2,4,5.3,400.0,400.0,10.0,2,100.0,0.11153793334960938,-1,1,22.0,2,2,0,3.1,0,2.865396332514667,4.4586437240052605,0.0
0,18,20,5.3,400.0,400.0,10.0,0,100.0,0.11272692680358887,-1,1,22.0,1,2,0,3.1,-1,-4.821049575378947,2.20169956891,0.0
0,15,17,5.3,400.0,400.0,10.0,-1,100.0,0.1123039722442627,-1,1,22.0,2,1,0,3.1,-2,-4.821049575378945,-2.201699568910002,0.0
0,11,13,5.3,400.0,400.0,10.0,2,100.0,0.11293292045593262,-1,1,22.0,1,1,0,3.1,1,6.490628035480972e-16,-5.3,0.0
0,0,2,5.3,400.0,400.0,10.0,0,100.0,0.11288690567016602,-1,1,22.0,2,1,0,3.1,-2,0.0,5.3,0.0
0,20,0,5.3,400.0,400.0,10.0,2,100.0,0.111907958984375,-1,1,22.0,1,1,0,3.1,-2,-2.8653963325146705,4.458643724005258,0.0
0,9,11,5.3,400.0,400.0,10.0,-1,100.0,0.11275386810302734,-1,1,22.0,2,1,0,3.1,-1,2.8653963325146665,-4.4586437240052605,0.0
0,7,9,5.3,400.0,400.0,10.0,0,100.0,0.11142396926879883,-1,1,22.0,2,2,0,3.1,-1,4.8210495753789475,-2.2016995689099974,0.0
0,7,9,5.3,400.0,400.0,10.0,2,100.0,0.11258196830749512,-1,1,22.0,1,2,0,3.1,-2,4.8210495753789475,-2.2016995689099974,0.0
0,2,4,5.3,400.0,400.0,10.0,0,100.0,0.11396598815917969,-1,1,22.0,1,2,0,3.1,0,2.865396332514667,4.4586437240052605,0.0
0,2,4,5.3,400.0,400.0,10.0,0,100.0,0.11248898506164551,-1,1,22.0,1,2,0,3.1,0,2.865396332514667,4.4586437240052605,0.0
0,5,7,5.3,400.0,400.0,10.0,0,100.0,0.11086106300354004,-1,1,22.0,2,1,0,3.1,-1,5.246053641968943,0.7542686428484122,0.0
0,9,11,5.3,400.0,400.0,10.0,0,100.0,0.11289596557617188,-1,1,22.0,2,1,0,3.1,1,2.8653963325146665,-4.4586437240052605,0.0
0,16,18,5.3,400.0,400.0,10.0,2,100.0,0.11273694038391113,-1,1,22.0,1,2,0,3.1,0,-5.246053641968943,-0.7542686428484117,0.0
0,14,16,5.3,400.0,400.0,10.0,0,100.0,0.11287999153137207,-1,1,22.0,1,2,0,3.1,0,-4.005472744077568,-3.4707618899100114,0.0
0,18,20,5.3,400.0,400.0,10.0,0,100.0,0.11163496971130371,-1,1,22.0,1,2,0,3.1,0,-4.821049575378947,2.20169956891,0.0
0,12,14,5.3,400.0,400.0,10.0,1,100.0,0.11272501945495605,-1,1,22.0,1,1,0,3.1,0,-1.4931825512595758,-5.085312760156836,0.0
0,2,4,5.3,400.0,400.0,10.0,0,100.0,0.11300897598266602,-1,1,22.0,1,1,0,3.1,-1,2.865396332514667,4.4586437240052605,0.0
0,6,8,5.3,400.0,400.0,10.0,-2,100.0,0.11292004585266113,-1,1,22.0,2,1,0,3.1,-1,5.246053641968944,-0.7542686428484106,0.0
0,8,10,5.3,400.0,400.0,10.0,0,100.0,0.11092090606689453,-1,1,22.0,2,1,0,3.1,1,4.005472744077569,-3.47076188991001,0.0
0,11,13,5.3,400.0,400.0,10.0,-1,100.0,0.11274385452270508,-1,1,22.0,2,1,0,3.1,1,6.490628035480972e-16,-5.3,0.0
0,19,21,5.3,400.0,400.0,10.0,0,100.0,0.11222410202026367,-1,1,22.0,1,2,0,3.1,0,-4.005472744077568,3.470761889910012,0.0
0,13,15,5.3,400.0,400.0,10.0,2,100.0,0.11270999908447266,-1,1,22.0,2,1,0,3.1,1,-2.865396332514667,-4.4586437240052605,0.0
0,19,21,5.3,400.0,400.0,10.0,-2,100.0,0.1119229793548584,-1,1,22.0,1,2,0,3.1,0,-4.005472744077568,3.470761889910012,0.0
0,1,3,5.3,400.0,400.0,10.0,0,100.0,0.11267685890197754,-1,1,22.0,1,2,0,3.1,0,1.493182551259577,5.085312760156836,0.0
0,21,1,5.3,400.0,400.0,10.0,2,100.0,0.11196112632751465,-1,1,22.0,1,1,0,3.1,0,-1.4931825512595778,5.085312760156836,0.0
0,5,7,5.3,400.0,400.0,10.0,2,100.0,0.11119484901428223,-1,1,22.0,2,1,0,3.1,-2,5.246053641968943,0.7542686428484122,0.0
0,21,1,5.3,400.0,400.0,10.0,0,100.0,0.11202406883239746,-1,1,22.0,1,2,0,3.1,0,-1.4931825512595778,5.085312760156836,0.0
0,21,1,5.3,400.0,400.0,10.0,0,100.0,0.11189699172973633,-1,1,22.0,2,1,0,3.1,0,-1.4931825512595778,5.085312760156836,0.0
0,17,19,5.3,400.0,400.0,10.0,1,100.0,0.11088204383850098,-1,1,22.0,1,1,0,3.1,0,-5.246053641968944,0.7542686428484098,0.0
0,4,6,5.3,400.0,400.0,10.0,0,100.0,0.11233305931091309,-1,1,22.0,2,2,0,3.1,-1,4.821049575378947,2.201699568909998,0.0
0,20,0,5.3,400.0,400.0,10.0,2,100.0,0.1115260124206543,-1,1,22.0,2,1,0,3.1,1,-2.8653963325146705,4.458643724005258,0.0
0,6,8,5.3,400.0,400.0,10.0,0,100.0,0.1124720573425293,-1,1,22.0,2,1,0,3.1,-1,5.246053641968944,-0.7542686428484106,0.0
0,14,16,5.3,400.0,400.0,10.0,1,100.0,0.11202096939086914,-1,1,22.0,2,1,0,3.1,0,-4.005472744077568,-3.4707618899100114,0.0
0,19,21,5.3,400.0,400.0,10.0,1,100.0,0.11254501342773438,-1,1,22.0,2,1,0,3.1,0,-4.005472744077568,3.470761889910012,0.0
0,3,5,5.3,400.0,400.0,10.0,0,100.0,0.11208701133728027,-1,1,22.0,1,2,0,3.1,0,4.005472744077569,3.470761889910011,0.0
0,17,19,5.3,400.0,400.0,10.0,0,100.0,0.11106586456298828,-1,1,22.0,2,1,0,3.1,1,-5.246053641968944,0.7542686428484098,0.0
0,20,0,5.3,400.0,400.0,10.0,-1,100.0,0.11194801330566406,-1,1,22.0,2,1,0,3.1,-1,-2.8653963325146705,4.458643724005258,0.0
0,21,1,5.3,400.0,400.0,10.0,-2,100.0,0.11195516586303711,-1,1,22.0,1,2,0,3.1,-1,-1.4931825512595778,5.085312760156836,0.0
0,5,7,5.3,400.0,400.0,10.0,-1,100.0,0.11275696754455566,-1,1,22.0,1,2,0,3.1,-1,5.246053641968943,0.7542686428484122,0.0
0,8,10,5.3,400.0,400.0,10.0,-1,100.0,0.11273884773254395,-1,1,22.0,1,2,0,3.1,1,4.005472744077569,-3.47076188991001,0.0
0,3,5,5.3,400.0,400.0,10.0,-2,100.0,0.11285400390625,-1,1,22.0,2,2,0,3.1,0,4.005472744077569,3.470761889910011,0.0
0,4,6,5.3,400.0,400.0,10.0,0,100.0,0.1128239631652832,-1,1,22.0,1,2,0,3.1,0,4.821049575378947,2.201699568909998,0.0
0,2,4,5.3,400.0,400.0,10.0,0,100.0,0.11278796195983887,-1,1,22.0,2,1,0,3.1,0,2.865396332514667,4.4586437240052605,0.0
0,1,3,5.3,400.0,400.0,10.0,-1,100.0,0.11149287223815918,-1,1,22.0,2,1,0,3.1,0,1.493182551259577,5.085312760156836,0.0
0,16,18,5.3,400.0,400.0,10.0,1,100.0,0.11159610748291016,-1,1,22.0,2,2,0,3.1,0,-5.246053641968943,-0.7542686428484117,0.0
0,10,12,5.3,400.0,400.0,10.0,1,100.0,0.1123361587524414,-1,1,22.0,2,2,0,3.1,0,1.4931825512595793,-5.085312760156835,0.0
0,14,16,5.3,400.0,400.0,10.0,-2,100.0,0.111663818359375,-1,1,22.0,2,2,0,3.1,1,-4.005472744077568,-3.4707618899100114,0.0
0,17,19,5.3,400.0,400.0,10.0,-1,100.0,0.11272597312927246,-1,1,22.0,2,2,0,3.1,1,-5.246053641968944,0.7542686428484098,0.0
