offset2,cue-loc-int,refi,radius,ntrials,ms-st-cue,npractice,resp-h-pos,ms-stimon,actualStimOn,version,bars-or-spot,nitems,resp-h-hv,resp-v-hv,offset,cue-length,resp-v-pos,cue-loc-x,cue-loc-y,ms-precue
0,10,12,5.3,400.0,400.0,10.0,0,100.0,0.10316991806030273,5,0,22.0,1,2,-10.5,3.1,-1,1.4931825512595793,-5.085312760156835,0.0
0,4,6,5.3,400.0,400.0,10.0,1,100.0,0.10305285453796387,5,0,22.0,1,2,-10.5,3.1,0,4.821049575378947,2.201699568909998,0.0
0,9,11,5.3,400.0,400.0,10.0,1,100.0,0.10324406623840332,5,0,22.0,2,1,-10.5,3.1,0,2.8653963325146665,-4.4586437240052605,0.0
0,19,21,5.3,400.0,400.0,10.0,0,100.0,0.10325098037719727,5,0,22.0,1,1,-10.5,3.1,-1,-4.005472744077568,3.470761889910012,0.0
0,18,20,5.3,400.0,400.0,10.0,0,100.0,0.10308098793029785,5,0,22.0,1,2,-10.5,3.1,0,-4.821049575378947,2.20169956891,0.0
0,1,3,5.3,400.0,400.0,10.0,0,100.0,0.1030588150024414,5,0,22.0,2,1,-10.5,3.1,2,1.493182551259577,5.085312760156836,0.0
0,5,7,5.3,400.0,400.0,10.0,0,100.0,0.10305905342102051,5,0,22.0,1,2,-10.5,3.1,0,5.246053641968943,0.7542686428484122,0.0
0,21,1,5.3,400.0,400.0,10.0,1,100.0,0.10309410095214844,5,0,22.0,2,2,-10.5,3.1,0,-1.4931825512595778,5.085312760156836,0.0
0,8,10,5.3,400.0,400.0,10.0,1,100.0,0.10311007499694824,5,0,22.0,2,1,-10.5,3.1,-1,4.005472744077569,-3.47076188991001,0.0
0,6,8,5.3,400.0,400.0,10.0,0,100.0,0.1032400131225586,5,0,22.0,1,2,-10.5,3.1,0,5.246053641968944,-0.7542686428484106,0.0
0,14,16,5.3,400.0,400.0,10.0,1,100.0,0.10325813293457031,5,0,22.0,1,2,-10.5,3.1,-1,-4.005472744077568,-3.4707618899100114,0.0
0,8,10,5.3,400.0,400.0,10.0,0,100.0,0.10324406623840332,5,0,22.0,1,2,-10.5,3.1,0,4.005472744077569,-3.47076188991001,0.0
0,14,16,5.3,400.0,400.0,10.0,0,100.0,0.10327696800231934,5,0,22.0,1,2,-10.5,3.1,1,-4.005472744077568,-3.4707618899100114,0.0
0,20,0,5.3,400.0,400.0,10.0,0,100.0,0.10337114334106445,5,0,22.0,2,2,-10.5,3.1,-2,-2.8653963325146705,4.458643724005258,0.0
0,15,17,5.3,400.0,400.0,10.0,-2,100.0,0.10325002670288086,5,0,22.0,2,2,-10.5,3.1,0,-4.821049575378945,-2.201699568910002,0.0
0,6,8,5.3,400.0,400.0,10.0,0,100.0,0.10349297523498535,5,0,22.0,2,1,-10.5,3.1,0,5.246053641968944,-0.7542686428484106,0.0
0,16,18,5.3,400.0,400.0,10.0,0,100.0,0.10326790809631348,5,0,22.0,2,1,-10.5,3.1,0,-5.246053641968943,-0.7542686428484117,0.0
0,15,17,5.3,400.0,400.0,10.0,0,100.0,0.10330605506896973,5,0,22.0,1,2,-10.5,3.1,0,-4.821049575378945,-2.201699568910002,0.0
0,18,20,5.3,400.0,400.0,10.0,0,100.0,0.10349893569946289,5,0,22.0,1,2,-10.5,3.1,-1,-4.821049575378947,2.20169956891,0.0
0,5,7,5.3,400.0,400.0,10.0,0,100.0,0.10324692726135254,5,0,22.0,1,2,-10.5,3.1,0,5.246053641968943,0.7542686428484122,0.0
0,21,1,5.3,400.0,400.0,10.0,-1,100.0,0.10325217247009277,5,0,22.0,1,1,-10.5,3.1,2,-1.4931825512595778,5.085312760156836,0.0
0,21,1,5.3,400.0,400.0,10.0,-2,100.0,0.10310101509094238,5,0,22.0,1,2,-10.5,3.1,0,-1.4931825512595778,5.085312760156836,0.0
0,14,16,5.3,400.0,400.0,10.0,-1,100.0,0.10324501991271973,5,0,22.0,2,2,-10.5,3.1,0,-4.005472744077568,-3.4707618899100114,0.0
0,15,17,5.3,400.0,400.0,10.0,0,100.0,0.10306882858276367,5,0,22.0,1,2,-10.5,3.1,0,-4.821049575378945,-2.201699568910002,0.0
0,6,8,5.3,400.0,400.0,10.0,0,100.0,0.10309886932373047,5,0,22.0,2,1,-10.5,3.1,-1,5.246053641968944,-0.7542686428484106,0.0
0,17,19,5.3,400.0,400.0,10.0,-1,100.0,0.10306119918823242,5,0,22.0,2,2,-10.5,3.1,0,-5.246053641968944,0.7542686428484098,0.0
0,6,8,5.3,400.0,400.0,10.0,-2,100.0,0.1032857894897461,5,0,22.0,2,1,-10.5,3.1,0,5.246053641968944,-0.7542686428484106,0.0
0,1,3,5.3,400.0,400.0,10.0,-1,100.0,0.10335898399353027,5,0,22.0,1,2,-10.5,3.1,1,1.493182551259577,5.085312760156836,0.0
0,5,7,5.3,400.0,400.0,10.0,0,100.0,0.10335588455200195,5,0,22.0,1,2,-10.5,3.1,0,5.246053641968943,0.7542686428484122,0.0
0,9,11,5.3,400.0,400.0,10.0,0,100.0,0.10307812690734863,5,0,22.0,1,1,-10.5,3.1,-1,2.8653963325146665,-4.4586437240052605,0.0
0,21,1,5.3,400.0,400.0,10.0,0,100.0,0.10307693481445312,5,0,22.0,1,2,-10.5,3.1,0,-1.4931825512595778,5.085312760156836,0.0
0,4,6,5.3,400.0,400.0,10.0,0,100.0,0.10306096076965332,5,0,22.0,1,2,-10.5,3.1,0,4.821049575378947,2.201699568909998,0.0
0,7,9,5.3,400.0,400.0,10.0,0,100.0,0.10326004028320312,5,0,22.0,1,2,-10.5,3.1,0,4.8210495753789475,-2.2016995689099974,0.0
0,10,12,5.3,400.0,400.0,10.0,0,100.0,0.1031031608581543,5,0,22.0,1,2,-10.5,3.1,0,1.4931825512595793,-5.085312760156835,0.0
0,2,4,5.3,400.0,400.0,10.0,1,100.0,0.10310602188110352,5,0,22.0,1,2,-10.5,3.1,0,2.865396332514667,4.4586437240052605,0.0
0,11,13,5.3,400.0,400.0,10.0,0,100.0,0.10335779190063477,5,0,22.0,2,2,-10.5,3.1,1,6.490413675258599e-16,-5.3,0.0
0,11,13,5.3,400.0,400.0,10.0,0,100.0,0.10324788093566895,5,0,22.0,2,1,-10.5,3.1,0,6.490413675258599e-16,-5.3,0.0
0,3,5,5.3,400.0,400.0,10.0,0,100.0,0.10325002670288086,5,0,22.0,1,2,-10.5,3.1,0,4.005472744077569,3.470761889910011,0.0
0,7,9,5.3,400.0,400.0,10.0,0,100.0,0.10327005386352539,5,0,22.0,1,2,-10.5,3.1,0,4.8210495753789475,-2.2016995689099974,0.0
0,17,19,5.3,400.0,400.0,10.0,0,100.0,0.10325908660888672,5,0,22.0,1,2,-10.5,3.1,0,-5.246053641968944,0.7542686428484098,0.0
0,20,0,5.3,400.0,400.0,10.0,-1,100.0,0.10309696197509766,5,0,22.0,2,2,-10.5,3.1,1,-2.8653963325146705,4.458643724005258,0.0
0,5,7,5.3,400.0,400.0,10.0,-1,100.0,0.10324692726135254,5,0,22.0,1,2,-10.5,3.1,0,5.246053641968943,0.7542686428484122,0.0
0,18,20,5.3,400.0,400.0,10.0,-2,100.0,0.10310196876525879,5,0,22.0,2,2,-10.5,3.1,-1,-4.821049575378947,2.20169956891,0.0
0,12,14,5.3,400.0,400.0,10.0,0,100.0,0.10390782356262207,5,0,22.0,2,1,-10.5,3.1,2,-1.4931825512595758,-5.085312760156836,0.0
0,17,19,5.3,400.0,400.0,10.0,0,100.0,0.10322189331054688,5,0,22.0,1,1,-10.5,3.1,1,-5.246053641968944,0.7542686428484098,0.0
0,15,17,5.3,400.0,400.0,10.0,0,100.0,0.10333609580993652,5,0,22.0,1,2,-10.5,3.1,0,-4.821049575378945,-2.201699568910002,0.0
0,13,15,5.3,400.0,400.0,10.0,-1,100.0,0.10376811027526855,5,0,22.0,2,2,-10.5,3.1,-2,-2.865396332514667,-4.4586437240052605,0.0
0,1,3,5.3,400.0,400.0,10.0,0,100.0,0.1030879020690918,5,0,22.0,1,2,-10.5,3.1,0,1.493182551259577,5.085312760156836,0.0
0,2,4,5.3,400.0,400.0,10.0,1,100.0,0.10305380821228027,5,0,22.0,1,2,-10.5,3.1,0,2.865396332514667,4.4586437240052605,0.0
0,6,8,5.3,400.0,400.0,10.0,0,100.0,0.10381197929382324,5,0,22.0,1,2,-10.5,3.1,0,5.246053641968944,-0.7542686428484106,0.0
0,14,16,5.3,400.0,400.0,10.0,0,100.0,0.10305118560791016,5,0,22.0,1,2,-10.5,3.1,0,-4.005472744077568,-3.4707618899100114,0.0
0,0,2,5.3,400.0,400.0,10.0,0,100.0,0.10308694839477539,5,0,22.0,1,2,-10.5,3.1,0,0.0,5.3,0.0
0,6,8,5.3,400.0,400.0,10.0,0,100.0,0.10327315330505371,5,0,22.0,2,1,-10.5,3.1,0,5.246053641968944,-0.7542686428484106,0.0
0,4,6,5.3,400.0,400.0,10.0,0,100.0,0.10323405265808105,5,0,22.0,1,2,-10.5,3.1,0,4.821049575378947,2.201699568909998,0.0
0,2,4,5.3,400.0,400.0,10.0,-1,100.0,0.10305190086364746,5,0,22.0,1,2,-10.5,3.1,1,2.865396332514667,4.4586437240052605,0.0
0,8,10,5.3,400.0,400.0,10.0,0,100.0,0.10325098037719727,5,0,22.0,1,2,-10.5,3.1,0,4.005472744077569,-3.47076188991001,0.0
0,3,5,5.3,400.0,400.0,10.0,0,100.0,0.10327887535095215,5,0,22.0,1,2,-10.5,3.1,-1,4.005472744077569,3.470761889910011,0.0
0,14,16,5.3,400.0,400.0,10.0,-2,100.0,0.10310888290405273,5,0,22.0,2,1,-10.5,3.1,1,-4.005472744077568,-3.4707618899100114,0.0
0,21,1,5.3,400.0,400.0,10.0,-1,100.0,0.10309720039367676,5,0,22.0,2,1,-10.5,3.1,2,-1.4931825512595778,5.085312760156836,0.0
0,8,10,5.3,400.0,400.0,10.0,-2,100.0,0.10324811935424805,5,0,22.0,1,2,-10.5,3.1,1,4.005472744077569,-3.47076188991001,0.0
0,11,13,5.3,400.0,400.0,10.0,0,100.0,0.10330009460449219,5,0,22.0,1,2,-10.5,3.1,-1,6.490413675258599e-16,-5.3,0.0
0,14,16,5.3,400.0,400.0,10.0,1,100.0,0.10325002670288086,5,0,22.0,2,1,-10.5,3.1,0,-4.005472744077568,-3.4707618899100114,0.0
0,7,9,5.3,400.0,400.0,10.0,0,100.0,0.1031031608581543,5,0,22.0,1,2,-10.5,3.1,0,4.8210495753789475,-2.2016995689099974,0.0
0,17,19,5.3,400.0,400.0,10.0,-2,100.0,0.10326385498046875,5,0,22.0,2,1,-10.5,3.1,2,-5.246053641968944,0.7542686428484098,0.0
0,9,11,5.3,400.0,400.0,10.0,0,100.0,0.10325098037719727,5,0,22.0,2,2,-10.5,3.1,-1,2.8653963325146665,-4.4586437240052605,0.0
0,19,21,5.3,400.0,400.0,10.0,-1,100.0,0.10309791564941406,5,0,22.0,2,2,-10.5,3.1,0,-4.005472744077568,3.470761889910012,0.0
0,15,17,5.3,400.0,400.0,10.0,-1,100.0,0.10306811332702637,5,0,22.0,2,2,-10.5,3.1,0,-4.821049575378945,-2.201699568910002,0.0
0,4,6,5.3,400.0,400.0,10.0,1,100.0,0.10306906700134277,5,0,22.0,2,2,-10.5,3.1,-2,4.821049575378947,2.201699568909998,0.0
0,3,5,5.3,400.0,400.0,10.0,-2,100.0,0.1030580997467041,5,0,22.0,1,2,-10.5,3.1,1,4.005472744077569,3.470761889910011,0.0
0,15,17,5.3,400.0,400.0,10.0,0,100.0,0.10306715965270996,5,0,22.0,1,2,-10.5,3.1,0,-4.821049575378945,-2.201699568910002,0.0
0,17,19,5.3,400.0,400.0,10.0,-1,100.0,0.103302001953125,5,0,22.0,2,2,-10.5,3.1,0,-5.246053641968944,0.7542686428484098,0.0
0,0,2,5.3,400.0,400.0,10.0,0,100.0,0.10325193405151367,5,0,22.0,1,2,-10.5,3.1,0,0.0,5.3,0.0
0,1,3,5.3,400.0,400.0,10.0,1,100.0,0.10306596755981445,5,0,22.0,2,2,-10.5,3.1,0,1.493182551259577,5.085312760156836,0.0
0,1,3,5.3,400.0,400.0,10.0,0,100.0,0.1030728816986084,5,0,22.0,1,2,-10.5,3.1,0,1.493182551259577,5.085312760156836,0.0
0,11,13,5.3,400.0,400.0,10.0,0,100.0,0.10351395606994629,5,0,22.0,1,2,-10.5,3.1,-2,6.490413675258599e-16,-5.3,0.0
0,16,18,5.3,400.0,400.0,10.0,0,100.0,0.10326290130615234,5,0,22.0,1,2,-10.5,3.1,0,-5.246053641968943,-0.7542686428484117,0.0
0,14,16,5.3,400.0,400.0,10.0,-2,100.0,0.10325217247009277,5,0,22.0,1,1,-10.5,3.1,-1,-4.005472744077568,-3.4707618899100114,0.0
0,8,10,5.3,400.0,400.0,10.0,0,100.0,0.10338687896728516,5,0,22.0,1,2,-10.5,3.1,0,4.005472744077569,-3.47076188991001,0.0
0,11,13,5.3,400.0,400.0,10.0,-2,100.0,0.10325503349304199,5,0,22.0,1,2,-10.5,3.1,2,6.490413675258599e-16,-5.3,0.0
0,6,8,5.3,400.0,400.0,10.0,0,100.0,0.10325098037719727,5,0,22.0,1,2,-10.5,3.1,0,5.246053641968944,-0.7542686428484106,0.0
0,9,11,5.3,400.0,400.0,10.0,-2,100.0,0.10330486297607422,5,0,22.0,2,2,-10.5,3.1,0,2.8653963325146665,-4.4586437240052605,0.0
0,17,19,5.3,400.0,400.0,10.0,2,100.0,0.1032419204711914,5,0,22.0,2,2,-10.5,3.1,0,-5.246053641968944,0.7542686428484098,0.0
0,7,9,5.3,400.0,400.0,10.0,0,100.0,0.10307979583740234,5,0,22.0,1,2,-10.5,3.1,0,4.8210495753789475,-2.2016995689099974,0.0
0,18,20,5.3,400.0,400.0,10.0,0,100.0,0.10305595397949219,5,0,22.0,1,2,-10.5,3.1,0,-4.821049575378947,2.20169956891,0.0
0,8,10,5.3,400.0,400.0,10.0,2,100.0,0.10313105583190918,5,0,22.0,2,1,-10.5,3.1,-1,4.005472744077569,-3.47076188991001,0.0
0,18,20,5.3,400.0,400.0,10.0,0,100.0,0.10329103469848633,5,0,22.0,1,2,-10.5,3.1,0,-4.821049575378947,2.20169956891,0.0
0,18,20,5.3,400.0,400.0,10.0,0,100.0,0.10309410095214844,5,0,22.0,1,2,-10.5,3.1,0,-4.821049575378947,2.20169956891,0.0
0,15,17,5.3,400.0,400.0,10.0,-1,100.0,0.10308289527893066,5,0,22.0,1,2,-10.5,3.1,0,-4.821049575378945,-2.201699568910002,0.0
0,1,3,5.3,400.0,400.0,10.0,0,100.0,0.10326290130615234,5,0,22.0,2,1,-10.5,3.1,0,1.493182551259577,5.085312760156836,0.0
0,1,3,5.3,400.0,400.0,10.0,-2,100.0,0.1034388542175293,5,0,22.0,2,2,-10.5,3.1,0,1.493182551259577,5.085312760156836,0.0
0,17,19,5.3,400.0,400.0,10.0,2,100.0,0.1033468246459961,5,0,22.0,2,2,-10.5,3.1,0,-5.246053641968944,0.7542686428484098,0.0
0,9,11,5.3,400.0,400.0,10.0,0,100.0,0.10349297523498535,5,0,22.0,1,2,-10.5,3.1,0,2.8653963325146665,-4.4586437240052605,0.0
0,12,14,5.3,400.0,400.0,10.0,-1,100.0,0.10331416130065918,5,0,22.0,1,2,-10.5,3.1,0,-1.4931825512595758,-5.085312760156836,0.0
0,0,2,5.3,400.0,400.0,10.0,0,100.0,0.10332083702087402,5,0,22.0,1,2,-10.5,3.1,0,0.0,5.3,0.0
0,19,21,5.3,400.0,400.0,10.0,0,100.0,0.10329008102416992,5,0,22.0,1,2,-10.5,3.1,0,-4.005472744077568,3.470761889910012,0.0
0,1,3,5.3,400.0,400.0,10.0,0,100.0,0.1032869815826416,5,0,22.0,1,2,-10.5,3.1,0,1.493182551259577,5.085312760156836,0.0
0,21,1,5.3,400.0,400.0,10.0,0,100.0,0.10336804389953613,5,0,22.0,1,2,-10.5,3.1,1,-1.4931825512595778,5.085312760156836,0.0
0,8,10,5.3,400.0,400.0,10.0,1,100.0,0.10306906700134277,5,0,22.0,1,1,-10.5,3.1,0,4.005472744077569,-3.47076188991001,0.0
0,15,17,5.3,400.0,400.0,10.0,0,100.0,0.10311388969421387,5,0,22.0,1,2,-10.5,3.1,0,-4.821049575378945,-2.201699568910002,0.0
0,12,14,5.3,400.0,400.0,10.0,2,100.0,0.10379314422607422,5,0,22.0,2,1,-10.5,3.1,-1,-1.4931825512595758,-5.085312760156836,0.0
0,18,20,5.3,400.0,400.0,10.0,0,100.0,0.10326695442199707,5,0,22.0,2,2,-10.5,3.1,-1,-4.821049575378947,2.20169956891,0.0
0,15,17,5.3,400.0,400.0,10.0,0,100.0,0.10461688041687012,5,0,22.0,1,2,-10.5,3.1,0,-4.821049575378945,-2.201699568910002,0.0
0,16,18,5.3,400.0,400.0,10.0,2,100.0,0.10308289527893066,5,0,22.0,1,2,-10.5,3.1,0,-5.246053641968943,-0.7542686428484117,0.0
0,6,8,5.3,400.0,400.0,10.0,0,100.0,0.10379791259765625,5,0,22.0,1,2,-10.5,3.1,0,5.246053641968944,-0.7542686428484106,0.0
0,6,8,5.3,400.0,400.0,10.0,1,100.0,0.10308003425598145,5,0,22.0,1,2,-10.5,3.1,0,5.246053641968944,-0.7542686428484106,0.0
0,2,4,5.3,400.0,400.0,10.0,0,100.0,0.10327696800231934,5,0,22.0,2,1,-10.5,3.1,-1,2.865396332514667,4.4586437240052605,0.0
0,6,8,5.3,400.0,400.0,10.0,0,100.0,0.10337686538696289,5,0,22.0,1,2,-10.5,3.1,0,5.246053641968944,-0.7542686428484106,0.0
0,4,6,5.3,400.0,400.0,10.0,-1,100.0,0.1040501594543457,5,0,22.0,2,2,-10.5,3.1,0,4.821049575378947,2.201699568909998,0.0
0,0,2,5.3,400.0,400.0,10.0,-1,100.0,0.10308599472045898,5,0,22.0,1,2,-10.5,3.1,-1,0.0,5.3,0.0
0,18,20,5.3,400.0,400.0,10.0,0,100.0,0.10307502746582031,5,0,22.0,1,2,-10.5,3.1,0,-4.821049575378947,2.20169956891,0.0
0,1,3,5.3,400.0,400.0,10.0,1,100.0,0.10341906547546387,5,0,22.0,2,2,-10.5,3.1,-2,1.493182551259577,5.085312760156836,0.0
0,5,7,5.3,400.0,400.0,10.0,0,100.0,0.10326290130615234,5,0,22.0,1,2,-10.5,3.1,0,5.246053641968943,0.7542686428484122,0.0
0,12,14,5.3,400.0,400.0,10.0,2,100.0,0.10326695442199707,5,0,22.0,2,2,-10.5,3.1,1,-1.4931825512595758,-5.085312760156836,0.0
0,12,14,5.3,400.0,400.0,10.0,2,100.0,0.10306692123413086,5,0,22.0,2,2,-10.5,3.1,-1,-1.4931825512595758,-5.085312760156836,0.0
0,14,16,5.3,400.0,400.0,10.0,-2,100.0,0.10306000709533691,5,0,22.0,1,2,-10.5,3.1,0,-4.005472744077568,-3.4707618899100114,0.0
0,21,1,5.3,400.0,400.0,10.0,1,100.0,0.10342597961425781,5,0,22.0,1,2,-10.5,3.1,0,-1.4931825512595778,5.085312760156836,0.0
0,12,14,5.3,400.0,400.0,10.0,0,100.0,0.10338592529296875,5,0,22.0,1,2,-10.5,3.1,-2,-1.4931825512595758,-5.085312760156836,0.0
0,5,7,5.3,400.0,400.0,10.0,-1,100.0,0.10326385498046875,5,0,22.0,1,2,-10.5,3.1,0,5.246053641968943,0.7542686428484122,0.0
0,3,5,5.3,400.0,400.0,10.0,1,100.0,0.10394883155822754,5,0,22.0,2,2,-10.5,3.1,-1,4.005472744077569,3.470761889910011,0.0
0,12,14,5.3,400.0,400.0,10.0,-1,100.0,0.1033468246459961,5,0,22.0,1,1,-10.5,3.1,2,-1.4931825512595758,-5.085312760156836,0.0
0,21,1,5.3,400.0,400.0,10.0,-1,100.0,0.10342001914978027,5,0,22.0,1,2,-10.5,3.1,0,-1.4931825512595778,5.085312760156836,0.0
0,7,9,5.3,400.0,400.0,10.0,-1,100.0,0.10326004028320312,5,0,22.0,1,2,-10.5,3.1,0,4.8210495753789475,-2.2016995689099974,0.0
0,16,18,5.3,400.0,400.0,10.0,0,100.0,0.1032721996307373,5,0,22.0,1,1,-10.5,3.1,-2,-5.246053641968943,-0.7542686428484117,0.0
0,16,18,5.3,400.0,400.0,10.0,0,100.0,0.10307693481445312,5,0,22.0,1,2,-10.5,3.1,0,-5.246053641968943,-0.7542686428484117,0.0
0,10,12,5.3,400.0,400.0,10.0,-2,100.0,0.10310697555541992,5,0,22.0,2,1,-10.5,3.1,0,1.4931825512595793,-5.085312760156835,0.0
0,13,15,5.3,400.0,400.0,10.0,0,100.0,0.10326099395751953,5,0,22.0,1,2,-10.5,3.1,1,-2.865396332514667,-4.4586437240052605,0.0
0,18,20,5.3,400.0,400.0,10.0,0,100.0,0.10327386856079102,5,0,22.0,1,2,-10.5,3.1,0,-4.821049575378947,2.20169956891,0.0
0,15,17,5.3,400.0,400.0,10.0,2,100.0,0.10325384140014648,5,0,22.0,1,2,-10.5,3.1,0,-4.821049575378945,-2.201699568910002,0.0
0,7,9,5.3,400.0,400.0,10.0,0,100.0,0.10321712493896484,5,0,22.0,1,2,-10.5,3.1,0,4.8210495753789475,-2.2016995689099974,0.0
0,20,0,5.3,400.0,400.0,10.0,-1,100.0,0.10329484939575195,5,0,22.0,2,2,-10.5,3.1,1,-2.8653963325146705,4.458643724005258,0.0
0,8,10,5.3,400.0,400.0,10.0,0,100.0,0.10420107841491699,5,0,22.0,2,1,-10.5,3.1,-1,4.005472744077569,-3.47076188991001,0.0
0,16,18,5.3,400.0,400.0,10.0,0,100.0,0.1032719612121582,5,0,22.0,1,2,-10.5,3.1,0,-5.246053641968943,-0.7542686428484117,0.0
0,21,1,5.3,400.0,400.0,10.0,1,100.0,0.1032569408416748,5,0,22.0,1,2,-10.5,3.1,0,-1.4931825512595778,5.085312760156836,0.0
0,8,10,5.3,400.0,400.0,10.0,1,100.0,0.10309910774230957,5,0,22.0,1,1,-10.5,3.1,2,4.005472744077569,-3.47076188991001,0.0
0,4,6,5.3,400.0,400.0,10.0,0,100.0,0.10325407981872559,5,0,22.0,1,2,-10.5,3.1,-2,4.821049575378947,2.201699568909998,0.0
0,21,1,5.3,400.0,400.0,10.0,-1,100.0,0.10328006744384766,5,0,22.0,1,2,-10.5,3.1,1,-1.4931825512595778,5.085312760156836,0.0
0,0,2,5.3,400.0,400.0,10.0,0,100.0,0.10327601432800293,5,0,22.0,1,2,-10.5,3.1,0,0.0,5.3,0.0
0,0,2,5.3,400.0,400.0,10.0,0,100.0,0.10340714454650879,5,0,22.0,1,2,-10.5,3.1,0,0.0,5.3,0.0
0,8,10,5.3,400.0,400.0,10.0,0,100.0,0.10326504707336426,5,0,22.0,1,2,-10.5,3.1,0,4.005472744077569,-3.47076188991001,0.0
0,1,3,5.3,400.0,400.0,10.0,0,100.0,0.10331487655639648,5,0,22.0,1,2,-10.5,3.1,0,1.493182551259577,5.085312760156836,0.0
0,14,16,5.3,400.0,400.0,10.0,1,100.0,0.10306692123413086,5,0,22.0,2,2,-10.5,3.1,2,-4.005472744077568,-3.4707618899100114,0.0
0,18,20,5.3,400.0,400.0,10.0,0,100.0,0.10312008857727051,5,0,22.0,1,2,-10.5,3.1,0,-4.821049575378947,2.20169956891,0.0
0,5,7,5.3,400.0,400.0,10.0,0,100.0,0.1032259464263916,5,0,22.0,1,1,-10.5,3.1,-2,5.246053641968943,0.7542686428484122,0.0
0,10,12,5.3,400.0,400.0,10.0,-2,100.0,0.10325789451599121,5,0,22.0,2,1,-10.5,3.1,0,1.4931825512595793,-5.085312760156835,0.0
0,2,4,5.3,400.0,400.0,10.0,0,100.0,0.10334920883178711,5,0,22.0,1,2,-10.5,3.1,0,2.865396332514667,4.4586437240052605,0.0
0,18,20,5.3,400.0,400.0,10.0,0,100.0,0.10308694839477539,5,0,22.0,1,2,-10.5,3.1,0,-4.821049575378947,2.20169956891,0.0
0,0,2,5.3,400.0,400.0,10.0,0,100.0,0.10310506820678711,5,0,22.0,2,2,-10.5,3.1,-2,0.0,5.3,0.0
0,2,4,5.3,400.0,400.0,10.0,0,100.0,0.10334897041320801,5,0,22.0,1,2,-10.5,3.1,0,2.865396332514667,4.4586437240052605,0.0
0,4,6,5.3,400.0,400.0,10.0,1,100.0,0.1032559871673584,5,0,22.0,1,2,-10.5,3.1,0,4.821049575378947,2.201699568909998,0.0
0,20,0,5.3,400.0,400.0,10.0,1,100.0,0.10326790809631348,5,0,22.0,1,2,-10.5,3.1,0,-2.8653963325146705,4.458643724005258,0.0
0,17,19,5.3,400.0,400.0,10.0,0,100.0,0.1032869815826416,5,0,22.0,1,2,-10.5,3.1,0,-5.246053641968944,0.7542686428484098,0.0
0,3,5,5.3,400.0,400.0,10.0,0,100.0,0.10310697555541992,5,0,22.0,1,2,-10.5,3.1,0,4.005472744077569,3.470761889910011,0.0
0,6,8,5.3,400.0,400.0,10.0,0,100.0,0.10322022438049316,5,0,22.0,1,2,-10.5,3.1,0,5.246053641968944,-0.7542686428484106,0.0
0,7,9,5.3,400.0,400.0,10.0,2,100.0,0.10336184501647949,5,0,22.0,2,1,-10.5,3.1,1,4.8210495753789475,-2.2016995689099974,0.0
0,0,2,5.3,400.0,400.0,10.0,1,100.0,0.10326004028320312,5,0,22.0,2,2,-10.5,3.1,0,0.0,5.3,0.0
0,19,21,5.3,400.0,400.0,10.0,-1,100.0,0.10325503349304199,5,0,22.0,1,1,-10.5,3.1,0,-4.005472744077568,3.470761889910012,0.0
0,12,14,5.3,400.0,400.0,10.0,2,100.0,0.10324716567993164,5,0,22.0,1,2,-10.5,3.1,0,-1.4931825512595758,-5.085312760156836,0.0
0,5,7,5.3,400.0,400.0,10.0,0,100.0,0.10325407981872559,5,0,22.0,1,2,-10.5,3.1,2,5.246053641968943,0.7542686428484122,0.0
0,16,18,5.3,400.0,400.0,10.0,1,100.0,0.1032559871673584,5,0,22.0,1,2,-10.5,3.1,0,-5.246053641968943,-0.7542686428484117,0.0
0,11,13,5.3,400.0,400.0,10.0,0,100.0,0.10326194763183594,5,0,22.0,1,2,-10.5,3.1,1,6.490413675258599e-16,-5.3,0.0
0,4,6,5.3,400.0,400.0,10.0,0,100.0,0.10312008857727051,5,0,22.0,1,2,-10.5,3.1,0,4.821049575378947,2.201699568909998,0.0
0,13,15,5.3,400.0,400.0,10.0,1,100.0,0.10332202911376953,5,0,22.0,1,2,-10.5,3.1,1,-2.865396332514667,-4.4586437240052605,0.0
0,12,14,5.3,400.0,400.0,10.0,0,100.0,0.10308003425598145,5,0,22.0,1,2,-10.5,3.1,-1,-1.4931825512595758,-5.085312760156836,0.0
0,7,9,5.3,400.0,400.0,10.0,0,100.0,0.10309410095214844,5,0,22.0,1,2,-10.5,3.1,0,4.8210495753789475,-2.2016995689099974,0.0
0,1,3,5.3,400.0,400.0,10.0,-2,100.0,0.10326814651489258,5,0,22.0,2,2,-10.5,3.1,0,1.493182551259577,5.085312760156836,0.0
0,19,21,5.3,400.0,400.0,10.0,0,100.0,0.10328888893127441,5,0,22.0,1,2,-10.5,3.1,0,-4.005472744077568,3.470761889910012,0.0
0,17,19,5.3,400.0,400.0,10.0,0,100.0,0.10324716567993164,5,0,22.0,1,2,-10.5,3.1,0,-5.246053641968944,0.7542686428484098,0.0
0,1,3,5.3,400.0,400.0,10.0,0,100.0,0.1030580997467041,5,0,22.0,1,2,-10.5,3.1,0,1.493182551259577,5.085312760156836,0.0
0,8,10,5.3,400.0,400.0,10.0,0,100.0,0.10307812690734863,5,0,22.0,2,1,-10.5,3.1,-1,4.005472744077569,-3.47076188991001,0.0
0,9,11,5.3,400.0,400.0,10.0,0,100.0,0.10306787490844727,5,0,22.0,1,2,-10.5,3.1,-1,2.8653963325146665,-4.4586437240052605,0.0
0,14,16,5.3,400.0,400.0,10.0,1,100.0,0.1030740737915039,5,0,22.0,1,2,-10.5,3.1,0,-4.005472744077568,-3.4707618899100114,0.0
0,19,21,5.3,400.0,400.0,10.0,0,100.0,0.10327601432800293,5,0,22.0,1,2,-10.5,3.1,0,-4.005472744077568,3.470761889910012,0.0
0,20,0,5.3,400.0,400.0,10.0,0,100.0,0.10327601432800293,5,0,22.0,1,2,-10.5,3.1,0,-2.8653963325146705,4.458643724005258,0.0
0,5,7,5.3,400.0,400.0,10.0,0,100.0,0.10326290130615234,5,0,22.0,1,2,-10.5,3.1,0,5.246053641968943,0.7542686428484122,0.0
0,20,0,5.3,400.0,400.0,10.0,0,100.0,0.10326790809631348,5,0,22.0,1,2,-10.5,3.1,0,-2.8653963325146705,4.458643724005258,0.0
0,10,12,5.3,400.0,400.0,10.0,0,100.0,0.10315799713134766,5,0,22.0,2,2,-10.5,3.1,-1,1.4931825512595793,-5.085312760156835,0.0
0,1,3,5.3,400.0,400.0,10.0,-2,100.0,0.10305500030517578,5,0,22.0,1,2,-10.5,3.1,0,1.493182551259577,5.085312760156836,0.0
0,17,19,5.3,400.0,400.0,10.0,0,100.0,0.1038808822631836,5,0,22.0,2,2,-10.5,3.1,1,-5.246053641968944,0.7542686428484098,0.0
0,8,10,5.3,400.0,400.0,10.0,0,100.0,0.10327696800231934,5,0,22.0,1,1,-10.5,3.1,1,4.005472744077569,-3.47076188991001,0.0
0,6,8,5.3,400.0,400.0,10.0,0,100.0,0.10310816764831543,5,0,22.0,1,2,-10.5,3.1,-1,5.246053641968944,-0.7542686428484106,0.0
0,20,0,5.3,400.0,400.0,10.0,-2,100.0,0.1033480167388916,5,0,22.0,2,2,-10.5,3.1,0,-2.8653963325146705,4.458643724005258,0.0
0,15,17,5.3,400.0,400.0,10.0,1,100.0,0.10306787490844727,5,0,22.0,2,1,-10.5,3.1,2,-4.821049575378945,-2.201699568910002,0.0
0,19,21,5.3,400.0,400.0,10.0,-1,100.0,0.10326194763183594,5,0,22.0,2,2,-10.5,3.1,0,-4.005472744077568,3.470761889910012,0.0
0,16,18,5.3,400.0,400.0,10.0,-1,100.0,0.10308003425598145,5,0,22.0,2,1,-10.5,3.1,-2,-5.246053641968943,-0.7542686428484117,0.0
0,15,17,5.3,400.0,400.0,10.0,0,100.0,0.10306692123413086,5,0,22.0,1,2,-10.5,3.1,0,-4.821049575378945,-2.201699568910002,0.0
0,21,1,5.3,400.0,400.0,10.0,0,100.0,0.1031191349029541,5,0,22.0,1,2,-10.5,3.1,0,-1.4931825512595778,5.085312760156836,0.0
0,16,18,5.3,400.0,400.0,10.0,-1,100.0,0.1032249927520752,5,0,22.0,1,2,-10.5,3.1,0,-5.246053641968943,-0.7542686428484117,0.0
0,0,2,5.3,400.0,400.0,10.0,0,100.0,0.1032569408416748,5,0,22.0,1,2,-10.5,3.1,0,0.0,5.3,0.0
0,9,11,5.3,400.0,400.0,10.0,-2,100.0,0.10326099395751953,5,0,22.0,1,2,-10.5,3.1,0,2.8653963325146665,-4.4586437240052605,0.0
0,6,8,5.3,400.0,400.0,10.0,0,100.0,0.10321807861328125,5,0,22.0,1,2,-10.5,3.1,0,5.246053641968944,-0.7542686428484106,0.0
0,0,2,5.3,400.0,400.0,10.0,0,100.0,0.10307908058166504,5,0,22.0,1,2,-10.5,3.1,0,0.0,5.3,0.0
0,11,13,5.3,400.0,400.0,10.0,-1,100.0,0.1032259464263916,5,0,22.0,1,2,-10.5,3.1,0,6.490413675258599e-16,-5.3,0.0
0,19,21,5.3,400.0,400.0,10.0,0,100.0,0.10323190689086914,5,0,22.0,1,2,-10.5,3.1,0,-4.005472744077568,3.470761889910012,0.0
0,15,17,5.3,400.0,400.0,10.0,-1,100.0,0.10333013534545898,5,0,22.0,1,1,-10.5,3.1,-2,-4.821049575378945,-2.201699568910002,0.0
0,15,17,5.3,400.0,400.0,10.0,1,100.0,0.10338306427001953,5,0,22.0,2,2,-10.5,3.1,0,-4.821049575378945,-2.201699568910002,0.0
0,9,11,5.3,400.0,400.0,10.0,-1,100.0,0.10326600074768066,5,0,22.0,1,2,-10.5,3.1,0,2.8653963325146665,-4.4586437240052605,0.0
0,11,13,5.3,400.0,400.0,10.0,1,100.0,0.1031029224395752,5,0,22.0,1,2,-10.5,3.1,0,6.490413675258599e-16,-5.3,0.0
0,15,17,5.3,400.0,400.0,10.0,0,100.0,0.10325908660888672,5,0,22.0,1,2,-10.5,3.1,0,-4.821049575378945,-2.201699568910002,0.0
0,17,19,5.3,400.0,400.0,10.0,0,100.0,0.10329890251159668,5,0,22.0,1,2,-10.5,3.1,0,-5.246053641968944,0.7542686428484098,0.0
0,2,4,5.3,400.0,400.0,10.0,-1,100.0,0.10305500030517578,5,0,22.0,1,2,-10.5,3.1,2,2.865396332514667,4.4586437240052605,0.0
0,14,16,5.3,400.0,400.0,10.0,0,100.0,0.10328102111816406,5,0,22.0,2,2,-10.5,3.1,1,-4.005472744077568,-3.4707618899100114,0.0
0,9,11,5.3,400.0,400.0,10.0,0,100.0,0.10309600830078125,5,0,22.0,1,2,-10.5,3.1,0,2.8653963325146665,-4.4586437240052605,0.0
0,14,16,5.3,400.0,400.0,10.0,0,100.0,0.10326480865478516,5,0,22.0,1,2,-10.5,3.1,0,-4.005472744077568,-3.4707618899100114,0.0
0,18,20,5.3,400.0,400.0,10.0,0,100.0,0.10321998596191406,5,0,22.0,1,2,-10.5,3.1,0,-4.821049575378947,2.20169956891,0.0
0,2,4,5.3,400.0,400.0,10.0,1,100.0,0.10397481918334961,5,0,22.0,2,2,-10.5,3.1,0,2.865396332514667,4.4586437240052605,0.0
0,17,19,5.3,400.0,400.0,10.0,0,100.0,0.1032400131225586,5,0,22.0,1,2,-10.5,3.1,0,-5.246053641968944,0.7542686428484098,0.0
0,6,8,5.3,400.0,400.0,10.0,0,100.0,0.10358405113220215,5,0,22.0,1,2,-10.5,3.1,0,5.246053641968944,-0.7542686428484106,0.0
0,9,11,5.3,400.0,400.0,10.0,1,100.0,0.10323405265808105,5,0,22.0,2,1,-10.5,3.1,0,2.8653963325146665,-4.4586437240052605,0.0
0,14,16,5.3,400.0,400.0,10.0,1,100.0,0.10331177711486816,5,0,22.0,1,2,-10.5,3.1,-2,-4.005472744077568,-3.4707618899100114,0.0
0,14,16,5.3,400.0,400.0,10.0,1,100.0,0.1033170223236084,5,0,22.0,2,2,-10.5,3.1,-1,-4.005472744077568,-3.4707618899100114,0.0
0,5,7,5.3,400.0,400.0,10.0,0,100.0,0.10339713096618652,5,0,22.0,1,2,-10.5,3.1,0,5.246053641968943,0.7542686428484122,0.0
0,4,6,5.3,400.0,400.0,10.0,2,100.0,0.10339689254760742,5,0,22.0,1,2,-10.5,3.1,0,4.821049575378947,2.201699568909998,0.0
0,3,5,5.3,400.0,400.0,10.0,0,100.0,0.10327696800231934,5,0,22.0,1,2,-10.5,3.1,0,4.005472744077569,3.470761889910011,0.0
0,11,13,5.3,400.0,400.0,10.0,1,100.0,0.10313701629638672,5,0,22.0,2,2,-10.5,3.1,0,6.490413675258599e-16,-5.3,0.0
0,2,4,5.3,400.0,400.0,10.0,1,100.0,0.10324883460998535,5,0,22.0,2,1,-10.5,3.1,0,2.865396332514667,4.4586437240052605,0.0
0,5,7,5.3,400.0,400.0,10.0,0,100.0,0.10318803787231445,5,0,22.0,1,2,-10.5,3.1,0,5.246053641968943,0.7542686428484122,0.0
0,9,11,5.3,400.0,400.0,10.0,0,100.0,0.10326719284057617,5,0,22.0,1,2,-10.5,3.1,0,2.8653963325146665,-4.4586437240052605,0.0
0,4,6,5.3,400.0,400.0,10.0,1,100.0,0.10327506065368652,5,0,22.0,1,2,-10.5,3.1,1,4.821049575378947,2.201699568909998,0.0
0,13,15,5.3,400.0,400.0,10.0,1,100.0,0.10320115089416504,5,0,22.0,2,1,-10.5,3.1,0,-2.865396332514667,-4.4586437240052605,0.0
0,3,5,5.3,400.0,400.0,10.0,0,100.0,0.10323691368103027,5,0,22.0,1,2,-10.5,3.1,0,4.005472744077569,3.470761889910011,0.0
0,6,8,5.3,400.0,400.0,10.0,0,100.0,0.10320401191711426,5,0,22.0,1,2,-10.5,3.1,0,5.246053641968944,-0.7542686428484106,0.0
0,1,3,5.3,400.0,400.0,10.0,0,100.0,0.10323286056518555,5,0,22.0,1,2,-10.5,3.1,0,1.493182551259577,5.085312760156836,0.0
0,21,1,5.3,400.0,400.0,10.0,-1,100.0,0.10327506065368652,5,0,22.0,1,2,-10.5,3.1,0,-1.4931825512595778,5.085312760156836,0.0
0,2,4,5.3,400.0,400.0,10.0,0,100.0,0.10338807106018066,5,0,22.0,1,2,-10.5,3.1,1,2.865396332514667,4.4586437240052605,0.0
0,6,8,5.3,400.0,400.0,10.0,0,100.0,0.10327291488647461,5,0,22.0,1,2,-10.5,3.1,0,5.246053641968944,-0.7542686428484106,0.0
0,8,10,5.3,400.0,400.0,10.0,0,100.0,0.10332512855529785,5,0,22.0,2,1,-10.5,3.1,0,4.005472744077569,-3.47076188991001,0.0
0,16,18,5.3,400.0,400.0,10.0,-1,100.0,0.1030721664428711,5,0,22.0,2,2,-10.5,3.1,0,-5.246053641968943,-0.7542686428484117,0.0
0,1,3,5.3,400.0,400.0,10.0,0,100.0,0.10318589210510254,5,0,22.0,2,1,-10.5,3.1,0,1.493182551259577,5.085312760156836,0.0
0,10,12,5.3,400.0,400.0,10.0,-1,100.0,0.10326504707336426,5,0,22.0,1,2,-10.5,3.1,0,1.4931825512595793,-5.085312760156835,0.0
0,9,11,5.3,400.0,400.0,10.0,1,100.0,0.10326910018920898,5,0,22.0,2,2,-10.5,3.1,2,2.8653963325146665,-4.4586437240052605,0.0
0,19,21,5.3,400.0,400.0,10.0,0,100.0,0.10326814651489258,5,0,22.0,1,2,-10.5,3.1,0,-4.005472744077568,3.470761889910012,0.0
0,20,0,5.3,400.0,400.0,10.0,1,100.0,0.10330581665039062,5,0,22.0,1,2,-10.5,3.1,0,-2.8653963325146705,4.458643724005258,0.0
0,3,5,5.3,400.0,400.0,10.0,-1,100.0,0.10311079025268555,5,0,22.0,1,2,-10.5,3.1,0,4.005472744077569,3.470761889910011,0.0
0,5,7,5.3,400.0,400.0,10.0,2,100.0,0.10309696197509766,5,0,22.0,1,2,-10.5,3.1,0,5.246053641968943,0.7542686428484122,0.0
0,20,0,5.3,400.0,400.0,10.0,-2,100.0,0.10306596755981445,5,0,22.0,1,2,-10.5,3.1,-1,-2.8653963325146705,4.458643724005258,0.0
0,20,0,5.3,400.0,400.0,10.0,0,100.0,0.10314798355102539,5,0,22.0,1,2,-10.5,3.1,0,-2.8653963325146705,4.458643724005258,0.0
0,6,8,5.3,400.0,400.0,10.0,0,100.0,0.10332798957824707,5,0,22.0,1,2,-10.5,3.1,0,5.246053641968944,-0.7542686428484106,0.0
0,13,15,5.3,400.0,400.0,10.0,-2,100.0,0.10326194763183594,5,0,22.0,2,2,-10.5,3.1,1,-2.865396332514667,-4.4586437240052605,0.0
0,5,7,5.3,400.0,400.0,10.0,1,100.0,0.10306620597839355,5,0,22.0,1,2,-10.5,3.1,0,5.246053641968943,0.7542686428484122,0.0
0,13,15,5.3,400.0,400.0,10.0,0,100.0,0.10310196876525879,5,0,22.0,1,2,-10.5,3.1,0,-2.865396332514667,-4.4586437240052605,0.0
0,10,12,5.3,400.0,400.0,10.0,-1,100.0,0.10306096076965332,5,0,22.0,1,2,-10.5,3.1,-1,1.4931825512595793,-5.085312760156835,0.0
0,8,10,5.3,400.0,400.0,10.0,-1,100.0,0.10325789451599121,5,0,22.0,1,2,-10.5,3.1,1,4.005472744077569,-3.47076188991001,0.0
0,4,6,5.3,400.0,400.0,10.0,0,100.0,0.10325098037719727,5,0,22.0,1,2,-10.5,3.1,0,4.821049575378947,2.201699568909998,0.0
0,2,4,5.3,400.0,400.0,10.0,1,100.0,0.10309600830078125,5,0,22.0,1,2,-10.5,3.1,-1,2.865396332514667,4.4586437240052605,0.0
0,20,0,5.3,400.0,400.0,10.0,2,100.0,0.1033320426940918,5,0,22.0,1,1,-10.5,3.1,-1,-2.8653963325146705,4.458643724005258,0.0
0,21,1,5.3,400.0,400.0,10.0,0,100.0,0.1031649112701416,5,0,22.0,2,1,-10.5,3.1,-1,-1.4931825512595778,5.085312760156836,0.0
0,16,18,5.3,400.0,400.0,10.0,0,100.0,0.10359811782836914,5,0,22.0,1,2,-10.5,3.1,0,-5.246053641968943,-0.7542686428484117,0.0
0,15,17,5.3,400.0,400.0,10.0,0,100.0,0.10325312614440918,5,0,22.0,1,2,-10.5,3.1,0,-4.821049575378945,-2.201699568910002,0.0
0,4,6,5.3,400.0,400.0,10.0,0,100.0,0.10325813293457031,5,0,22.0,1,2,-10.5,3.1,0,4.821049575378947,2.201699568909998,0.0
0,15,17,5.3,400.0,400.0,10.0,2,100.0,0.10314202308654785,5,0,22.0,1,2,-10.5,3.1,1,-4.821049575378945,-2.201699568910002,0.0
0,21,1,5.3,400.0,400.0,10.0,0,100.0,0.10306906700134277,5,0,22.0,2,1,-10.5,3.1,2,-1.4931825512595778,5.085312760156836,0.0
0,5,7,5.3,400.0,400.0,10.0,0,100.0,0.10310912132263184,5,0,22.0,1,2,-10.5,3.1,-1,5.246053641968943,0.7542686428484122,0.0
0,6,8,5.3,400.0,400.0,10.0,0,100.0,0.10326719284057617,5,0,22.0,1,2,-10.5,3.1,0,5.246053641968944,-0.7542686428484106,0.0
0,11,13,5.3,400.0,400.0,10.0,0,100.0,0.10307621955871582,5,0,22.0,1,2,-10.5,3.1,0,6.490413675258599e-16,-5.3,0.0
0,21,1,5.3,400.0,400.0,10.0,1,100.0,0.10327792167663574,5,0,22.0,1,2,-10.5,3.1,-1,-1.4931825512595778,5.085312760156836,0.0
0,3,5,5.3,400.0,400.0,10.0,0,100.0,0.1031031608581543,5,0,22.0,1,1,-10.5,3.1,-1,4.005472744077569,3.470761889910011,0.0
0,5,7,5.3,400.0,400.0,10.0,0,100.0,0.10307693481445312,5,0,22.0,1,2,-10.5,3.1,0,5.246053641968943,0.7542686428484122,0.0
0,3,5,5.3,400.0,400.0,10.0,0,100.0,0.1030721664428711,5,0,22.0,1,2,-10.5,3.1,-2,4.005472744077569,3.470761889910011,0.0
0,10,12,5.3,400.0,400.0,10.0,-1,100.0,0.10331511497497559,5,0,22.0,1,2,-10.5,3.1,0,1.4931825512595793,-5.085312760156835,0.0
0,12,14,5.3,400.0,400.0,10.0,0,100.0,0.1032721996307373,5,0,22.0,2,1,-10.5,3.1,0,-1.4931825512595758,-5.085312760156836,0.0
0,13,15,5.3,400.0,400.0,10.0,0,100.0,0.10307598114013672,5,0,22.0,1,2,-10.5,3.1,1,-2.865396332514667,-4.4586437240052605,0.0
0,15,17,5.3,400.0,400.0,10.0,1,100.0,0.10306906700134277,5,0,22.0,1,2,-10.5,3.1,0,-4.821049575378945,-2.201699568910002,0.0
0,9,11,5.3,400.0,400.0,10.0,0,100.0,0.10307097434997559,5,0,22.0,1,2,-10.5,3.1,-1,2.8653963325146665,-4.4586437240052605,0.0
0,16,18,5.3,400.0,400.0,10.0,2,100.0,0.10328006744384766,5,0,22.0,1,2,-10.5,3.1,0,-5.246053641968943,-0.7542686428484117,0.0
0,14,16,5.3,400.0,400.0,10.0,1,100.0,0.10307478904724121,5,0,22.0,1,2,-10.5,3.1,1,-4.005472744077568,-3.4707618899100114,0.0
0,8,10,5.3,400.0,400.0,10.0,0,100.0,0.10307502746582031,5,0,22.0,1,2,-10.5,3.1,0,4.005472744077569,-3.47076188991001,0.0
0,15,17,5.3,400.0,400.0,10.0,1,100.0,0.10306620597839355,5,0,22.0,2,2,-10.5,3.1,0,-4.821049575378945,-2.201699568910002,0.0
0,1,3,5.3,400.0,400.0,10.0,1,100.0,0.1030731201171875,5,0,22.0,1,2,-10.5,3.1,0,1.493182551259577,5.085312760156836,0.0
0,12,14,5.3,400.0,400.0,10.0,1,100.0,0.10329008102416992,5,0,22.0,2,2,-10.5,3.1,2,-1.4931825512595758,-5.085312760156836,0.0
0,12,14,5.3,400.0,400.0,10.0,-1,100.0,0.1032259464263916,5,0,22.0,1,2,-10.5,3.1,-1,-1.4931825512595758,-5.085312760156836,0.0
0,21,1,5.3,400.0,400.0,10.0,0,100.0,0.10320806503295898,5,0,22.0,1,2,-10.5,3.1,0,-1.4931825512595778,5.085312760156836,0.0
0,2,4,5.3,400.0,400.0,10.0,1,100.0,0.10328006744384766,5,0,22.0,1,2,-10.5,3.1,0,2.865396332514667,4.4586437240052605,0.0
0,4,6,5.3,400.0,400.0,10.0,0,100.0,0.10326886177062988,5,0,22.0,1,2,-10.5,3.1,0,4.821049575378947,2.201699568909998,0.0
0,11,13,5.3,400.0,400.0,10.0,0,100.0,0.10307002067565918,5,0,22.0,2,1,-10.5,3.1,0,6.490413675258599e-16,-5.3,0.0
0,4,6,5.3,400.0,400.0,10.0,0,100.0,0.1032569408416748,5,0,22.0,1,2,-10.5,3.1,2,4.821049575378947,2.201699568909998,0.0
0,7,9,5.3,400.0,400.0,10.0,0,100.0,0.10324311256408691,5,0,22.0,1,2,-10.5,3.1,0,4.8210495753789475,-2.2016995689099974,0.0
0,2,4,5.3,400.0,400.0,10.0,-1,100.0,0.10306787490844727,5,0,22.0,1,2,-10.5,3.1,-1,2.865396332514667,4.4586437240052605,0.0
0,6,8,5.3,400.0,400.0,10.0,0,100.0,0.10326695442199707,5,0,22.0,1,2,-10.5,3.1,0,5.246053641968944,-0.7542686428484106,0.0
0,3,5,5.3,400.0,400.0,10.0,0,100.0,0.10327911376953125,5,0,22.0,2,2,-10.5,3.1,-1,4.005472744077569,3.470761889910011,0.0
0,18,20,5.3,400.0,400.0,10.0,2,100.0,0.10325193405151367,5,0,22.0,2,2,-10.5,3.1,0,-4.821049575378947,2.20169956891,0.0
0,2,4,5.3,400.0,400.0,10.0,0,100.0,0.10325407981872559,5,0,22.0,1,2,-10.5,3.1,-1,2.865396332514667,4.4586437240052605,0.0
0,20,0,5.3,400.0,400.0,10.0,0,100.0,0.10336804389953613,5,0,22.0,1,1,-10.5,3.1,1,-2.8653963325146705,4.458643724005258,0.0
0,9,11,5.3,400.0,400.0,10.0,-2,100.0,0.10307621955871582,5,0,22.0,2,1,-10.5,3.1,-1,2.8653963325146665,-4.4586437240052605,0.0
0,4,6,5.3,400.0,400.0,10.0,-1,100.0,0.10310101509094238,5,0,22.0,2,2,-10.5,3.1,0,4.821049575378947,2.201699568909998,0.0
0,21,1,5.3,400.0,400.0,10.0,0,100.0,0.10325813293457031,5,0,22.0,1,2,-10.5,3.1,0,-1.4931825512595778,5.085312760156836,0.0
0,3,5,5.3,400.0,400.0,10.0,0,100.0,0.10326814651489258,5,0,22.0,1,2,-10.5,3.1,0,4.005472744077569,3.470761889910011,0.0
0,19,21,5.3,400.0,400.0,10.0,0,100.0,0.10327720642089844,5,0,22.0,1,2,-10.5,3.1,0,-4.005472744077568,3.470761889910012,0.0
0,18,20,5.3,400.0,400.0,10.0,0,100.0,0.10327410697937012,5,0,22.0,1,2,-10.5,3.1,0,-4.821049575378947,2.20169956891,0.0
0,13,15,5.3,400.0,400.0,10.0,0,100.0,0.10326004028320312,5,0,22.0,2,1,-10.5,3.1,0,-2.865396332514667,-4.4586437240052605,0.0
0,11,13,5.3,400.0,400.0,10.0,2,100.0,0.10308408737182617,5,0,22.0,1,2,-10.5,3.1,0,6.490413675258599e-16,-5.3,0.0
0,5,7,5.3,400.0,400.0,10.0,0,100.0,0.10310196876525879,5,0,22.0,1,2,-10.5,3.1,0,5.246053641968943,0.7542686428484122,0.0
0,4,6,5.3,400.0,400.0,10.0,0,100.0,0.10323500633239746,5,0,22.0,1,2,-10.5,3.1,0,4.821049575378947,2.201699568909998,0.0
0,5,7,5.3,400.0,400.0,10.0,0,100.0,0.10327696800231934,5,0,22.0,1,2,-10.5,3.1,0,5.246053641968943,0.7542686428484122,0.0
0,19,21,5.3,400.0,400.0,10.0,0,100.0,0.10332584381103516,5,0,22.0,1,2,-10.5,3.1,0,-4.005472744077568,3.470761889910012,0.0
0,2,4,5.3,400.0,400.0,10.0,1,100.0,0.10327577590942383,5,0,22.0,1,2,-10.5,3.1,0,2.865396332514667,4.4586437240052605,0.0
0,16,18,5.3,400.0,400.0,10.0,0,100.0,0.10335803031921387,5,0,22.0,1,1,-10.5,3.1,1,-5.246053641968943,-0.7542686428484117,0.0
0,20,0,5.3,400.0,400.0,10.0,-2,100.0,0.10330605506896973,5,0,22.0,2,2,-10.5,3.1,0,-2.8653963325146705,4.458643724005258,0.0
0,16,18,5.3,400.0,400.0,10.0,1,100.0,0.10319805145263672,5,0,22.0,2,1,-10.5,3.1,1,-5.246053641968943,-0.7542686428484117,0.0
0,4,6,5.3,400.0,400.0,10.0,-1,100.0,0.10309290885925293,5,0,22.0,1,2,-10.5,3.1,0,4.821049575378947,2.201699568909998,0.0
0,3,5,5.3,400.0,400.0,10.0,0,100.0,0.10330915451049805,5,0,22.0,1,2,-10.5,3.1,0,4.005472744077569,3.470761889910011,0.0
0,14,16,5.3,400.0,400.0,10.0,0,100.0,0.10326695442199707,5,0,22.0,1,2,-10.5,3.1,1,-4.005472744077568,-3.4707618899100114,0.0
0,0,2,5.3,400.0,400.0,10.0,0,100.0,0.10326695442199707,5,0,22.0,1,2,-10.5,3.1,0,0.0,5.3,0.0
0,8,10,5.3,400.0,400.0,10.0,0,100.0,0.10325384140014648,5,0,22.0,1,1,-10.5,3.1,-1,4.005472744077569,-3.47076188991001,0.0
0,8,10,5.3,400.0,400.0,10.0,-1,100.0,0.10325908660888672,5,0,22.0,1,2,-10.5,3.1,-2,4.005472744077569,-3.47076188991001,0.0
0,9,11,5.3,400.0,400.0,10.0,0,100.0,0.10326814651489258,5,0,22.0,1,2,-10.5,3.1,1,2.8653963325146665,-4.4586437240052605,0.0
0,9,11,5.3,400.0,400.0,10.0,1,100.0,0.10327601432800293,5,0,22.0,1,2,-10.5,3.1,0,2.8653963325146665,-4.4586437240052605,0.0
0,9,11,5.3,400.0,400.0,10.0,0,100.0,0.10326004028320312,5,0,22.0,1,1,-10.5,3.1,-2,2.8653963325146665,-4.4586437240052605,0.0
0,5,7,5.3,400.0,400.0,10.0,0,100.0,0.10331296920776367,5,0,22.0,1,2,-10.5,3.1,0,5.246053641968943,0.7542686428484122,0.0
0,1,3,5.3,400.0,400.0,10.0,0,100.0,0.10581612586975098,5,0,22.0,1,2,-10.5,3.1,1,1.493182551259577,5.085312760156836,0.0
0,2,4,5.3,400.0,400.0,10.0,0,100.0,0.10330009460449219,5,0,22.0,1,2,-10.5,3.1,-1,2.865396332514667,4.4586437240052605,0.0
0,10,12,5.3,400.0,400.0,10.0,-1,100.0,0.10331606864929199,5,0,22.0,1,2,-10.5,3.1,-2,1.4931825512595793,-5.085312760156835,0.0
0,6,8,5.3,400.0,400.0,10.0,0,100.0,0.10327005386352539,5,0,22.0,1,2,-10.5,3.1,0,5.246053641968944,-0.7542686428484106,0.0
0,4,6,5.3,400.0,400.0,10.0,0,100.0,0.10326409339904785,5,0,22.0,1,2,-10.5,3.1,0,4.821049575378947,2.201699568909998,0.0
0,5,7,5.3,400.0,400.0,10.0,0,100.0,0.1035919189453125,5,0,22.0,1,2,-10.5,3.1,0,5.246053641968943,0.7542686428484122,0.0
0,6,8,5.3,400.0,400.0,10.0,0,100.0,0.10330891609191895,5,0,22.0,1,2,-10.5,3.1,2,5.246053641968944,-0.7542686428484106,0.0
0,4,6,5.3,400.0,400.0,10.0,0,100.0,0.1030728816986084,5,0,22.0,1,2,-10.5,3.1,-1,4.821049575378947,2.201699568909998,0.0
0,11,13,5.3,400.0,400.0,10.0,0,100.0,0.10403108596801758,5,0,22.0,1,2,-10.5,3.1,-1,6.490413675258599e-16,-5.3,0.0
0,13,15,5.3,400.0,400.0,10.0,0,100.0,0.10364103317260742,5,0,22.0,1,2,-10.5,3.1,0,-2.865396332514667,-4.4586437240052605,0.0
0,5,7,5.3,400.0,400.0,10.0,0,100.0,0.10333108901977539,5,0,22.0,1,2,-10.5,3.1,0,5.246053641968943,0.7542686428484122,0.0
0,0,2,5.3,400.0,400.0,10.0,0,100.0,0.1032559871673584,5,0,22.0,1,1,-10.5,3.1,1,0.0,5.3,0.0
0,19,21,5.3,400.0,400.0,10.0,2,100.0,0.10325884819030762,5,0,22.0,1,1,-10.5,3.1,0,-4.005472744077568,3.470761889910012,0.0
0,9,11,5.3,400.0,400.0,10.0,-2,100.0,0.10326695442199707,5,0,22.0,1,2,-10.5,3.1,0,2.8653963325146665,-4.4586437240052605,0.0
0,2,4,5.3,400.0,400.0,10.0,0,100.0,0.10312390327453613,5,0,22.0,2,1,-10.5,3.1,1,2.865396332514667,4.4586437240052605,0.0
0,16,18,5.3,400.0,400.0,10.0,0,100.0,0.10336518287658691,5,0,22.0,1,2,-10.5,3.1,0,-5.246053641968943,-0.7542686428484117,0.0
0,10,12,5.3,400.0,400.0,10.0,-1,100.0,0.1032249927520752,5,0,22.0,1,2,-10.5,3.1,0,1.4931825512595793,-5.085312760156835,0.0
0,10,12,5.3,400.0,400.0,10.0,-1,100.0,0.10327577590942383,5,0,22.0,1,2,-10.5,3.1,0,1.4931825512595793,-5.085312760156835,0.0
0,4,6,5.3,400.0,400.0,10.0,0,100.0,0.10636496543884277,5,0,22.0,1,2,-10.5,3.1,0,4.821049575378947,2.201699568909998,0.0
0,16,18,5.3,400.0,400.0,10.0,0,100.0,0.10338997840881348,5,0,22.0,1,2,-10.5,3.1,0,-5.246053641968943,-0.7542686428484117,0.0
0,18,20,5.3,400.0,400.0,10.0,0,100.0,0.10326099395751953,5,0,22.0,1,2,-10.5,3.1,0,-4.821049575378947,2.20169956891,0.0
0,20,0,5.3,400.0,400.0,10.0,2,100.0,0.10326886177062988,5,0,22.0,1,2,-10.5,3.1,0,-2.8653963325146705,4.458643724005258,0.0
0,18,20,5.3,400.0,400.0,10.0,0,100.0,0.10326290130615234,5,0,22.0,1,2,-10.5,3.1,0,-4.821049575378947,2.20169956891,0.0
0,7,9,5.3,400.0,400.0,10.0,0,100.0,0.10332703590393066,5,0,22.0,1,2,-10.5,3.1,0,4.8210495753789475,-2.2016995689099974,0.0
0,20,0,5.3,400.0,400.0,10.0,1,100.0,0.1032719612121582,5,0,22.0,2,1,-10.5,3.1,-1,-2.8653963325146705,4.458643724005258,0.0
0,8,10,5.3,400.0,400.0,10.0,0,100.0,0.10326790809631348,5,0,22.0,2,1,-10.5,3.1,0,4.005472744077569,-3.47076188991001,0.0
0,3,5,5.3,400.0,400.0,10.0,0,100.0,0.10307598114013672,5,0,22.0,2,1,-10.5,3.1,0,4.005472744077569,3.470761889910011,0.0
0,10,12,5.3,400.0,400.0,10.0,-1,100.0,0.1033320426940918,5,0,22.0,1,2,-10.5,3.1,-1,1.4931825512595793,-5.085312760156835,0.0
0,11,13,5.3,400.0,400.0,10.0,0,100.0,0.10306692123413086,5,0,22.0,1,1,-10.5,3.1,-1,6.490413675258599e-16,-5.3,0.0
0,4,6,5.3,400.0,400.0,10.0,0,100.0,0.10308194160461426,5,0,22.0,1,2,-10.5,3.1,0,4.821049575378947,2.201699568909998,0.0
0,11,13,5.3,400.0,400.0,10.0,0,100.0,0.10329294204711914,5,0,22.0,1,2,-10.5,3.1,0,6.490413675258599e-16,-5.3,0.0
0,20,0,5.3,400.0,400.0,10.0,0,100.0,0.10338807106018066,5,0,22.0,1,1,-10.5,3.1,-2,-2.8653963325146705,4.458643724005258,0.0
0,0,2,5.3,400.0,400.0,10.0,0,100.0,0.10356903076171875,5,0,22.0,1,2,-10.5,3.1,-1,0.0,5.3,0.0
0,17,19,5.3,400.0,400.0,10.0,0,100.0,0.10324311256408691,5,0,22.0,1,2,-10.5,3.1,0,-5.246053641968944,0.7542686428484098,0.0
0,13,15,5.3,400.0,400.0,10.0,0,100.0,0.10330605506896973,5,0,22.0,2,1,-10.5,3.1,2,-2.865396332514667,-4.4586437240052605,0.0
0,20,0,5.3,400.0,400.0,10.0,0,100.0,0.10570693016052246,5,0,22.0,1,2,-10.5,3.1,0,-2.8653963325146705,4.458643724005258,0.0
0,20,0,5.3,400.0,400.0,10.0,0,100.0,0.10327506065368652,5,0,22.0,1,2,-10.5,3.1,0,-2.8653963325146705,4.458643724005258,0.0
0,10,12,5.3,400.0,400.0,10.0,0,100.0,0.10326695442199707,5,0,22.0,2,1,-10.5,3.1,-2,1.4931825512595793,-5.085312760156835,0.0
0,1,3,5.3,400.0,400.0,10.0,0,100.0,0.1032710075378418,5,0,22.0,1,2,-10.5,3.1,0,1.493182551259577,5.085312760156836,0.0
0,13,15,5.3,400.0,400.0,10.0,2,100.0,0.10325098037719727,5,0,22.0,1,2,-10.5,3.1,-1,-2.865396332514667,-4.4586437240052605,0.0
0,11,13,5.3,400.0,400.0,10.0,0,100.0,0.1031031608581543,5,0,22.0,1,2,-10.5,3.1,-2,6.490413675258599e-16,-5.3,0.0
0,2,4,5.3,400.0,400.0,10.0,0,100.0,0.10307598114013672,5,0,22.0,1,1,-10.5,3.1,-1,2.865396332514667,4.4586437240052605,0.0
0,19,21,5.3,400.0,400.0,10.0,2,100.0,0.10312390327453613,5,0,22.0,2,1,-10.5,3.1,0,-4.005472744077568,3.470761889910012,0.0
0,0,2,5.3,400.0,400.0,10.0,2,100.0,0.10326504707336426,5,0,22.0,1,2,-10.5,3.1,0,0.0,5.3,0.0
0,4,6,5.3,400.0,400.0,10.0,-1,100.0,0.10340595245361328,5,0,22.0,1,2,-10.5,3.1,0,4.821049575378947,2.201699568909998,0.0
0,10,12,5.3,400.0,400.0,10.0,-2,100.0,0.10306811332702637,5,0,22.0,2,2,-10.5,3.1,0,1.4931825512595793,-5.085312760156835,0.0
0,16,18,5.3,400.0,400.0,10.0,1,100.0,0.10353517532348633,5,0,22.0,1,2,-10.5,3.1,0,-5.246053641968943,-0.7542686428484117,0.0
0,7,9,5.3,400.0,400.0,10.0,0,100.0,0.10309004783630371,5,0,22.0,1,2,-10.5,3.1,0,4.8210495753789475,-2.2016995689099974,0.0
0,1,3,5.3,400.0,400.0,10.0,0,100.0,0.1032710075378418,5,0,22.0,1,2,-10.5,3.1,0,1.493182551259577,5.085312760156836,0.0
0,11,13,5.3,400.0,400.0,10.0,0,100.0,0.10308003425598145,5,0,22.0,1,2,-10.5,3.1,0,6.490413675258599e-16,-5.3,0.0
0,18,20,5.3,400.0,400.0,10.0,0,100.0,0.10307598114013672,5,0,22.0,1,2,-10.5,3.1,0,-4.821049575378947,2.20169956891,0.0
0,4,6,5.3,400.0,400.0,10.0,-2,100.0,0.10308003425598145,5,0,22.0,2,2,-10.5,3.1,0,4.821049575378947,2.201699568909998,0.0
0,8,10,5.3,400.0,400.0,10.0,0,100.0,0.10306000709533691,5,0,22.0,1,2,-10.5,3.1,1,4.005472744077569,-3.47076188991001,0.0
0,11,13,5.3,400.0,400.0,10.0,-1,100.0,0.10309100151062012,5,0,22.0,1,2,-10.5,3.1,0,6.490413675258599e-16,-5.3,0.0
0,14,16,5.3,400.0,400.0,10.0,2,100.0,0.10326910018920898,5,0,22.0,1,2,-10.5,3.1,1,-4.005472744077568,-3.4707618899100114,0.0
0,14,16,5.3,400.0,400.0,10.0,1,100.0,0.10333704948425293,5,0,22.0,1,2,-10.5,3.1,1,-4.005472744077568,-3.4707618899100114,0.0
0,9,11,5.3,400.0,400.0,10.0,0,100.0,0.10328197479248047,5,0,22.0,1,1,-10.5,3.1,2,2.8653963325146665,-4.4586437240052605,0.0
0,20,0,5.3,400.0,400.0,10.0,2,100.0,0.10308289527893066,5,0,22.0,2,2,-10.5,3.1,0,-2.8653963325146705,4.458643724005258,0.0
0,1,3,5.3,400.0,400.0,10.0,-2,100.0,0.10307002067565918,5,0,22.0,1,2,-10.5,3.1,0,1.493182551259577,5.085312760156836,0.0
0,14,16,5.3,400.0,400.0,10.0,1,100.0,0.10311412811279297,5,0,22.0,1,2,-10.5,3.1,1,-4.005472744077568,-3.4707618899100114,0.0
0,2,4,5.3,400.0,400.0,10.0,1,100.0,0.10306501388549805,5,0,22.0,2,2,-10.5,3.1,0,2.865396332514667,4.4586437240052605,0.0
0,13,15,5.3,400.0,400.0,10.0,-2,100.0,0.10341906547546387,5,0,22.0,1,2,-10.5,3.1,-2,-2.865396332514667,-4.4586437240052605,0.0
0,8,10,5.3,400.0,400.0,10.0,0,100.0,0.10335516929626465,5,0,22.0,1,2,-10.5,3.1,0,4.005472744077569,-3.47076188991001,0.0
0,15,17,5.3,400.0,400.0,10.0,0,100.0,0.10342884063720703,5,0,22.0,2,1,-10.5,3.1,2,-4.821049575378945,-2.201699568910002,0.0
0,13,15,5.3,400.0,400.0,10.0,1,100.0,0.10310101509094238,5,0,22.0,1,2,-10.5,3.1,1,-2.865396332514667,-4.4586437240052605,0.0
0,16,18,5.3,400.0,400.0,10.0,1,100.0,0.10326313972473145,5,0,22.0,2,2,-10.5,3.1,0,-5.246053641968943,-0.7542686428484117,0.0
0,18,20,5.3,400.0,400.0,10.0,0,100.0,0.10327601432800293,5,0,22.0,1,2,-10.5,3.1,0,-4.821049575378947,2.20169956891,0.0
0,1,3,5.3,400.0,400.0,10.0,0,100.0,0.10323691368103027,5,0,22.0,1,2,-10.5,3.1,0,1.493182551259577,5.085312760156836,0.0
0,2,4,5.3,400.0,400.0,10.0,1,100.0,0.10326099395751953,5,0,22.0,2,2,-10.5,3.1,0,2.865396332514667,4.4586437240052605,0.0
0,6,8,5.3,400.0,400.0,10.0,0,100.0,0.10327506065368652,5,0,22.0,1,2,-10.5,3.1,0,5.246053641968944,-0.7542686428484106,0.0
0,15,17,5.3,400.0,400.0,10.0,0,100.0,0.10310792922973633,5,0,22.0,1,2,-10.5,3.1,-1,-4.821049575378945,-2.201699568910002,0.0
0,19,21,5.3,400.0,400.0,10.0,-2,100.0,0.10340189933776855,5,0,22.0,2,2,-10.5,3.1,0,-4.005472744077568,3.470761889910012,0.0
0,17,19,5.3,400.0,400.0,10.0,0,100.0,0.10326695442199707,5,0,22.0,1,2,-10.5,3.1,0,-5.246053641968944,0.7542686428484098,0.0
0,19,21,5.3,400.0,400.0,10.0,0,100.0,0.10327506065368652,5,0,22.0,2,1,-10.5,3.1,2,-4.005472744077568,3.470761889910012,0.0
0,12,14,5.3,400.0,400.0,10.0,-1,100.0,0.10326814651489258,5,0,22.0,1,2,-10.5,3.1,0,-1.4931825512595758,-5.085312760156836,0.0
0,16,18,5.3,400.0,400.0,10.0,0,100.0,0.10307788848876953,5,0,22.0,1,2,-10.5,3.1,0,-5.246053641968943,-0.7542686428484117,0.0
0,2,4,5.3,400.0,400.0,10.0,-1,100.0,0.10331511497497559,5,0,22.0,1,2,-10.5,3.1,-1,2.865396332514667,4.4586437240052605,0.0
0,13,15,5.3,400.0,400.0,10.0,0,100.0,0.10326981544494629,5,0,22.0,1,2,-10.5,3.1,2,-2.865396332514667,-4.4586437240052605,0.0
0,19,21,5.3,400.0,400.0,10.0,0,100.0,0.10315084457397461,5,0,22.0,1,2,-10.5,3.1,0,-4.005472744077568,3.470761889910012,0.0
0,14,16,5.3,400.0,400.0,10.0,1,100.0,0.10325503349304199,5,0,22.0,2,1,-10.5,3.1,0,-4.005472744077568,-3.4707618899100114,0.0
0,21,1,5.3,400.0,400.0,10.0,-1,100.0,0.10338807106018066,5,0,22.0,1,2,-10.5,3.1,0,-1.4931825512595778,5.085312760156836,0.0
0,10,12,5.3,400.0,400.0,10.0,1,100.0,0.10420703887939453,5,0,22.0,2,2,-10.5,3.1,-1,1.4931825512595793,-5.085312760156835,0.0
0,18,20,5.3,400.0,400.0,10.0,2,100.0,0.10306310653686523,5,0,22.0,1,2,-10.5,3.1,0,-4.821049575378947,2.20169956891,0.0
0,5,7,5.3,400.0,400.0,10.0,0,100.0,0.10305309295654297,5,0,22.0,1,2,-10.5,3.1,0,5.246053641968943,0.7542686428484122,0.0
0,2,4,5.3,400.0,400.0,10.0,1,100.0,0.10331296920776367,5,0,22.0,1,2,-10.5,3.1,0,2.865396332514667,4.4586437240052605,0.0
0,6,8,5.3,400.0,400.0,10.0,0,100.0,0.10347795486450195,5,0,22.0,1,2,-10.5,3.1,0,5.246053641968944,-0.7542686428484106,0.0
0,11,13,5.3,400.0,400.0,10.0,0,100.0,0.10328197479248047,5,0,22.0,2,2,-10.5,3.1,1,6.490413675258599e-16,-5.3,0.0
0,2,4,5.3,400.0,400.0,10.0,1,100.0,0.10324287414550781,5,0,22.0,1,2,-10.5,3.1,-1,2.865396332514667,4.4586437240052605,0.0
0,3,5,5.3,400.0,400.0,10.0,0,100.0,0.10306811332702637,5,0,22.0,1,2,-10.5,3.1,0,4.005472744077569,3.470761889910011,0.0
0,21,1,5.3,400.0,400.0,10.0,0,100.0,0.10307502746582031,5,0,22.0,1,2,-10.5,3.1,0,-1.4931825512595778,5.085312760156836,0.0
0,12,14,5.3,400.0,400.0,10.0,0,100.0,0.10337400436401367,5,0,22.0,1,2,-10.5,3.1,-1,-1.4931825512595758,-5.085312760156836,0.0
0,21,1,5.3,400.0,400.0,10.0,0,100.0,0.1034548282623291,5,0,22.0,2,1,-10.5,3.1,0,-1.4931825512595778,5.085312760156836,0.0
