offset2,cue-loc-int,refi,radius,ntrials,ms-st-cue,npractice,resp-h-pos,ms-stimon,actualStimOn,version,bars-or-spot,nitems,resp-h-hv,resp-v-hv,offset,cue-length,resp-v-pos,cue-loc-x,cue-loc-y,ms-precue
0,10,12,5.3,400.0,400.0,10.0,-2,100.0,0.10341691970825195,-1,1,22.0,1,2,0,3.1,-2,1.4931825512595793,-5.085312760156835,0.0
0,20,0,5.3,400.0,400.0,10.0,1,100.0,0.10336804389953613,-1,1,22.0,1,1,0,3.1,0,-2.8653963325146705,4.458643724005258,0.0
0,12,14,5.3,400.0,400.0,10.0,2,100.0,0.10333395004272461,-1,1,22.0,2,1,0,3.1,1,-1.4931825512595758,-5.085312760156836,0.0
0,6,8,5.3,400.0,400.0,10.0,0,100.0,0.10326290130615234,-1,1,22.0,1,1,0,3.1,2,5.246053641968944,-0.7542686428484106,0.0
0,14,16,5.3,400.0,400.0,10.0,-1,100.0,0.10326409339904785,-1,1,22.0,1,1,0,3.1,1,-4.005472744077568,-3.4707618899100114,0.0
0,8,10,5.3,400.0,400.0,10.0,-2,100.0,0.10327315330505371,-1,1,22.0,1,1,0,3.1,-1,4.005472744077569,-3.47076188991001,0.0
0,3,5,5.3,400.0,400.0,10.0,1,100.0,0.10326695442199707,-1,1,22.0,1,1,0,3.1,0,4.005472744077569,3.470761889910011,0.0
0,7,9,5.3,400.0,400.0,10.0,0,100.0,0.10326910018920898,-1,1,22.0,2,1,0,3.1,0,4.8210495753789475,-2.2016995689099974,0.0
0,20,0,5.3,400.0,400.0,10.0,1,100.0,0.10326981544494629,-1,1,22.0,2,1,0,3.1,-2,-2.8653963325146705,4.458643724005258,0.0
0,3,5,5.3,400.0,400.0,10.0,1,100.0,0.1033627986907959,-1,1,22.0,2,2,0,3.1,-2,4.005472744077569,3.470761889910011,0.0
0,2,4,5.3,400.0,400.0,10.0,1,100.0,0.10332798957824707,-1,1,22.0,2,2,0,3.1,-1,2.865396332514667,4.4586437240052605,0.0
0,0,2,5.3,400.0,400.0,10.0,2,100.0,0.10327696800231934,-1,1,22.0,2,2,0,3.1,1,0.0,5.3,0.0
0,13,15,5.3,400.0,400.0,10.0,1,100.0,0.10327601432800293,-1,1,22.0,1,2,0,3.1,1,-2.865396332514667,-4.4586437240052605,0.0
0,19,21,5.3,400.0,400.0,10.0,-1,100.0,0.10328006744384766,-1,1,22.0,2,2,0,3.1,0,-4.005472744077568,3.470761889910012,0.0
0,16,18,5.3,400.0,400.0,10.0,-2,100.0,0.10328984260559082,-1,1,22.0,1,1,0,3.1,-1,-5.246053641968943,-0.7542686428484117,0.0
0,1,3,5.3,400.0,400.0,10.0,1,100.0,0.103240966796875,-1,1,22.0,1,2,0,3.1,0,1.493182551259577,5.085312760156836,0.0
0,6,8,5.3,400.0,400.0,10.0,0,100.0,0.10326600074768066,-1,1,22.0,1,2,0,3.1,2,5.246053641968944,-0.7542686428484106,0.0
0,0,2,5.3,400.0,400.0,10.0,1,100.0,0.10325908660888672,-1,1,22.0,1,1,0,3.1,0,0.0,5.3,0.0
0,15,17,5.3,400.0,400.0,10.0,2,100.0,0.10327911376953125,-1,1,22.0,2,1,0,3.1,1,-4.821049575378945,-2.201699568910002,0.0
0,4,6,5.3,400.0,400.0,10.0,2,100.0,0.10326886177062988,-1,1,22.0,1,1,0,3.1,1,4.821049575378947,2.201699568909998,0.0
0,0,2,5.3,400.0,400.0,10.0,0,100.0,0.10381793975830078,-1,1,22.0,1,2,0,3.1,0,0.0,5.3,0.0
0,3,5,5.3,400.0,400.0,10.0,1,100.0,0.103363037109375,-1,1,22.0,1,2,0,3.1,0,4.005472744077569,3.470761889910011,0.0
0,15,17,5.3,400.0,400.0,10.0,-2,100.0,0.10325407981872559,-1,1,22.0,2,2,0,3.1,-1,-4.821049575378945,-2.201699568910002,0.0
0,16,18,5.3,400.0,400.0,10.0,-2,100.0,0.10329079627990723,-1,1,22.0,1,2,0,3.1,1,-5.246053641968943,-0.7542686428484117,0.0
0,17,19,5.3,400.0,400.0,10.0,1,100.0,0.10326004028320312,-1,1,22.0,2,2,0,3.1,-2,-5.246053641968944,0.7542686428484098,0.0
0,9,11,5.3,400.0,400.0,10.0,1,100.0,0.10327291488647461,-1,1,22.0,1,2,0,3.1,0,2.8653963325146665,-4.4586437240052605,0.0
0,14,16,5.3,400.0,400.0,10.0,0,100.0,0.10326790809631348,-1,1,22.0,2,2,0,3.1,-1,-4.005472744077568,-3.4707618899100114,0.0
0,5,7,5.3,400.0,400.0,10.0,-1,100.0,0.10333514213562012,-1,1,22.0,2,2,0,3.1,-2,5.246053641968943,0.7542686428484122,0.0
0,12,14,5.3,400.0,400.0,10.0,-2,100.0,0.10329389572143555,-1,1,22.0,2,2,0,3.1,0,-1.4931825512595758,-5.085312760156836,0.0
0,0,2,5.3,400.0,400.0,10.0,-2,100.0,0.10328507423400879,-1,1,22.0,1,1,0,3.1,-1,0.0,5.3,0.0
0,19,21,5.3,400.0,400.0,10.0,1,100.0,0.10327482223510742,-1,1,22.0,2,2,0,3.1,-1,-4.005472744077568,3.470761889910012,0.0
0,6,8,5.3,400.0,400.0,10.0,0,100.0,0.10339498519897461,-1,1,22.0,2,1,0,3.1,0,5.246053641968944,-0.7542686428484106,0.0
0,2,4,5.3,400.0,400.0,10.0,1,100.0,0.10326790809631348,-1,1,22.0,2,1,0,3.1,1,2.865396332514667,4.4586437240052605,0.0
0,11,13,5.3,400.0,400.0,10.0,-1,100.0,0.1032869815826416,-1,1,22.0,2,2,0,3.1,0,6.490413675258599e-16,-5.3,0.0
0,19,21,5.3,400.0,400.0,10.0,0,100.0,0.10323190689086914,-1,1,22.0,2,2,0,3.1,1,-4.005472744077568,3.470761889910012,0.0
0,9,11,5.3,400.0,400.0,10.0,-2,100.0,0.10326886177062988,-1,1,22.0,1,2,0,3.1,-1,2.8653963325146665,-4.4586437240052605,0.0
0,9,11,5.3,400.0,400.0,10.0,1,100.0,0.10326886177062988,-1,1,22.0,2,1,0,3.1,-2,2.8653963325146665,-4.4586437240052605,0.0
0,5,7,5.3,400.0,400.0,10.0,-2,100.0,0.10327696800231934,-1,1,22.0,2,1,0,3.1,-1,5.246053641968943,0.7542686428484122,0.0
0,7,9,5.3,400.0,400.0,10.0,-1,100.0,0.10326600074768066,-1,1,22.0,1,1,0,3.1,1,4.8210495753789475,-2.2016995689099974,0.0
0,3,5,5.3,400.0,400.0,10.0,-2,100.0,0.10328292846679688,-1,1,22.0,2,1,0,3.1,1,4.005472744077569,3.470761889910011,0.0
0,7,9,5.3,400.0,400.0,10.0,1,100.0,0.10326099395751953,-1,1,22.0,2,1,0,3.1,-2,4.8210495753789475,-2.2016995689099974,0.0
0,2,4,5.3,400.0,400.0,10.0,1,100.0,0.10312414169311523,-1,1,22.0,2,2,0,3.1,-2,2.865396332514667,4.4586437240052605,0.0
0,1,3,5.3,400.0,400.0,10.0,1,100.0,0.10311508178710938,-1,1,22.0,2,1,0,3.1,1,1.493182551259577,5.085312760156836,0.0
0,19,21,5.3,400.0,400.0,10.0,2,100.0,0.10333013534545898,-1,1,22.0,1,2,0,3.1,-2,-4.005472744077568,3.470761889910012,0.0
0,14,16,5.3,400.0,400.0,10.0,-1,100.0,0.10327386856079102,-1,1,22.0,1,2,0,3.1,0,-4.005472744077568,-3.4707618899100114,0.0
0,0,2,5.3,400.0,400.0,10.0,2,100.0,0.10326886177062988,-1,1,22.0,2,1,0,3.1,-1,0.0,5.3,0.0
0,7,9,5.3,400.0,400.0,10.0,0,100.0,0.10326409339904785,-1,1,22.0,2,2,0,3.1,2,4.8210495753789475,-2.2016995689099974,0.0
0,14,16,5.3,400.0,400.0,10.0,1,100.0,0.10329699516296387,-1,1,22.0,2,2,0,3.1,0,-4.005472744077568,-3.4707618899100114,0.0
0,3,5,5.3,400.0,400.0,10.0,0,100.0,0.10331511497497559,-1,1,22.0,1,2,0,3.1,0,4.005472744077569,3.470761889910011,0.0
0,20,0,5.3,400.0,400.0,10.0,0,100.0,0.1032719612121582,-1,1,22.0,2,2,0,3.1,2,-2.8653963325146705,4.458643724005258,0.0
0,14,16,5.3,400.0,400.0,10.0,-2,100.0,0.1032710075378418,-1,1,22.0,2,2,0,3.1,1,-4.005472744077568,-3.4707618899100114,0.0
0,21,1,5.3,400.0,400.0,10.0,0,100.0,0.10326099395751953,-1,1,22.0,2,2,0,3.1,-2,-1.4931825512595778,5.085312760156836,0.0
0,13,15,5.3,400.0,400.0,10.0,1,100.0,0.10329198837280273,-1,1,22.0,2,2,0,3.1,-2,-2.865396332514667,-4.4586437240052605,0.0
0,15,17,5.3,400.0,400.0,10.0,-2,100.0,0.10313010215759277,-1,1,22.0,1,2,0,3.1,-1,-4.821049575378945,-2.201699568910002,0.0
0,17,19,5.3,400.0,400.0,10.0,-1,100.0,0.1032710075378418,-1,1,22.0,2,1,0,3.1,1,-5.246053641968944,0.7542686428484098,0.0
0,13,15,5.3,400.0,400.0,10.0,-2,100.0,0.10326004028320312,-1,1,22.0,2,1,0,3.1,-2,-2.865396332514667,-4.4586437240052605,0.0
0,16,18,5.3,400.0,400.0,10.0,0,100.0,0.10329604148864746,-1,1,22.0,1,1,0,3.1,1,-5.246053641968943,-0.7542686428484117,0.0
0,4,6,5.3,400.0,400.0,10.0,0,100.0,0.10342288017272949,-1,1,22.0,1,1,0,3.1,-1,4.821049575378947,2.201699568909998,0.0
0,16,18,5.3,400.0,400.0,10.0,0,100.0,0.1033179759979248,-1,1,22.0,2,1,0,3.1,2,-5.246053641968943,-0.7542686428484117,0.0
0,17,19,5.3,400.0,400.0,10.0,-1,100.0,0.10326099395751953,-1,1,22.0,2,1,0,3.1,-2,-5.246053641968944,0.7542686428484098,0.0
0,6,8,5.3,400.0,400.0,10.0,0,100.0,0.10327291488647461,-1,1,22.0,1,2,0,3.1,-1,5.246053641968944,-0.7542686428484106,0.0
0,8,10,5.3,400.0,400.0,10.0,1,100.0,0.10326504707336426,-1,1,22.0,1,2,0,3.1,1,4.005472744077569,-3.47076188991001,0.0
0,6,8,5.3,400.0,400.0,10.0,-2,100.0,0.10327506065368652,-1,1,22.0,2,2,0,3.1,1,5.246053641968944,-0.7542686428484106,0.0
0,17,19,5.3,400.0,400.0,10.0,-2,100.0,0.1032721996307373,-1,1,22.0,1,1,0,3.1,0,-5.246053641968944,0.7542686428484098,0.0
0,13,15,5.3,400.0,400.0,10.0,2,100.0,0.1032710075378418,-1,1,22.0,2,2,0,3.1,-2,-2.865396332514667,-4.4586437240052605,0.0
0,13,15,5.3,400.0,400.0,10.0,0,100.0,0.10326099395751953,-1,1,22.0,1,1,0,3.1,1,-2.865396332514667,-4.4586437240052605,0.0
0,1,3,5.3,400.0,400.0,10.0,-2,100.0,0.10320091247558594,-1,1,22.0,1,1,0,3.1,-1,1.493182551259577,5.085312760156836,0.0
0,3,5,5.3,400.0,400.0,10.0,0,100.0,0.10327315330505371,-1,1,22.0,2,1,0,3.1,0,4.005472744077569,3.470761889910011,0.0
0,5,7,5.3,400.0,400.0,10.0,0,100.0,0.10311412811279297,-1,1,22.0,1,2,0,3.1,2,5.246053641968943,0.7542686428484122,0.0
0,21,1,5.3,400.0,400.0,10.0,2,100.0,0.1032719612121582,-1,1,22.0,1,1,0,3.1,-1,-1.4931825512595778,5.085312760156836,0.0
0,12,14,5.3,400.0,400.0,10.0,0,100.0,0.10311198234558105,-1,1,22.0,1,2,0,3.1,1,-1.4931825512595758,-5.085312760156836,0.0
0,12,14,5.3,400.0,400.0,10.0,0,100.0,0.10327005386352539,-1,1,22.0,1,1,0,3.1,2,-1.4931825512595758,-5.085312760156836,0.0
0,12,14,5.3,400.0,400.0,10.0,2,100.0,0.10326385498046875,-1,1,22.0,1,2,0,3.1,0,-1.4931825512595758,-5.085312760156836,0.0
0,6,8,5.3,400.0,400.0,10.0,0,100.0,0.10310602188110352,-1,1,22.0,2,1,0,3.1,-2,5.246053641968944,-0.7542686428484106,0.0
0,7,9,5.3,400.0,400.0,10.0,-1,100.0,0.10327315330505371,-1,1,22.0,2,1,0,3.1,-1,4.8210495753789475,-2.2016995689099974,0.0
0,13,15,5.3,400.0,400.0,10.0,0,100.0,0.10328292846679688,-1,1,22.0,1,1,0,3.1,-2,-2.865396332514667,-4.4586437240052605,0.0
0,15,17,5.3,400.0,400.0,10.0,2,100.0,0.10317683219909668,-1,1,22.0,2,1,0,3.1,-1,-4.821049575378945,-2.201699568910002,0.0
0,13,15,5.3,400.0,400.0,10.0,0,100.0,0.10322690010070801,-1,1,22.0,1,2,0,3.1,-2,-2.865396332514667,-4.4586437240052605,0.0
0,10,12,5.3,400.0,400.0,10.0,0,100.0,0.10326313972473145,-1,1,22.0,1,2,0,3.1,-1,1.4931825512595793,-5.085312760156835,0.0
0,19,21,5.3,400.0,400.0,10.0,1,100.0,0.10328197479248047,-1,1,22.0,2,1,0,3.1,1,-4.005472744077568,3.470761889910012,0.0
0,17,19,5.3,400.0,400.0,10.0,0,100.0,0.10326886177062988,-1,1,22.0,1,1,0,3.1,2,-5.246053641968944,0.7542686428484098,0.0
0,4,6,5.3,400.0,400.0,10.0,1,100.0,0.10326814651489258,-1,1,22.0,1,2,0,3.1,1,4.821049575378947,2.201699568909998,0.0
0,7,9,5.3,400.0,400.0,10.0,-1,100.0,0.10333704948425293,-1,1,22.0,1,1,0,3.1,1,4.8210495753789475,-2.2016995689099974,0.0
0,10,12,5.3,400.0,400.0,10.0,-1,100.0,0.1031041145324707,-1,1,22.0,1,1,0,3.1,2,1.4931825512595793,-5.085312760156835,0.0
0,1,3,5.3,400.0,400.0,10.0,-2,100.0,0.10326790809631348,-1,1,22.0,2,2,0,3.1,2,1.493182551259577,5.085312760156836,0.0
0,18,20,5.3,400.0,400.0,10.0,0,100.0,0.10323500633239746,-1,1,22.0,1,2,0,3.1,-2,-4.821049575378947,2.20169956891,0.0
0,20,0,5.3,400.0,400.0,10.0,-1,100.0,0.10327792167663574,-1,1,22.0,1,2,0,3.1,2,-2.8653963325146705,4.458643724005258,0.0
0,20,0,5.3,400.0,400.0,10.0,-2,100.0,0.10328316688537598,-1,1,22.0,2,1,0,3.1,1,-2.8653963325146705,4.458643724005258,0.0
0,13,15,5.3,400.0,400.0,10.0,2,100.0,0.10328888893127441,-1,1,22.0,1,2,0,3.1,2,-2.865396332514667,-4.4586437240052605,0.0
0,13,15,5.3,400.0,400.0,10.0,-2,100.0,0.10326504707336426,-1,1,22.0,2,1,0,3.1,1,-2.865396332514667,-4.4586437240052605,0.0
0,18,20,5.3,400.0,400.0,10.0,-1,100.0,0.10326886177062988,-1,1,22.0,1,2,0,3.1,-2,-4.821049575378947,2.20169956891,0.0
0,9,11,5.3,400.0,400.0,10.0,1,100.0,0.10326099395751953,-1,1,22.0,2,2,0,3.1,0,2.8653963325146665,-4.4586437240052605,0.0
0,21,1,5.3,400.0,400.0,10.0,-1,100.0,0.10326719284057617,-1,1,22.0,2,1,0,3.1,-2,-1.4931825512595778,5.085312760156836,0.0
0,8,10,5.3,400.0,400.0,10.0,1,100.0,0.10325217247009277,-1,1,22.0,2,1,0,3.1,-2,4.005472744077569,-3.47076188991001,0.0
0,21,1,5.3,400.0,400.0,10.0,1,100.0,0.10326600074768066,-1,1,22.0,1,2,0,3.1,2,-1.4931825512595778,5.085312760156836,0.0
0,18,20,5.3,400.0,400.0,10.0,-1,100.0,0.1032710075378418,-1,1,22.0,1,2,0,3.1,0,-4.821049575378947,2.20169956891,0.0
0,8,10,5.3,400.0,400.0,10.0,0,100.0,0.10327696800231934,-1,1,22.0,2,1,0,3.1,-1,4.005472744077569,-3.47076188991001,0.0
0,10,12,5.3,400.0,400.0,10.0,0,100.0,0.10328102111816406,-1,1,22.0,2,1,0,3.1,2,1.4931825512595793,-5.085312760156835,0.0
0,6,8,5.3,400.0,400.0,10.0,-1,100.0,0.10326695442199707,-1,1,22.0,1,2,0,3.1,-1,5.246053641968944,-0.7542686428484106,0.0
0,3,5,5.3,400.0,400.0,10.0,0,100.0,0.10321307182312012,-1,1,22.0,2,1,0,3.1,0,4.005472744077569,3.470761889910011,0.0
0,15,17,5.3,400.0,400.0,10.0,0,100.0,0.103118896484375,-1,1,22.0,2,1,0,3.1,1,-4.821049575378945,-2.201699568910002,0.0
0,20,0,5.3,400.0,400.0,10.0,1,100.0,0.10323596000671387,-1,1,22.0,1,1,0,3.1,-2,-2.8653963325146705,4.458643724005258,0.0
0,0,2,5.3,400.0,400.0,10.0,0,100.0,0.10326886177062988,-1,1,22.0,2,1,0,3.1,-1,0.0,5.3,0.0
0,2,4,5.3,400.0,400.0,10.0,1,100.0,0.10310912132263184,-1,1,22.0,1,1,0,3.1,-1,2.865396332514667,4.4586437240052605,0.0
0,4,6,5.3,400.0,400.0,10.0,2,100.0,0.10318303108215332,-1,1,22.0,1,2,0,3.1,2,4.821049575378947,2.201699568909998,0.0
0,2,4,5.3,400.0,400.0,10.0,2,100.0,0.10330986976623535,-1,1,22.0,1,1,0,3.1,-2,2.865396332514667,4.4586437240052605,0.0
0,18,20,5.3,400.0,400.0,10.0,0,100.0,0.10325503349304199,-1,1,22.0,2,2,0,3.1,1,-4.821049575378947,2.20169956891,0.0
0,13,15,5.3,400.0,400.0,10.0,-2,100.0,0.10323500633239746,-1,1,22.0,1,2,0,3.1,-1,-2.865396332514667,-4.4586437240052605,0.0
0,19,21,5.3,400.0,400.0,10.0,0,100.0,0.10326886177062988,-1,1,22.0,2,1,0,3.1,1,-4.005472744077568,3.470761889910012,0.0
0,21,1,5.3,400.0,400.0,10.0,1,100.0,0.1030890941619873,-1,1,22.0,2,2,0,3.1,-1,-1.4931825512595778,5.085312760156836,0.0
0,3,5,5.3,400.0,400.0,10.0,0,100.0,0.10307693481445312,-1,1,22.0,1,2,0,3.1,0,4.005472744077569,3.470761889910011,0.0
0,15,17,5.3,400.0,400.0,10.0,-1,100.0,0.10324501991271973,-1,1,22.0,1,2,0,3.1,-1,-4.821049575378945,-2.201699568910002,0.0
0,14,16,5.3,400.0,400.0,10.0,0,100.0,0.10326600074768066,-1,1,22.0,1,2,0,3.1,-1,-4.005472744077568,-3.4707618899100114,0.0
0,2,4,5.3,400.0,400.0,10.0,-1,100.0,0.10328102111816406,-1,1,22.0,2,1,0,3.1,0,2.865396332514667,4.4586437240052605,0.0
0,15,17,5.3,400.0,400.0,10.0,-2,100.0,0.10326409339904785,-1,1,22.0,1,1,0,3.1,0,-4.821049575378945,-2.201699568910002,0.0
0,1,3,5.3,400.0,400.0,10.0,-1,100.0,0.10329484939575195,-1,1,22.0,1,1,0,3.1,0,1.493182551259577,5.085312760156836,0.0
0,14,16,5.3,400.0,400.0,10.0,2,100.0,0.10329198837280273,-1,1,22.0,1,1,0,3.1,-2,-4.005472744077568,-3.4707618899100114,0.0
0,21,1,5.3,400.0,400.0,10.0,1,100.0,0.10326695442199707,-1,1,22.0,2,2,0,3.1,-2,-1.4931825512595778,5.085312760156836,0.0
0,12,14,5.3,400.0,400.0,10.0,2,100.0,0.10326886177062988,-1,1,22.0,2,2,0,3.1,-1,-1.4931825512595758,-5.085312760156836,0.0
0,18,20,5.3,400.0,400.0,10.0,-1,100.0,0.10327482223510742,-1,1,22.0,1,1,0,3.1,2,-4.821049575378947,2.20169956891,0.0
0,10,12,5.3,400.0,400.0,10.0,1,100.0,0.1033332347869873,-1,1,22.0,2,1,0,3.1,1,1.4931825512595793,-5.085312760156835,0.0
0,15,17,5.3,400.0,400.0,10.0,1,100.0,0.10727715492248535,-1,1,22.0,2,2,0,3.1,-2,-4.821049575378945,-2.201699568910002,0.0
0,18,20,5.3,400.0,400.0,10.0,0,100.0,0.1032719612121582,-1,1,22.0,1,2,0,3.1,-1,-4.821049575378947,2.20169956891,0.0
0,2,4,5.3,400.0,400.0,10.0,2,100.0,0.10330891609191895,-1,1,22.0,2,1,0,3.1,1,2.865396332514667,4.4586437240052605,0.0
0,16,18,5.3,400.0,400.0,10.0,2,100.0,0.10357213020324707,-1,1,22.0,1,2,0,3.1,0,-5.246053641968943,-0.7542686428484117,0.0
0,12,14,5.3,400.0,400.0,10.0,2,100.0,0.10325002670288086,-1,1,22.0,1,2,0,3.1,-1,-1.4931825512595758,-5.085312760156836,0.0
0,21,1,5.3,400.0,400.0,10.0,0,100.0,0.10333800315856934,-1,1,22.0,1,2,0,3.1,0,-1.4931825512595778,5.085312760156836,0.0
0,5,7,5.3,400.0,400.0,10.0,1,100.0,0.10327005386352539,-1,1,22.0,1,1,0,3.1,0,5.246053641968943,0.7542686428484122,0.0
0,6,8,5.3,400.0,400.0,10.0,0,100.0,0.10327291488647461,-1,1,22.0,1,2,0,3.1,1,5.246053641968944,-0.7542686428484106,0.0
0,4,6,5.3,400.0,400.0,10.0,0,100.0,0.10326910018920898,-1,1,22.0,1,1,0,3.1,1,4.821049575378947,2.201699568909998,0.0
0,3,5,5.3,400.0,400.0,10.0,0,100.0,0.10326790809631348,-1,1,22.0,2,1,0,3.1,0,4.005472744077569,3.470761889910011,0.0
0,8,10,5.3,400.0,400.0,10.0,0,100.0,0.10326886177062988,-1,1,22.0,2,2,0,3.1,2,4.005472744077569,-3.47076188991001,0.0
0,17,19,5.3,400.0,400.0,10.0,0,100.0,0.10326004028320312,-1,1,22.0,1,2,0,3.1,1,-5.246053641968944,0.7542686428484098,0.0
0,16,18,5.3,400.0,400.0,10.0,-2,100.0,0.1032869815826416,-1,1,22.0,2,1,0,3.1,2,-5.246053641968943,-0.7542686428484117,0.0
0,9,11,5.3,400.0,400.0,10.0,0,100.0,0.10348105430603027,-1,1,22.0,1,1,0,3.1,1,2.8653963325146665,-4.4586437240052605,0.0
0,4,6,5.3,400.0,400.0,10.0,-1,100.0,0.10326981544494629,-1,1,22.0,1,1,0,3.1,0,4.821049575378947,2.201699568909998,0.0
0,15,17,5.3,400.0,400.0,10.0,0,100.0,0.1038661003112793,-1,1,22.0,1,2,0,3.1,0,-4.821049575378945,-2.201699568910002,0.0
0,5,7,5.3,400.0,400.0,10.0,-2,100.0,0.10326886177062988,-1,1,22.0,1,1,0,3.1,0,5.246053641968943,0.7542686428484122,0.0
0,15,17,5.3,400.0,400.0,10.0,-2,100.0,0.10315680503845215,-1,1,22.0,2,2,0,3.1,0,-4.821049575378945,-2.201699568910002,0.0
0,4,6,5.3,400.0,400.0,10.0,1,100.0,0.10309481620788574,-1,1,22.0,2,1,0,3.1,1,4.821049575378947,2.201699568909998,0.0
0,15,17,5.3,400.0,400.0,10.0,0,100.0,0.10326814651489258,-1,1,22.0,1,2,0,3.1,-1,-4.821049575378945,-2.201699568910002,0.0
0,8,10,5.3,400.0,400.0,10.0,-1,100.0,0.10328006744384766,-1,1,22.0,1,2,0,3.1,0,4.005472744077569,-3.47076188991001,0.0
0,0,2,5.3,400.0,400.0,10.0,-2,100.0,0.10326910018920898,-1,1,22.0,2,2,0,3.1,2,0.0,5.3,0.0
0,8,10,5.3,400.0,400.0,10.0,1,100.0,0.1031959056854248,-1,1,22.0,2,1,0,3.1,-2,4.005472744077569,-3.47076188991001,0.0
0,15,17,5.3,400.0,400.0,10.0,0,100.0,0.10328197479248047,-1,1,22.0,1,1,0,3.1,1,-4.821049575378945,-2.201699568910002,0.0
0,1,3,5.3,400.0,400.0,10.0,1,100.0,0.10327720642089844,-1,1,22.0,1,2,0,3.1,2,1.493182551259577,5.085312760156836,0.0
0,0,2,5.3,400.0,400.0,10.0,2,100.0,0.10326313972473145,-1,1,22.0,2,1,0,3.1,0,0.0,5.3,0.0
0,0,2,5.3,400.0,400.0,10.0,0,100.0,0.10326695442199707,-1,1,22.0,2,1,0,3.1,0,0.0,5.3,0.0
0,9,11,5.3,400.0,400.0,10.0,1,100.0,0.1033170223236084,-1,1,22.0,2,1,0,3.1,-2,2.8653963325146665,-4.4586437240052605,0.0
0,10,12,5.3,400.0,400.0,10.0,2,100.0,0.10334897041320801,-1,1,22.0,2,1,0,3.1,0,1.4931825512595793,-5.085312760156835,0.0
0,18,20,5.3,400.0,400.0,10.0,1,100.0,0.10327291488647461,-1,1,22.0,2,1,0,3.1,-1,-4.821049575378947,2.20169956891,0.0
0,3,5,5.3,400.0,400.0,10.0,0,100.0,0.10333108901977539,-1,1,22.0,2,2,0,3.1,-1,4.005472744077569,3.470761889910011,0.0
0,18,20,5.3,400.0,400.0,10.0,-2,100.0,0.10326099395751953,-1,1,22.0,1,2,0,3.1,1,-4.821049575378947,2.20169956891,0.0
0,5,7,5.3,400.0,400.0,10.0,0,100.0,0.10326695442199707,-1,1,22.0,1,2,0,3.1,-1,5.246053641968943,0.7542686428484122,0.0
0,15,17,5.3,400.0,400.0,10.0,0,100.0,0.10326695442199707,-1,1,22.0,1,1,0,3.1,-1,-4.821049575378945,-2.201699568910002,0.0
0,12,14,5.3,400.0,400.0,10.0,0,100.0,0.10326600074768066,-1,1,22.0,1,1,0,3.1,2,-1.4931825512595758,-5.085312760156836,0.0
0,10,12,5.3,400.0,400.0,10.0,2,100.0,0.10310220718383789,-1,1,22.0,1,2,0,3.1,-1,1.4931825512595793,-5.085312760156835,0.0
0,14,16,5.3,400.0,400.0,10.0,0,100.0,0.10328292846679688,-1,1,22.0,2,2,0,3.1,1,-4.005472744077568,-3.4707618899100114,0.0
0,16,18,5.3,400.0,400.0,10.0,1,100.0,0.10330009460449219,-1,1,22.0,1,2,0,3.1,-1,-5.246053641968943,-0.7542686428484117,0.0
0,15,17,5.3,400.0,400.0,10.0,1,100.0,0.10327696800231934,-1,1,22.0,1,2,0,3.1,1,-4.821049575378945,-2.201699568910002,0.0
0,8,10,5.3,400.0,400.0,10.0,-2,100.0,0.10326910018920898,-1,1,22.0,1,2,0,3.1,1,4.005472744077569,-3.47076188991001,0.0
0,0,2,5.3,400.0,400.0,10.0,-1,100.0,0.10326290130615234,-1,1,22.0,1,2,0,3.1,1,0.0,5.3,0.0
0,8,10,5.3,400.0,400.0,10.0,2,100.0,0.10327410697937012,-1,1,22.0,1,1,0,3.1,1,4.005472744077569,-3.47076188991001,0.0
0,12,14,5.3,400.0,400.0,10.0,0,100.0,0.10326004028320312,-1,1,22.0,1,2,0,3.1,-2,-1.4931825512595758,-5.085312760156836,0.0
0,1,3,5.3,400.0,400.0,10.0,-1,100.0,0.10327911376953125,-1,1,22.0,2,1,0,3.1,1,1.493182551259577,5.085312760156836,0.0
0,1,3,5.3,400.0,400.0,10.0,1,100.0,0.10335183143615723,-1,1,22.0,2,2,0,3.1,-1,1.493182551259577,5.085312760156836,0.0
0,14,16,5.3,400.0,400.0,10.0,1,100.0,0.10309815406799316,-1,1,22.0,2,1,0,3.1,-1,-4.005472744077568,-3.4707618899100114,0.0
0,2,4,5.3,400.0,400.0,10.0,1,100.0,0.10308504104614258,-1,1,22.0,2,1,0,3.1,2,2.865396332514667,4.4586437240052605,0.0
0,3,5,5.3,400.0,400.0,10.0,-2,100.0,0.10324597358703613,-1,1,22.0,1,1,0,3.1,0,4.005472744077569,3.470761889910011,0.0
0,13,15,5.3,400.0,400.0,10.0,-1,100.0,0.10323119163513184,-1,1,22.0,2,2,0,3.1,1,-2.865396332514667,-4.4586437240052605,0.0
0,19,21,5.3,400.0,400.0,10.0,0,100.0,0.10324311256408691,-1,1,22.0,2,1,0,3.1,2,-4.005472744077568,3.470761889910012,0.0
0,9,11,5.3,400.0,400.0,10.0,0,100.0,0.10309386253356934,-1,1,22.0,2,1,0,3.1,1,2.8653963325146665,-4.4586437240052605,0.0
0,19,21,5.3,400.0,400.0,10.0,2,100.0,0.10327005386352539,-1,1,22.0,2,2,0,3.1,-1,-4.005472744077568,3.470761889910012,0.0
0,9,11,5.3,400.0,400.0,10.0,2,100.0,0.1032099723815918,-1,1,22.0,2,1,0,3.1,-2,2.8653963325146665,-4.4586437240052605,0.0
0,10,12,5.3,400.0,400.0,10.0,-1,100.0,0.10323810577392578,-1,1,22.0,2,2,0,3.1,0,1.4931825512595793,-5.085312760156835,0.0
0,4,6,5.3,400.0,400.0,10.0,0,100.0,0.10326600074768066,-1,1,22.0,1,2,0,3.1,0,4.821049575378947,2.201699568909998,0.0
0,11,13,5.3,400.0,400.0,10.0,0,100.0,0.10325789451599121,-1,1,22.0,1,1,0,3.1,-2,6.490413675258599e-16,-5.3,0.0
0,6,8,5.3,400.0,400.0,10.0,0,100.0,0.10327506065368652,-1,1,22.0,2,2,0,3.1,1,5.246053641968944,-0.7542686428484106,0.0
0,0,2,5.3,400.0,400.0,10.0,0,100.0,0.10326695442199707,-1,1,22.0,2,2,0,3.1,-1,0.0,5.3,0.0
0,20,0,5.3,400.0,400.0,10.0,0,100.0,0.10328197479248047,-1,1,22.0,2,2,0,3.1,-1,-2.8653963325146705,4.458643724005258,0.0
0,7,9,5.3,400.0,400.0,10.0,2,100.0,0.10351800918579102,-1,1,22.0,1,2,0,3.1,-1,4.8210495753789475,-2.2016995689099974,0.0
0,13,15,5.3,400.0,400.0,10.0,1,100.0,0.1033179759979248,-1,1,22.0,1,1,0,3.1,0,-2.865396332514667,-4.4586437240052605,0.0
0,18,20,5.3,400.0,400.0,10.0,-2,100.0,0.10333585739135742,-1,1,22.0,2,1,0,3.1,-1,-4.821049575378947,2.20169956891,0.0
0,16,18,5.3,400.0,400.0,10.0,0,100.0,0.10316085815429688,-1,1,22.0,1,1,0,3.1,2,-5.246053641968943,-0.7542686428484117,0.0
0,1,3,5.3,400.0,400.0,10.0,1,100.0,0.10320091247558594,-1,1,22.0,1,1,0,3.1,0,1.493182551259577,5.085312760156836,0.0
0,11,13,5.3,400.0,400.0,10.0,1,100.0,0.10312294960021973,-1,1,22.0,1,2,0,3.1,0,6.490413675258599e-16,-5.3,0.0
0,1,3,5.3,400.0,400.0,10.0,2,100.0,0.10326910018920898,-1,1,22.0,2,1,0,3.1,2,1.493182551259577,5.085312760156836,0.0
0,3,5,5.3,400.0,400.0,10.0,0,100.0,0.10311293601989746,-1,1,22.0,2,2,0,3.1,-1,4.005472744077569,3.470761889910011,0.0
0,7,9,5.3,400.0,400.0,10.0,0,100.0,0.10326790809631348,-1,1,22.0,2,2,0,3.1,1,4.8210495753789475,-2.2016995689099974,0.0
0,14,16,5.3,400.0,400.0,10.0,-1,100.0,0.10326313972473145,-1,1,22.0,1,2,0,3.1,1,-4.005472744077568,-3.4707618899100114,0.0
0,2,4,5.3,400.0,400.0,10.0,-2,100.0,0.10322093963623047,-1,1,22.0,1,2,0,3.1,0,2.865396332514667,4.4586437240052605,0.0
0,8,10,5.3,400.0,400.0,10.0,2,100.0,0.10320186614990234,-1,1,22.0,1,1,0,3.1,0,4.005472744077569,-3.47076188991001,0.0
0,9,11,5.3,400.0,400.0,10.0,-2,100.0,0.10306310653686523,-1,1,22.0,1,1,0,3.1,2,2.8653963325146665,-4.4586437240052605,0.0
0,17,19,5.3,400.0,400.0,10.0,0,100.0,0.1032710075378418,-1,1,22.0,1,2,0,3.1,-1,-5.246053641968944,0.7542686428484098,0.0
0,20,0,5.3,400.0,400.0,10.0,1,100.0,0.10326504707336426,-1,1,22.0,2,1,0,3.1,-2,-2.8653963325146705,4.458643724005258,0.0
0,14,16,5.3,400.0,400.0,10.0,1,100.0,0.10335707664489746,-1,1,22.0,2,1,0,3.1,-1,-4.005472744077568,-3.4707618899100114,0.0
0,2,4,5.3,400.0,400.0,10.0,0,100.0,0.10331511497497559,-1,1,22.0,1,1,0,3.1,1,2.865396332514667,4.4586437240052605,0.0
0,17,19,5.3,400.0,400.0,10.0,0,100.0,0.10330605506896973,-1,1,22.0,1,1,0,3.1,2,-5.246053641968944,0.7542686428484098,0.0
0,7,9,5.3,400.0,400.0,10.0,2,100.0,0.10328912734985352,-1,1,22.0,1,1,0,3.1,0,4.8210495753789475,-2.2016995689099974,0.0
0,4,6,5.3,400.0,400.0,10.0,1,100.0,0.10323214530944824,-1,1,22.0,2,1,0,3.1,0,4.821049575378947,2.201699568909998,0.0
0,12,14,5.3,400.0,400.0,10.0,-2,100.0,0.10325813293457031,-1,1,22.0,2,1,0,3.1,-1,-1.4931825512595758,-5.085312760156836,0.0
0,1,3,5.3,400.0,400.0,10.0,-2,100.0,0.10327911376953125,-1,1,22.0,1,2,0,3.1,1,1.493182551259577,5.085312760156836,0.0
0,5,7,5.3,400.0,400.0,10.0,1,100.0,0.1032099723815918,-1,1,22.0,1,1,0,3.1,0,5.246053641968943,0.7542686428484122,0.0
0,2,4,5.3,400.0,400.0,10.0,0,100.0,0.10329508781433105,-1,1,22.0,1,1,0,3.1,-2,2.865396332514667,4.4586437240052605,0.0
0,9,11,5.3,400.0,400.0,10.0,0,100.0,0.10327291488647461,-1,1,22.0,2,2,0,3.1,-2,2.8653963325146665,-4.4586437240052605,0.0
0,1,3,5.3,400.0,400.0,10.0,2,100.0,0.10329794883728027,-1,1,22.0,2,2,0,3.1,0,1.493182551259577,5.085312760156836,0.0
0,0,2,5.3,400.0,400.0,10.0,0,100.0,0.10326814651489258,-1,1,22.0,1,1,0,3.1,-1,0.0,5.3,0.0
0,4,6,5.3,400.0,400.0,10.0,2,100.0,0.1032710075378418,-1,1,22.0,1,2,0,3.1,1,4.821049575378947,2.201699568909998,0.0
0,18,20,5.3,400.0,400.0,10.0,2,100.0,0.10328197479248047,-1,1,22.0,1,1,0,3.1,0,-4.821049575378947,2.20169956891,0.0
0,16,18,5.3,400.0,400.0,10.0,1,100.0,0.10325908660888672,-1,1,22.0,2,1,0,3.1,0,-5.246053641968943,-0.7542686428484117,0.0
0,3,5,5.3,400.0,400.0,10.0,1,100.0,0.10327410697937012,-1,1,22.0,1,2,0,3.1,0,4.005472744077569,3.470761889910011,0.0
0,5,7,5.3,400.0,400.0,10.0,-1,100.0,0.10326409339904785,-1,1,22.0,2,1,0,3.1,1,5.246053641968943,0.7542686428484122,0.0
0,20,0,5.3,400.0,400.0,10.0,-2,100.0,0.10411310195922852,-1,1,22.0,1,1,0,3.1,-1,-2.8653963325146705,4.458643724005258,0.0
0,11,13,5.3,400.0,400.0,10.0,-1,100.0,0.10323214530944824,-1,1,22.0,2,2,0,3.1,0,6.490413675258599e-16,-5.3,0.0
0,15,17,5.3,400.0,400.0,10.0,0,100.0,0.10325288772583008,-1,1,22.0,1,2,0,3.1,0,-4.821049575378945,-2.201699568910002,0.0
0,1,3,5.3,400.0,400.0,10.0,0,100.0,0.10333585739135742,-1,1,22.0,2,2,0,3.1,1,1.493182551259577,5.085312760156836,0.0
0,11,13,5.3,400.0,400.0,10.0,-2,100.0,0.10323500633239746,-1,1,22.0,1,1,0,3.1,0,6.490413675258599e-16,-5.3,0.0
0,3,5,5.3,400.0,400.0,10.0,0,100.0,0.1032710075378418,-1,1,22.0,2,1,0,3.1,-1,4.005472744077569,3.470761889910011,0.0
0,6,8,5.3,400.0,400.0,10.0,-1,100.0,0.10325002670288086,-1,1,22.0,2,1,0,3.1,-2,5.246053641968944,-0.7542686428484106,0.0
0,3,5,5.3,400.0,400.0,10.0,1,100.0,0.10323286056518555,-1,1,22.0,2,1,0,3.1,0,4.005472744077569,3.470761889910011,0.0
0,3,5,5.3,400.0,400.0,10.0,0,100.0,0.10327792167663574,-1,1,22.0,1,2,0,3.1,0,4.005472744077569,3.470761889910011,0.0
0,3,5,5.3,400.0,400.0,10.0,2,100.0,0.10323500633239746,-1,1,22.0,2,2,0,3.1,0,4.005472744077569,3.470761889910011,0.0
0,2,4,5.3,400.0,400.0,10.0,0,100.0,0.10323095321655273,-1,1,22.0,1,2,0,3.1,2,2.865396332514667,4.4586437240052605,0.0
0,9,11,5.3,400.0,400.0,10.0,0,100.0,0.10325479507446289,-1,1,22.0,2,1,0,3.1,-1,2.8653963325146665,-4.4586437240052605,0.0
0,21,1,5.3,400.0,400.0,10.0,-2,100.0,0.10327792167663574,-1,1,22.0,1,1,0,3.1,1,-1.4931825512595778,5.085312760156836,0.0
0,8,10,5.3,400.0,400.0,10.0,-1,100.0,0.10326313972473145,-1,1,22.0,2,2,0,3.1,1,4.005472744077569,-3.47076188991001,0.0
0,7,9,5.3,400.0,400.0,10.0,0,100.0,0.1033470630645752,-1,1,22.0,2,2,0,3.1,-2,4.8210495753789475,-2.2016995689099974,0.0
0,14,16,5.3,400.0,400.0,10.0,-2,100.0,0.10332202911376953,-1,1,22.0,2,1,0,3.1,-1,-4.005472744077568,-3.4707618899100114,0.0
0,7,9,5.3,400.0,400.0,10.0,-2,100.0,0.10322999954223633,-1,1,22.0,2,1,0,3.1,0,4.8210495753789475,-2.2016995689099974,0.0
0,2,4,5.3,400.0,400.0,10.0,1,100.0,0.1032721996307373,-1,1,22.0,2,2,0,3.1,2,2.865396332514667,4.4586437240052605,0.0
0,2,4,5.3,400.0,400.0,10.0,1,100.0,0.10328197479248047,-1,1,22.0,1,2,0,3.1,0,2.865396332514667,4.4586437240052605,0.0
0,1,3,5.3,400.0,400.0,10.0,0,100.0,0.1032400131225586,-1,1,22.0,2,1,0,3.1,2,1.493182551259577,5.085312760156836,0.0
0,20,0,5.3,400.0,400.0,10.0,0,100.0,0.10328507423400879,-1,1,22.0,2,2,0,3.1,2,-2.8653963325146705,4.458643724005258,0.0
0,10,12,5.3,400.0,400.0,10.0,1,100.0,0.10323596000671387,-1,1,22.0,2,1,0,3.1,2,1.4931825512595793,-5.085312760156835,0.0
0,13,15,5.3,400.0,400.0,10.0,1,100.0,0.10327696800231934,-1,1,22.0,1,2,0,3.1,0,-2.865396332514667,-4.4586437240052605,0.0
0,21,1,5.3,400.0,400.0,10.0,1,100.0,0.10325884819030762,-1,1,22.0,2,2,0,3.1,2,-1.4931825512595778,5.085312760156836,0.0
0,2,4,5.3,400.0,400.0,10.0,1,100.0,0.10329890251159668,-1,1,22.0,1,1,0,3.1,-2,2.865396332514667,4.4586437240052605,0.0
0,19,21,5.3,400.0,400.0,10.0,2,100.0,0.10381579399108887,-1,1,22.0,2,1,0,3.1,0,-4.005472744077568,3.470761889910012,0.0
0,10,12,5.3,400.0,400.0,10.0,-1,100.0,0.10326886177062988,-1,1,22.0,1,1,0,3.1,0,1.4931825512595793,-5.085312760156835,0.0
0,5,7,5.3,400.0,400.0,10.0,2,100.0,0.10330510139465332,-1,1,22.0,2,2,0,3.1,-2,5.246053641968943,0.7542686428484122,0.0
0,21,1,5.3,400.0,400.0,10.0,-2,100.0,0.10335087776184082,-1,1,22.0,2,1,0,3.1,0,-1.4931825512595778,5.085312760156836,0.0
0,9,11,5.3,400.0,400.0,10.0,2,100.0,0.10328006744384766,-1,1,22.0,1,1,0,3.1,-2,2.8653963325146665,-4.4586437240052605,0.0
0,16,18,5.3,400.0,400.0,10.0,2,100.0,0.10324287414550781,-1,1,22.0,2,1,0,3.1,2,-5.246053641968943,-0.7542686428484117,0.0
0,4,6,5.3,400.0,400.0,10.0,1,100.0,0.1032569408416748,-1,1,22.0,2,2,0,3.1,-1,4.821049575378947,2.201699568909998,0.0
0,0,2,5.3,400.0,400.0,10.0,-1,100.0,0.1031959056854248,-1,1,22.0,1,1,0,3.1,0,0.0,5.3,0.0
0,7,9,5.3,400.0,400.0,10.0,-2,100.0,0.10324597358703613,-1,1,22.0,2,1,0,3.1,0,4.8210495753789475,-2.2016995689099974,0.0
0,12,14,5.3,400.0,400.0,10.0,2,100.0,0.10334014892578125,-1,1,22.0,2,1,0,3.1,0,-1.4931825512595758,-5.085312760156836,0.0
0,5,7,5.3,400.0,400.0,10.0,1,100.0,0.10319304466247559,-1,1,22.0,1,1,0,3.1,-2,5.246053641968943,0.7542686428484122,0.0
0,2,4,5.3,400.0,400.0,10.0,1,100.0,0.10314202308654785,-1,1,22.0,1,1,0,3.1,-1,2.865396332514667,4.4586437240052605,0.0
0,15,17,5.3,400.0,400.0,10.0,-2,100.0,0.1031031608581543,-1,1,22.0,2,1,0,3.1,2,-4.821049575378945,-2.201699568910002,0.0
0,9,11,5.3,400.0,400.0,10.0,0,100.0,0.10326099395751953,-1,1,22.0,1,1,0,3.1,2,2.8653963325146665,-4.4586437240052605,0.0
0,17,19,5.3,400.0,400.0,10.0,-1,100.0,0.10329103469848633,-1,1,22.0,2,1,0,3.1,-1,-5.246053641968944,0.7542686428484098,0.0
0,19,21,5.3,400.0,400.0,10.0,1,100.0,0.10323786735534668,-1,1,22.0,1,2,0,3.1,-1,-4.005472744077568,3.470761889910012,0.0
0,10,12,5.3,400.0,400.0,10.0,1,100.0,0.10325384140014648,-1,1,22.0,1,1,0,3.1,0,1.4931825512595793,-5.085312760156835,0.0
0,8,10,5.3,400.0,400.0,10.0,0,100.0,0.10325193405151367,-1,1,22.0,1,2,0,3.1,-1,4.005472744077569,-3.47076188991001,0.0
0,1,3,5.3,400.0,400.0,10.0,-2,100.0,0.10321402549743652,-1,1,22.0,1,1,0,3.1,1,1.493182551259577,5.085312760156836,0.0
0,14,16,5.3,400.0,400.0,10.0,-1,100.0,0.10352087020874023,-1,1,22.0,1,1,0,3.1,1,-4.005472744077568,-3.4707618899100114,0.0
0,10,12,5.3,400.0,400.0,10.0,2,100.0,0.10306215286254883,-1,1,22.0,2,1,0,3.1,-2,1.4931825512595793,-5.085312760156835,0.0
0,13,15,5.3,400.0,400.0,10.0,-2,100.0,0.10326719284057617,-1,1,22.0,1,2,0,3.1,2,-2.865396332514667,-4.4586437240052605,0.0
0,14,16,5.3,400.0,400.0,10.0,0,100.0,0.10326004028320312,-1,1,22.0,2,2,0,3.1,2,-4.005472744077568,-3.4707618899100114,0.0
0,8,10,5.3,400.0,400.0,10.0,-2,100.0,0.10324406623840332,-1,1,22.0,1,2,0,3.1,0,4.005472744077569,-3.47076188991001,0.0
0,7,9,5.3,400.0,400.0,10.0,1,100.0,0.10321307182312012,-1,1,22.0,1,2,0,3.1,2,4.8210495753789475,-2.2016995689099974,0.0
0,20,0,5.3,400.0,400.0,10.0,-1,100.0,0.10319900512695312,-1,1,22.0,2,2,0,3.1,-2,-2.8653963325146705,4.458643724005258,0.0
0,13,15,5.3,400.0,400.0,10.0,1,100.0,0.10320901870727539,-1,1,22.0,1,2,0,3.1,-1,-2.865396332514667,-4.4586437240052605,0.0
0,20,0,5.3,400.0,400.0,10.0,-2,100.0,0.10331416130065918,-1,1,22.0,2,2,0,3.1,-1,-2.8653963325146705,4.458643724005258,0.0
0,8,10,5.3,400.0,400.0,10.0,2,100.0,0.1032860279083252,-1,1,22.0,2,2,0,3.1,1,4.005472744077569,-3.47076188991001,0.0
0,21,1,5.3,400.0,400.0,10.0,-2,100.0,0.10328292846679688,-1,1,22.0,1,2,0,3.1,2,-1.4931825512595778,5.085312760156836,0.0
0,19,21,5.3,400.0,400.0,10.0,0,100.0,0.10326004028320312,-1,1,22.0,1,2,0,3.1,1,-4.005472744077568,3.470761889910012,0.0
0,14,16,5.3,400.0,400.0,10.0,0,100.0,0.10329103469848633,-1,1,22.0,1,2,0,3.1,2,-4.005472744077568,-3.4707618899100114,0.0
0,9,11,5.3,400.0,400.0,10.0,1,100.0,0.10331201553344727,-1,1,22.0,1,1,0,3.1,0,2.8653963325146665,-4.4586437240052605,0.0
0,5,7,5.3,400.0,400.0,10.0,0,100.0,0.10327005386352539,-1,1,22.0,1,2,0,3.1,2,5.246053641968943,0.7542686428484122,0.0
0,9,11,5.3,400.0,400.0,10.0,0,100.0,0.10325908660888672,-1,1,22.0,2,2,0,3.1,2,2.8653963325146665,-4.4586437240052605,0.0
0,12,14,5.3,400.0,400.0,10.0,0,100.0,0.10327005386352539,-1,1,22.0,1,2,0,3.1,-1,-1.4931825512595758,-5.085312760156836,0.0
0,4,6,5.3,400.0,400.0,10.0,-1,100.0,0.10327792167663574,-1,1,22.0,2,1,0,3.1,1,4.821049575378947,2.201699568909998,0.0
0,1,3,5.3,400.0,400.0,10.0,0,100.0,0.1032721996307373,-1,1,22.0,2,2,0,3.1,2,1.493182551259577,5.085312760156836,0.0
0,11,13,5.3,400.0,400.0,10.0,-2,100.0,0.10326814651489258,-1,1,22.0,1,2,0,3.1,1,6.490413675258599e-16,-5.3,0.0
0,8,10,5.3,400.0,400.0,10.0,-1,100.0,0.1032710075378418,-1,1,22.0,1,2,0,3.1,-2,4.005472744077569,-3.47076188991001,0.0
0,2,4,5.3,400.0,400.0,10.0,0,100.0,0.10326218605041504,-1,1,22.0,1,2,0,3.1,2,2.865396332514667,4.4586437240052605,0.0
0,1,3,5.3,400.0,400.0,10.0,0,100.0,0.10324788093566895,-1,1,22.0,2,2,0,3.1,2,1.493182551259577,5.085312760156836,0.0
0,1,3,5.3,400.0,400.0,10.0,1,100.0,0.10344696044921875,-1,1,22.0,1,1,0,3.1,0,1.493182551259577,5.085312760156836,0.0
0,4,6,5.3,400.0,400.0,10.0,0,100.0,0.10317587852478027,-1,1,22.0,2,1,0,3.1,0,4.821049575378947,2.201699568909998,0.0
0,11,13,5.3,400.0,400.0,10.0,0,100.0,0.10325288772583008,-1,1,22.0,1,2,0,3.1,0,6.490413675258599e-16,-5.3,0.0
0,17,19,5.3,400.0,400.0,10.0,0,100.0,0.10326099395751953,-1,1,22.0,2,1,0,3.1,1,-5.246053641968944,0.7542686428484098,0.0
0,3,5,5.3,400.0,400.0,10.0,1,100.0,0.10326719284057617,-1,1,22.0,2,1,0,3.1,0,4.005472744077569,3.470761889910011,0.0
0,3,5,5.3,400.0,400.0,10.0,2,100.0,0.10310101509094238,-1,1,22.0,2,2,0,3.1,1,4.005472744077569,3.470761889910011,0.0
0,17,19,5.3,400.0,400.0,10.0,0,100.0,0.10328793525695801,-1,1,22.0,2,2,0,3.1,-2,-5.246053641968944,0.7542686428484098,0.0
0,2,4,5.3,400.0,400.0,10.0,0,100.0,0.10329604148864746,-1,1,22.0,1,2,0,3.1,0,2.865396332514667,4.4586437240052605,0.0
0,0,2,5.3,400.0,400.0,10.0,-2,100.0,0.10326004028320312,-1,1,22.0,2,1,0,3.1,0,0.0,5.3,0.0
0,5,7,5.3,400.0,400.0,10.0,0,100.0,0.10326313972473145,-1,1,22.0,1,2,0,3.1,2,5.246053641968943,0.7542686428484122,0.0
0,18,20,5.3,400.0,400.0,10.0,0,100.0,0.10311388969421387,-1,1,22.0,2,2,0,3.1,1,-4.821049575378947,2.20169956891,0.0
0,13,15,5.3,400.0,400.0,10.0,0,100.0,0.10328292846679688,-1,1,22.0,1,2,0,3.1,1,-2.865396332514667,-4.4586437240052605,0.0
0,6,8,5.3,400.0,400.0,10.0,-1,100.0,0.1032719612121582,-1,1,22.0,1,1,0,3.1,0,5.246053641968944,-0.7542686428484106,0.0
0,6,8,5.3,400.0,400.0,10.0,0,100.0,0.1032571792602539,-1,1,22.0,1,1,0,3.1,2,5.246053641968944,-0.7542686428484106,0.0
0,11,13,5.3,400.0,400.0,10.0,1,100.0,0.10310077667236328,-1,1,22.0,1,2,0,3.1,0,6.490413675258599e-16,-5.3,0.0
0,16,18,5.3,400.0,400.0,10.0,-2,100.0,0.10328793525695801,-1,1,22.0,2,1,0,3.1,1,-5.246053641968943,-0.7542686428484117,0.0
0,2,4,5.3,400.0,400.0,10.0,2,100.0,0.10328102111816406,-1,1,22.0,1,2,0,3.1,1,2.865396332514667,4.4586437240052605,0.0
0,18,20,5.3,400.0,400.0,10.0,0,100.0,0.1032719612121582,-1,1,22.0,1,2,0,3.1,0,-4.821049575378947,2.20169956891,0.0
0,14,16,5.3,400.0,400.0,10.0,1,100.0,0.10323905944824219,-1,1,22.0,1,2,0,3.1,0,-4.005472744077568,-3.4707618899100114,0.0
0,9,11,5.3,400.0,400.0,10.0,1,100.0,0.10326313972473145,-1,1,22.0,2,2,0,3.1,0,2.8653963325146665,-4.4586437240052605,0.0
0,0,2,5.3,400.0,400.0,10.0,-2,100.0,0.10328102111816406,-1,1,22.0,1,1,0,3.1,1,0.0,5.3,0.0
0,1,3,5.3,400.0,400.0,10.0,0,100.0,0.10329389572143555,-1,1,22.0,1,1,0,3.1,-2,1.493182551259577,5.085312760156836,0.0
0,4,6,5.3,400.0,400.0,10.0,0,100.0,0.10326695442199707,-1,1,22.0,1,2,0,3.1,0,4.821049575378947,2.201699568909998,0.0
0,4,6,5.3,400.0,400.0,10.0,-1,100.0,0.10330510139465332,-1,1,22.0,2,2,0,3.1,1,4.821049575378947,2.201699568909998,0.0
0,20,0,5.3,400.0,400.0,10.0,0,100.0,0.10307002067565918,-1,1,22.0,2,2,0,3.1,-1,-2.8653963325146705,4.458643724005258,0.0
0,21,1,5.3,400.0,400.0,10.0,-1,100.0,0.10326790809631348,-1,1,22.0,1,1,0,3.1,-2,-1.4931825512595778,5.085312760156836,0.0
0,13,15,5.3,400.0,400.0,10.0,0,100.0,0.1032710075378418,-1,1,22.0,2,2,0,3.1,-1,-2.865396332514667,-4.4586437240052605,0.0
0,9,11,5.3,400.0,400.0,10.0,0,100.0,0.1032099723815918,-1,1,22.0,2,2,0,3.1,-1,2.8653963325146665,-4.4586437240052605,0.0
0,7,9,5.3,400.0,400.0,10.0,0,100.0,0.10327291488647461,-1,1,22.0,2,2,0,3.1,-2,4.8210495753789475,-2.2016995689099974,0.0
0,8,10,5.3,400.0,400.0,10.0,0,100.0,0.1030879020690918,-1,1,22.0,1,1,0,3.1,-1,4.005472744077569,-3.47076188991001,0.0
0,13,15,5.3,400.0,400.0,10.0,-2,100.0,0.1031959056854248,-1,1,22.0,1,2,0,3.1,1,-2.865396332514667,-4.4586437240052605,0.0
0,17,19,5.3,400.0,400.0,10.0,0,100.0,0.10331201553344727,-1,1,22.0,1,1,0,3.1,1,-5.246053641968944,0.7542686428484098,0.0
0,20,0,5.3,400.0,400.0,10.0,2,100.0,0.1031959056854248,-1,1,22.0,2,2,0,3.1,-2,-2.8653963325146705,4.458643724005258,0.0
0,14,16,5.3,400.0,400.0,10.0,-1,100.0,0.10322213172912598,-1,1,22.0,1,2,0,3.1,-2,-4.005472744077568,-3.4707618899100114,0.0
0,6,8,5.3,400.0,400.0,10.0,0,100.0,0.10330891609191895,-1,1,22.0,1,1,0,3.1,-1,5.246053641968944,-0.7542686428484106,0.0
0,8,10,5.3,400.0,400.0,10.0,-2,100.0,0.1032860279083252,-1,1,22.0,2,2,0,3.1,0,4.005472744077569,-3.47076188991001,0.0
0,1,3,5.3,400.0,400.0,10.0,1,100.0,0.10327005386352539,-1,1,22.0,1,2,0,3.1,2,1.493182551259577,5.085312760156836,0.0
0,11,13,5.3,400.0,400.0,10.0,0,100.0,0.10328483581542969,-1,1,22.0,1,2,0,3.1,-2,6.490413675258599e-16,-5.3,0.0
0,20,0,5.3,400.0,400.0,10.0,2,100.0,0.10326695442199707,-1,1,22.0,2,1,0,3.1,-1,-2.8653963325146705,4.458643724005258,0.0
0,20,0,5.3,400.0,400.0,10.0,-2,100.0,0.10326910018920898,-1,1,22.0,2,2,0,3.1,0,-2.8653963325146705,4.458643724005258,0.0
0,13,15,5.3,400.0,400.0,10.0,0,100.0,0.10327410697937012,-1,1,22.0,2,2,0,3.1,2,-2.865396332514667,-4.4586437240052605,0.0
0,6,8,5.3,400.0,400.0,10.0,-1,100.0,0.10327291488647461,-1,1,22.0,1,2,0,3.1,-1,5.246053641968944,-0.7542686428484106,0.0
0,19,21,5.3,400.0,400.0,10.0,0,100.0,0.10325503349304199,-1,1,22.0,2,1,0,3.1,0,-4.005472744077568,3.470761889910012,0.0
0,20,0,5.3,400.0,400.0,10.0,1,100.0,0.10326695442199707,-1,1,22.0,2,1,0,3.1,-2,-2.8653963325146705,4.458643724005258,0.0
0,15,17,5.3,400.0,400.0,10.0,-1,100.0,0.10324478149414062,-1,1,22.0,2,2,0,3.1,0,-4.821049575378945,-2.201699568910002,0.0
0,12,14,5.3,400.0,400.0,10.0,0,100.0,0.10326981544494629,-1,1,22.0,1,2,0,3.1,-1,-1.4931825512595758,-5.085312760156836,0.0
0,14,16,5.3,400.0,400.0,10.0,-1,100.0,0.10314297676086426,-1,1,22.0,1,1,0,3.1,-2,-4.005472744077568,-3.4707618899100114,0.0
0,6,8,5.3,400.0,400.0,10.0,1,100.0,0.10326504707336426,-1,1,22.0,2,1,0,3.1,1,5.246053641968944,-0.7542686428484106,0.0
0,4,6,5.3,400.0,400.0,10.0,0,100.0,0.10332798957824707,-1,1,22.0,2,2,0,3.1,-1,4.821049575378947,2.201699568909998,0.0
0,15,17,5.3,400.0,400.0,10.0,-2,100.0,0.10331392288208008,-1,1,22.0,2,2,0,3.1,0,-4.821049575378945,-2.201699568910002,0.0
0,3,5,5.3,400.0,400.0,10.0,0,100.0,0.10331988334655762,-1,1,22.0,2,1,0,3.1,-1,4.005472744077569,3.470761889910011,0.0
0,17,19,5.3,400.0,400.0,10.0,2,100.0,0.10355806350708008,-1,1,22.0,1,2,0,3.1,2,-5.246053641968944,0.7542686428484098,0.0
0,19,21,5.3,400.0,400.0,10.0,2,100.0,0.10330510139465332,-1,1,22.0,2,1,0,3.1,1,-4.005472744077568,3.470761889910012,0.0
0,15,17,5.3,400.0,400.0,10.0,-2,100.0,0.10320496559143066,-1,1,22.0,2,2,0,3.1,1,-4.821049575378945,-2.201699568910002,0.0
0,10,12,5.3,400.0,400.0,10.0,2,100.0,0.10323596000671387,-1,1,22.0,1,2,0,3.1,2,1.4931825512595793,-5.085312760156835,0.0
0,12,14,5.3,400.0,400.0,10.0,1,100.0,0.1032259464263916,-1,1,22.0,2,1,0,3.1,-2,-1.4931825512595758,-5.085312760156836,0.0
0,19,21,5.3,400.0,400.0,10.0,0,100.0,0.10319018363952637,-1,1,22.0,1,2,0,3.1,-1,-4.005472744077568,3.470761889910012,0.0
0,6,8,5.3,400.0,400.0,10.0,0,100.0,0.10309195518493652,-1,1,22.0,1,1,0,3.1,-2,5.246053641968944,-0.7542686428484106,0.0
0,18,20,5.3,400.0,400.0,10.0,1,100.0,0.10326600074768066,-1,1,22.0,1,2,0,3.1,0,-4.821049575378947,2.20169956891,0.0
0,16,18,5.3,400.0,400.0,10.0,-1,100.0,0.10314393043518066,-1,1,22.0,1,2,0,3.1,2,-5.246053641968943,-0.7542686428484117,0.0
0,4,6,5.3,400.0,400.0,10.0,1,100.0,0.10323691368103027,-1,1,22.0,2,1,0,3.1,2,4.821049575378947,2.201699568909998,0.0
0,0,2,5.3,400.0,400.0,10.0,-2,100.0,0.10319089889526367,-1,1,22.0,1,1,0,3.1,-1,0.0,5.3,0.0
0,8,10,5.3,400.0,400.0,10.0,0,100.0,0.1032419204711914,-1,1,22.0,1,1,0,3.1,-1,4.005472744077569,-3.47076188991001,0.0
0,10,12,5.3,400.0,400.0,10.0,2,100.0,0.10326218605041504,-1,1,22.0,2,1,0,3.1,2,1.4931825512595793,-5.085312760156835,0.0
0,20,0,5.3,400.0,400.0,10.0,0,100.0,0.10319685935974121,-1,1,22.0,2,2,0,3.1,1,-2.8653963325146705,4.458643724005258,0.0
0,9,11,5.3,400.0,400.0,10.0,0,100.0,0.10334396362304688,-1,1,22.0,2,2,0,3.1,2,2.8653963325146665,-4.4586437240052605,0.0
0,21,1,5.3,400.0,400.0,10.0,-2,100.0,0.10328388214111328,-1,1,22.0,1,2,0,3.1,-1,-1.4931825512595778,5.085312760156836,0.0
0,14,16,5.3,400.0,400.0,10.0,1,100.0,0.10326886177062988,-1,1,22.0,1,1,0,3.1,-1,-4.005472744077568,-3.4707618899100114,0.0
0,0,2,5.3,400.0,400.0,10.0,2,100.0,0.10322308540344238,-1,1,22.0,2,1,0,3.1,-1,0.0,5.3,0.0
0,9,11,5.3,400.0,400.0,10.0,0,100.0,0.1031341552734375,-1,1,22.0,2,1,0,3.1,-2,2.8653963325146665,-4.4586437240052605,0.0
0,19,21,5.3,400.0,400.0,10.0,1,100.0,0.103302001953125,-1,1,22.0,1,2,0,3.1,0,-4.005472744077568,3.470761889910012,0.0
0,16,18,5.3,400.0,400.0,10.0,2,100.0,0.10327816009521484,-1,1,22.0,2,2,0,3.1,1,-5.246053641968943,-0.7542686428484117,0.0
0,7,9,5.3,400.0,400.0,10.0,1,100.0,0.10325908660888672,-1,1,22.0,2,1,0,3.1,2,4.8210495753789475,-2.2016995689099974,0.0
0,17,19,5.3,400.0,400.0,10.0,-2,100.0,0.10309696197509766,-1,1,22.0,2,1,0,3.1,-2,-5.246053641968944,0.7542686428484098,0.0
0,13,15,5.3,400.0,400.0,10.0,0,100.0,0.10320210456848145,-1,1,22.0,1,2,0,3.1,1,-2.865396332514667,-4.4586437240052605,0.0
0,15,17,5.3,400.0,400.0,10.0,1,100.0,0.10327005386352539,-1,1,22.0,2,2,0,3.1,-1,-4.821049575378945,-2.201699568910002,0.0
0,8,10,5.3,400.0,400.0,10.0,-1,100.0,0.10322904586791992,-1,1,22.0,1,1,0,3.1,0,4.005472744077569,-3.47076188991001,0.0
0,9,11,5.3,400.0,400.0,10.0,0,100.0,0.10310792922973633,-1,1,22.0,1,2,0,3.1,0,2.8653963325146665,-4.4586437240052605,0.0
0,0,2,5.3,400.0,400.0,10.0,0,100.0,0.10315799713134766,-1,1,22.0,2,1,0,3.1,-1,0.0,5.3,0.0
0,12,14,5.3,400.0,400.0,10.0,1,100.0,0.10326409339904785,-1,1,22.0,2,1,0,3.1,0,-1.4931825512595758,-5.085312760156836,0.0
0,8,10,5.3,400.0,400.0,10.0,0,100.0,0.10326218605041504,-1,1,22.0,2,2,0,3.1,1,4.005472744077569,-3.47076188991001,0.0
0,9,11,5.3,400.0,400.0,10.0,0,100.0,0.10320186614990234,-1,1,22.0,2,2,0,3.1,1,2.8653963325146665,-4.4586437240052605,0.0
0,11,13,5.3,400.0,400.0,10.0,2,100.0,0.10329699516296387,-1,1,22.0,2,2,0,3.1,0,6.490413675258599e-16,-5.3,0.0
0,20,0,5.3,400.0,400.0,10.0,2,100.0,0.10326695442199707,-1,1,22.0,1,2,0,3.1,0,-2.8653963325146705,4.458643724005258,0.0
0,13,15,5.3,400.0,400.0,10.0,0,100.0,0.10310792922973633,-1,1,22.0,1,1,0,3.1,2,-2.865396332514667,-4.4586437240052605,0.0
0,10,12,5.3,400.0,400.0,10.0,-1,100.0,0.10324287414550781,-1,1,22.0,2,2,0,3.1,0,1.4931825512595793,-5.085312760156835,0.0
0,13,15,5.3,400.0,400.0,10.0,-2,100.0,0.10326194763183594,-1,1,22.0,1,1,0,3.1,0,-2.865396332514667,-4.4586437240052605,0.0
0,7,9,5.3,400.0,400.0,10.0,1,100.0,0.10327506065368652,-1,1,22.0,1,2,0,3.1,-1,4.8210495753789475,-2.2016995689099974,0.0
0,6,8,5.3,400.0,400.0,10.0,-2,100.0,0.10309505462646484,-1,1,22.0,1,1,0,3.1,0,5.246053641968944,-0.7542686428484106,0.0
0,0,2,5.3,400.0,400.0,10.0,0,100.0,0.10326886177062988,-1,1,22.0,2,1,0,3.1,-1,0.0,5.3,0.0
0,21,1,5.3,400.0,400.0,10.0,0,100.0,0.10315418243408203,-1,1,22.0,1,2,0,3.1,0,-1.4931825512595778,5.085312760156836,0.0
0,17,19,5.3,400.0,400.0,10.0,2,100.0,0.10329508781433105,-1,1,22.0,2,1,0,3.1,2,-5.246053641968944,0.7542686428484098,0.0
0,14,16,5.3,400.0,400.0,10.0,1,100.0,0.10328197479248047,-1,1,22.0,1,1,0,3.1,0,-4.005472744077568,-3.4707618899100114,0.0
0,19,21,5.3,400.0,400.0,10.0,1,100.0,0.10327410697937012,-1,1,22.0,2,2,0,3.1,0,-4.005472744077568,3.470761889910012,0.0
0,19,21,5.3,400.0,400.0,10.0,0,100.0,0.10329198837280273,-1,1,22.0,2,1,0,3.1,-1,-4.005472744077568,3.470761889910012,0.0
0,16,18,5.3,400.0,400.0,10.0,1,100.0,0.1033320426940918,-1,1,22.0,2,1,0,3.1,-2,-5.246053641968943,-0.7542686428484117,0.0
0,12,14,5.3,400.0,400.0,10.0,0,100.0,0.10407495498657227,-1,1,22.0,1,1,0,3.1,-1,-1.4931825512595758,-5.085312760156836,0.0
0,14,16,5.3,400.0,400.0,10.0,2,100.0,0.10332918167114258,-1,1,22.0,1,2,0,3.1,1,-4.005472744077568,-3.4707618899100114,0.0
0,5,7,5.3,400.0,400.0,10.0,-1,100.0,0.10332512855529785,-1,1,22.0,1,2,0,3.1,1,5.246053641968943,0.7542686428484122,0.0
0,14,16,5.3,400.0,400.0,10.0,0,100.0,0.10309815406799316,-1,1,22.0,2,1,0,3.1,-2,-4.005472744077568,-3.4707618899100114,0.0
0,18,20,5.3,400.0,400.0,10.0,-2,100.0,0.10309410095214844,-1,1,22.0,1,2,0,3.1,-2,-4.821049575378947,2.20169956891,0.0
0,15,17,5.3,400.0,400.0,10.0,1,100.0,0.10327005386352539,-1,1,22.0,2,2,0,3.1,2,-4.821049575378945,-2.201699568910002,0.0
0,14,16,5.3,400.0,400.0,10.0,-2,100.0,0.10326099395751953,-1,1,22.0,1,2,0,3.1,2,-4.005472744077568,-3.4707618899100114,0.0
0,4,6,5.3,400.0,400.0,10.0,-1,100.0,0.10312199592590332,-1,1,22.0,2,2,0,3.1,0,4.821049575378947,2.201699568909998,0.0
0,10,12,5.3,400.0,400.0,10.0,-2,100.0,0.10310792922973633,-1,1,22.0,1,2,0,3.1,2,1.4931825512595793,-5.085312760156835,0.0
0,21,1,5.3,400.0,400.0,10.0,-2,100.0,0.1032869815826416,-1,1,22.0,2,2,0,3.1,2,-1.4931825512595778,5.085312760156836,0.0
0,12,14,5.3,400.0,400.0,10.0,0,100.0,0.10326004028320312,-1,1,22.0,2,1,0,3.1,-2,-1.4931825512595758,-5.085312760156836,0.0
0,16,18,5.3,400.0,400.0,10.0,-1,100.0,0.10309910774230957,-1,1,22.0,1,1,0,3.1,1,-5.246053641968943,-0.7542686428484117,0.0
0,1,3,5.3,400.0,400.0,10.0,2,100.0,0.10341501235961914,-1,1,22.0,2,1,0,3.1,1,1.493182551259577,5.085312760156836,0.0
0,14,16,5.3,400.0,400.0,10.0,2,100.0,0.1033320426940918,-1,1,22.0,2,1,0,3.1,-2,-4.005472744077568,-3.4707618899100114,0.0
0,9,11,5.3,400.0,400.0,10.0,-2,100.0,0.10327410697937012,-1,1,22.0,1,2,0,3.1,0,2.8653963325146665,-4.4586437240052605,0.0
0,9,11,5.3,400.0,400.0,10.0,-2,100.0,0.10330605506896973,-1,1,22.0,1,1,0,3.1,0,2.8653963325146665,-4.4586437240052605,0.0
0,13,15,5.3,400.0,400.0,10.0,0,100.0,0.10327601432800293,-1,1,22.0,1,2,0,3.1,-1,-2.865396332514667,-4.4586437240052605,0.0
0,18,20,5.3,400.0,400.0,10.0,0,100.0,0.1032857894897461,-1,1,22.0,2,1,0,3.1,-1,-4.821049575378947,2.20169956891,0.0
0,21,1,5.3,400.0,400.0,10.0,-2,100.0,0.10327410697937012,-1,1,22.0,1,2,0,3.1,1,-1.4931825512595778,5.085312760156836,0.0
0,8,10,5.3,400.0,400.0,10.0,-1,100.0,0.10326600074768066,-1,1,22.0,1,1,0,3.1,-2,4.005472744077569,-3.47076188991001,0.0
0,11,13,5.3,400.0,400.0,10.0,1,100.0,0.10325908660888672,-1,1,22.0,1,2,0,3.1,0,6.490413675258599e-16,-5.3,0.0
0,21,1,5.3,400.0,400.0,10.0,-2,100.0,0.10328197479248047,-1,1,22.0,1,2,0,3.1,-1,-1.4931825512595778,5.085312760156836,0.0
0,12,14,5.3,400.0,400.0,10.0,-1,100.0,0.10327386856079102,-1,1,22.0,1,1,0,3.1,0,-1.4931825512595758,-5.085312760156836,0.0
0,7,9,5.3,400.0,400.0,10.0,-1,100.0,0.1032719612121582,-1,1,22.0,1,2,0,3.1,0,4.8210495753789475,-2.2016995689099974,0.0
0,21,1,5.3,400.0,400.0,10.0,-1,100.0,0.10327816009521484,-1,1,22.0,2,2,0,3.1,2,-1.4931825512595778,5.085312760156836,0.0
