offset2,cue-loc-int,refi,radius,ntrials,ms-st-cue,npractice,resp-h-pos,ms-stimon,actualStimOn,version,bars-or-spot,nitems,resp-h-hv,resp-v-hv,offset,cue-length,resp-v-pos,cue-loc-x,cue-loc-y,ms-precue
0,5,7,5.3,400.0,400.0,10.0,0,100.0,0.11235308647155762,-1,1,22.0,1,2,0,3.1,0,5.246053641968943,0.7542686428484122,0.0
0,9,11,5.3,400.0,400.0,10.0,-2,100.0,0.11329197883605957,-1,1,22.0,1,2,0,3.1,-2,2.8653963325146665,-4.4586437240052605,0.0
0,15,17,5.3,400.0,400.0,10.0,0,100.0,0.11164498329162598,-1,1,22.0,1,1,0,3.1,1,-4.821049575378945,-2.201699568910002,0.0
0,20,0,5.3,400.0,400.0,10.0,2,100.0,0.1126401424407959,-1,1,22.0,2,2,0,3.1,-1,-2.8653963325146705,4.458643724005258,0.0
0,3,5,5.3,400.0,400.0,10.0,-2,100.0,0.11232113838195801,-1,1,22.0,2,2,0,3.1,0,4.005472744077569,3.470761889910011,0.0
0,16,18,5.3,400.0,400.0,10.0,-2,100.0,0.11105704307556152,-1,1,22.0,2,1,0,3.1,1,-5.246053641968943,-0.7542686428484117,0.0
0,8,10,5.3,400.0,400.0,10.0,-1,100.0,0.11263585090637207,-1,1,22.0,1,2,0,3.1,-1,4.005472744077569,-3.47076188991001,0.0
0,1,3,5.3,400.0,400.0,10.0,0,100.0,0.11272907257080078,-1,1,22.0,2,1,0,3.1,0,1.493182551259577,5.085312760156836,0.0
0,13,15,5.3,400.0,400.0,10.0,2,100.0,0.11092710494995117,-1,1,22.0,1,1,0,3.1,0,-2.865396332514667,-4.4586437240052605,0.0
0,7,9,5.3,400.0,400.0,10.0,0,100.0,0.11238813400268555,-1,1,22.0,1,2,0,3.1,0,4.8210495753789475,-2.2016995689099974,0.0
0,4,6,5.3,400.0,400.0,10.0,0,100.0,0.11095285415649414,-1,1,22.0,1,2,0,3.1,0,4.821049575378947,2.201699568909998,0.0
0,15,17,5.3,400.0,400.0,10.0,-2,100.0,0.11238503456115723,-1,1,22.0,2,2,0,3.1,1,-4.821049575378945,-2.201699568910002,0.0
0,7,9,5.3,400.0,400.0,10.0,-1,100.0,0.11097407341003418,-1,1,22.0,2,2,0,3.1,0,4.8210495753789475,-2.2016995689099974,0.0
0,4,6,5.3,400.0,400.0,10.0,2,100.0,0.11143708229064941,-1,1,22.0,1,1,0,3.1,0,4.821049575378947,2.201699568909998,0.0
0,5,7,5.3,400.0,400.0,10.0,0,100.0,0.11144399642944336,-1,1,22.0,2,1,0,3.1,0,5.246053641968943,0.7542686428484122,0.0
0,14,16,5.3,400.0,400.0,10.0,-1,100.0,0.1129150390625,-1,1,22.0,1,2,0,3.1,1,-4.005472744077568,-3.4707618899100114,0.0
0,6,8,5.3,400.0,400.0,10.0,0,100.0,0.1120920181274414,-1,1,22.0,1,2,0,3.1,1,5.246053641968944,-0.7542686428484106,0.0
0,12,14,5.3,400.0,400.0,10.0,-1,100.0,0.1145930290222168,-1,1,22.0,2,1,0,3.1,-1,-1.4931825512595758,-5.085312760156836,0.0
0,10,12,5.3,400.0,400.0,10.0,-1,100.0,0.11165809631347656,-1,1,22.0,2,2,0,3.1,0,1.4931825512595793,-5.085312760156835,0.0
0,4,6,5.3,400.0,400.0,10.0,1,100.0,0.11207199096679688,-1,1,22.0,1,2,0,3.1,0,4.821049575378947,2.201699568909998,0.0
0,20,0,5.3,400.0,400.0,10.0,1,100.0,0.11097598075866699,-1,1,22.0,2,1,0,3.1,0,-2.8653963325146705,4.458643724005258,0.0
0,16,18,5.3,400.0,400.0,10.0,0,100.0,0.11143803596496582,-1,1,22.0,1,2,0,3.1,0,-5.246053641968943,-0.7542686428484117,0.0
0,20,0,5.3,400.0,400.0,10.0,-1,100.0,0.11225199699401855,-1,1,22.0,2,1,0,3.1,0,-2.8653963325146705,4.458643724005258,0.0
0,5,7,5.3,400.0,400.0,10.0,0,100.0,0.11205792427062988,-1,1,22.0,1,2,0,3.1,1,5.246053641968943,0.7542686428484122,0.0
0,1,3,5.3,400.0,400.0,10.0,0,100.0,0.11100983619689941,-1,1,22.0,2,1,0,3.1,0,1.493182551259577,5.085312760156836,0.0
0,3,5,5.3,400.0,400.0,10.0,0,100.0,0.1120760440826416,-1,1,22.0,2,1,0,3.1,1,4.005472744077569,3.470761889910011,0.0
0,7,9,5.3,400.0,400.0,10.0,0,100.0,0.11203289031982422,-1,1,22.0,1,2,0,3.1,0,4.8210495753789475,-2.2016995689099974,0.0
0,21,1,5.3,400.0,400.0,10.0,1,100.0,0.11270785331726074,-1,1,22.0,2,1,0,3.1,-2,-1.4931825512595778,5.085312760156836,0.0
0,6,8,5.3,400.0,400.0,10.0,0,100.0,0.11200618743896484,-1,1,22.0,2,2,0,3.1,2,5.246053641968944,-0.7542686428484106,0.0
0,16,18,5.3,400.0,400.0,10.0,0,100.0,0.11214590072631836,-1,1,22.0,1,1,0,3.1,-1,-5.246053641968943,-0.7542686428484117,0.0
0,6,8,5.3,400.0,400.0,10.0,-2,100.0,0.11136317253112793,-1,1,22.0,1,2,0,3.1,0,5.246053641968944,-0.7542686428484106,0.0
0,21,1,5.3,400.0,400.0,10.0,0,100.0,0.11218094825744629,-1,1,22.0,1,2,0,3.1,0,-1.4931825512595778,5.085312760156836,0.0
0,0,2,5.3,400.0,400.0,10.0,1,100.0,0.11268901824951172,-1,1,22.0,1,1,0,3.1,2,0.0,5.3,0.0
0,21,1,5.3,400.0,400.0,10.0,0,100.0,0.11100101470947266,-1,1,22.0,1,2,0,3.1,0,-1.4931825512595778,5.085312760156836,0.0
0,9,11,5.3,400.0,400.0,10.0,0,100.0,0.11198902130126953,-1,1,22.0,1,1,0,3.1,2,2.8653963325146665,-4.4586437240052605,0.0
0,5,7,5.3,400.0,400.0,10.0,0,100.0,0.11167502403259277,-1,1,22.0,1,2,0,3.1,0,5.246053641968943,0.7542686428484122,0.0
0,8,10,5.3,400.0,400.0,10.0,1,100.0,0.11287903785705566,-1,1,22.0,1,2,0,3.1,1,4.005472744077569,-3.47076188991001,0.0
0,0,2,5.3,400.0,400.0,10.0,1,100.0,0.11238908767700195,-1,1,22.0,1,2,0,3.1,0,0.0,5.3,0.0
0,17,19,5.3,400.0,400.0,10.0,0,100.0,0.11150503158569336,-1,1,22.0,1,1,0,3.1,-1,-5.246053641968944,0.7542686428484098,0.0
0,16,18,5.3,400.0,400.0,10.0,0,100.0,0.1123659610748291,-1,1,22.0,1,2,0,3.1,-2,-5.246053641968943,-0.7542686428484117,0.0
0,19,21,5.3,400.0,400.0,10.0,2,100.0,0.11241316795349121,-1,1,22.0,2,2,0,3.1,0,-4.005472744077568,3.470761889910012,0.0
0,14,16,5.3,400.0,400.0,10.0,-1,100.0,0.11165118217468262,-1,1,22.0,2,2,0,3.1,0,-4.005472744077568,-3.4707618899100114,0.0
0,13,15,5.3,400.0,400.0,10.0,0,100.0,0.11290192604064941,-1,1,22.0,2,1,0,3.1,0,-2.865396332514667,-4.4586437240052605,0.0
0,12,14,5.3,400.0,400.0,10.0,0,100.0,0.11173605918884277,-1,1,22.0,1,1,0,3.1,-1,-1.4931825512595758,-5.085312760156836,0.0
0,0,2,5.3,400.0,400.0,10.0,-1,100.0,0.1120460033416748,-1,1,22.0,2,1,0,3.1,-1,0.0,5.3,0.0
0,20,0,5.3,400.0,400.0,10.0,-2,100.0,0.11220407485961914,-1,1,22.0,1,2,0,3.1,1,-2.8653963325146705,4.458643724005258,0.0
0,3,5,5.3,400.0,400.0,10.0,0,100.0,0.11207914352416992,-1,1,22.0,2,2,0,3.1,-1,4.005472744077569,3.470761889910011,0.0
0,21,1,5.3,400.0,400.0,10.0,1,100.0,0.11206889152526855,-1,1,22.0,1,2,0,3.1,-1,-1.4931825512595778,5.085312760156836,0.0
0,5,7,5.3,400.0,400.0,10.0,1,100.0,0.11239790916442871,-1,1,22.0,2,1,0,3.1,-2,5.246053641968943,0.7542686428484122,0.0
0,8,10,5.3,400.0,400.0,10.0,1,100.0,0.11257481575012207,-1,1,22.0,1,2,0,3.1,1,4.005472744077569,-3.47076188991001,0.0
0,21,1,5.3,400.0,400.0,10.0,1,100.0,0.11100912094116211,-1,1,22.0,2,1,0,3.1,-1,-1.4931825512595778,5.085312760156836,0.0
0,20,0,5.3,400.0,400.0,10.0,2,100.0,0.11238408088684082,-1,1,22.0,1,1,0,3.1,-1,-2.8653963325146705,4.458643724005258,0.0
0,8,10,5.3,400.0,400.0,10.0,-1,100.0,0.11265015602111816,-1,1,22.0,2,1,0,3.1,-1,4.005472744077569,-3.47076188991001,0.0
0,17,19,5.3,400.0,400.0,10.0,0,100.0,0.11261892318725586,-1,1,22.0,1,1,0,3.1,1,-5.246053641968944,0.7542686428484098,0.0
0,10,12,5.3,400.0,400.0,10.0,1,100.0,0.11180496215820312,-1,1,22.0,1,1,0,3.1,0,1.4931825512595793,-5.085312760156835,0.0
0,6,8,5.3,400.0,400.0,10.0,0,100.0,0.11168718338012695,-1,1,22.0,1,2,0,3.1,0,5.246053641968944,-0.7542686428484106,0.0
0,21,1,5.3,400.0,400.0,10.0,0,100.0,0.1120598316192627,-1,1,22.0,2,2,0,3.1,-2,-1.4931825512595778,5.085312760156836,0.0
0,3,5,5.3,400.0,400.0,10.0,-1,100.0,0.1122589111328125,-1,1,22.0,1,2,0,3.1,0,4.005472744077569,3.470761889910011,0.0
0,3,5,5.3,400.0,400.0,10.0,0,100.0,0.11159706115722656,-1,1,22.0,1,2,0,3.1,0,4.005472744077569,3.470761889910011,0.0
0,6,8,5.3,400.0,400.0,10.0,0,100.0,0.11170697212219238,-1,1,22.0,2,1,0,3.1,0,5.246053641968944,-0.7542686428484106,0.0
0,9,11,5.3,400.0,400.0,10.0,-1,100.0,0.11228084564208984,-1,1,22.0,1,2,0,3.1,0,2.8653963325146665,-4.4586437240052605,0.0
0,20,0,5.3,400.0,400.0,10.0,-2,100.0,0.11203694343566895,-1,1,22.0,2,2,0,3.1,0,-2.8653963325146705,4.458643724005258,0.0
0,1,3,5.3,400.0,400.0,10.0,0,100.0,0.1126871109008789,-1,1,22.0,1,2,0,3.1,0,1.493182551259577,5.085312760156836,0.0
0,2,4,5.3,400.0,400.0,10.0,0,100.0,0.11266398429870605,-1,1,22.0,1,2,0,3.1,0,2.865396332514667,4.4586437240052605,0.0
0,13,15,5.3,400.0,400.0,10.0,0,100.0,0.11106514930725098,-1,1,22.0,1,2,0,3.1,0,-2.865396332514667,-4.4586437240052605,0.0
0,21,1,5.3,400.0,400.0,10.0,0,100.0,0.11170506477355957,-1,1,22.0,2,1,0,3.1,0,-1.4931825512595778,5.085312760156836,0.0
0,21,1,5.3,400.0,400.0,10.0,2,100.0,0.11255788803100586,-1,1,22.0,1,1,0,3.1,0,-1.4931825512595778,5.085312760156836,0.0
0,9,11,5.3,400.0,400.0,10.0,1,100.0,0.11151289939880371,-1,1,22.0,1,1,0,3.1,-1,2.8653963325146665,-4.4586437240052605,0.0
0,9,11,5.3,400.0,400.0,10.0,0,100.0,0.11097192764282227,-1,1,22.0,1,2,0,3.1,1,2.8653963325146665,-4.4586437240052605,0.0
0,9,11,5.3,400.0,400.0,10.0,0,100.0,0.11099910736083984,-1,1,22.0,1,2,0,3.1,0,2.8653963325146665,-4.4586437240052605,0.0
0,1,3,5.3,400.0,400.0,10.0,1,100.0,0.11238813400268555,-1,1,22.0,1,2,0,3.1,2,1.493182551259577,5.085312760156836,0.0
0,18,20,5.3,400.0,400.0,10.0,2,100.0,0.11276888847351074,-1,1,22.0,1,1,0,3.1,-1,-4.821049575378947,2.20169956891,0.0
0,8,10,5.3,400.0,400.0,10.0,1,100.0,0.11160492897033691,-1,1,22.0,2,2,0,3.1,-1,4.005472744077569,-3.47076188991001,0.0
0,8,10,5.3,400.0,400.0,10.0,0,100.0,0.1126408576965332,-1,1,22.0,1,2,0,3.1,0,4.005472744077569,-3.47076188991001,0.0
0,3,5,5.3,400.0,400.0,10.0,0,100.0,0.11271500587463379,-1,1,22.0,2,1,0,3.1,-2,4.005472744077569,3.470761889910011,0.0
0,3,5,5.3,400.0,400.0,10.0,2,100.0,0.11107301712036133,-1,1,22.0,2,2,0,3.1,0,4.005472744077569,3.470761889910011,0.0
0,6,8,5.3,400.0,400.0,10.0,0,100.0,0.11246204376220703,-1,1,22.0,2,1,0,3.1,1,5.246053641968944,-0.7542686428484106,0.0
0,14,16,5.3,400.0,400.0,10.0,1,100.0,0.11095714569091797,-1,1,22.0,1,1,0,3.1,-2,-4.005472744077568,-3.4707618899100114,0.0
0,21,1,5.3,400.0,400.0,10.0,0,100.0,0.11231708526611328,-1,1,22.0,1,1,0,3.1,2,-1.4931825512595778,5.085312760156836,0.0
0,6,8,5.3,400.0,400.0,10.0,-2,100.0,0.1122438907623291,-1,1,22.0,2,1,0,3.1,0,5.246053641968944,-0.7542686428484106,0.0
0,16,18,5.3,400.0,400.0,10.0,2,100.0,0.11285996437072754,-1,1,22.0,2,2,0,3.1,-1,-5.246053641968943,-0.7542686428484117,0.0
0,12,14,5.3,400.0,400.0,10.0,0,100.0,0.11166501045227051,-1,1,22.0,1,1,0,3.1,-2,-1.4931825512595758,-5.085312760156836,0.0
0,3,5,5.3,400.0,400.0,10.0,0,100.0,0.11263513565063477,-1,1,22.0,2,1,0,3.1,0,4.005472744077569,3.470761889910011,0.0
0,0,2,5.3,400.0,400.0,10.0,2,100.0,0.11265802383422852,-1,1,22.0,1,1,0,3.1,-1,0.0,5.3,0.0
0,15,17,5.3,400.0,400.0,10.0,0,100.0,0.11272811889648438,-1,1,22.0,2,1,0,3.1,1,-4.821049575378945,-2.201699568910002,0.0
0,16,18,5.3,400.0,400.0,10.0,0,100.0,0.1120901107788086,-1,1,22.0,1,1,0,3.1,-1,-5.246053641968943,-0.7542686428484117,0.0
0,20,0,5.3,400.0,400.0,10.0,1,100.0,0.11268377304077148,-1,1,22.0,1,1,0,3.1,0,-2.8653963325146705,4.458643724005258,0.0
0,19,21,5.3,400.0,400.0,10.0,1,100.0,0.1123650074005127,-1,1,22.0,1,1,0,3.1,-1,-4.005472744077568,3.470761889910012,0.0
0,7,9,5.3,400.0,400.0,10.0,-1,100.0,0.11100292205810547,-1,1,22.0,1,2,0,3.1,0,4.8210495753789475,-2.2016995689099974,0.0
0,14,16,5.3,400.0,400.0,10.0,0,100.0,0.11170506477355957,-1,1,22.0,1,1,0,3.1,2,-4.005472744077568,-3.4707618899100114,0.0
0,21,1,5.3,400.0,400.0,10.0,2,100.0,0.112213134765625,-1,1,22.0,2,1,0,3.1,0,-1.4931825512595778,5.085312760156836,0.0
0,3,5,5.3,400.0,400.0,10.0,1,100.0,0.11231803894042969,-1,1,22.0,1,2,0,3.1,0,4.005472744077569,3.470761889910011,0.0
0,18,20,5.3,400.0,400.0,10.0,0,100.0,0.1126708984375,-1,1,22.0,2,1,0,3.1,0,-4.821049575378947,2.20169956891,0.0
0,17,19,5.3,400.0,400.0,10.0,0,100.0,0.11162710189819336,-1,1,22.0,1,2,0,3.1,0,-5.246053641968944,0.7542686428484098,0.0
0,18,20,5.3,400.0,400.0,10.0,-1,100.0,0.11264705657958984,-1,1,22.0,2,1,0,3.1,0,-4.821049575378947,2.20169956891,0.0
0,1,3,5.3,400.0,400.0,10.0,-2,100.0,0.11162900924682617,-1,1,22.0,2,2,0,3.1,2,1.493182551259577,5.085312760156836,0.0
0,6,8,5.3,400.0,400.0,10.0,0,100.0,0.11182713508605957,-1,1,22.0,2,2,0,3.1,1,5.246053641968944,-0.7542686428484106,0.0
0,10,12,5.3,400.0,400.0,10.0,-1,100.0,0.11103296279907227,-1,1,22.0,1,2,0,3.1,1,1.4931825512595793,-5.085312760156835,0.0
0,3,5,5.3,400.0,400.0,10.0,-2,100.0,0.11275982856750488,-1,1,22.0,1,2,0,3.1,1,4.005472744077569,3.470761889910011,0.0
0,14,16,5.3,400.0,400.0,10.0,2,100.0,0.11175704002380371,-1,1,22.0,1,2,0,3.1,1,-4.005472744077568,-3.4707618899100114,0.0
0,10,12,5.3,400.0,400.0,10.0,0,100.0,0.11215901374816895,-1,1,22.0,1,2,0,3.1,0,1.4931825512595793,-5.085312760156835,0.0
0,19,21,5.3,400.0,400.0,10.0,0,100.0,0.11164689064025879,-1,1,22.0,2,1,0,3.1,-2,-4.005472744077568,3.470761889910012,0.0
0,11,13,5.3,400.0,400.0,10.0,-2,100.0,0.11211705207824707,-1,1,22.0,1,2,0,3.1,-1,6.490628035480972e-16,-5.3,0.0
0,12,14,5.3,400.0,400.0,10.0,0,100.0,0.1120610237121582,-1,1,22.0,2,1,0,3.1,1,-1.4931825512595758,-5.085312760156836,0.0
0,9,11,5.3,400.0,400.0,10.0,-1,100.0,0.11101293563842773,-1,1,22.0,2,2,0,3.1,-2,2.8653963325146665,-4.4586437240052605,0.0
0,3,5,5.3,400.0,400.0,10.0,0,100.0,0.11230587959289551,-1,1,22.0,2,1,0,3.1,2,4.005472744077569,3.470761889910011,0.0
0,14,16,5.3,400.0,400.0,10.0,-1,100.0,0.11239409446716309,-1,1,22.0,1,1,0,3.1,1,-4.005472744077568,-3.4707618899100114,0.0
0,5,7,5.3,400.0,400.0,10.0,-2,100.0,0.11202383041381836,-1,1,22.0,1,1,0,3.1,2,5.246053641968943,0.7542686428484122,0.0
0,1,3,5.3,400.0,400.0,10.0,-2,100.0,0.11284112930297852,-1,1,22.0,1,1,0,3.1,1,1.493182551259577,5.085312760156836,0.0
0,1,3,5.3,400.0,400.0,10.0,-2,100.0,0.11106085777282715,-1,1,22.0,1,1,0,3.1,1,1.493182551259577,5.085312760156836,0.0
0,21,1,5.3,400.0,400.0,10.0,0,100.0,0.11221194267272949,-1,1,22.0,1,2,0,3.1,0,-1.4931825512595778,5.085312760156836,0.0
0,12,14,5.3,400.0,400.0,10.0,2,100.0,0.11298298835754395,-1,1,22.0,1,1,0,3.1,1,-1.4931825512595758,-5.085312760156836,0.0
0,6,8,5.3,400.0,400.0,10.0,-1,100.0,0.1114661693572998,-1,1,22.0,2,1,0,3.1,0,5.246053641968944,-0.7542686428484106,0.0
0,8,10,5.3,400.0,400.0,10.0,2,100.0,0.11264204978942871,-1,1,22.0,2,1,0,3.1,0,4.005472744077569,-3.47076188991001,0.0
0,1,3,5.3,400.0,400.0,10.0,0,100.0,0.11104297637939453,-1,1,22.0,1,2,0,3.1,0,1.493182551259577,5.085312760156836,0.0
0,8,10,5.3,400.0,400.0,10.0,0,100.0,0.11208295822143555,-1,1,22.0,2,1,0,3.1,2,4.005472744077569,-3.47076188991001,0.0
0,7,9,5.3,400.0,400.0,10.0,0,100.0,0.11201190948486328,-1,1,22.0,1,1,0,3.1,1,4.8210495753789475,-2.2016995689099974,0.0
0,13,15,5.3,400.0,400.0,10.0,0,100.0,0.11269712448120117,-1,1,22.0,1,1,0,3.1,2,-2.865396332514667,-4.4586437240052605,0.0
0,7,9,5.3,400.0,400.0,10.0,1,100.0,0.11216211318969727,-1,1,22.0,1,1,0,3.1,0,4.8210495753789475,-2.2016995689099974,0.0
0,10,12,5.3,400.0,400.0,10.0,0,100.0,0.11287498474121094,-1,1,22.0,2,1,0,3.1,-1,1.4931825512595793,-5.085312760156835,0.0
0,12,14,5.3,400.0,400.0,10.0,-2,100.0,0.11206722259521484,-1,1,22.0,1,1,0,3.1,2,-1.4931825512595758,-5.085312760156836,0.0
0,8,10,5.3,400.0,400.0,10.0,1,100.0,0.11215710639953613,-1,1,22.0,1,1,0,3.1,0,4.005472744077569,-3.47076188991001,0.0
0,14,16,5.3,400.0,400.0,10.0,2,100.0,0.11513304710388184,-1,1,22.0,1,1,0,3.1,0,-4.005472744077568,-3.4707618899100114,0.0
0,13,15,5.3,400.0,400.0,10.0,2,100.0,0.11324000358581543,-1,1,22.0,1,2,0,3.1,0,-2.865396332514667,-4.4586437240052605,0.0
0,10,12,5.3,400.0,400.0,10.0,1,100.0,0.11275076866149902,-1,1,22.0,2,2,0,3.1,0,1.4931825512595793,-5.085312760156835,0.0
0,13,15,5.3,400.0,400.0,10.0,0,100.0,0.11264801025390625,-1,1,22.0,2,1,0,3.1,-2,-2.865396332514667,-4.4586437240052605,0.0
0,18,20,5.3,400.0,400.0,10.0,-1,100.0,0.11273407936096191,-1,1,22.0,1,1,0,3.1,0,-4.821049575378947,2.20169956891,0.0
0,10,12,5.3,400.0,400.0,10.0,0,100.0,0.11266899108886719,-1,1,22.0,1,1,0,3.1,-1,1.4931825512595793,-5.085312760156835,0.0
0,19,21,5.3,400.0,400.0,10.0,1,100.0,0.11162900924682617,-1,1,22.0,1,2,0,3.1,2,-4.005472744077568,3.470761889910012,0.0
0,16,18,5.3,400.0,400.0,10.0,0,100.0,0.1126251220703125,-1,1,22.0,2,2,0,3.1,-1,-5.246053641968943,-0.7542686428484117,0.0
0,14,16,5.3,400.0,400.0,10.0,-2,100.0,0.11273598670959473,-1,1,22.0,2,2,0,3.1,0,-4.005472744077568,-3.4707618899100114,0.0
0,10,12,5.3,400.0,400.0,10.0,0,100.0,0.11287403106689453,-1,1,22.0,1,2,0,3.1,0,1.4931825512595793,-5.085312760156835,0.0
0,7,9,5.3,400.0,400.0,10.0,-2,100.0,0.11269688606262207,-1,1,22.0,2,2,0,3.1,0,4.8210495753789475,-2.2016995689099974,0.0
0,20,0,5.3,400.0,400.0,10.0,1,100.0,0.11101293563842773,-1,1,22.0,1,1,0,3.1,-1,-2.8653963325146705,4.458643724005258,0.0
0,15,17,5.3,400.0,400.0,10.0,0,100.0,0.1128840446472168,-1,1,22.0,1,2,0,3.1,-2,-4.821049575378945,-2.201699568910002,0.0
0,5,7,5.3,400.0,400.0,10.0,0,100.0,0.11198306083679199,-1,1,22.0,1,1,0,3.1,-1,5.246053641968943,0.7542686428484122,0.0
0,0,2,5.3,400.0,400.0,10.0,2,100.0,0.1120920181274414,-1,1,22.0,1,2,0,3.1,0,0.0,5.3,0.0
0,7,9,5.3,400.0,400.0,10.0,1,100.0,0.11215019226074219,-1,1,22.0,2,1,0,3.1,2,4.8210495753789475,-2.2016995689099974,0.0
0,11,13,5.3,400.0,400.0,10.0,-1,100.0,0.11216092109680176,-1,1,22.0,1,1,0,3.1,2,6.490628035480972e-16,-5.3,0.0
0,7,9,5.3,400.0,400.0,10.0,-1,100.0,0.11107802391052246,-1,1,22.0,2,2,0,3.1,2,4.8210495753789475,-2.2016995689099974,0.0
0,4,6,5.3,400.0,400.0,10.0,-1,100.0,0.11206698417663574,-1,1,22.0,2,1,0,3.1,-2,4.821049575378947,2.201699568909998,0.0
0,20,0,5.3,400.0,400.0,10.0,1,100.0,0.1117100715637207,-1,1,22.0,2,2,0,3.1,0,-2.8653963325146705,4.458643724005258,0.0
0,14,16,5.3,400.0,400.0,10.0,0,100.0,0.11286306381225586,-1,1,22.0,1,1,0,3.1,-1,-4.005472744077568,-3.4707618899100114,0.0
0,0,2,5.3,400.0,400.0,10.0,-1,100.0,0.1121528148651123,-1,1,22.0,1,1,0,3.1,0,0.0,5.3,0.0
0,2,4,5.3,400.0,400.0,10.0,0,100.0,0.11101698875427246,-1,1,22.0,1,2,0,3.1,-1,2.865396332514667,4.4586437240052605,0.0
0,1,3,5.3,400.0,400.0,10.0,1,100.0,0.11160707473754883,-1,1,22.0,2,2,0,3.1,0,1.493182551259577,5.085312760156836,0.0
0,10,12,5.3,400.0,400.0,10.0,1,100.0,0.11264610290527344,-1,1,22.0,2,1,0,3.1,2,1.4931825512595793,-5.085312760156835,0.0
0,3,5,5.3,400.0,400.0,10.0,1,100.0,0.11168909072875977,-1,1,22.0,2,2,0,3.1,0,4.005472744077569,3.470761889910011,0.0
0,21,1,5.3,400.0,400.0,10.0,-1,100.0,0.11268305778503418,-1,1,22.0,1,2,0,3.1,1,-1.4931825512595778,5.085312760156836,0.0
0,9,11,5.3,400.0,400.0,10.0,0,100.0,0.1120290756225586,-1,1,22.0,2,1,0,3.1,-1,2.8653963325146665,-4.4586437240052605,0.0
0,0,2,5.3,400.0,400.0,10.0,0,100.0,0.11224508285522461,-1,1,22.0,1,1,0,3.1,-1,0.0,5.3,0.0
0,0,2,5.3,400.0,400.0,10.0,0,100.0,0.1110239028930664,-1,1,22.0,1,2,0,3.1,0,0.0,5.3,0.0
0,19,21,5.3,400.0,400.0,10.0,0,100.0,0.11241817474365234,-1,1,22.0,1,1,0,3.1,1,-4.005472744077568,3.470761889910012,0.0
0,15,17,5.3,400.0,400.0,10.0,-2,100.0,0.1126558780670166,-1,1,22.0,1,1,0,3.1,1,-4.821049575378945,-2.201699568910002,0.0
0,13,15,5.3,400.0,400.0,10.0,0,100.0,0.1114799976348877,-1,1,22.0,1,1,0,3.1,-2,-2.865396332514667,-4.4586437240052605,0.0
0,16,18,5.3,400.0,400.0,10.0,-2,100.0,0.11287093162536621,-1,1,22.0,1,2,0,3.1,0,-5.246053641968943,-0.7542686428484117,0.0
0,21,1,5.3,400.0,400.0,10.0,0,100.0,0.11200118064880371,-1,1,22.0,2,2,0,3.1,-1,-1.4931825512595778,5.085312760156836,0.0
0,15,17,5.3,400.0,400.0,10.0,0,100.0,0.11264705657958984,-1,1,22.0,1,2,0,3.1,2,-4.821049575378945,-2.201699568910002,0.0
0,20,0,5.3,400.0,400.0,10.0,-2,100.0,0.1123039722442627,-1,1,22.0,2,1,0,3.1,1,-2.8653963325146705,4.458643724005258,0.0
0,0,2,5.3,400.0,400.0,10.0,0,100.0,0.11324501037597656,-1,1,22.0,1,1,0,3.1,2,0.0,5.3,0.0
0,9,11,5.3,400.0,400.0,10.0,0,100.0,0.11424803733825684,-1,1,22.0,2,2,0,3.1,1,2.8653963325146665,-4.4586437240052605,0.0
0,2,4,5.3,400.0,400.0,10.0,-2,100.0,0.11104488372802734,-1,1,22.0,1,1,0,3.1,-1,2.865396332514667,4.4586437240052605,0.0
0,9,11,5.3,400.0,400.0,10.0,1,100.0,0.11282992362976074,-1,1,22.0,2,2,0,3.1,0,2.8653963325146665,-4.4586437240052605,0.0
0,12,14,5.3,400.0,400.0,10.0,-1,100.0,0.11218118667602539,-1,1,22.0,1,2,0,3.1,-1,-1.4931825512595758,-5.085312760156836,0.0
0,18,20,5.3,400.0,400.0,10.0,0,100.0,0.11213803291320801,-1,1,22.0,2,1,0,3.1,-1,-4.821049575378947,2.20169956891,0.0
0,10,12,5.3,400.0,400.0,10.0,2,100.0,0.11285400390625,-1,1,22.0,2,2,0,3.1,-1,1.4931825512595793,-5.085312760156835,0.0
0,19,21,5.3,400.0,400.0,10.0,-1,100.0,0.11237120628356934,-1,1,22.0,2,2,0,3.1,0,-4.005472744077568,3.470761889910012,0.0
0,14,16,5.3,400.0,400.0,10.0,0,100.0,0.11285614967346191,-1,1,22.0,1,2,0,3.1,2,-4.005472744077568,-3.4707618899100114,0.0
0,15,17,5.3,400.0,400.0,10.0,-2,100.0,0.11267995834350586,-1,1,22.0,2,2,0,3.1,2,-4.821049575378945,-2.201699568910002,0.0
0,7,9,5.3,400.0,400.0,10.0,0,100.0,0.11240100860595703,-1,1,22.0,2,1,0,3.1,0,4.8210495753789475,-2.2016995689099974,0.0
0,14,16,5.3,400.0,400.0,10.0,0,100.0,0.11172318458557129,-1,1,22.0,1,1,0,3.1,-1,-4.005472744077568,-3.4707618899100114,0.0
0,8,10,5.3,400.0,400.0,10.0,-2,100.0,0.11192202568054199,-1,1,22.0,2,1,0,3.1,-2,4.005472744077569,-3.47076188991001,0.0
0,6,8,5.3,400.0,400.0,10.0,0,100.0,0.11122703552246094,-1,1,22.0,1,2,0,3.1,0,5.246053641968944,-0.7542686428484106,0.0
0,7,9,5.3,400.0,400.0,10.0,1,100.0,0.1128840446472168,-1,1,22.0,2,2,0,3.1,0,4.8210495753789475,-2.2016995689099974,0.0
0,0,2,5.3,400.0,400.0,10.0,1,100.0,0.11170411109924316,-1,1,22.0,1,2,0,3.1,0,0.0,5.3,0.0
0,12,14,5.3,400.0,400.0,10.0,1,100.0,0.11285114288330078,-1,1,22.0,2,1,0,3.1,0,-1.4931825512595758,-5.085312760156836,0.0
0,6,8,5.3,400.0,400.0,10.0,0,100.0,0.11267614364624023,-1,1,22.0,1,2,0,3.1,0,5.246053641968944,-0.7542686428484106,0.0
0,19,21,5.3,400.0,400.0,10.0,-1,100.0,0.11160612106323242,-1,1,22.0,1,1,0,3.1,1,-4.005472744077568,3.470761889910012,0.0
0,14,16,5.3,400.0,400.0,10.0,2,100.0,0.11210012435913086,-1,1,22.0,2,2,0,3.1,0,-4.005472744077568,-3.4707618899100114,0.0
0,7,9,5.3,400.0,400.0,10.0,0,100.0,0.11267781257629395,-1,1,22.0,2,1,0,3.1,0,4.8210495753789475,-2.2016995689099974,0.0
0,9,11,5.3,400.0,400.0,10.0,-2,100.0,0.11205816268920898,-1,1,22.0,1,1,0,3.1,-1,2.8653963325146665,-4.4586437240052605,0.0
0,13,15,5.3,400.0,400.0,10.0,-1,100.0,0.11146807670593262,-1,1,22.0,1,2,0,3.1,0,-2.865396332514667,-4.4586437240052605,0.0
0,11,13,5.3,400.0,400.0,10.0,0,100.0,0.11272001266479492,-1,1,22.0,1,2,0,3.1,0,6.490628035480972e-16,-5.3,0.0
0,5,7,5.3,400.0,400.0,10.0,2,100.0,0.11297607421875,-1,1,22.0,2,2,0,3.1,0,5.246053641968943,0.7542686428484122,0.0
0,15,17,5.3,400.0,400.0,10.0,-1,100.0,0.11153006553649902,-1,1,22.0,1,2,0,3.1,0,-4.821049575378945,-2.201699568910002,0.0
0,4,6,5.3,400.0,400.0,10.0,0,100.0,0.11099481582641602,-1,1,22.0,2,1,0,3.1,0,4.821049575378947,2.201699568909998,0.0
0,13,15,5.3,400.0,400.0,10.0,1,100.0,0.11104512214660645,-1,1,22.0,1,2,0,3.1,2,-2.865396332514667,-4.4586437240052605,0.0
0,15,17,5.3,400.0,400.0,10.0,0,100.0,0.11230206489562988,-1,1,22.0,2,1,0,3.1,-1,-4.821049575378945,-2.201699568910002,0.0
0,8,10,5.3,400.0,400.0,10.0,0,100.0,0.11173510551452637,-1,1,22.0,2,2,0,3.1,-2,4.005472744077569,-3.47076188991001,0.0
0,18,20,5.3,400.0,400.0,10.0,-1,100.0,0.11104202270507812,-1,1,22.0,1,1,0,3.1,1,-4.821049575378947,2.20169956891,0.0
0,14,16,5.3,400.0,400.0,10.0,1,100.0,0.1109778881072998,-1,1,22.0,2,1,0,3.1,2,-4.005472744077568,-3.4707618899100114,0.0
0,9,11,5.3,400.0,400.0,10.0,0,100.0,0.11168718338012695,-1,1,22.0,2,1,0,3.1,-2,2.8653963325146665,-4.4586437240052605,0.0
0,11,13,5.3,400.0,400.0,10.0,0,100.0,0.11206889152526855,-1,1,22.0,2,1,0,3.1,0,6.490628035480972e-16,-5.3,0.0
0,13,15,5.3,400.0,400.0,10.0,-2,100.0,0.11105012893676758,-1,1,22.0,2,2,0,3.1,2,-2.865396332514667,-4.4586437240052605,0.0
0,12,14,5.3,400.0,400.0,10.0,0,100.0,0.11101102828979492,-1,1,22.0,1,2,0,3.1,0,-1.4931825512595758,-5.085312760156836,0.0
0,16,18,5.3,400.0,400.0,10.0,0,100.0,0.11234617233276367,-1,1,22.0,1,2,0,3.1,-1,-5.246053641968943,-0.7542686428484117,0.0
0,19,21,5.3,400.0,400.0,10.0,0,100.0,0.1126260757446289,-1,1,22.0,2,2,0,3.1,1,-4.005472744077568,3.470761889910012,0.0
0,4,6,5.3,400.0,400.0,10.0,2,100.0,0.11237716674804688,-1,1,22.0,2,1,0,3.1,1,4.821049575378947,2.201699568909998,0.0
0,8,10,5.3,400.0,400.0,10.0,2,100.0,0.11266016960144043,-1,1,22.0,1,2,0,3.1,0,4.005472744077569,-3.47076188991001,0.0
0,21,1,5.3,400.0,400.0,10.0,0,100.0,0.11105895042419434,-1,1,22.0,2,1,0,3.1,1,-1.4931825512595778,5.085312760156836,0.0
0,4,6,5.3,400.0,400.0,10.0,-1,100.0,0.11266398429870605,-1,1,22.0,1,2,0,3.1,0,4.821049575378947,2.201699568909998,0.0
0,1,3,5.3,400.0,400.0,10.0,0,100.0,0.11272215843200684,-1,1,22.0,1,2,0,3.1,0,1.493182551259577,5.085312760156836,0.0
0,11,13,5.3,400.0,400.0,10.0,-1,100.0,0.11205601692199707,-1,1,22.0,2,2,0,3.1,1,6.490628035480972e-16,-5.3,0.0
0,18,20,5.3,400.0,400.0,10.0,-2,100.0,0.11272907257080078,-1,1,22.0,1,2,0,3.1,0,-4.821049575378947,2.20169956891,0.0
0,16,18,5.3,400.0,400.0,10.0,0,100.0,0.11267209053039551,-1,1,22.0,1,2,0,3.1,1,-5.246053641968943,-0.7542686428484117,0.0
0,5,7,5.3,400.0,400.0,10.0,-1,100.0,0.11241698265075684,-1,1,22.0,2,2,0,3.1,0,5.246053641968943,0.7542686428484122,0.0
0,11,13,5.3,400.0,400.0,10.0,0,100.0,0.11079597473144531,-1,1,22.0,1,2,0,3.1,2,6.490628035480972e-16,-5.3,0.0
0,4,6,5.3,400.0,400.0,10.0,2,100.0,0.11275506019592285,-1,1,22.0,2,1,0,3.1,1,4.821049575378947,2.201699568909998,0.0
0,5,7,5.3,400.0,400.0,10.0,0,100.0,0.11265015602111816,-1,1,22.0,1,2,0,3.1,0,5.246053641968943,0.7542686428484122,0.0
0,3,5,5.3,400.0,400.0,10.0,2,100.0,0.11110591888427734,-1,1,22.0,2,2,0,3.1,0,4.005472744077569,3.470761889910011,0.0
0,9,11,5.3,400.0,400.0,10.0,1,100.0,0.11202883720397949,-1,1,22.0,1,2,0,3.1,1,2.8653963325146665,-4.4586437240052605,0.0
0,5,7,5.3,400.0,400.0,10.0,0,100.0,0.1129448413848877,-1,1,22.0,1,2,0,3.1,0,5.246053641968943,0.7542686428484122,0.0
0,20,0,5.3,400.0,400.0,10.0,-1,100.0,0.11169815063476562,-1,1,22.0,2,2,0,3.1,2,-2.8653963325146705,4.458643724005258,0.0
0,14,16,5.3,400.0,400.0,10.0,-1,100.0,0.11203813552856445,-1,1,22.0,2,2,0,3.1,1,-4.005472744077568,-3.4707618899100114,0.0
0,16,18,5.3,400.0,400.0,10.0,-2,100.0,0.1123208999633789,-1,1,22.0,2,2,0,3.1,0,-5.246053641968943,-0.7542686428484117,0.0
0,19,21,5.3,400.0,400.0,10.0,-1,100.0,0.11229491233825684,-1,1,22.0,2,2,0,3.1,-2,-4.005472744077568,3.470761889910012,0.0
0,6,8,5.3,400.0,400.0,10.0,0,100.0,0.11270999908447266,-1,1,22.0,1,2,0,3.1,0,5.246053641968944,-0.7542686428484106,0.0
0,9,11,5.3,400.0,400.0,10.0,0,100.0,0.11194300651550293,-1,1,22.0,2,1,0,3.1,0,2.8653963325146665,-4.4586437240052605,0.0
0,7,9,5.3,400.0,400.0,10.0,1,100.0,0.11267805099487305,-1,1,22.0,1,2,0,3.1,1,4.8210495753789475,-2.2016995689099974,0.0
0,8,10,5.3,400.0,400.0,10.0,-1,100.0,0.1126861572265625,-1,1,22.0,1,2,0,3.1,0,4.005472744077569,-3.47076188991001,0.0
0,3,5,5.3,400.0,400.0,10.0,-2,100.0,0.1127779483795166,-1,1,22.0,2,1,0,3.1,-1,4.005472744077569,3.470761889910011,0.0
0,5,7,5.3,400.0,400.0,10.0,-1,100.0,0.11295104026794434,-1,1,22.0,2,2,0,3.1,0,5.246053641968943,0.7542686428484122,0.0
0,7,9,5.3,400.0,400.0,10.0,-2,100.0,0.11267209053039551,-1,1,22.0,1,2,0,3.1,1,4.8210495753789475,-2.2016995689099974,0.0
0,18,20,5.3,400.0,400.0,10.0,0,100.0,0.11264300346374512,-1,1,22.0,2,1,0,3.1,0,-4.821049575378947,2.20169956891,0.0
0,2,4,5.3,400.0,400.0,10.0,0,100.0,0.111083984375,-1,1,22.0,2,2,0,3.1,1,2.865396332514667,4.4586437240052605,0.0
0,7,9,5.3,400.0,400.0,10.0,0,100.0,0.1271679401397705,-1,1,22.0,2,1,0,3.1,1,4.8210495753789475,-2.2016995689099974,0.0
0,7,9,5.3,400.0,400.0,10.0,0,100.0,0.11269593238830566,-1,1,22.0,2,2,0,3.1,2,4.8210495753789475,-2.2016995689099974,0.0
0,21,1,5.3,400.0,400.0,10.0,1,100.0,0.11100387573242188,-1,1,22.0,1,2,0,3.1,1,-1.4931825512595778,5.085312760156836,0.0
0,14,16,5.3,400.0,400.0,10.0,2,100.0,0.11206388473510742,-1,1,22.0,2,2,0,3.1,1,-4.005472744077568,-3.4707618899100114,0.0
0,19,21,5.3,400.0,400.0,10.0,-2,100.0,0.11106705665588379,-1,1,22.0,1,1,0,3.1,2,-4.005472744077568,3.470761889910012,0.0
0,6,8,5.3,400.0,400.0,10.0,0,100.0,0.11243295669555664,-1,1,22.0,1,1,0,3.1,2,5.246053641968944,-0.7542686428484106,0.0
0,7,9,5.3,400.0,400.0,10.0,-2,100.0,0.11169099807739258,-1,1,22.0,1,1,0,3.1,-1,4.8210495753789475,-2.2016995689099974,0.0
0,13,15,5.3,400.0,400.0,10.0,-1,100.0,0.11173796653747559,-1,1,22.0,1,2,0,3.1,1,-2.865396332514667,-4.4586437240052605,0.0
0,16,18,5.3,400.0,400.0,10.0,0,100.0,0.11264181137084961,-1,1,22.0,1,2,0,3.1,0,-5.246053641968943,-0.7542686428484117,0.0
0,7,9,5.3,400.0,400.0,10.0,1,100.0,0.11276102066040039,-1,1,22.0,2,2,0,3.1,2,4.8210495753789475,-2.2016995689099974,0.0
0,3,5,5.3,400.0,400.0,10.0,1,100.0,0.11231422424316406,-1,1,22.0,2,2,0,3.1,2,4.005472744077569,3.470761889910011,0.0
0,7,9,5.3,400.0,400.0,10.0,2,100.0,0.11271381378173828,-1,1,22.0,1,1,0,3.1,0,4.8210495753789475,-2.2016995689099974,0.0
0,4,6,5.3,400.0,400.0,10.0,0,100.0,0.11269593238830566,-1,1,22.0,2,1,0,3.1,2,4.821049575378947,2.201699568909998,0.0
0,14,16,5.3,400.0,400.0,10.0,-1,100.0,0.11272096633911133,-1,1,22.0,1,2,0,3.1,0,-4.005472744077568,-3.4707618899100114,0.0
0,0,2,5.3,400.0,400.0,10.0,0,100.0,0.11203312873840332,-1,1,22.0,1,2,0,3.1,-1,0.0,5.3,0.0
0,21,1,5.3,400.0,400.0,10.0,-1,100.0,0.1120920181274414,-1,1,22.0,1,2,0,3.1,2,-1.4931825512595778,5.085312760156836,0.0
0,2,4,5.3,400.0,400.0,10.0,1,100.0,0.11270713806152344,-1,1,22.0,1,2,0,3.1,0,2.865396332514667,4.4586437240052605,0.0
0,3,5,5.3,400.0,400.0,10.0,0,100.0,0.11275386810302734,-1,1,22.0,1,2,0,3.1,0,4.005472744077569,3.470761889910011,0.0
0,8,10,5.3,400.0,400.0,10.0,-1,100.0,0.11244010925292969,-1,1,22.0,2,2,0,3.1,0,4.005472744077569,-3.47076188991001,0.0
0,11,13,5.3,400.0,400.0,10.0,-2,100.0,0.11173295974731445,-1,1,22.0,1,2,0,3.1,0,6.490628035480972e-16,-5.3,0.0
0,7,9,5.3,400.0,400.0,10.0,-2,100.0,0.11211299896240234,-1,1,22.0,1,1,0,3.1,0,4.8210495753789475,-2.2016995689099974,0.0
0,16,18,5.3,400.0,400.0,10.0,-1,100.0,0.11108088493347168,-1,1,22.0,2,1,0,3.1,-1,-5.246053641968943,-0.7542686428484117,0.0
0,13,15,5.3,400.0,400.0,10.0,2,100.0,0.1126549243927002,-1,1,22.0,2,2,0,3.1,1,-2.865396332514667,-4.4586437240052605,0.0
0,0,2,5.3,400.0,400.0,10.0,1,100.0,0.1129150390625,-1,1,22.0,2,1,0,3.1,-2,0.0,5.3,0.0
0,15,17,5.3,400.0,400.0,10.0,-1,100.0,0.11103296279907227,-1,1,22.0,1,2,0,3.1,1,-4.821049575378945,-2.201699568910002,0.0
0,18,20,5.3,400.0,400.0,10.0,-1,100.0,0.1118011474609375,-1,1,22.0,1,1,0,3.1,1,-4.821049575378947,2.20169956891,0.0
0,11,13,5.3,400.0,400.0,10.0,-1,100.0,0.11275601387023926,-1,1,22.0,1,1,0,3.1,-2,6.490628035480972e-16,-5.3,0.0
0,0,2,5.3,400.0,400.0,10.0,-2,100.0,0.1109919548034668,-1,1,22.0,2,1,0,3.1,0,0.0,5.3,0.0
0,11,13,5.3,400.0,400.0,10.0,0,100.0,0.11216521263122559,-1,1,22.0,1,2,0,3.1,1,6.490628035480972e-16,-5.3,0.0
0,19,21,5.3,400.0,400.0,10.0,0,100.0,0.11205387115478516,-1,1,22.0,2,2,0,3.1,1,-4.005472744077568,3.470761889910012,0.0
0,19,21,5.3,400.0,400.0,10.0,-1,100.0,0.11100912094116211,-1,1,22.0,2,2,0,3.1,0,-4.005472744077568,3.470761889910012,0.0
0,10,12,5.3,400.0,400.0,10.0,2,100.0,0.11201715469360352,-1,1,22.0,1,1,0,3.1,1,1.4931825512595793,-5.085312760156835,0.0
0,6,8,5.3,400.0,400.0,10.0,-2,100.0,0.1118781566619873,-1,1,22.0,1,2,0,3.1,-1,5.246053641968944,-0.7542686428484106,0.0
0,2,4,5.3,400.0,400.0,10.0,0,100.0,0.11278605461120605,-1,1,22.0,2,1,0,3.1,1,2.865396332514667,4.4586437240052605,0.0
0,0,2,5.3,400.0,400.0,10.0,1,100.0,0.1127018928527832,-1,1,22.0,2,2,0,3.1,0,0.0,5.3,0.0
0,1,3,5.3,400.0,400.0,10.0,0,100.0,0.11264395713806152,-1,1,22.0,1,2,0,3.1,0,1.493182551259577,5.085312760156836,0.0
0,2,4,5.3,400.0,400.0,10.0,-1,100.0,0.11268401145935059,-1,1,22.0,1,1,0,3.1,0,2.865396332514667,4.4586437240052605,0.0
0,0,2,5.3,400.0,400.0,10.0,0,100.0,0.1114959716796875,-1,1,22.0,1,2,0,3.1,0,0.0,5.3,0.0
0,4,6,5.3,400.0,400.0,10.0,0,100.0,0.11204099655151367,-1,1,22.0,2,2,0,3.1,1,4.821049575378947,2.201699568909998,0.0
0,13,15,5.3,400.0,400.0,10.0,2,100.0,0.11230206489562988,-1,1,22.0,2,1,0,3.1,0,-2.865396332514667,-4.4586437240052605,0.0
0,10,12,5.3,400.0,400.0,10.0,0,100.0,0.1109778881072998,-1,1,22.0,2,1,0,3.1,0,1.4931825512595793,-5.085312760156835,0.0
0,16,18,5.3,400.0,400.0,10.0,0,100.0,0.11170601844787598,-1,1,22.0,2,2,0,3.1,2,-5.246053641968943,-0.7542686428484117,0.0
0,4,6,5.3,400.0,400.0,10.0,-2,100.0,0.11263918876647949,-1,1,22.0,2,1,0,3.1,0,4.821049575378947,2.201699568909998,0.0
0,15,17,5.3,400.0,400.0,10.0,-2,100.0,0.11265993118286133,-1,1,22.0,1,2,0,3.1,-1,-4.821049575378945,-2.201699568910002,0.0
0,6,8,5.3,400.0,400.0,10.0,2,100.0,0.11269402503967285,-1,1,22.0,1,2,0,3.1,2,5.246053641968944,-0.7542686428484106,0.0
0,3,5,5.3,400.0,400.0,10.0,0,100.0,0.11205410957336426,-1,1,22.0,1,1,0,3.1,-2,4.005472744077569,3.470761889910011,0.0
0,21,1,5.3,400.0,400.0,10.0,2,100.0,0.11139678955078125,-1,1,22.0,1,2,0,3.1,-2,-1.4931825512595778,5.085312760156836,0.0
0,4,6,5.3,400.0,400.0,10.0,-2,100.0,0.11196398735046387,-1,1,22.0,1,1,0,3.1,0,4.821049575378947,2.201699568909998,0.0
0,2,4,5.3,400.0,400.0,10.0,-2,100.0,0.11201691627502441,-1,1,22.0,1,1,0,3.1,1,2.865396332514667,4.4586437240052605,0.0
0,8,10,5.3,400.0,400.0,10.0,-2,100.0,0.11279106140136719,-1,1,22.0,1,1,0,3.1,1,4.005472744077569,-3.47076188991001,0.0
0,5,7,5.3,400.0,400.0,10.0,0,100.0,0.11286497116088867,-1,1,22.0,1,2,0,3.1,0,5.246053641968943,0.7542686428484122,0.0
0,8,10,5.3,400.0,400.0,10.0,1,100.0,0.11263513565063477,-1,1,22.0,1,2,0,3.1,-1,4.005472744077569,-3.47076188991001,0.0
0,14,16,5.3,400.0,400.0,10.0,0,100.0,0.11232495307922363,-1,1,22.0,1,2,0,3.1,0,-4.005472744077568,-3.4707618899100114,0.0
0,10,12,5.3,400.0,400.0,10.0,0,100.0,0.11268806457519531,-1,1,22.0,2,2,0,3.1,-2,1.4931825512595793,-5.085312760156835,0.0
0,3,5,5.3,400.0,400.0,10.0,2,100.0,0.1125631332397461,-1,1,22.0,1,1,0,3.1,-1,4.005472744077569,3.470761889910011,0.0
0,20,0,5.3,400.0,400.0,10.0,1,100.0,0.11108994483947754,-1,1,22.0,2,2,0,3.1,0,-2.8653963325146705,4.458643724005258,0.0
0,19,21,5.3,400.0,400.0,10.0,0,100.0,0.11214494705200195,-1,1,22.0,2,2,0,3.1,1,-4.005472744077568,3.470761889910012,0.0
0,11,13,5.3,400.0,400.0,10.0,0,100.0,0.11232495307922363,-1,1,22.0,2,1,0,3.1,2,6.490628035480972e-16,-5.3,0.0
0,4,6,5.3,400.0,400.0,10.0,1,100.0,0.1121819019317627,-1,1,22.0,1,2,0,3.1,-1,4.821049575378947,2.201699568909998,0.0
0,1,3,5.3,400.0,400.0,10.0,-2,100.0,0.11151695251464844,-1,1,22.0,2,1,0,3.1,-1,1.493182551259577,5.085312760156836,0.0
0,10,12,5.3,400.0,400.0,10.0,2,100.0,0.11207294464111328,-1,1,22.0,2,2,0,3.1,0,1.4931825512595793,-5.085312760156835,0.0
0,21,1,5.3,400.0,400.0,10.0,0,100.0,0.11267399787902832,-1,1,22.0,1,2,0,3.1,2,-1.4931825512595778,5.085312760156836,0.0
0,8,10,5.3,400.0,400.0,10.0,1,100.0,0.11205196380615234,-1,1,22.0,1,1,0,3.1,-2,4.005472744077569,-3.47076188991001,0.0
0,5,7,5.3,400.0,400.0,10.0,0,100.0,0.11213207244873047,-1,1,22.0,1,2,0,3.1,2,5.246053641968943,0.7542686428484122,0.0
0,6,8,5.3,400.0,400.0,10.0,-1,100.0,0.11200404167175293,-1,1,22.0,1,2,0,3.1,0,5.246053641968944,-0.7542686428484106,0.0
0,15,17,5.3,400.0,400.0,10.0,2,100.0,0.11234688758850098,-1,1,22.0,2,2,0,3.1,-1,-4.821049575378945,-2.201699568910002,0.0
0,6,8,5.3,400.0,400.0,10.0,0,100.0,0.11273193359375,-1,1,22.0,1,1,0,3.1,-1,5.246053641968944,-0.7542686428484106,0.0
0,4,6,5.3,400.0,400.0,10.0,2,100.0,0.1118159294128418,-1,1,22.0,1,1,0,3.1,-1,4.821049575378947,2.201699568909998,0.0
0,10,12,5.3,400.0,400.0,10.0,-1,100.0,0.11109089851379395,-1,1,22.0,1,1,0,3.1,1,1.4931825512595793,-5.085312760156835,0.0
0,18,20,5.3,400.0,400.0,10.0,1,100.0,0.11109185218811035,-1,1,22.0,1,2,0,3.1,-1,-4.821049575378947,2.20169956891,0.0
0,11,13,5.3,400.0,400.0,10.0,-1,100.0,0.11224484443664551,-1,1,22.0,1,2,0,3.1,0,6.490628035480972e-16,-5.3,0.0
0,21,1,5.3,400.0,400.0,10.0,-2,100.0,0.11103200912475586,-1,1,22.0,1,2,0,3.1,0,-1.4931825512595778,5.085312760156836,0.0
0,10,12,5.3,400.0,400.0,10.0,2,100.0,0.11271500587463379,-1,1,22.0,2,2,0,3.1,1,1.4931825512595793,-5.085312760156835,0.0
0,14,16,5.3,400.0,400.0,10.0,-1,100.0,0.1124429702758789,-1,1,22.0,1,2,0,3.1,0,-4.005472744077568,-3.4707618899100114,0.0
0,19,21,5.3,400.0,400.0,10.0,-2,100.0,0.11196589469909668,-1,1,22.0,2,2,0,3.1,-1,-4.005472744077568,3.470761889910012,0.0
0,11,13,5.3,400.0,400.0,10.0,1,100.0,0.11205601692199707,-1,1,22.0,2,1,0,3.1,-2,6.490628035480972e-16,-5.3,0.0
0,7,9,5.3,400.0,400.0,10.0,1,100.0,0.11102914810180664,-1,1,22.0,1,2,0,3.1,0,4.8210495753789475,-2.2016995689099974,0.0
0,12,14,5.3,400.0,400.0,10.0,-1,100.0,0.11235594749450684,-1,1,22.0,1,1,0,3.1,-2,-1.4931825512595758,-5.085312760156836,0.0
0,21,1,5.3,400.0,400.0,10.0,0,100.0,0.11101412773132324,-1,1,22.0,2,1,0,3.1,-1,-1.4931825512595778,5.085312760156836,0.0
0,17,19,5.3,400.0,400.0,10.0,0,100.0,0.1116800308227539,-1,1,22.0,1,2,0,3.1,2,-5.246053641968944,0.7542686428484098,0.0
0,18,20,5.3,400.0,400.0,10.0,1,100.0,0.11282706260681152,-1,1,22.0,1,2,0,3.1,-1,-4.821049575378947,2.20169956891,0.0
0,15,17,5.3,400.0,400.0,10.0,-1,100.0,0.11146903038024902,-1,1,22.0,2,1,0,3.1,-1,-4.821049575378945,-2.201699568910002,0.0
0,12,14,5.3,400.0,400.0,10.0,1,100.0,0.11283397674560547,-1,1,22.0,1,1,0,3.1,-1,-1.4931825512595758,-5.085312760156836,0.0
0,8,10,5.3,400.0,400.0,10.0,0,100.0,0.11098003387451172,-1,1,22.0,1,1,0,3.1,-2,4.005472744077569,-3.47076188991001,0.0
0,1,3,5.3,400.0,400.0,10.0,1,100.0,0.11211013793945312,-1,1,22.0,2,1,0,3.1,1,1.493182551259577,5.085312760156836,0.0
0,14,16,5.3,400.0,400.0,10.0,-2,100.0,0.1110379695892334,-1,1,22.0,2,2,0,3.1,-1,-4.005472744077568,-3.4707618899100114,0.0
0,8,10,5.3,400.0,400.0,10.0,0,100.0,0.11215806007385254,-1,1,22.0,2,2,0,3.1,-1,4.005472744077569,-3.47076188991001,0.0
0,2,4,5.3,400.0,400.0,10.0,0,100.0,0.11105895042419434,-1,1,22.0,1,2,0,3.1,0,2.865396332514667,4.4586437240052605,0.0
0,1,3,5.3,400.0,400.0,10.0,2,100.0,0.11179399490356445,-1,1,22.0,1,2,0,3.1,0,1.493182551259577,5.085312760156836,0.0
0,12,14,5.3,400.0,400.0,10.0,-2,100.0,0.11201095581054688,-1,1,22.0,2,2,0,3.1,2,-1.4931825512595758,-5.085312760156836,0.0
0,18,20,5.3,400.0,400.0,10.0,-1,100.0,0.11239886283874512,-1,1,22.0,2,2,0,3.1,1,-4.821049575378947,2.20169956891,0.0
0,10,12,5.3,400.0,400.0,10.0,-2,100.0,0.11163115501403809,-1,1,22.0,2,2,0,3.1,2,1.4931825512595793,-5.085312760156835,0.0
0,14,16,5.3,400.0,400.0,10.0,-2,100.0,0.11117315292358398,-1,1,22.0,2,1,0,3.1,2,-4.005472744077568,-3.4707618899100114,0.0
0,12,14,5.3,400.0,400.0,10.0,1,100.0,0.11266088485717773,-1,1,22.0,1,1,0,3.1,2,-1.4931825512595758,-5.085312760156836,0.0
0,20,0,5.3,400.0,400.0,10.0,0,100.0,0.11278796195983887,-1,1,22.0,1,1,0,3.1,-2,-2.8653963325146705,4.458643724005258,0.0
0,9,11,5.3,400.0,400.0,10.0,0,100.0,0.1122589111328125,-1,1,22.0,2,1,0,3.1,-2,2.8653963325146665,-4.4586437240052605,0.0
0,2,4,5.3,400.0,400.0,10.0,2,100.0,0.11201596260070801,-1,1,22.0,2,2,0,3.1,0,2.865396332514667,4.4586437240052605,0.0
0,15,17,5.3,400.0,400.0,10.0,1,100.0,0.11271309852600098,-1,1,22.0,1,2,0,3.1,0,-4.821049575378945,-2.201699568910002,0.0
0,1,3,5.3,400.0,400.0,10.0,0,100.0,0.11206293106079102,-1,1,22.0,2,2,0,3.1,1,1.493182551259577,5.085312760156836,0.0
0,19,21,5.3,400.0,400.0,10.0,1,100.0,0.11107301712036133,-1,1,22.0,2,2,0,3.1,0,-4.005472744077568,3.470761889910012,0.0
0,10,12,5.3,400.0,400.0,10.0,0,100.0,0.11107492446899414,-1,1,22.0,1,1,0,3.1,1,1.4931825512595793,-5.085312760156835,0.0
0,4,6,5.3,400.0,400.0,10.0,0,100.0,0.11245608329772949,-1,1,22.0,2,1,0,3.1,0,4.821049575378947,2.201699568909998,0.0
0,17,19,5.3,400.0,400.0,10.0,-1,100.0,0.11100101470947266,-1,1,22.0,2,1,0,3.1,-2,-5.246053641968944,0.7542686428484098,0.0
0,8,10,5.3,400.0,400.0,10.0,-1,100.0,0.11336708068847656,-1,1,22.0,1,2,0,3.1,-1,4.005472744077569,-3.47076188991001,0.0
0,2,4,5.3,400.0,400.0,10.0,1,100.0,0.11189508438110352,-1,1,22.0,1,2,0,3.1,1,2.865396332514667,4.4586437240052605,0.0
0,2,4,5.3,400.0,400.0,10.0,0,100.0,0.11254692077636719,-1,1,22.0,2,1,0,3.1,1,2.865396332514667,4.4586437240052605,0.0
0,4,6,5.3,400.0,400.0,10.0,0,100.0,0.11269402503967285,-1,1,22.0,1,2,0,3.1,0,4.821049575378947,2.201699568909998,0.0
0,3,5,5.3,400.0,400.0,10.0,2,100.0,0.11117792129516602,-1,1,22.0,1,1,0,3.1,0,4.005472744077569,3.470761889910011,0.0
0,15,17,5.3,400.0,400.0,10.0,0,100.0,0.11201095581054688,-1,1,22.0,2,1,0,3.1,0,-4.821049575378945,-2.201699568910002,0.0
0,10,12,5.3,400.0,400.0,10.0,0,100.0,0.11167716979980469,-1,1,22.0,2,2,0,3.1,-2,1.4931825512595793,-5.085312760156835,0.0
0,9,11,5.3,400.0,400.0,10.0,0,100.0,0.11266899108886719,-1,1,22.0,2,2,0,3.1,-1,2.8653963325146665,-4.4586437240052605,0.0
0,19,21,5.3,400.0,400.0,10.0,-2,100.0,0.11170792579650879,-1,1,22.0,1,1,0,3.1,-1,-4.005472744077568,3.470761889910012,0.0
0,1,3,5.3,400.0,400.0,10.0,1,100.0,0.11232900619506836,-1,1,22.0,1,1,0,3.1,-2,1.493182551259577,5.085312760156836,0.0
0,14,16,5.3,400.0,400.0,10.0,-1,100.0,0.1119239330291748,-1,1,22.0,1,1,0,3.1,0,-4.005472744077568,-3.4707618899100114,0.0
0,15,17,5.3,400.0,400.0,10.0,-2,100.0,0.11240983009338379,-1,1,22.0,2,1,0,3.1,0,-4.821049575378945,-2.201699568910002,0.0
0,17,19,5.3,400.0,400.0,10.0,0,100.0,0.11266112327575684,-1,1,22.0,2,2,0,3.1,2,-5.246053641968944,0.7542686428484098,0.0
0,4,6,5.3,400.0,400.0,10.0,2,100.0,0.11232399940490723,-1,1,22.0,1,1,0,3.1,0,4.821049575378947,2.201699568909998,0.0
0,2,4,5.3,400.0,400.0,10.0,0,100.0,0.11240100860595703,-1,1,22.0,1,2,0,3.1,0,2.865396332514667,4.4586437240052605,0.0
0,17,19,5.3,400.0,400.0,10.0,0,100.0,0.11090493202209473,-1,1,22.0,2,1,0,3.1,2,-5.246053641968944,0.7542686428484098,0.0
0,9,11,5.3,400.0,400.0,10.0,-2,100.0,0.11228799819946289,-1,1,22.0,1,1,0,3.1,1,2.8653963325146665,-4.4586437240052605,0.0
0,15,17,5.3,400.0,400.0,10.0,1,100.0,0.11264920234680176,-1,1,22.0,2,2,0,3.1,2,-4.821049575378945,-2.201699568910002,0.0
0,10,12,5.3,400.0,400.0,10.0,-1,100.0,0.11096692085266113,-1,1,22.0,1,2,0,3.1,-2,1.4931825512595793,-5.085312760156835,0.0
0,7,9,5.3,400.0,400.0,10.0,-1,100.0,0.11202716827392578,-1,1,22.0,2,1,0,3.1,0,4.8210495753789475,-2.2016995689099974,0.0
0,1,3,5.3,400.0,400.0,10.0,-1,100.0,0.1127169132232666,-1,1,22.0,2,2,0,3.1,-2,1.493182551259577,5.085312760156836,0.0
0,5,7,5.3,400.0,400.0,10.0,0,100.0,0.11274003982543945,-1,1,22.0,1,2,0,3.1,0,5.246053641968943,0.7542686428484122,0.0
0,8,10,5.3,400.0,400.0,10.0,1,100.0,0.11199712753295898,-1,1,22.0,1,1,0,3.1,0,4.005472744077569,-3.47076188991001,0.0
0,7,9,5.3,400.0,400.0,10.0,-1,100.0,0.11206793785095215,-1,1,22.0,2,2,0,3.1,0,4.8210495753789475,-2.2016995689099974,0.0
0,10,12,5.3,400.0,400.0,10.0,0,100.0,0.11121702194213867,-1,1,22.0,1,1,0,3.1,1,1.4931825512595793,-5.085312760156835,0.0
0,15,17,5.3,400.0,400.0,10.0,2,100.0,0.11172819137573242,-1,1,22.0,2,1,0,3.1,-1,-4.821049575378945,-2.201699568910002,0.0
0,19,21,5.3,400.0,400.0,10.0,-1,100.0,0.11189699172973633,-1,1,22.0,2,1,0,3.1,1,-4.005472744077568,3.470761889910012,0.0
0,13,15,5.3,400.0,400.0,10.0,0,100.0,0.11279797554016113,-1,1,22.0,2,1,0,3.1,2,-2.865396332514667,-4.4586437240052605,0.0
0,4,6,5.3,400.0,400.0,10.0,1,100.0,0.11235880851745605,-1,1,22.0,2,2,0,3.1,-1,4.821049575378947,2.201699568909998,0.0
0,15,17,5.3,400.0,400.0,10.0,-1,100.0,0.11289286613464355,-1,1,22.0,1,1,0,3.1,0,-4.821049575378945,-2.201699568910002,0.0
0,6,8,5.3,400.0,400.0,10.0,0,100.0,0.11263680458068848,-1,1,22.0,2,1,0,3.1,0,5.246053641968944,-0.7542686428484106,0.0
0,9,11,5.3,400.0,400.0,10.0,1,100.0,0.11230206489562988,-1,1,22.0,2,1,0,3.1,-2,2.8653963325146665,-4.4586437240052605,0.0
0,7,9,5.3,400.0,400.0,10.0,0,100.0,0.11281394958496094,-1,1,22.0,1,1,0,3.1,-1,4.8210495753789475,-2.2016995689099974,0.0
0,19,21,5.3,400.0,400.0,10.0,-2,100.0,0.11265707015991211,-1,1,22.0,1,2,0,3.1,-2,-4.005472744077568,3.470761889910012,0.0
0,11,13,5.3,400.0,400.0,10.0,-1,100.0,0.11256003379821777,-1,1,22.0,2,2,0,3.1,0,6.490628035480972e-16,-5.3,0.0
0,10,12,5.3,400.0,400.0,10.0,-1,100.0,0.11271500587463379,-1,1,22.0,1,2,0,3.1,0,1.4931825512595793,-5.085312760156835,0.0
0,21,1,5.3,400.0,400.0,10.0,-2,100.0,0.11103296279907227,-1,1,22.0,2,1,0,3.1,1,-1.4931825512595778,5.085312760156836,0.0
0,7,9,5.3,400.0,400.0,10.0,0,100.0,0.11244797706604004,-1,1,22.0,1,2,0,3.1,2,4.8210495753789475,-2.2016995689099974,0.0
0,18,20,5.3,400.0,400.0,10.0,-2,100.0,0.11269688606262207,-1,1,22.0,2,1,0,3.1,1,-4.821049575378947,2.20169956891,0.0
0,0,2,5.3,400.0,400.0,10.0,1,100.0,0.1128380298614502,-1,1,22.0,1,2,0,3.1,0,0.0,5.3,0.0
0,19,21,5.3,400.0,400.0,10.0,0,100.0,0.11207103729248047,-1,1,22.0,2,1,0,3.1,0,-4.005472744077568,3.470761889910012,0.0
0,4,6,5.3,400.0,400.0,10.0,0,100.0,0.11271500587463379,-1,1,22.0,1,1,0,3.1,-1,4.821049575378947,2.201699568909998,0.0
0,17,19,5.3,400.0,400.0,10.0,1,100.0,0.11203598976135254,-1,1,22.0,2,1,0,3.1,0,-5.246053641968944,0.7542686428484098,0.0
0,6,8,5.3,400.0,400.0,10.0,0,100.0,0.11194992065429688,-1,1,22.0,1,2,0,3.1,1,5.246053641968944,-0.7542686428484106,0.0
0,10,12,5.3,400.0,400.0,10.0,-2,100.0,0.11210107803344727,-1,1,22.0,1,1,0,3.1,0,1.4931825512595793,-5.085312760156835,0.0
0,3,5,5.3,400.0,400.0,10.0,2,100.0,0.11286592483520508,-1,1,22.0,1,1,0,3.1,-2,4.005472744077569,3.470761889910011,0.0
0,15,17,5.3,400.0,400.0,10.0,0,100.0,0.11105084419250488,-1,1,22.0,1,1,0,3.1,-2,-4.821049575378945,-2.201699568910002,0.0
0,9,11,5.3,400.0,400.0,10.0,0,100.0,0.11279892921447754,-1,1,22.0,1,1,0,3.1,1,2.8653963325146665,-4.4586437240052605,0.0
0,17,19,5.3,400.0,400.0,10.0,-1,100.0,0.11097192764282227,-1,1,22.0,2,2,0,3.1,2,-5.246053641968944,0.7542686428484098,0.0
0,12,14,5.3,400.0,400.0,10.0,-1,100.0,0.11100316047668457,-1,1,22.0,2,1,0,3.1,1,-1.4931825512595758,-5.085312760156836,0.0
0,7,9,5.3,400.0,400.0,10.0,-1,100.0,0.11282896995544434,-1,1,22.0,2,2,0,3.1,-2,4.8210495753789475,-2.2016995689099974,0.0
0,2,4,5.3,400.0,400.0,10.0,1,100.0,0.11188292503356934,-1,1,22.0,2,2,0,3.1,0,2.865396332514667,4.4586437240052605,0.0
0,20,0,5.3,400.0,400.0,10.0,-2,100.0,0.11162996292114258,-1,1,22.0,2,2,0,3.1,0,-2.8653963325146705,4.458643724005258,0.0
0,16,18,5.3,400.0,400.0,10.0,0,100.0,0.11222505569458008,-1,1,22.0,1,2,0,3.1,2,-5.246053641968943,-0.7542686428484117,0.0
0,18,20,5.3,400.0,400.0,10.0,1,100.0,0.11208891868591309,-1,1,22.0,2,2,0,3.1,0,-4.821049575378947,2.20169956891,0.0
0,7,9,5.3,400.0,400.0,10.0,0,100.0,0.11098599433898926,-1,1,22.0,1,2,0,3.1,0,4.8210495753789475,-2.2016995689099974,0.0
0,0,2,5.3,400.0,400.0,10.0,-2,100.0,0.1110239028930664,-1,1,22.0,2,2,0,3.1,0,0.0,5.3,0.0
0,14,16,5.3,400.0,400.0,10.0,0,100.0,0.11094307899475098,-1,1,22.0,2,1,0,3.1,-1,-4.005472744077568,-3.4707618899100114,0.0
0,15,17,5.3,400.0,400.0,10.0,-1,100.0,0.11168599128723145,-1,1,22.0,2,2,0,3.1,0,-4.821049575378945,-2.201699568910002,0.0
0,19,21,5.3,400.0,400.0,10.0,-1,100.0,0.1127169132232666,-1,1,22.0,1,2,0,3.1,-1,-4.005472744077568,3.470761889910012,0.0
0,7,9,5.3,400.0,400.0,10.0,0,100.0,0.11239099502563477,-1,1,22.0,2,2,0,3.1,-2,4.8210495753789475,-2.2016995689099974,0.0
0,14,16,5.3,400.0,400.0,10.0,0,100.0,0.11148500442504883,-1,1,22.0,1,2,0,3.1,0,-4.005472744077568,-3.4707618899100114,0.0
0,18,20,5.3,400.0,400.0,10.0,0,100.0,0.11158514022827148,-1,1,22.0,1,1,0,3.1,2,-4.821049575378947,2.20169956891,0.0
0,20,0,5.3,400.0,400.0,10.0,1,100.0,0.11236000061035156,-1,1,22.0,2,1,0,3.1,-2,-2.8653963325146705,4.458643724005258,0.0
0,9,11,5.3,400.0,400.0,10.0,1,100.0,0.11102509498596191,-1,1,22.0,2,1,0,3.1,1,2.8653963325146665,-4.4586437240052605,0.0
0,19,21,5.3,400.0,400.0,10.0,0,100.0,0.11268997192382812,-1,1,22.0,1,2,0,3.1,0,-4.005472744077568,3.470761889910012,0.0
0,16,18,5.3,400.0,400.0,10.0,1,100.0,0.11262083053588867,-1,1,22.0,1,2,0,3.1,0,-5.246053641968943,-0.7542686428484117,0.0
0,18,20,5.3,400.0,400.0,10.0,0,100.0,0.11157488822937012,-1,1,22.0,2,2,0,3.1,1,-4.821049575378947,2.20169956891,0.0
0,21,1,5.3,400.0,400.0,10.0,-1,100.0,0.11276388168334961,-1,1,22.0,2,2,0,3.1,2,-1.4931825512595778,5.085312760156836,0.0
0,5,7,5.3,400.0,400.0,10.0,-1,100.0,0.11194801330566406,-1,1,22.0,2,1,0,3.1,-2,5.246053641968943,0.7542686428484122,0.0
0,8,10,5.3,400.0,400.0,10.0,1,100.0,0.11099386215209961,-1,1,22.0,1,2,0,3.1,2,4.005472744077569,-3.47076188991001,0.0
0,1,3,5.3,400.0,400.0,10.0,0,100.0,0.11268401145935059,-1,1,22.0,1,2,0,3.1,0,1.493182551259577,5.085312760156836,0.0
