offset2,cue-loc-int,refi,radius,ntrials,ms-st-cue,npractice,resp-h-pos,ms-stimon,actualStimOn,version,bars-or-spot,nitems,resp-h-hv,resp-v-hv,offset,cue-length,resp-v-pos,cue-loc-x,cue-loc-y,ms-precue
0,1,3,5.3,400.0,400.0,10.0,-2,100.0,0.11251401901245117,0,2,22.0,1,1,0,3.1,1,1.493182551259577,5.085312760156836,0.0
0,10,12,5.3,400.0,400.0,10.0,0,100.0,0.11256694793701172,0,2,22.0,1,2,0,3.1,0,1.4931825512595793,-5.085312760156835,0.0
0,16,18,5.3,400.0,400.0,10.0,0,100.0,0.11226987838745117,0,2,22.0,1,2,0,3.1,0,-5.246053641968943,-0.7542686428484117,0.0
0,5,7,5.3,400.0,400.0,10.0,0,100.0,0.11218905448913574,0,2,22.0,1,2,0,3.1,1,5.246053641968943,0.7542686428484122,0.0
0,18,20,5.3,400.0,400.0,10.0,0,100.0,0.11260700225830078,0,2,22.0,1,1,0,3.1,1,-4.821049575378947,2.20169956891,0.0
0,16,18,5.3,400.0,400.0,10.0,-1,100.0,0.11258506774902344,0,2,22.0,1,2,0,3.1,0,-5.246053641968943,-0.7542686428484117,0.0
0,19,21,5.3,400.0,400.0,10.0,1,100.0,0.11236286163330078,0,2,22.0,1,1,0,3.1,0,-4.005472744077568,3.470761889910012,0.0
0,11,13,5.3,400.0,400.0,10.0,1,100.0,0.11258697509765625,0,2,22.0,1,1,0,3.1,-1,6.490628035480972e-16,-5.3,0.0
0,1,3,5.3,400.0,400.0,10.0,2,100.0,0.11266708374023438,0,2,22.0,2,2,0,3.1,0,1.493182551259577,5.085312760156836,0.0
0,10,12,5.3,400.0,400.0,10.0,-1,100.0,0.11217904090881348,0,2,22.0,1,2,0,3.1,-1,1.4931825512595793,-5.085312760156835,0.0
0,12,14,5.3,400.0,400.0,10.0,1,100.0,0.11257314682006836,0,2,22.0,1,2,0,3.1,1,-1.4931825512595758,-5.085312760156836,0.0
0,15,17,5.3,400.0,400.0,10.0,-1,100.0,0.11263298988342285,0,2,22.0,2,2,0,3.1,0,-4.821049575378945,-2.201699568910002,0.0
0,9,11,5.3,400.0,400.0,10.0,2,100.0,0.11221098899841309,0,2,22.0,1,1,0,3.1,1,2.8653963325146665,-4.4586437240052605,0.0
0,8,10,5.3,400.0,400.0,10.0,0,100.0,0.11082315444946289,0,2,22.0,1,1,0,3.1,-2,4.005472744077569,-3.47076188991001,0.0
0,11,13,5.3,400.0,400.0,10.0,0,100.0,0.1108241081237793,0,2,22.0,1,1,0,3.1,-1,6.490628035480972e-16,-5.3,0.0
0,4,6,5.3,400.0,400.0,10.0,1,100.0,0.11207008361816406,0,2,22.0,1,2,0,3.1,1,4.821049575378947,2.201699568909998,0.0
0,12,14,5.3,400.0,400.0,10.0,1,100.0,0.11240196228027344,0,2,22.0,1,1,0,3.1,0,-1.4931825512595758,-5.085312760156836,0.0
0,3,5,5.3,400.0,400.0,10.0,1,100.0,0.11230802536010742,0,2,22.0,2,2,0,3.1,0,4.005472744077569,3.470761889910011,0.0
0,12,14,5.3,400.0,400.0,10.0,0,100.0,0.11218905448913574,0,2,22.0,1,2,0,3.1,0,-1.4931825512595758,-5.085312760156836,0.0
0,5,7,5.3,400.0,400.0,10.0,0,100.0,0.1126699447631836,0,2,22.0,1,2,0,3.1,0,5.246053641968943,0.7542686428484122,0.0
0,20,0,5.3,400.0,400.0,10.0,-1,100.0,0.11261796951293945,0,2,22.0,1,2,0,3.1,-2,-2.8653963325146705,4.458643724005258,0.0
0,4,6,5.3,400.0,400.0,10.0,0,100.0,0.11228799819946289,0,2,22.0,1,1,0,3.1,1,4.821049575378947,2.201699568909998,0.0
0,8,10,5.3,400.0,400.0,10.0,0,100.0,0.11230993270874023,0,2,22.0,1,2,0,3.1,-2,4.005472744077569,-3.47076188991001,0.0
0,9,11,5.3,400.0,400.0,10.0,0,100.0,0.11261796951293945,0,2,22.0,1,2,0,3.1,0,2.8653963325146665,-4.4586437240052605,0.0
0,9,11,5.3,400.0,400.0,10.0,0,100.0,0.11261296272277832,0,2,22.0,1,1,0,3.1,1,2.8653963325146665,-4.4586437240052605,0.0
0,8,10,5.3,400.0,400.0,10.0,0,100.0,0.11227703094482422,0,2,22.0,1,2,0,3.1,1,4.005472744077569,-3.47076188991001,0.0
0,11,13,5.3,400.0,400.0,10.0,0,100.0,0.11217284202575684,0,2,22.0,1,2,0,3.1,0,6.490628035480972e-16,-5.3,0.0
0,5,7,5.3,400.0,400.0,10.0,0,100.0,0.11217594146728516,0,2,22.0,1,2,0,3.1,0,5.246053641968943,0.7542686428484122,0.0
0,10,12,5.3,400.0,400.0,10.0,0,100.0,0.11217403411865234,0,2,22.0,2,2,0,3.1,1,1.4931825512595793,-5.085312760156835,0.0
0,15,17,5.3,400.0,400.0,10.0,-1,100.0,0.11225318908691406,0,2,22.0,1,2,0,3.1,0,-4.821049575378945,-2.201699568910002,0.0
0,2,4,5.3,400.0,400.0,10.0,2,100.0,0.1122429370880127,0,2,22.0,1,2,0,3.1,2,2.865396332514667,4.4586437240052605,0.0
0,3,5,5.3,400.0,400.0,10.0,0,100.0,0.11198806762695312,0,2,22.0,2,1,0,3.1,0,4.005472744077569,3.470761889910011,0.0
0,12,14,5.3,400.0,400.0,10.0,1,100.0,0.11284780502319336,0,2,22.0,1,2,0,3.1,2,-1.4931825512595758,-5.085312760156836,0.0
0,13,15,5.3,400.0,400.0,10.0,1,100.0,0.1121830940246582,0,2,22.0,2,1,0,3.1,-1,-2.865396332514667,-4.4586437240052605,0.0
0,7,9,5.3,400.0,400.0,10.0,0,100.0,0.11275005340576172,0,2,22.0,1,2,0,3.1,0,4.8210495753789475,-2.2016995689099974,0.0
0,4,6,5.3,400.0,400.0,10.0,0,100.0,0.11263895034790039,0,2,22.0,1,2,0,3.1,0,4.821049575378947,2.201699568909998,0.0
0,4,6,5.3,400.0,400.0,10.0,0,100.0,0.11264395713806152,0,2,22.0,1,2,0,3.1,0,4.821049575378947,2.201699568909998,0.0
0,1,3,5.3,400.0,400.0,10.0,0,100.0,0.1121208667755127,0,2,22.0,1,2,0,3.1,2,1.493182551259577,5.085312760156836,0.0
0,6,8,5.3,400.0,400.0,10.0,0,100.0,0.11216020584106445,0,2,22.0,1,1,0,3.1,-2,5.246053641968944,-0.7542686428484106,0.0
0,21,1,5.3,400.0,400.0,10.0,1,100.0,0.11231493949890137,0,2,22.0,1,2,0,3.1,-2,-1.4931825512595778,5.085312760156836,0.0
0,2,4,5.3,400.0,400.0,10.0,-2,100.0,0.11264514923095703,0,2,22.0,1,2,0,3.1,0,2.865396332514667,4.4586437240052605,0.0
0,3,5,5.3,400.0,400.0,10.0,0,100.0,0.1121060848236084,0,2,22.0,2,2,0,3.1,-2,4.005472744077569,3.470761889910011,0.0
0,2,4,5.3,400.0,400.0,10.0,-2,100.0,0.1126408576965332,0,2,22.0,1,2,0,3.1,2,2.865396332514667,4.4586437240052605,0.0
0,1,3,5.3,400.0,400.0,10.0,0,100.0,0.11230301856994629,0,2,22.0,1,2,0,3.1,0,1.493182551259577,5.085312760156836,0.0
0,17,19,5.3,400.0,400.0,10.0,0,100.0,0.11214303970336914,0,2,22.0,2,1,0,3.1,1,-5.246053641968944,0.7542686428484098,0.0
0,20,0,5.3,400.0,400.0,10.0,-2,100.0,0.11207985877990723,0,2,22.0,2,1,0,3.1,-2,-2.8653963325146705,4.458643724005258,0.0
0,5,7,5.3,400.0,400.0,10.0,0,100.0,0.11223411560058594,0,2,22.0,1,2,0,3.1,1,5.246053641968943,0.7542686428484122,0.0
0,9,11,5.3,400.0,400.0,10.0,2,100.0,0.11208295822143555,0,2,22.0,1,2,0,3.1,0,2.8653963325146665,-4.4586437240052605,0.0
0,16,18,5.3,400.0,400.0,10.0,-1,100.0,0.1123819351196289,0,2,22.0,1,2,0,3.1,0,-5.246053641968943,-0.7542686428484117,0.0
0,8,10,5.3,400.0,400.0,10.0,-1,100.0,0.11216187477111816,0,2,22.0,1,2,0,3.1,0,4.005472744077569,-3.47076188991001,0.0
0,20,0,5.3,400.0,400.0,10.0,-1,100.0,0.1121978759765625,0,2,22.0,1,2,0,3.1,1,-2.8653963325146705,4.458643724005258,0.0
0,21,1,5.3,400.0,400.0,10.0,-1,100.0,0.1115269660949707,0,2,22.0,1,2,0,3.1,2,-1.4931825512595778,5.085312760156836,0.0
0,18,20,5.3,400.0,400.0,10.0,-2,100.0,0.11268210411071777,0,2,22.0,2,2,0,3.1,0,-4.821049575378947,2.20169956891,0.0
0,15,17,5.3,400.0,400.0,10.0,0,100.0,0.11219191551208496,0,2,22.0,1,2,0,3.1,0,-4.821049575378945,-2.201699568910002,0.0
0,4,6,5.3,400.0,400.0,10.0,1,100.0,0.11084389686584473,0,2,22.0,1,2,0,3.1,2,4.821049575378947,2.201699568909998,0.0
0,17,19,5.3,400.0,400.0,10.0,-1,100.0,0.11263298988342285,0,2,22.0,1,2,0,3.1,-1,-5.246053641968944,0.7542686428484098,0.0
0,15,17,5.3,400.0,400.0,10.0,0,100.0,0.11223196983337402,0,2,22.0,1,2,0,3.1,0,-4.821049575378945,-2.201699568910002,0.0
0,19,21,5.3,400.0,400.0,10.0,0,100.0,0.11203289031982422,0,2,22.0,1,1,0,3.1,-1,-4.005472744077568,3.470761889910012,0.0
0,4,6,5.3,400.0,400.0,10.0,0,100.0,0.11223101615905762,0,2,22.0,1,1,0,3.1,-2,4.821049575378947,2.201699568909998,0.0
0,13,15,5.3,400.0,400.0,10.0,0,100.0,0.1126251220703125,0,2,22.0,2,2,0,3.1,-2,-2.865396332514667,-4.4586437240052605,0.0
0,16,18,5.3,400.0,400.0,10.0,-1,100.0,0.11205101013183594,0,2,22.0,1,2,0,3.1,0,-5.246053641968943,-0.7542686428484117,0.0
0,5,7,5.3,400.0,400.0,10.0,0,100.0,0.11270809173583984,0,2,22.0,1,2,0,3.1,0,5.246053641968943,0.7542686428484122,0.0
0,10,12,5.3,400.0,400.0,10.0,0,100.0,0.11265182495117188,0,2,22.0,1,2,0,3.1,-2,1.4931825512595793,-5.085312760156835,0.0
0,20,0,5.3,400.0,400.0,10.0,0,100.0,0.11268305778503418,0,2,22.0,2,2,0,3.1,-1,-2.8653963325146705,4.458643724005258,0.0
0,11,13,5.3,400.0,400.0,10.0,0,100.0,0.11217212677001953,0,2,22.0,1,1,0,3.1,-2,6.490628035480972e-16,-5.3,0.0
0,19,21,5.3,400.0,400.0,10.0,0,100.0,0.11266589164733887,0,2,22.0,1,1,0,3.1,-1,-4.005472744077568,3.470761889910012,0.0
0,5,7,5.3,400.0,400.0,10.0,0,100.0,0.11265802383422852,0,2,22.0,1,2,0,3.1,0,5.246053641968943,0.7542686428484122,0.0
0,4,6,5.3,400.0,400.0,10.0,0,100.0,0.11286783218383789,0,2,22.0,1,2,0,3.1,0,4.821049575378947,2.201699568909998,0.0
0,5,7,5.3,400.0,400.0,10.0,0,100.0,0.11267518997192383,0,2,22.0,1,2,0,3.1,0,5.246053641968943,0.7542686428484122,0.0
0,20,0,5.3,400.0,400.0,10.0,-1,100.0,0.11228203773498535,0,2,22.0,1,2,0,3.1,0,-2.8653963325146705,4.458643724005258,0.0
0,13,15,5.3,400.0,400.0,10.0,-1,100.0,0.11265683174133301,0,2,22.0,2,2,0,3.1,0,-2.865396332514667,-4.4586437240052605,0.0
0,21,1,5.3,400.0,400.0,10.0,0,100.0,0.11266779899597168,0,2,22.0,1,2,0,3.1,1,-1.4931825512595778,5.085312760156836,0.0
0,20,0,5.3,400.0,400.0,10.0,-2,100.0,0.11266684532165527,0,2,22.0,1,2,0,3.1,2,-2.8653963325146705,4.458643724005258,0.0
0,18,20,5.3,400.0,400.0,10.0,1,100.0,0.11209607124328613,0,2,22.0,1,2,0,3.1,0,-4.821049575378947,2.20169956891,0.0
0,0,2,5.3,400.0,400.0,10.0,0,100.0,0.11271810531616211,0,2,22.0,2,2,0,3.1,1,0.0,5.3,0.0
0,21,1,5.3,400.0,400.0,10.0,2,100.0,0.11266303062438965,0,2,22.0,1,1,0,3.1,0,-1.4931825512595778,5.085312760156836,0.0
0,18,20,5.3,400.0,400.0,10.0,0,100.0,0.11219406127929688,0,2,22.0,1,2,0,3.1,0,-4.821049575378947,2.20169956891,0.0
0,6,8,5.3,400.0,400.0,10.0,0,100.0,0.11230087280273438,0,2,22.0,1,2,0,3.1,0,5.246053641968944,-0.7542686428484106,0.0
0,3,5,5.3,400.0,400.0,10.0,0,100.0,0.11265110969543457,0,2,22.0,1,2,0,3.1,0,4.005472744077569,3.470761889910011,0.0
0,4,6,5.3,400.0,400.0,10.0,0,100.0,0.11228799819946289,0,2,22.0,1,2,0,3.1,0,4.821049575378947,2.201699568909998,0.0
0,21,1,5.3,400.0,400.0,10.0,2,100.0,0.11220502853393555,0,2,22.0,2,2,0,3.1,-1,-1.4931825512595778,5.085312760156836,0.0
0,2,4,5.3,400.0,400.0,10.0,0,100.0,0.11755514144897461,0,2,22.0,1,2,0,3.1,0,2.865396332514667,4.4586437240052605,0.0
0,10,12,5.3,400.0,400.0,10.0,-1,100.0,0.11195015907287598,0,2,22.0,1,1,0,3.1,0,1.4931825512595793,-5.085312760156835,0.0
0,11,13,5.3,400.0,400.0,10.0,1,100.0,0.11167788505554199,0,2,22.0,2,1,0,3.1,0,6.490628035480972e-16,-5.3,0.0
0,5,7,5.3,400.0,400.0,10.0,0,100.0,0.11216115951538086,0,2,22.0,1,2,0,3.1,0,5.246053641968943,0.7542686428484122,0.0
0,1,3,5.3,400.0,400.0,10.0,0,100.0,0.11340212821960449,0,2,22.0,1,1,0,3.1,1,1.493182551259577,5.085312760156836,0.0
0,2,4,5.3,400.0,400.0,10.0,0,100.0,0.11265897750854492,0,2,22.0,1,2,0,3.1,0,2.865396332514667,4.4586437240052605,0.0
0,8,10,5.3,400.0,400.0,10.0,0,100.0,0.11217403411865234,0,2,22.0,1,2,0,3.1,0,4.005472744077569,-3.47076188991001,0.0
0,11,13,5.3,400.0,400.0,10.0,0,100.0,0.11268305778503418,0,2,22.0,1,1,0,3.1,1,6.490628035480972e-16,-5.3,0.0
0,21,1,5.3,400.0,400.0,10.0,-2,100.0,0.11269998550415039,0,2,22.0,1,1,0,3.1,1,-1.4931825512595778,5.085312760156836,0.0
0,20,0,5.3,400.0,400.0,10.0,-1,100.0,0.11273789405822754,0,2,22.0,1,2,0,3.1,0,-2.8653963325146705,4.458643724005258,0.0
0,13,15,5.3,400.0,400.0,10.0,-1,100.0,0.11268186569213867,0,2,22.0,1,1,0,3.1,0,-2.865396332514667,-4.4586437240052605,0.0
0,20,0,5.3,400.0,400.0,10.0,0,100.0,0.11227107048034668,0,2,22.0,1,2,0,3.1,0,-2.8653963325146705,4.458643724005258,0.0
0,3,5,5.3,400.0,400.0,10.0,-1,100.0,0.11272192001342773,0,2,22.0,1,1,0,3.1,0,4.005472744077569,3.470761889910011,0.0
0,10,12,5.3,400.0,400.0,10.0,0,100.0,0.11269688606262207,0,2,22.0,1,2,0,3.1,-2,1.4931825512595793,-5.085312760156835,0.0
0,18,20,5.3,400.0,400.0,10.0,-2,100.0,0.1123049259185791,0,2,22.0,2,2,0,3.1,1,-4.821049575378947,2.20169956891,0.0
0,4,6,5.3,400.0,400.0,10.0,0,100.0,0.11267518997192383,0,2,22.0,1,2,0,3.1,0,4.821049575378947,2.201699568909998,0.0
0,12,14,5.3,400.0,400.0,10.0,1,100.0,0.11278486251831055,0,2,22.0,2,2,0,3.1,-1,-1.4931825512595758,-5.085312760156836,0.0
0,11,13,5.3,400.0,400.0,10.0,-2,100.0,0.11198592185974121,0,2,22.0,1,2,0,3.1,0,6.490628035480972e-16,-5.3,0.0
0,3,5,5.3,400.0,400.0,10.0,0,100.0,0.11324501037597656,0,2,22.0,1,2,0,3.1,0,4.005472744077569,3.470761889910011,0.0
0,5,7,5.3,400.0,400.0,10.0,0,100.0,0.11243295669555664,0,2,22.0,1,2,0,3.1,0,5.246053641968943,0.7542686428484122,0.0
0,8,10,5.3,400.0,400.0,10.0,0,100.0,0.1127011775970459,0,2,22.0,1,1,0,3.1,-1,4.005472744077569,-3.47076188991001,0.0
0,4,6,5.3,400.0,400.0,10.0,0,100.0,0.11212992668151855,0,2,22.0,1,2,0,3.1,0,4.821049575378947,2.201699568909998,0.0
0,7,9,5.3,400.0,400.0,10.0,-1,100.0,0.11269879341125488,0,2,22.0,1,2,0,3.1,-1,4.8210495753789475,-2.2016995689099974,0.0
0,12,14,5.3,400.0,400.0,10.0,-2,100.0,0.11271381378173828,0,2,22.0,1,2,0,3.1,0,-1.4931825512595758,-5.085312760156836,0.0
0,7,9,5.3,400.0,400.0,10.0,-1,100.0,0.11202001571655273,0,2,22.0,1,2,0,3.1,0,4.8210495753789475,-2.2016995689099974,0.0
0,14,16,5.3,400.0,400.0,10.0,0,100.0,0.11197686195373535,0,2,22.0,2,2,0,3.1,-1,-4.005472744077568,-3.4707618899100114,0.0
0,17,19,5.3,400.0,400.0,10.0,0,100.0,0.1122128963470459,0,2,22.0,1,2,0,3.1,0,-5.246053641968944,0.7542686428484098,0.0
0,8,10,5.3,400.0,400.0,10.0,0,100.0,0.11083602905273438,0,2,22.0,1,1,0,3.1,-1,4.005472744077569,-3.47076188991001,0.0
0,17,19,5.3,400.0,400.0,10.0,0,100.0,0.11301493644714355,0,2,22.0,1,1,0,3.1,2,-5.246053641968944,0.7542686428484098,0.0
0,14,16,5.3,400.0,400.0,10.0,1,100.0,0.11228585243225098,0,2,22.0,1,2,0,3.1,1,-4.005472744077568,-3.4707618899100114,0.0
0,2,4,5.3,400.0,400.0,10.0,-1,100.0,0.11271381378173828,0,2,22.0,1,2,0,3.1,2,2.865396332514667,4.4586437240052605,0.0
0,12,14,5.3,400.0,400.0,10.0,1,100.0,0.11231303215026855,0,2,22.0,1,1,0,3.1,0,-1.4931825512595758,-5.085312760156836,0.0
0,10,12,5.3,400.0,400.0,10.0,0,100.0,0.11216902732849121,0,2,22.0,1,2,0,3.1,0,1.4931825512595793,-5.085312760156835,0.0
0,14,16,5.3,400.0,400.0,10.0,0,100.0,0.11269903182983398,0,2,22.0,1,2,0,3.1,0,-4.005472744077568,-3.4707618899100114,0.0
0,3,5,5.3,400.0,400.0,10.0,1,100.0,0.1123049259185791,0,2,22.0,1,2,0,3.1,1,4.005472744077569,3.470761889910011,0.0
0,14,16,5.3,400.0,400.0,10.0,-1,100.0,0.11219501495361328,0,2,22.0,1,2,0,3.1,0,-4.005472744077568,-3.4707618899100114,0.0
0,2,4,5.3,400.0,400.0,10.0,0,100.0,0.11230897903442383,0,2,22.0,1,2,0,3.1,0,2.865396332514667,4.4586437240052605,0.0
0,18,20,5.3,400.0,400.0,10.0,-1,100.0,0.11770105361938477,0,2,22.0,2,2,0,3.1,0,-4.821049575378947,2.20169956891,0.0
0,8,10,5.3,400.0,400.0,10.0,-1,100.0,0.11281800270080566,0,2,22.0,2,2,0,3.1,0,4.005472744077569,-3.47076188991001,0.0
0,16,18,5.3,400.0,400.0,10.0,0,100.0,0.11477494239807129,0,2,22.0,1,2,0,3.1,-1,-5.246053641968943,-0.7542686428484117,0.0
0,20,0,5.3,400.0,400.0,10.0,-1,100.0,0.11276412010192871,0,2,22.0,2,2,0,3.1,1,-2.8653963325146705,4.458643724005258,0.0
0,9,11,5.3,400.0,400.0,10.0,0,100.0,0.11232614517211914,0,2,22.0,1,1,0,3.1,2,2.8653963325146665,-4.4586437240052605,0.0
0,16,18,5.3,400.0,400.0,10.0,0,100.0,0.11270499229431152,0,2,22.0,1,1,0,3.1,-1,-5.246053641968943,-0.7542686428484117,0.0
0,21,1,5.3,400.0,400.0,10.0,-2,100.0,0.11276698112487793,0,2,22.0,1,2,0,3.1,-1,-1.4931825512595778,5.085312760156836,0.0
0,13,15,5.3,400.0,400.0,10.0,-1,100.0,0.11223697662353516,0,2,22.0,1,1,0,3.1,0,-2.865396332514667,-4.4586437240052605,0.0
0,4,6,5.3,400.0,400.0,10.0,-2,100.0,0.11276698112487793,0,2,22.0,2,2,0,3.1,-1,4.821049575378947,2.201699568909998,0.0
0,1,3,5.3,400.0,400.0,10.0,0,100.0,0.11287379264831543,0,2,22.0,1,1,0,3.1,1,1.493182551259577,5.085312760156836,0.0
0,5,7,5.3,400.0,400.0,10.0,-1,100.0,0.11137795448303223,0,2,22.0,1,2,0,3.1,0,5.246053641968943,0.7542686428484122,0.0
0,4,6,5.3,400.0,400.0,10.0,0,100.0,0.11293792724609375,0,2,22.0,1,2,0,3.1,0,4.821049575378947,2.201699568909998,0.0
0,17,19,5.3,400.0,400.0,10.0,2,100.0,0.11224603652954102,0,2,22.0,1,2,0,3.1,0,-5.246053641968944,0.7542686428484098,0.0
0,0,2,5.3,400.0,400.0,10.0,0,100.0,0.11276602745056152,0,2,22.0,1,1,0,3.1,-2,0.0,5.3,0.0
0,11,13,5.3,400.0,400.0,10.0,0,100.0,0.11275005340576172,0,2,22.0,1,2,0,3.1,-1,6.490628035480972e-16,-5.3,0.0
0,16,18,5.3,400.0,400.0,10.0,0,100.0,0.1124269962310791,0,2,22.0,1,2,0,3.1,0,-5.246053641968943,-0.7542686428484117,0.0
0,5,7,5.3,400.0,400.0,10.0,0,100.0,0.11085319519042969,0,2,22.0,2,1,0,3.1,0,5.246053641968943,0.7542686428484122,0.0
0,14,16,5.3,400.0,400.0,10.0,0,100.0,0.11246109008789062,0,2,22.0,1,2,0,3.1,0,-4.005472744077568,-3.4707618899100114,0.0
0,14,16,5.3,400.0,400.0,10.0,1,100.0,0.11205601692199707,0,2,22.0,1,1,0,3.1,2,-4.005472744077568,-3.4707618899100114,0.0
0,15,17,5.3,400.0,400.0,10.0,0,100.0,0.1121070384979248,0,2,22.0,1,2,0,3.1,2,-4.821049575378945,-2.201699568910002,0.0
0,8,10,5.3,400.0,400.0,10.0,1,100.0,0.11222696304321289,0,2,22.0,1,2,0,3.1,-1,4.005472744077569,-3.47076188991001,0.0
0,19,21,5.3,400.0,400.0,10.0,-1,100.0,0.11278200149536133,0,2,22.0,2,2,0,3.1,0,-4.005472744077568,3.470761889910012,0.0
0,20,0,5.3,400.0,400.0,10.0,1,100.0,0.1128230094909668,0,2,22.0,1,1,0,3.1,-2,-2.8653963325146705,4.458643724005258,0.0
0,5,7,5.3,400.0,400.0,10.0,0,100.0,0.11223602294921875,0,2,22.0,1,1,0,3.1,2,5.246053641968943,0.7542686428484122,0.0
0,12,14,5.3,400.0,400.0,10.0,0,100.0,0.1122279167175293,0,2,22.0,1,2,0,3.1,0,-1.4931825512595758,-5.085312760156836,0.0
0,1,3,5.3,400.0,400.0,10.0,0,100.0,0.11245584487915039,0,2,22.0,1,2,0,3.1,0,1.493182551259577,5.085312760156836,0.0
0,9,11,5.3,400.0,400.0,10.0,0,100.0,0.11226105690002441,0,2,22.0,2,1,0,3.1,1,2.8653963325146665,-4.4586437240052605,0.0
0,8,10,5.3,400.0,400.0,10.0,-1,100.0,0.11282610893249512,0,2,22.0,2,1,0,3.1,0,4.005472744077569,-3.47076188991001,0.0
0,3,5,5.3,400.0,400.0,10.0,0,100.0,0.11247515678405762,0,2,22.0,1,2,0,3.1,0,4.005472744077569,3.470761889910011,0.0
0,20,0,5.3,400.0,400.0,10.0,-1,100.0,0.1159670352935791,0,2,22.0,1,2,0,3.1,-1,-2.8653963325146705,4.458643724005258,0.0
0,8,10,5.3,400.0,400.0,10.0,0,100.0,0.11710715293884277,0,2,22.0,1,2,0,3.1,0,4.005472744077569,-3.47076188991001,0.0
0,6,8,5.3,400.0,400.0,10.0,0,100.0,0.11258101463317871,0,2,22.0,1,2,0,3.1,2,5.246053641968944,-0.7542686428484106,0.0
0,1,3,5.3,400.0,400.0,10.0,0,100.0,0.11208105087280273,0,2,22.0,1,2,0,3.1,0,1.493182551259577,5.085312760156836,0.0
0,15,17,5.3,400.0,400.0,10.0,-2,100.0,0.11262893676757812,0,2,22.0,1,2,0,3.1,0,-4.821049575378945,-2.201699568910002,0.0
0,11,13,5.3,400.0,400.0,10.0,0,100.0,0.11227798461914062,0,2,22.0,1,1,0,3.1,1,6.490628035480972e-16,-5.3,0.0
0,13,15,5.3,400.0,400.0,10.0,-1,100.0,0.11261701583862305,0,2,22.0,1,2,0,3.1,-1,-2.865396332514667,-4.4586437240052605,0.0
0,9,11,5.3,400.0,400.0,10.0,-1,100.0,0.11257004737854004,0,2,22.0,2,1,0,3.1,1,2.8653963325146665,-4.4586437240052605,0.0
0,18,20,5.3,400.0,400.0,10.0,2,100.0,0.11259698867797852,0,2,22.0,2,1,0,3.1,0,-4.821049575378947,2.20169956891,0.0
0,20,0,5.3,400.0,400.0,10.0,1,100.0,0.11288213729858398,0,2,22.0,2,1,0,3.1,1,-2.8653963325146705,4.458643724005258,0.0
0,16,18,5.3,400.0,400.0,10.0,-1,100.0,0.11281704902648926,0,2,22.0,2,2,0,3.1,0,-5.246053641968943,-0.7542686428484117,0.0
0,18,20,5.3,400.0,400.0,10.0,2,100.0,0.11192989349365234,0,2,22.0,1,2,0,3.1,0,-4.821049575378947,2.20169956891,0.0
0,7,9,5.3,400.0,400.0,10.0,-1,100.0,0.1127159595489502,0,2,22.0,2,2,0,3.1,0,4.8210495753789475,-2.2016995689099974,0.0
0,17,19,5.3,400.0,400.0,10.0,0,100.0,0.11215710639953613,0,2,22.0,1,2,0,3.1,1,-5.246053641968944,0.7542686428484098,0.0
0,21,1,5.3,400.0,400.0,10.0,-1,100.0,0.11261606216430664,0,2,22.0,2,2,0,3.1,0,-1.4931825512595778,5.085312760156836,0.0
0,13,15,5.3,400.0,400.0,10.0,-1,100.0,0.1121220588684082,0,2,22.0,1,1,0,3.1,1,-2.865396332514667,-4.4586437240052605,0.0
0,14,16,5.3,400.0,400.0,10.0,0,100.0,0.11248517036437988,0,2,22.0,1,2,0,3.1,0,-4.005472744077568,-3.4707618899100114,0.0
0,8,10,5.3,400.0,400.0,10.0,-2,100.0,0.11205005645751953,0,2,22.0,2,1,0,3.1,-1,4.005472744077569,-3.47076188991001,0.0
0,21,1,5.3,400.0,400.0,10.0,0,100.0,0.11263108253479004,0,2,22.0,1,2,0,3.1,0,-1.4931825512595778,5.085312760156836,0.0
0,6,8,5.3,400.0,400.0,10.0,0,100.0,0.1122281551361084,0,2,22.0,1,2,0,3.1,0,5.246053641968944,-0.7542686428484106,0.0
0,16,18,5.3,400.0,400.0,10.0,0,100.0,0.11242294311523438,0,2,22.0,2,1,0,3.1,0,-5.246053641968943,-0.7542686428484117,0.0
0,5,7,5.3,400.0,400.0,10.0,0,100.0,0.11264300346374512,0,2,22.0,1,2,0,3.1,0,5.246053641968943,0.7542686428484122,0.0
0,21,1,5.3,400.0,400.0,10.0,0,100.0,0.112152099609375,0,2,22.0,1,2,0,3.1,0,-1.4931825512595778,5.085312760156836,0.0
0,10,12,5.3,400.0,400.0,10.0,1,100.0,0.11214518547058105,0,2,22.0,2,2,0,3.1,0,1.4931825512595793,-5.085312760156835,0.0
0,20,0,5.3,400.0,400.0,10.0,-2,100.0,0.11261105537414551,0,2,22.0,1,2,0,3.1,1,-2.8653963325146705,4.458643724005258,0.0
0,19,21,5.3,400.0,400.0,10.0,-1,100.0,0.11265993118286133,0,2,22.0,1,1,0,3.1,1,-4.005472744077568,3.470761889910012,0.0
0,3,5,5.3,400.0,400.0,10.0,1,100.0,0.11265802383422852,0,2,22.0,2,2,0,3.1,0,4.005472744077569,3.470761889910011,0.0
0,12,14,5.3,400.0,400.0,10.0,1,100.0,0.1126558780670166,0,2,22.0,1,2,0,3.1,2,-1.4931825512595758,-5.085312760156836,0.0
0,8,10,5.3,400.0,400.0,10.0,-2,100.0,0.11209392547607422,0,2,22.0,1,2,0,3.1,-1,4.005472744077569,-3.47076188991001,0.0
0,1,3,5.3,400.0,400.0,10.0,0,100.0,0.11195778846740723,0,2,22.0,1,2,0,3.1,0,1.493182551259577,5.085312760156836,0.0
0,17,19,5.3,400.0,400.0,10.0,0,100.0,0.11083006858825684,0,2,22.0,1,2,0,3.1,1,-5.246053641968944,0.7542686428484098,0.0
0,6,8,5.3,400.0,400.0,10.0,0,100.0,0.11267399787902832,0,2,22.0,1,2,0,3.1,0,5.246053641968944,-0.7542686428484106,0.0
0,17,19,5.3,400.0,400.0,10.0,0,100.0,0.11304783821105957,0,2,22.0,1,2,0,3.1,0,-5.246053641968944,0.7542686428484098,0.0
0,20,0,5.3,400.0,400.0,10.0,0,100.0,0.11339187622070312,0,2,22.0,1,2,0,3.1,1,-2.8653963325146705,4.458643724005258,0.0
0,1,3,5.3,400.0,400.0,10.0,0,100.0,0.11209702491760254,0,2,22.0,1,2,0,3.1,0,1.493182551259577,5.085312760156836,0.0
0,15,17,5.3,400.0,400.0,10.0,0,100.0,0.11267805099487305,0,2,22.0,1,2,0,3.1,0,-4.821049575378945,-2.201699568910002,0.0
0,18,20,5.3,400.0,400.0,10.0,0,100.0,0.1121668815612793,0,2,22.0,1,1,0,3.1,-2,-4.821049575378947,2.20169956891,0.0
0,7,9,5.3,400.0,400.0,10.0,-1,100.0,0.112213134765625,0,2,22.0,2,2,0,3.1,0,4.8210495753789475,-2.2016995689099974,0.0
0,20,0,5.3,400.0,400.0,10.0,0,100.0,0.11080384254455566,0,2,22.0,1,2,0,3.1,-2,-2.8653963325146705,4.458643724005258,0.0
0,0,2,5.3,400.0,400.0,10.0,0,100.0,0.11208510398864746,0,2,22.0,1,2,0,3.1,0,0.0,5.3,0.0
0,8,10,5.3,400.0,400.0,10.0,0,100.0,0.11275100708007812,0,2,22.0,2,1,0,3.1,0,4.005472744077569,-3.47076188991001,0.0
0,3,5,5.3,400.0,400.0,10.0,0,100.0,0.1121070384979248,0,2,22.0,1,1,0,3.1,1,4.005472744077569,3.470761889910011,0.0
0,1,3,5.3,400.0,400.0,10.0,0,100.0,0.11214900016784668,0,2,22.0,1,2,0,3.1,0,1.493182551259577,5.085312760156836,0.0
0,11,13,5.3,400.0,400.0,10.0,1,100.0,0.11178803443908691,0,2,22.0,1,1,0,3.1,0,6.490628035480972e-16,-5.3,0.0
0,1,3,5.3,400.0,400.0,10.0,0,100.0,0.11208105087280273,0,2,22.0,1,1,0,3.1,1,1.493182551259577,5.085312760156836,0.0
0,8,10,5.3,400.0,400.0,10.0,0,100.0,0.11181497573852539,0,2,22.0,1,2,0,3.1,0,4.005472744077569,-3.47076188991001,0.0
0,16,18,5.3,400.0,400.0,10.0,-1,100.0,0.1120460033416748,0,2,22.0,1,2,0,3.1,2,-5.246053641968943,-0.7542686428484117,0.0
0,19,21,5.3,400.0,400.0,10.0,-1,100.0,0.11214303970336914,0,2,22.0,1,1,0,3.1,0,-4.005472744077568,3.470761889910012,0.0
0,7,9,5.3,400.0,400.0,10.0,0,100.0,0.11230182647705078,0,2,22.0,2,1,0,3.1,1,4.8210495753789475,-2.2016995689099974,0.0
0,1,3,5.3,400.0,400.0,10.0,1,100.0,0.11305809020996094,0,2,22.0,1,2,0,3.1,0,1.493182551259577,5.085312760156836,0.0
0,20,0,5.3,400.0,400.0,10.0,1,100.0,0.11271405220031738,0,2,22.0,2,1,0,3.1,0,-2.8653963325146705,4.458643724005258,0.0
0,19,21,5.3,400.0,400.0,10.0,-1,100.0,0.11266493797302246,0,2,22.0,1,2,0,3.1,1,-4.005472744077568,3.470761889910012,0.0
0,17,19,5.3,400.0,400.0,10.0,2,100.0,0.11232185363769531,0,2,22.0,2,2,0,3.1,0,-5.246053641968944,0.7542686428484098,0.0
0,10,12,5.3,400.0,400.0,10.0,-1,100.0,0.11266493797302246,0,2,22.0,1,1,0,3.1,-2,1.4931825512595793,-5.085312760156835,0.0
0,6,8,5.3,400.0,400.0,10.0,0,100.0,0.11216211318969727,0,2,22.0,2,1,0,3.1,0,5.246053641968944,-0.7542686428484106,0.0
0,14,16,5.3,400.0,400.0,10.0,0,100.0,0.11267495155334473,0,2,22.0,1,2,0,3.1,0,-4.005472744077568,-3.4707618899100114,0.0
0,13,15,5.3,400.0,400.0,10.0,0,100.0,0.11266183853149414,0,2,22.0,1,1,0,3.1,1,-2.865396332514667,-4.4586437240052605,0.0
0,14,16,5.3,400.0,400.0,10.0,0,100.0,0.11263799667358398,0,2,22.0,1,2,0,3.1,-1,-4.005472744077568,-3.4707618899100114,0.0
0,10,12,5.3,400.0,400.0,10.0,1,100.0,0.11265301704406738,0,2,22.0,1,2,0,3.1,-1,1.4931825512595793,-5.085312760156835,0.0
0,4,6,5.3,400.0,400.0,10.0,0,100.0,0.1121830940246582,0,2,22.0,1,2,0,3.1,-1,4.821049575378947,2.201699568909998,0.0
0,7,9,5.3,400.0,400.0,10.0,-1,100.0,0.11218500137329102,0,2,22.0,2,1,0,3.1,1,4.8210495753789475,-2.2016995689099974,0.0
0,19,21,5.3,400.0,400.0,10.0,0,100.0,0.11211395263671875,0,2,22.0,1,2,0,3.1,2,-4.005472744077568,3.470761889910012,0.0
0,14,16,5.3,400.0,400.0,10.0,1,100.0,0.11271214485168457,0,2,22.0,1,1,0,3.1,-1,-4.005472744077568,-3.4707618899100114,0.0
0,2,4,5.3,400.0,400.0,10.0,0,100.0,0.1122899055480957,0,2,22.0,1,1,0,3.1,1,2.865396332514667,4.4586437240052605,0.0
0,11,13,5.3,400.0,400.0,10.0,0,100.0,0.11273002624511719,0,2,22.0,1,2,0,3.1,-1,6.490628035480972e-16,-5.3,0.0
0,12,14,5.3,400.0,400.0,10.0,1,100.0,0.1121668815612793,0,2,22.0,2,1,0,3.1,1,-1.4931825512595758,-5.085312760156836,0.0
0,12,14,5.3,400.0,400.0,10.0,1,100.0,0.1126549243927002,0,2,22.0,1,2,0,3.1,0,-1.4931825512595758,-5.085312760156836,0.0
0,13,15,5.3,400.0,400.0,10.0,0,100.0,0.11214303970336914,0,2,22.0,1,2,0,3.1,2,-2.865396332514667,-4.4586437240052605,0.0
0,1,3,5.3,400.0,400.0,10.0,0,100.0,0.11231589317321777,0,2,22.0,1,2,0,3.1,1,1.493182551259577,5.085312760156836,0.0
0,17,19,5.3,400.0,400.0,10.0,0,100.0,0.1127309799194336,0,2,22.0,1,2,0,3.1,-1,-5.246053641968944,0.7542686428484098,0.0
0,4,6,5.3,400.0,400.0,10.0,0,100.0,0.11217498779296875,0,2,22.0,1,2,0,3.1,-2,4.821049575378947,2.201699568909998,0.0
0,4,6,5.3,400.0,400.0,10.0,0,100.0,0.11230611801147461,0,2,22.0,1,2,0,3.1,-2,4.821049575378947,2.201699568909998,0.0
0,2,4,5.3,400.0,400.0,10.0,-1,100.0,0.11216187477111816,0,2,22.0,1,2,0,3.1,-1,2.865396332514667,4.4586437240052605,0.0
0,17,19,5.3,400.0,400.0,10.0,-1,100.0,0.11181306838989258,0,2,22.0,1,1,0,3.1,0,-5.246053641968944,0.7542686428484098,0.0
0,19,21,5.3,400.0,400.0,10.0,-1,100.0,0.11206698417663574,0,2,22.0,1,2,0,3.1,0,-4.005472744077568,3.470761889910012,0.0
0,5,7,5.3,400.0,400.0,10.0,0,100.0,0.11109399795532227,0,2,22.0,1,1,0,3.1,2,5.246053641968943,0.7542686428484122,0.0
0,18,20,5.3,400.0,400.0,10.0,0,100.0,0.11214995384216309,0,2,22.0,1,2,0,3.1,0,-4.821049575378947,2.20169956891,0.0
0,1,3,5.3,400.0,400.0,10.0,0,100.0,0.11269092559814453,0,2,22.0,1,2,0,3.1,0,1.493182551259577,5.085312760156836,0.0
0,0,2,5.3,400.0,400.0,10.0,0,100.0,0.1120460033416748,0,2,22.0,1,2,0,3.1,0,0.0,5.3,0.0
0,21,1,5.3,400.0,400.0,10.0,0,100.0,0.11170601844787598,0,2,22.0,1,1,0,3.1,1,-1.4931825512595778,5.085312760156836,0.0
0,0,2,5.3,400.0,400.0,10.0,0,100.0,0.11203408241271973,0,2,22.0,1,2,0,3.1,0,0.0,5.3,0.0
0,8,10,5.3,400.0,400.0,10.0,-1,100.0,0.11266803741455078,0,2,22.0,1,1,0,3.1,2,4.005472744077569,-3.47076188991001,0.0
0,19,21,5.3,400.0,400.0,10.0,-1,100.0,0.11089897155761719,0,2,22.0,1,1,0,3.1,0,-4.005472744077568,3.470761889910012,0.0
0,12,14,5.3,400.0,400.0,10.0,0,100.0,0.11269187927246094,0,2,22.0,1,1,0,3.1,2,-1.4931825512595758,-5.085312760156836,0.0
0,13,15,5.3,400.0,400.0,10.0,0,100.0,0.11252593994140625,0,2,22.0,1,1,0,3.1,2,-2.865396332514667,-4.4586437240052605,0.0
0,3,5,5.3,400.0,400.0,10.0,2,100.0,0.11274409294128418,0,2,22.0,2,2,0,3.1,1,4.005472744077569,3.470761889910011,0.0
0,18,20,5.3,400.0,400.0,10.0,0,100.0,0.11232495307922363,0,2,22.0,2,1,0,3.1,0,-4.821049575378947,2.20169956891,0.0
0,16,18,5.3,400.0,400.0,10.0,0,100.0,0.11215519905090332,0,2,22.0,1,2,0,3.1,0,-5.246053641968943,-0.7542686428484117,0.0
0,2,4,5.3,400.0,400.0,10.0,2,100.0,0.11079788208007812,0,2,22.0,1,1,0,3.1,-2,2.865396332514667,4.4586437240052605,0.0
0,2,4,5.3,400.0,400.0,10.0,0,100.0,0.11210012435913086,0,2,22.0,1,2,0,3.1,0,2.865396332514667,4.4586437240052605,0.0
0,1,3,5.3,400.0,400.0,10.0,-1,100.0,0.1126861572265625,0,2,22.0,1,2,0,3.1,0,1.493182551259577,5.085312760156836,0.0
0,11,13,5.3,400.0,400.0,10.0,0,100.0,0.11214303970336914,0,2,22.0,1,2,0,3.1,0,6.490628035480972e-16,-5.3,0.0
0,18,20,5.3,400.0,400.0,10.0,0,100.0,0.11227011680603027,0,2,22.0,1,2,0,3.1,0,-4.821049575378947,2.20169956891,0.0
0,11,13,5.3,400.0,400.0,10.0,1,100.0,0.1126699447631836,0,2,22.0,1,2,0,3.1,1,6.490628035480972e-16,-5.3,0.0
0,14,16,5.3,400.0,400.0,10.0,0,100.0,0.11290311813354492,0,2,22.0,1,2,0,3.1,-1,-4.005472744077568,-3.4707618899100114,0.0
0,14,16,5.3,400.0,400.0,10.0,-1,100.0,0.11275792121887207,0,2,22.0,2,2,0,3.1,0,-4.005472744077568,-3.4707618899100114,0.0
0,6,8,5.3,400.0,400.0,10.0,0,100.0,0.1121518611907959,0,2,22.0,1,2,0,3.1,0,5.246053641968944,-0.7542686428484106,0.0
0,4,6,5.3,400.0,400.0,10.0,0,100.0,0.11275601387023926,0,2,22.0,1,2,0,3.1,0,4.821049575378947,2.201699568909998,0.0
0,12,14,5.3,400.0,400.0,10.0,1,100.0,0.11216092109680176,0,2,22.0,2,1,0,3.1,0,-1.4931825512595758,-5.085312760156836,0.0
0,9,11,5.3,400.0,400.0,10.0,1,100.0,0.11275577545166016,0,2,22.0,1,2,0,3.1,0,2.8653963325146665,-4.4586437240052605,0.0
0,11,13,5.3,400.0,400.0,10.0,0,100.0,0.11250591278076172,0,2,22.0,1,2,0,3.1,0,6.490628035480972e-16,-5.3,0.0
0,4,6,5.3,400.0,400.0,10.0,0,100.0,0.1127171516418457,0,2,22.0,1,2,0,3.1,-1,4.821049575378947,2.201699568909998,0.0
0,0,2,5.3,400.0,400.0,10.0,0,100.0,0.11227989196777344,0,2,22.0,1,2,0,3.1,0,0.0,5.3,0.0
0,2,4,5.3,400.0,400.0,10.0,1,100.0,0.11278891563415527,0,2,22.0,1,2,0,3.1,-1,2.865396332514667,4.4586437240052605,0.0
0,19,21,5.3,400.0,400.0,10.0,0,100.0,0.11219191551208496,0,2,22.0,2,2,0,3.1,-2,-4.005472744077568,3.470761889910012,0.0
0,9,11,5.3,400.0,400.0,10.0,-1,100.0,0.11345291137695312,0,2,22.0,1,1,0,3.1,0,2.8653963325146665,-4.4586437240052605,0.0
0,20,0,5.3,400.0,400.0,10.0,1,100.0,0.11142206192016602,0,2,22.0,1,2,0,3.1,-2,-2.8653963325146705,4.458643724005258,0.0
0,7,9,5.3,400.0,400.0,10.0,-1,100.0,0.11173200607299805,0,2,22.0,1,1,0,3.1,-2,4.8210495753789475,-2.2016995689099974,0.0
0,0,2,5.3,400.0,400.0,10.0,0,100.0,0.11095309257507324,0,2,22.0,1,2,0,3.1,-2,0.0,5.3,0.0
0,16,18,5.3,400.0,400.0,10.0,0,100.0,0.11099004745483398,0,2,22.0,1,2,0,3.1,0,-5.246053641968943,-0.7542686428484117,0.0
0,0,2,5.3,400.0,400.0,10.0,0,100.0,0.11272716522216797,0,2,22.0,1,2,0,3.1,1,0.0,5.3,0.0
0,15,17,5.3,400.0,400.0,10.0,0,100.0,0.11089205741882324,0,2,22.0,1,2,0,3.1,0,-4.821049575378945,-2.201699568910002,0.0
0,1,3,5.3,400.0,400.0,10.0,2,100.0,0.11268401145935059,0,2,22.0,1,2,0,3.1,1,1.493182551259577,5.085312760156836,0.0
0,4,6,5.3,400.0,400.0,10.0,0,100.0,0.11230301856994629,0,2,22.0,1,2,0,3.1,-2,4.821049575378947,2.201699568909998,0.0
0,0,2,5.3,400.0,400.0,10.0,0,100.0,0.11279797554016113,0,2,22.0,1,2,0,3.1,0,0.0,5.3,0.0
0,18,20,5.3,400.0,400.0,10.0,0,100.0,0.11272096633911133,0,2,22.0,1,2,0,3.1,1,-4.821049575378947,2.20169956891,0.0
0,11,13,5.3,400.0,400.0,10.0,0,100.0,0.11217498779296875,0,2,22.0,1,2,0,3.1,0,6.490628035480972e-16,-5.3,0.0
0,3,5,5.3,400.0,400.0,10.0,0,100.0,0.11229300498962402,0,2,22.0,1,1,0,3.1,-2,4.005472744077569,3.470761889910011,0.0
0,6,8,5.3,400.0,400.0,10.0,0,100.0,0.11211490631103516,0,2,22.0,1,2,0,3.1,0,5.246053641968944,-0.7542686428484106,0.0
0,14,16,5.3,400.0,400.0,10.0,1,100.0,0.1109771728515625,0,2,22.0,1,2,0,3.1,1,-4.005472744077568,-3.4707618899100114,0.0
0,21,1,5.3,400.0,400.0,10.0,0,100.0,0.1120610237121582,0,2,22.0,1,2,0,3.1,0,-1.4931825512595778,5.085312760156836,0.0
0,13,15,5.3,400.0,400.0,10.0,1,100.0,0.11273193359375,0,2,22.0,1,2,0,3.1,1,-2.865396332514667,-4.4586437240052605,0.0
0,10,12,5.3,400.0,400.0,10.0,-2,100.0,0.11274290084838867,0,2,22.0,1,2,0,3.1,0,1.4931825512595793,-5.085312760156835,0.0
0,19,21,5.3,400.0,400.0,10.0,0,100.0,0.11205792427062988,0,2,22.0,2,1,0,3.1,-1,-4.005472744077568,3.470761889910012,0.0
0,19,21,5.3,400.0,400.0,10.0,-1,100.0,0.1127920150756836,0,2,22.0,1,2,0,3.1,0,-4.005472744077568,3.470761889910012,0.0
0,12,14,5.3,400.0,400.0,10.0,-2,100.0,0.11275601387023926,0,2,22.0,1,2,0,3.1,-2,-1.4931825512595758,-5.085312760156836,0.0
0,0,2,5.3,400.0,400.0,10.0,1,100.0,0.1121511459350586,0,2,22.0,1,2,0,3.1,0,0.0,5.3,0.0
0,10,12,5.3,400.0,400.0,10.0,-1,100.0,0.11216592788696289,0,2,22.0,1,2,0,3.1,2,1.4931825512595793,-5.085312760156835,0.0
0,11,13,5.3,400.0,400.0,10.0,0,100.0,0.11213803291320801,0,2,22.0,1,2,0,3.1,0,6.490628035480972e-16,-5.3,0.0
0,14,16,5.3,400.0,400.0,10.0,0,100.0,0.11154603958129883,0,2,22.0,1,2,0,3.1,-1,-4.005472744077568,-3.4707618899100114,0.0
0,10,12,5.3,400.0,400.0,10.0,0,100.0,0.11285805702209473,0,2,22.0,1,2,0,3.1,0,1.4931825512595793,-5.085312760156835,0.0
0,11,13,5.3,400.0,400.0,10.0,1,100.0,0.11243200302124023,0,2,22.0,1,2,0,3.1,0,6.490628035480972e-16,-5.3,0.0
0,2,4,5.3,400.0,400.0,10.0,-2,100.0,0.11273193359375,0,2,22.0,1,2,0,3.1,1,2.865396332514667,4.4586437240052605,0.0
0,21,1,5.3,400.0,400.0,10.0,1,100.0,0.11275100708007812,0,2,22.0,1,2,0,3.1,0,-1.4931825512595778,5.085312760156836,0.0
0,10,12,5.3,400.0,400.0,10.0,0,100.0,0.1121530532836914,0,2,22.0,1,2,0,3.1,0,1.4931825512595793,-5.085312760156835,0.0
0,7,9,5.3,400.0,400.0,10.0,0,100.0,0.11270809173583984,0,2,22.0,1,2,0,3.1,0,4.8210495753789475,-2.2016995689099974,0.0
0,0,2,5.3,400.0,400.0,10.0,0,100.0,0.11272406578063965,0,2,22.0,1,2,0,3.1,0,0.0,5.3,0.0
0,7,9,5.3,400.0,400.0,10.0,-1,100.0,0.11216306686401367,0,2,22.0,1,2,0,3.1,2,4.8210495753789475,-2.2016995689099974,0.0
0,1,3,5.3,400.0,400.0,10.0,0,100.0,0.11325407028198242,0,2,22.0,1,2,0,3.1,2,1.493182551259577,5.085312760156836,0.0
0,15,17,5.3,400.0,400.0,10.0,2,100.0,0.11214089393615723,0,2,22.0,1,2,0,3.1,-1,-4.821049575378945,-2.201699568910002,0.0
0,19,21,5.3,400.0,400.0,10.0,1,100.0,0.11204195022583008,0,2,22.0,2,2,0,3.1,0,-4.005472744077568,3.470761889910012,0.0
0,4,6,5.3,400.0,400.0,10.0,0,100.0,0.11199617385864258,0,2,22.0,1,2,0,3.1,2,4.821049575378947,2.201699568909998,0.0
0,7,9,5.3,400.0,400.0,10.0,2,100.0,0.11267209053039551,0,2,22.0,1,2,0,3.1,0,4.8210495753789475,-2.2016995689099974,0.0
0,17,19,5.3,400.0,400.0,10.0,0,100.0,0.11263608932495117,0,2,22.0,1,1,0,3.1,2,-5.246053641968944,0.7542686428484098,0.0
0,11,13,5.3,400.0,400.0,10.0,1,100.0,0.11214184761047363,0,2,22.0,1,2,0,3.1,0,6.490628035480972e-16,-5.3,0.0
0,7,9,5.3,400.0,400.0,10.0,0,100.0,0.11264204978942871,0,2,22.0,1,2,0,3.1,-1,4.8210495753789475,-2.2016995689099974,0.0
0,6,8,5.3,400.0,400.0,10.0,0,100.0,0.11081719398498535,0,2,22.0,1,2,0,3.1,0,5.246053641968944,-0.7542686428484106,0.0
0,0,2,5.3,400.0,400.0,10.0,0,100.0,0.1120908260345459,0,2,22.0,1,2,0,3.1,0,0.0,5.3,0.0
0,6,8,5.3,400.0,400.0,10.0,0,100.0,0.11275005340576172,0,2,22.0,1,2,0,3.1,0,5.246053641968944,-0.7542686428484106,0.0
0,19,21,5.3,400.0,400.0,10.0,1,100.0,0.11079883575439453,0,2,22.0,2,2,0,3.1,-2,-4.005472744077568,3.470761889910012,0.0
0,16,18,5.3,400.0,400.0,10.0,0,100.0,0.11221504211425781,0,2,22.0,1,2,0,3.1,0,-5.246053641968943,-0.7542686428484117,0.0
0,13,15,5.3,400.0,400.0,10.0,1,100.0,0.11132693290710449,0,2,22.0,2,1,0,3.1,1,-2.865396332514667,-4.4586437240052605,0.0
0,11,13,5.3,400.0,400.0,10.0,0,100.0,0.11271309852600098,0,2,22.0,1,2,0,3.1,0,6.490628035480972e-16,-5.3,0.0
0,4,6,5.3,400.0,400.0,10.0,-1,100.0,0.11215615272521973,0,2,22.0,2,2,0,3.1,0,4.821049575378947,2.201699568909998,0.0
0,0,2,5.3,400.0,400.0,10.0,0,100.0,0.11275696754455566,0,2,22.0,1,1,0,3.1,2,0.0,5.3,0.0
0,0,2,5.3,400.0,400.0,10.0,0,100.0,0.1127009391784668,0,2,22.0,1,1,0,3.1,1,0.0,5.3,0.0
0,21,1,5.3,400.0,400.0,10.0,2,100.0,0.11208987236022949,0,2,22.0,2,2,0,3.1,0,-1.4931825512595778,5.085312760156836,0.0
0,0,2,5.3,400.0,400.0,10.0,-1,100.0,0.11271786689758301,0,2,22.0,2,1,0,3.1,0,0.0,5.3,0.0
0,5,7,5.3,400.0,400.0,10.0,0,100.0,0.11216306686401367,0,2,22.0,1,2,0,3.1,0,5.246053641968943,0.7542686428484122,0.0
0,13,15,5.3,400.0,400.0,10.0,0,100.0,0.1128089427947998,0,2,22.0,1,2,0,3.1,1,-2.865396332514667,-4.4586437240052605,0.0
0,13,15,5.3,400.0,400.0,10.0,1,100.0,0.11217093467712402,0,2,22.0,1,2,0,3.1,1,-2.865396332514667,-4.4586437240052605,0.0
0,7,9,5.3,400.0,400.0,10.0,0,100.0,0.11221098899841309,0,2,22.0,1,2,0,3.1,0,4.8210495753789475,-2.2016995689099974,0.0
0,2,4,5.3,400.0,400.0,10.0,1,100.0,0.11264896392822266,0,2,22.0,1,2,0,3.1,1,2.865396332514667,4.4586437240052605,0.0
0,3,5,5.3,400.0,400.0,10.0,-1,100.0,0.11268782615661621,0,2,22.0,2,2,0,3.1,0,4.005472744077569,3.470761889910011,0.0
0,20,0,5.3,400.0,400.0,10.0,-2,100.0,0.11223387718200684,0,2,22.0,2,2,0,3.1,0,-2.8653963325146705,4.458643724005258,0.0
0,14,16,5.3,400.0,400.0,10.0,1,100.0,0.1126718521118164,0,2,22.0,1,2,0,3.1,1,-4.005472744077568,-3.4707618899100114,0.0
0,15,17,5.3,400.0,400.0,10.0,-1,100.0,0.11210894584655762,0,2,22.0,1,2,0,3.1,0,-4.821049575378945,-2.201699568910002,0.0
0,3,5,5.3,400.0,400.0,10.0,-2,100.0,0.11209607124328613,0,2,22.0,1,2,0,3.1,0,4.005472744077569,3.470761889910011,0.0
0,13,15,5.3,400.0,400.0,10.0,0,100.0,0.11219596862792969,0,2,22.0,1,2,0,3.1,1,-2.865396332514667,-4.4586437240052605,0.0
0,21,1,5.3,400.0,400.0,10.0,1,100.0,0.11174392700195312,0,2,22.0,2,2,0,3.1,0,-1.4931825512595778,5.085312760156836,0.0
0,9,11,5.3,400.0,400.0,10.0,1,100.0,0.11221694946289062,0,2,22.0,2,1,0,3.1,2,2.8653963325146665,-4.4586437240052605,0.0
0,21,1,5.3,400.0,400.0,10.0,1,100.0,0.11271286010742188,0,2,22.0,1,2,0,3.1,1,-1.4931825512595778,5.085312760156836,0.0
0,21,1,5.3,400.0,400.0,10.0,0,100.0,0.11096405982971191,0,2,22.0,1,2,0,3.1,2,-1.4931825512595778,5.085312760156836,0.0
0,13,15,5.3,400.0,400.0,10.0,1,100.0,0.11208796501159668,0,2,22.0,1,2,0,3.1,1,-2.865396332514667,-4.4586437240052605,0.0
0,11,13,5.3,400.0,400.0,10.0,0,100.0,0.11211395263671875,0,2,22.0,1,2,0,3.1,1,6.490628035480972e-16,-5.3,0.0
0,11,13,5.3,400.0,400.0,10.0,0,100.0,0.11229085922241211,0,2,22.0,1,2,0,3.1,1,6.490628035480972e-16,-5.3,0.0
0,4,6,5.3,400.0,400.0,10.0,0,100.0,0.11284303665161133,0,2,22.0,1,2,0,3.1,-1,4.821049575378947,2.201699568909998,0.0
0,4,6,5.3,400.0,400.0,10.0,0,100.0,0.11265707015991211,0,2,22.0,1,2,0,3.1,1,4.821049575378947,2.201699568909998,0.0
0,10,12,5.3,400.0,400.0,10.0,0,100.0,0.11247491836547852,0,2,22.0,1,1,0,3.1,2,1.4931825512595793,-5.085312760156835,0.0
0,16,18,5.3,400.0,400.0,10.0,0,100.0,0.11215782165527344,0,2,22.0,1,1,0,3.1,-1,-5.246053641968943,-0.7542686428484117,0.0
0,0,2,5.3,400.0,400.0,10.0,0,100.0,0.11197400093078613,0,2,22.0,2,2,0,3.1,-2,0.0,5.3,0.0
0,19,21,5.3,400.0,400.0,10.0,-2,100.0,0.11205792427062988,0,2,22.0,2,2,0,3.1,1,-4.005472744077568,3.470761889910012,0.0
0,11,13,5.3,400.0,400.0,10.0,-1,100.0,0.1107950210571289,0,2,22.0,1,2,0,3.1,2,6.490628035480972e-16,-5.3,0.0
0,11,13,5.3,400.0,400.0,10.0,2,100.0,0.11114192008972168,0,2,22.0,1,2,0,3.1,0,6.490628035480972e-16,-5.3,0.0
0,16,18,5.3,400.0,400.0,10.0,0,100.0,0.11274123191833496,0,2,22.0,1,2,0,3.1,0,-5.246053641968943,-0.7542686428484117,0.0
0,17,19,5.3,400.0,400.0,10.0,0,100.0,0.11210393905639648,0,2,22.0,1,2,0,3.1,0,-5.246053641968944,0.7542686428484098,0.0
0,16,18,5.3,400.0,400.0,10.0,2,100.0,0.11215901374816895,0,2,22.0,2,2,0,3.1,0,-5.246053641968943,-0.7542686428484117,0.0
0,16,18,5.3,400.0,400.0,10.0,0,100.0,0.11274600028991699,0,2,22.0,1,1,0,3.1,2,-5.246053641968943,-0.7542686428484117,0.0
0,2,4,5.3,400.0,400.0,10.0,0,100.0,0.11265110969543457,0,2,22.0,1,2,0,3.1,0,2.865396332514667,4.4586437240052605,0.0
0,20,0,5.3,400.0,400.0,10.0,-1,100.0,0.11270284652709961,0,2,22.0,2,2,0,3.1,-2,-2.8653963325146705,4.458643724005258,0.0
0,13,15,5.3,400.0,400.0,10.0,-1,100.0,0.11279010772705078,0,2,22.0,2,2,0,3.1,0,-2.865396332514667,-4.4586437240052605,0.0
0,2,4,5.3,400.0,400.0,10.0,0,100.0,0.11227679252624512,0,2,22.0,1,2,0,3.1,1,2.865396332514667,4.4586437240052605,0.0
0,14,16,5.3,400.0,400.0,10.0,-1,100.0,0.11266589164733887,0,2,22.0,2,2,0,3.1,2,-4.005472744077568,-3.4707618899100114,0.0
0,9,11,5.3,400.0,400.0,10.0,2,100.0,0.11265778541564941,0,2,22.0,2,1,0,3.1,2,2.8653963325146665,-4.4586437240052605,0.0
0,10,12,5.3,400.0,400.0,10.0,-1,100.0,0.11267495155334473,0,2,22.0,1,2,0,3.1,0,1.4931825512595793,-5.085312760156835,0.0
0,12,14,5.3,400.0,400.0,10.0,0,100.0,0.11078715324401855,0,2,22.0,1,2,0,3.1,0,-1.4931825512595758,-5.085312760156836,0.0
0,4,6,5.3,400.0,400.0,10.0,0,100.0,0.11265087127685547,0,2,22.0,1,2,0,3.1,0,4.821049575378947,2.201699568909998,0.0
0,6,8,5.3,400.0,400.0,10.0,0,100.0,0.11243700981140137,0,2,22.0,1,2,0,3.1,0,5.246053641968944,-0.7542686428484106,0.0
0,2,4,5.3,400.0,400.0,10.0,-1,100.0,0.11271309852600098,0,2,22.0,1,1,0,3.1,2,2.865396332514667,4.4586437240052605,0.0
0,21,1,5.3,400.0,400.0,10.0,1,100.0,0.11226201057434082,0,2,22.0,1,2,0,3.1,1,-1.4931825512595778,5.085312760156836,0.0
0,7,9,5.3,400.0,400.0,10.0,0,100.0,0.11439990997314453,0,2,22.0,1,1,0,3.1,-2,4.8210495753789475,-2.2016995689099974,0.0
0,2,4,5.3,400.0,400.0,10.0,0,100.0,0.1121220588684082,0,2,22.0,2,2,0,3.1,-2,2.865396332514667,4.4586437240052605,0.0
0,17,19,5.3,400.0,400.0,10.0,0,100.0,0.1122598648071289,0,2,22.0,1,1,0,3.1,-1,-5.246053641968944,0.7542686428484098,0.0
0,19,21,5.3,400.0,400.0,10.0,1,100.0,0.11271286010742188,0,2,22.0,2,1,0,3.1,-2,-4.005472744077568,3.470761889910012,0.0
0,14,16,5.3,400.0,400.0,10.0,0,100.0,0.11238884925842285,0,2,22.0,1,2,0,3.1,0,-4.005472744077568,-3.4707618899100114,0.0
0,13,15,5.3,400.0,400.0,10.0,1,100.0,0.11211490631103516,0,2,22.0,1,2,0,3.1,2,-2.865396332514667,-4.4586437240052605,0.0
0,16,18,5.3,400.0,400.0,10.0,0,100.0,0.1122751235961914,0,2,22.0,1,2,0,3.1,2,-5.246053641968943,-0.7542686428484117,0.0
0,9,11,5.3,400.0,400.0,10.0,0,100.0,0.11214804649353027,0,2,22.0,1,1,0,3.1,-1,2.8653963325146665,-4.4586437240052605,0.0
0,9,11,5.3,400.0,400.0,10.0,0,100.0,0.11213016510009766,0,2,22.0,1,2,0,3.1,0,2.8653963325146665,-4.4586437240052605,0.0
0,10,12,5.3,400.0,400.0,10.0,0,100.0,0.11267805099487305,0,2,22.0,1,2,0,3.1,0,1.4931825512595793,-5.085312760156835,0.0
0,17,19,5.3,400.0,400.0,10.0,-1,100.0,0.11274194717407227,0,2,22.0,1,2,0,3.1,0,-5.246053641968944,0.7542686428484098,0.0
0,3,5,5.3,400.0,400.0,10.0,1,100.0,0.11273503303527832,0,2,22.0,1,2,0,3.1,0,4.005472744077569,3.470761889910011,0.0
0,19,21,5.3,400.0,400.0,10.0,-2,100.0,0.11780285835266113,0,2,22.0,1,1,0,3.1,-1,-4.005472744077568,3.470761889910012,0.0
0,0,2,5.3,400.0,400.0,10.0,-1,100.0,0.11264705657958984,0,2,22.0,1,2,0,3.1,0,0.0,5.3,0.0
0,11,13,5.3,400.0,400.0,10.0,0,100.0,0.11485695838928223,0,2,22.0,1,2,0,3.1,1,6.490628035480972e-16,-5.3,0.0
0,14,16,5.3,400.0,400.0,10.0,1,100.0,0.11212992668151855,0,2,22.0,1,2,0,3.1,1,-4.005472744077568,-3.4707618899100114,0.0
0,8,10,5.3,400.0,400.0,10.0,1,100.0,0.11271214485168457,0,2,22.0,1,2,0,3.1,1,4.005472744077569,-3.47076188991001,0.0
0,18,20,5.3,400.0,400.0,10.0,0,100.0,0.11237597465515137,0,2,22.0,2,1,0,3.1,0,-4.821049575378947,2.20169956891,0.0
0,11,13,5.3,400.0,400.0,10.0,0,100.0,0.11275506019592285,0,2,22.0,1,2,0,3.1,0,6.490628035480972e-16,-5.3,0.0
0,18,20,5.3,400.0,400.0,10.0,0,100.0,0.1127471923828125,0,2,22.0,1,2,0,3.1,0,-4.821049575378947,2.20169956891,0.0
0,18,20,5.3,400.0,400.0,10.0,0,100.0,0.11264491081237793,0,2,22.0,1,2,0,3.1,-2,-4.821049575378947,2.20169956891,0.0
0,18,20,5.3,400.0,400.0,10.0,0,100.0,0.11271905899047852,0,2,22.0,1,1,0,3.1,-1,-4.821049575378947,2.20169956891,0.0
0,14,16,5.3,400.0,400.0,10.0,0,100.0,0.1126699447631836,0,2,22.0,1,1,0,3.1,1,-4.005472744077568,-3.4707618899100114,0.0
0,17,19,5.3,400.0,400.0,10.0,0,100.0,0.11266303062438965,0,2,22.0,1,2,0,3.1,0,-5.246053641968944,0.7542686428484098,0.0
0,0,2,5.3,400.0,400.0,10.0,0,100.0,0.11214113235473633,0,2,22.0,1,2,0,3.1,0,0.0,5.3,0.0
0,18,20,5.3,400.0,400.0,10.0,0,100.0,0.11209893226623535,0,2,22.0,1,2,0,3.1,0,-4.821049575378947,2.20169956891,0.0
0,11,13,5.3,400.0,400.0,10.0,0,100.0,0.11142611503601074,0,2,22.0,1,2,0,3.1,0,6.490628035480972e-16,-5.3,0.0
0,15,17,5.3,400.0,400.0,10.0,0,100.0,0.11232209205627441,0,2,22.0,1,1,0,3.1,1,-4.821049575378945,-2.201699568910002,0.0
0,2,4,5.3,400.0,400.0,10.0,1,100.0,0.11216902732849121,0,2,22.0,1,1,0,3.1,-2,2.865396332514667,4.4586437240052605,0.0
0,7,9,5.3,400.0,400.0,10.0,-1,100.0,0.11202216148376465,0,2,22.0,1,2,0,3.1,-1,4.8210495753789475,-2.2016995689099974,0.0
0,18,20,5.3,400.0,400.0,10.0,0,100.0,0.11252522468566895,0,2,22.0,2,1,0,3.1,0,-4.821049575378947,2.20169956891,0.0
0,7,9,5.3,400.0,400.0,10.0,0,100.0,0.11265301704406738,0,2,22.0,2,1,0,3.1,0,4.8210495753789475,-2.2016995689099974,0.0
0,5,7,5.3,400.0,400.0,10.0,0,100.0,0.11150193214416504,0,2,22.0,1,2,0,3.1,0,5.246053641968943,0.7542686428484122,0.0
0,14,16,5.3,400.0,400.0,10.0,0,100.0,0.11212992668151855,0,2,22.0,1,2,0,3.1,0,-4.005472744077568,-3.4707618899100114,0.0
0,4,6,5.3,400.0,400.0,10.0,0,100.0,0.11260819435119629,0,2,22.0,1,2,0,3.1,0,4.821049575378947,2.201699568909998,0.0
0,15,17,5.3,400.0,400.0,10.0,0,100.0,0.11273193359375,0,2,22.0,1,1,0,3.1,2,-4.821049575378945,-2.201699568910002,0.0
0,3,5,5.3,400.0,400.0,10.0,0,100.0,0.11214780807495117,0,2,22.0,1,2,0,3.1,0,4.005472744077569,3.470761889910011,0.0
0,9,11,5.3,400.0,400.0,10.0,0,100.0,0.11215782165527344,0,2,22.0,1,2,0,3.1,0,2.8653963325146665,-4.4586437240052605,0.0
0,7,9,5.3,400.0,400.0,10.0,-1,100.0,0.11213207244873047,0,2,22.0,1,2,0,3.1,-2,4.8210495753789475,-2.2016995689099974,0.0
0,19,21,5.3,400.0,400.0,10.0,-1,100.0,0.11214089393615723,0,2,22.0,1,1,0,3.1,1,-4.005472744077568,3.470761889910012,0.0
0,8,10,5.3,400.0,400.0,10.0,-1,100.0,0.11087703704833984,0,2,22.0,1,2,0,3.1,0,4.005472744077569,-3.47076188991001,0.0
0,11,13,5.3,400.0,400.0,10.0,0,100.0,0.11278700828552246,0,2,22.0,1,2,0,3.1,0,6.490628035480972e-16,-5.3,0.0
0,16,18,5.3,400.0,400.0,10.0,-2,100.0,0.1121678352355957,0,2,22.0,1,2,0,3.1,-2,-5.246053641968943,-0.7542686428484117,0.0
0,16,18,5.3,400.0,400.0,10.0,0,100.0,0.11406683921813965,0,2,22.0,1,2,0,3.1,-1,-5.246053641968943,-0.7542686428484117,0.0
0,14,16,5.3,400.0,400.0,10.0,1,100.0,0.11206197738647461,0,2,22.0,1,1,0,3.1,0,-4.005472744077568,-3.4707618899100114,0.0
0,0,2,5.3,400.0,400.0,10.0,0,100.0,0.11242890357971191,0,2,22.0,1,2,0,3.1,0,0.0,5.3,0.0
0,19,21,5.3,400.0,400.0,10.0,-1,100.0,0.11237692832946777,0,2,22.0,1,2,0,3.1,-1,-4.005472744077568,3.470761889910012,0.0
0,14,16,5.3,400.0,400.0,10.0,0,100.0,0.1128380298614502,0,2,22.0,2,1,0,3.1,0,-4.005472744077568,-3.4707618899100114,0.0
0,3,5,5.3,400.0,400.0,10.0,0,100.0,0.11271190643310547,0,2,22.0,1,2,0,3.1,0,4.005472744077569,3.470761889910011,0.0
0,2,4,5.3,400.0,400.0,10.0,0,100.0,0.11090588569641113,0,2,22.0,1,2,0,3.1,-2,2.865396332514667,4.4586437240052605,0.0
0,2,4,5.3,400.0,400.0,10.0,0,100.0,0.11214995384216309,0,2,22.0,1,2,0,3.1,0,2.865396332514667,4.4586437240052605,0.0
0,9,11,5.3,400.0,400.0,10.0,-2,100.0,0.11088895797729492,0,2,22.0,1,2,0,3.1,2,2.8653963325146665,-4.4586437240052605,0.0
0,20,0,5.3,400.0,400.0,10.0,0,100.0,0.1127920150756836,0,2,22.0,1,2,0,3.1,0,-2.8653963325146705,4.458643724005258,0.0
