cue-length,ms-precue,resp-v-hv,ms-st-cue,nitems,offset2,resp-h-pos,actualStimOn,resp-v-pos,ms-stimon,resp-h-hv,cue-loc-int,cue-loc-x,cue-loc-y,radius,bars-or-spot,version,offset,npractice,ntrials
3.1,0.0,1,400.0,22.0,0,0,0.0970029830933,2,94.0,2,3,4.00547274408,3.47076188991,5.3,0,9,-10.5,5.0,300.0
3.1,0.0,2,400.0,22.0,0,1,0.0971832275391,-2,94.0,1,2,2.86539633251,4.45864372401,5.3,0,9,-10.5,5.0,300.0
3.1,0.0,1,400.0,22.0,0,1,0.097000837326,0,94.0,2,5,5.24605364197,0.754268642848,5.3,0,9,-10.5,5.0,300.0
3.1,0.0,1,400.0,22.0,0,-1,0.0972189903259,2,94.0,1,5,5.24605364197,0.754268642848,5.3,0,9,-10.5,5.0,300.0
3.1,0.0,1,400.0,22.0,0,2,0.0972151756287,-1,94.0,1,20,-2.86539633251,4.45864372401,5.3,0,9,-10.5,5.0,300.0
3.1,0.0,2,400.0,22.0,0,2,0.0972130298615,2,94.0,1,5,5.24605364197,0.754268642848,5.3,0,9,-10.5,5.0,300.0
3.1,0.0,2,400.0,22.0,0,-1,0.0972020626068,2,94.0,2,16,-5.24605364197,-0.754268642848,5.3,0,9,-10.5,5.0,300.0
3.1,0.0,2,400.0,22.0,0,2,0.0972168445587,2,94.0,1,5,5.24605364197,0.754268642848,5.3,0,9,-10.5,5.0,300.0
3.1,0.0,1,400.0,22.0,0,-1,0.097188949585,2,94.0,2,0,0.0,5.3,5.3,0,9,-10.5,5.0,300.0
3.1,0.0,2,400.0,22.0,0,2,0.0971848964691,1,94.0,1,7,4.82104957538,-2.20169956891,5.3,0,9,-10.5,5.0,300.0
3.1,0.0,2,400.0,22.0,0,0,0.0971779823303,1,94.0,1,5,5.24605364197,0.754268642848,5.3,0,9,-10.5,5.0,300.0
3.1,0.0,1,400.0,22.0,0,-2,0.0970370769501,2,94.0,2,18,-4.82104957538,2.20169956891,5.3,0,9,-10.5,5.0,300.0
3.1,0.0,2,400.0,22.0,0,-1,0.0971758365631,0,94.0,2,20,-2.86539633251,4.45864372401,5.3,0,9,-10.5,5.0,300.0
3.1,0.0,1,400.0,22.0,0,1,0.0972270965576,2,94.0,2,17,-5.24605364197,0.754268642848,5.3,0,9,-10.5,5.0,300.0
3.1,0.0,2,400.0,22.0,0,-1,0.0971698760986,1,94.0,1,8,4.00547274408,-3.47076188991,5.3,0,9,-10.5,5.0,300.0
3.1,0.0,2,400.0,22.0,0,2,0.0970249176025,0,94.0,1,20,-2.86539633251,4.45864372401,5.3,0,9,-10.5,5.0,300.0
3.1,0.0,1,400.0,22.0,0,-1,0.0972108840942,1,94.0,2,12,-1.49318255126,-5.08531276016,5.3,0,9,-10.5,5.0,300.0
3.1,0.0,1,400.0,22.0,0,-1,0.0970098972321,-2,94.0,1,2,2.86539633251,4.45864372401,5.3,0,9,-10.5,5.0,300.0
3.1,0.0,2,400.0,22.0,0,-2,0.097011089325,2,94.0,1,5,5.24605364197,0.754268642848,5.3,0,9,-10.5,5.0,300.0
3.1,0.0,1,400.0,22.0,0,-1,0.0971760749817,0,94.0,2,18,-4.82104957538,2.20169956891,5.3,0,9,-10.5,5.0,300.0
3.1,0.0,2,400.0,22.0,0,-1,0.0970070362091,2,94.0,1,18,-4.82104957538,2.20169956891,5.3,0,9,-10.5,5.0,300.0
3.1,0.0,1,400.0,22.0,0,1,0.0972049236298,-2,94.0,2,5,5.24605364197,0.754268642848,5.3,0,9,-10.5,5.0,300.0
3.1,0.0,2,400.0,22.0,0,2,0.0972089767456,2,94.0,1,16,-5.24605364197,-0.754268642848,5.3,0,9,-10.5,5.0,300.0
3.1,0.0,2,400.0,22.0,0,0,0.0972130298615,0,94.0,2,16,-5.24605364197,-0.754268642848,5.3,0,9,-10.5,5.0,300.0
3.1,0.0,2,400.0,22.0,0,0,0.0971961021423,0,94.0,2,21,-1.49318255126,5.08531276016,5.3,0,9,-10.5,5.0,300.0
3.1,0.0,1,400.0,22.0,0,2,0.0972239971161,2,94.0,1,17,-5.24605364197,0.754268642848,5.3,0,9,-10.5,5.0,300.0
3.1,0.0,2,400.0,22.0,0,1,0.0971930027008,1,94.0,2,2,2.86539633251,4.45864372401,5.3,0,9,-10.5,5.0,300.0
3.1,0.0,2,400.0,22.0,0,-2,0.097235918045,-2,94.0,2,16,-5.24605364197,-0.754268642848,5.3,0,9,-10.5,5.0,300.0
3.1,0.0,2,400.0,22.0,0,-2,0.0971789360046,-2,94.0,2,18,-4.82104957538,2.20169956891,5.3,0,9,-10.5,5.0,300.0
3.1,0.0,2,400.0,22.0,0,1,0.0970947742462,1,94.0,2,12,-1.49318255126,-5.08531276016,5.3,0,9,-10.5,5.0,300.0
3.1,0.0,1,400.0,22.0,0,0,0.0971720218658,0,94.0,1,21,-1.49318255126,5.08531276016,5.3,0,9,-10.5,5.0,300.0
3.1,0.0,1,400.0,22.0,0,1,0.0970640182495,1,94.0,1,7,4.82104957538,-2.20169956891,5.3,0,9,-10.5,5.0,300.0
3.1,0.0,2,400.0,22.0,0,1,0.0971891880035,-2,94.0,1,3,4.00547274408,3.47076188991,5.3,0,9,-10.5,5.0,300.0
3.1,0.0,1,400.0,22.0,0,0,0.0970151424408,0,94.0,1,10,1.49318255126,-5.08531276016,5.3,0,9,-10.5,5.0,300.0
3.1,0.0,2,400.0,22.0,0,1,0.0971760749817,1,94.0,2,1,1.49318255126,5.08531276016,5.3,0,9,-10.5,5.0,300.0
3.1,0.0,1,400.0,22.0,0,1,0.0970621109009,1,94.0,1,14,-4.00547274408,-3.47076188991,5.3,0,9,-10.5,5.0,300.0
3.1,0.0,1,400.0,22.0,0,-2,0.0970740318298,2,94.0,1,0,0.0,5.3,5.3,0,9,-10.5,5.0,300.0
3.1,0.0,2,400.0,22.0,0,1,0.097186088562,1,94.0,2,5,5.24605364197,0.754268642848,5.3,0,9,-10.5,5.0,300.0
3.1,0.0,1,400.0,22.0,0,0,0.0970652103424,0,94.0,1,1,1.49318255126,5.08531276016,5.3,0,9,-10.5,5.0,300.0
3.1,0.0,1,400.0,22.0,0,0,0.0971839427948,0,94.0,1,13,-2.86539633251,-4.45864372401,5.3,0,9,-10.5,5.0,300.0
3.1,0.0,1,400.0,22.0,0,1,0.0970461368561,1,94.0,1,18,-4.82104957538,2.20169956891,5.3,0,9,-10.5,5.0,300.0
3.1,0.0,2,400.0,22.0,0,-2,0.0971732139587,-2,94.0,2,19,-4.00547274408,3.47076188991,5.3,0,9,-10.5,5.0,300.0
3.1,0.0,2,400.0,22.0,0,-1,0.097029209137,-1,94.0,2,11,6.49041367526e-16,-5.3,5.3,0,9,-10.5,5.0,300.0
3.1,0.0,1,400.0,22.0,0,1,0.0971779823303,1,94.0,1,2,2.86539633251,4.45864372401,5.3,0,9,-10.5,5.0,300.0
3.1,0.0,1,400.0,22.0,0,0,0.0970587730408,0,94.0,1,16,-5.24605364197,-0.754268642848,5.3,0,9,-10.5,5.0,300.0
3.1,0.0,1,400.0,22.0,0,-1,0.0971899032593,-1,94.0,1,1,1.49318255126,5.08531276016,5.3,0,9,-10.5,5.0,300.0
3.1,0.0,2,400.0,22.0,0,0,0.0972130298615,0,94.0,2,18,-4.82104957538,2.20169956891,5.3,0,9,-10.5,5.0,300.0
3.1,0.0,2,400.0,22.0,0,2,0.0969839096069,2,94.0,2,10,1.49318255126,-5.08531276016,5.3,0,9,-10.5,5.0,300.0
3.1,0.0,1,400.0,22.0,0,-1,0.097295999527,-1,94.0,1,19,-4.00547274408,3.47076188991,5.3,0,9,-10.5,5.0,300.0
3.1,0.0,2,400.0,22.0,0,-1,0.0972089767456,-1,94.0,2,9,2.86539633251,-4.45864372401,5.3,0,9,-10.5,5.0,300.0
3.1,0.0,1,400.0,22.0,0,0,0.0972011089325,0,94.0,1,18,-4.82104957538,2.20169956891,5.3,0,9,-10.5,5.0,300.0
3.1,0.0,1,400.0,22.0,0,0,0.0972118377686,0,94.0,1,14,-4.00547274408,-3.47076188991,5.3,0,9,-10.5,5.0,300.0
3.1,0.0,2,400.0,22.0,0,1,0.0972080230713,0,94.0,1,16,-5.24605364197,-0.754268642848,5.3,0,9,-10.5,5.0,300.0
3.1,0.0,2,400.0,22.0,0,2,0.097198009491,2,94.0,2,1,1.49318255126,5.08531276016,5.3,0,9,-10.5,5.0,300.0
3.1,0.0,2,400.0,22.0,0,1,0.0972130298615,1,94.0,1,6,5.24605364197,-0.754268642848,5.3,0,9,-10.5,5.0,300.0
3.1,0.0,1,400.0,22.0,0,0,0.0970430374146,0,94.0,1,3,4.00547274408,3.47076188991,5.3,0,9,-10.5,5.0,300.0
3.1,0.0,1,400.0,22.0,0,2,0.0971958637238,2,94.0,1,12,-1.49318255126,-5.08531276016,5.3,0,9,-10.5,5.0,300.0
3.1,0.0,2,400.0,22.0,0,1,0.0972080230713,1,94.0,2,3,4.00547274408,3.47076188991,5.3,0,9,-10.5,5.0,300.0
3.1,0.0,2,400.0,22.0,0,2,0.0972180366516,2,94.0,2,2,2.86539633251,4.45864372401,5.3,0,9,-10.5,5.0,300.0
3.1,0.0,2,400.0,22.0,0,0,0.0971910953522,0,94.0,2,16,-5.24605364197,-0.754268642848,5.3,0,9,-10.5,5.0,300.0
3.1,0.0,2,400.0,22.0,0,-1,0.0970649719238,-1,94.0,2,20,-2.86539633251,4.45864372401,5.3,0,9,-10.5,5.0,300.0
3.1,0.0,1,400.0,22.0,0,0,0.0970420837402,-2,94.0,1,7,4.82104957538,-2.20169956891,5.3,0,9,-10.5,5.0,300.0
3.1,0.0,2,400.0,22.0,0,1,0.0970408916473,1,94.0,2,14,-4.00547274408,-3.47076188991,5.3,0,9,-10.5,5.0,300.0
3.1,0.0,2,400.0,22.0,0,1,0.0972249507904,1,94.0,2,6,5.24605364197,-0.754268642848,5.3,0,9,-10.5,5.0,300.0
3.1,0.0,2,400.0,22.0,0,1,0.0971848964691,-1,94.0,2,20,-2.86539633251,4.45864372401,5.3,0,9,-10.5,5.0,300.0
3.1,0.0,1,400.0,22.0,0,-1,0.0971779823303,-1,94.0,1,7,4.82104957538,-2.20169956891,5.3,0,9,-10.5,5.0,300.0
3.1,0.0,2,400.0,22.0,0,-1,0.0971608161926,-1,94.0,2,11,6.49041367526e-16,-5.3,5.3,0,9,-10.5,5.0,300.0
3.1,0.0,2,400.0,22.0,0,0,0.0971779823303,0,94.0,2,13,-2.86539633251,-4.45864372401,5.3,0,9,-10.5,5.0,300.0
3.1,0.0,2,400.0,22.0,0,2,0.0971848964691,2,94.0,2,1,1.49318255126,5.08531276016,5.3,0,9,-10.5,5.0,300.0
3.1,0.0,1,400.0,22.0,0,-2,0.0970501899719,-2,94.0,1,21,-1.49318255126,5.08531276016,5.3,0,9,-10.5,5.0,300.0
3.1,0.0,1,400.0,22.0,0,-1,0.097217798233,-1,94.0,1,16,-5.24605364197,-0.754268642848,5.3,0,9,-10.5,5.0,300.0
3.1,0.0,2,400.0,22.0,0,1,0.0971789360046,1,94.0,2,13,-2.86539633251,-4.45864372401,5.3,0,9,-10.5,5.0,300.0
3.1,0.0,2,400.0,22.0,0,-1,0.0970430374146,-1,94.0,2,17,-5.24605364197,0.754268642848,5.3,0,9,-10.5,5.0,300.0
3.1,0.0,2,400.0,22.0,0,0,0.0971441268921,0,94.0,2,4,4.82104957538,2.20169956891,5.3,0,9,-10.5,5.0,300.0
3.1,0.0,1,400.0,22.0,0,-1,0.097188949585,-1,94.0,1,20,-2.86539633251,4.45864372401,5.3,0,9,-10.5,5.0,300.0
3.1,0.0,1,400.0,22.0,0,0,0.097198009491,0,94.0,1,5,5.24605364197,0.754268642848,5.3,0,9,-10.5,5.0,300.0
3.1,0.0,1,400.0,22.0,0,-1,0.0971839427948,-1,94.0,1,0,0.0,5.3,5.3,0,9,-10.5,5.0,300.0
3.1,0.0,1,400.0,22.0,0,2,0.0970578193665,2,94.0,1,4,4.82104957538,2.20169956891,5.3,0,9,-10.5,5.0,300.0
3.1,0.0,2,400.0,22.0,0,2,0.0970389842987,0,94.0,1,5,5.24605364197,0.754268642848,5.3,0,9,-10.5,5.0,300.0
3.1,0.0,1,400.0,22.0,0,0,0.0971870422363,-2,94.0,2,9,2.86539633251,-4.45864372401,5.3,0,9,-10.5,5.0,300.0
3.1,0.0,2,400.0,22.0,0,1,0.0972130298615,1,94.0,2,18,-4.82104957538,2.20169956891,5.3,0,9,-10.5,5.0,300.0
3.1,0.0,1,400.0,22.0,0,-2,0.0972249507904,-2,94.0,1,19,-4.00547274408,3.47076188991,5.3,0,9,-10.5,5.0,300.0
3.1,0.0,2,400.0,22.0,0,-1,0.0972168445587,0,94.0,2,13,-2.86539633251,-4.45864372401,5.3,0,9,-10.5,5.0,300.0
3.1,0.0,2,400.0,22.0,0,-2,0.0971879959106,-2,94.0,2,16,-5.24605364197,-0.754268642848,5.3,0,9,-10.5,5.0,300.0
3.1,0.0,1,400.0,22.0,0,1,0.0972077846527,1,94.0,1,8,4.00547274408,-3.47076188991,5.3,0,9,-10.5,5.0,300.0
3.1,0.0,1,400.0,22.0,0,0,0.0972080230713,-2,94.0,2,15,-4.82104957538,-2.20169956891,5.3,0,9,-10.5,5.0,300.0
3.1,0.0,2,400.0,22.0,0,0,0.0972080230713,0,94.0,2,8,4.00547274408,-3.47076188991,5.3,0,9,-10.5,5.0,300.0
3.1,0.0,1,400.0,22.0,0,1,0.0972108840942,-1,94.0,2,20,-2.86539633251,4.45864372401,5.3,0,9,-10.5,5.0,300.0
3.1,0.0,2,400.0,22.0,0,0,0.0972027778625,0,94.0,2,8,4.00547274408,-3.47076188991,5.3,0,9,-10.5,5.0,300.0
3.1,0.0,1,400.0,22.0,0,2,0.0971968173981,2,94.0,1,14,-4.00547274408,-3.47076188991,5.3,0,9,-10.5,5.0,300.0
3.1,0.0,2,400.0,22.0,0,-1,0.097069978714,-1,94.0,2,16,-5.24605364197,-0.754268642848,5.3,0,9,-10.5,5.0,300.0
3.1,0.0,1,400.0,22.0,0,2,0.0971751213074,-2,94.0,2,1,1.49318255126,5.08531276016,5.3,0,9,-10.5,5.0,300.0
3.1,0.0,1,400.0,22.0,0,2,0.0970158576965,2,94.0,1,21,-1.49318255126,5.08531276016,5.3,0,9,-10.5,5.0,300.0
3.1,0.0,2,400.0,22.0,0,2,0.0970511436462,-2,94.0,1,14,-4.00547274408,-3.47076188991,5.3,0,9,-10.5,5.0,300.0
3.1,0.0,2,400.0,22.0,0,-2,0.0971817970276,1,94.0,1,5,5.24605364197,0.754268642848,5.3,0,9,-10.5,5.0,300.0
3.1,0.0,1,400.0,22.0,0,0,0.0970098972321,0,94.0,1,1,1.49318255126,5.08531276016,5.3,0,9,-10.5,5.0,300.0
3.1,0.0,2,400.0,22.0,0,1,0.0971710681915,1,94.0,2,6,5.24605364197,-0.754268642848,5.3,0,9,-10.5,5.0,300.0
3.1,0.0,1,400.0,22.0,0,1,0.0971870422363,1,94.0,1,3,4.00547274408,3.47076188991,5.3,0,9,-10.5,5.0,300.0
3.1,0.0,1,400.0,22.0,0,0,0.0970339775085,0,94.0,1,17,-5.24605364197,0.754268642848,5.3,0,9,-10.5,5.0,300.0
3.1,0.0,2,400.0,22.0,0,0,0.0971992015839,0,94.0,2,7,4.82104957538,-2.20169956891,5.3,0,9,-10.5,5.0,300.0
3.1,0.0,1,400.0,22.0,0,1,0.0973269939423,1,94.0,1,3,4.00547274408,3.47076188991,5.3,0,9,-10.5,5.0,300.0
3.1,0.0,1,400.0,22.0,0,0,0.0972089767456,0,94.0,1,10,1.49318255126,-5.08531276016,5.3,0,9,-10.5,5.0,300.0
3.1,0.0,1,400.0,22.0,0,-1,0.0972089767456,-1,94.0,1,20,-2.86539633251,4.45864372401,5.3,0,9,-10.5,5.0,300.0
3.1,0.0,2,400.0,22.0,0,-1,0.0971989631653,-1,94.0,2,13,-2.86539633251,-4.45864372401,5.3,0,9,-10.5,5.0,300.0
3.1,0.0,1,400.0,22.0,0,1,0.0970709323883,1,94.0,1,17,-5.24605364197,0.754268642848,5.3,0,9,-10.5,5.0,300.0
3.1,0.0,2,400.0,22.0,0,0,0.0972151756287,0,94.0,1,16,-5.24605364197,-0.754268642848,5.3,0,9,-10.5,5.0,300.0
3.1,0.0,1,400.0,22.0,0,0,0.097177028656,-1,94.0,2,7,4.82104957538,-2.20169956891,5.3,0,9,-10.5,5.0,300.0
3.1,0.0,2,400.0,22.0,0,0,0.0970230102539,0,94.0,1,11,6.49041367526e-16,-5.3,5.3,0,9,-10.5,5.0,300.0
3.1,0.0,1,400.0,22.0,0,0,0.0971808433533,0,94.0,1,21,-1.49318255126,5.08531276016,5.3,0,9,-10.5,5.0,300.0
3.1,0.0,1,400.0,22.0,0,-2,0.0970129966736,-1,94.0,2,18,-4.82104957538,2.20169956891,5.3,0,9,-10.5,5.0,300.0
3.1,0.0,1,400.0,22.0,0,0,0.0971791744232,0,94.0,1,17,-5.24605364197,0.754268642848,5.3,0,9,-10.5,5.0,300.0
3.1,0.0,1,400.0,22.0,0,1,0.0970120429993,0,94.0,1,4,4.82104957538,2.20169956891,5.3,0,9,-10.5,5.0,300.0
3.1,0.0,1,400.0,22.0,0,-1,0.097186088562,2,94.0,1,15,-4.82104957538,-2.20169956891,5.3,0,9,-10.5,5.0,300.0
3.1,0.0,1,400.0,22.0,0,-2,0.0970678329468,1,94.0,1,10,1.49318255126,-5.08531276016,5.3,0,9,-10.5,5.0,300.0
3.1,0.0,1,400.0,22.0,0,-1,0.0971808433533,-1,94.0,1,19,-4.00547274408,3.47076188991,5.3,0,9,-10.5,5.0,300.0
3.1,0.0,1,400.0,22.0,0,0,0.097198009491,0,94.0,1,16,-5.24605364197,-0.754268642848,5.3,0,9,-10.5,5.0,300.0
3.1,0.0,2,400.0,22.0,0,2,0.0970339775085,2,94.0,2,18,-4.82104957538,2.20169956891,5.3,0,9,-10.5,5.0,300.0
3.1,0.0,2,400.0,22.0,0,1,0.097198009491,1,94.0,2,6,5.24605364197,-0.754268642848,5.3,0,9,-10.5,5.0,300.0
3.1,0.0,2,400.0,22.0,0,-1,0.0972089767456,-1,94.0,2,19,-4.00547274408,3.47076188991,5.3,0,9,-10.5,5.0,300.0
3.1,0.0,2,400.0,22.0,0,0,0.0971870422363,0,94.0,1,5,5.24605364197,0.754268642848,5.3,0,9,-10.5,5.0,300.0
3.1,0.0,2,400.0,22.0,0,-2,0.0972030162811,-1,94.0,1,10,1.49318255126,-5.08531276016,5.3,0,9,-10.5,5.0,300.0
3.1,0.0,1,400.0,22.0,0,-1,0.0971989631653,-2,94.0,2,13,-2.86539633251,-4.45864372401,5.3,0,9,-10.5,5.0,300.0
3.1,0.0,1,400.0,22.0,0,1,0.0972130298615,0,94.0,2,4,4.82104957538,2.20169956891,5.3,0,9,-10.5,5.0,300.0
3.1,0.0,1,400.0,22.0,0,1,0.0972099304199,0,94.0,2,16,-5.24605364197,-0.754268642848,5.3,0,9,-10.5,5.0,300.0
3.1,0.0,1,400.0,22.0,0,0,0.0972108840942,-2,94.0,2,8,4.00547274408,-3.47076188991,5.3,0,9,-10.5,5.0,300.0
3.1,0.0,1,400.0,22.0,0,-2,0.0972049236298,-1,94.0,2,18,-4.82104957538,2.20169956891,5.3,0,9,-10.5,5.0,300.0
3.1,0.0,1,400.0,22.0,0,-1,0.0970270633698,-1,94.0,1,11,6.49041367526e-16,-5.3,5.3,0,9,-10.5,5.0,300.0
3.1,0.0,1,400.0,22.0,0,-1,0.0971999168396,-1,94.0,1,7,4.82104957538,-2.20169956891,5.3,0,9,-10.5,5.0,300.0
3.1,0.0,2,400.0,22.0,0,-1,0.0971660614014,-1,94.0,2,1,1.49318255126,5.08531276016,5.3,0,9,-10.5,5.0,300.0
3.1,0.0,2,400.0,22.0,0,-2,0.0972011089325,-1,94.0,1,17,-5.24605364197,0.754268642848,5.3,0,9,-10.5,5.0,300.0
3.1,0.0,2,400.0,22.0,0,0,0.0970189571381,0,94.0,2,7,4.82104957538,-2.20169956891,5.3,0,9,-10.5,5.0,300.0
3.1,0.0,1,400.0,22.0,0,0,0.0971829891205,0,94.0,1,5,5.24605364197,0.754268642848,5.3,0,9,-10.5,5.0,300.0
3.1,0.0,2,400.0,22.0,0,1,0.0970349311829,1,94.0,2,3,4.00547274408,3.47076188991,5.3,0,9,-10.5,5.0,300.0
3.1,0.0,1,400.0,22.0,0,0,0.0971710681915,0,94.0,1,16,-5.24605364197,-0.754268642848,5.3,0,9,-10.5,5.0,300.0
3.1,0.0,1,400.0,22.0,0,0,0.0971779823303,0,94.0,1,11,6.49041367526e-16,-5.3,5.3,0,9,-10.5,5.0,300.0
3.1,0.0,2,400.0,22.0,0,0,0.0970499515533,0,94.0,2,17,-5.24605364197,0.754268642848,5.3,0,9,-10.5,5.0,300.0
3.1,0.0,1,400.0,22.0,0,-1,0.097177028656,-1,94.0,1,7,4.82104957538,-2.20169956891,5.3,0,9,-10.5,5.0,300.0
3.1,0.0,1,400.0,22.0,0,1,0.0971789360046,1,94.0,1,5,5.24605364197,0.754268642848,5.3,0,9,-10.5,5.0,300.0
3.1,0.0,2,400.0,22.0,0,0,0.0971930027008,0,94.0,2,8,4.00547274408,-3.47076188991,5.3,0,9,-10.5,5.0,300.0
3.1,0.0,1,400.0,22.0,0,0,0.097177028656,0,94.0,1,5,5.24605364197,0.754268642848,5.3,0,9,-10.5,5.0,300.0
3.1,0.0,1,400.0,22.0,0,-1,0.0970649719238,-1,94.0,1,12,-1.49318255126,-5.08531276016,5.3,0,9,-10.5,5.0,300.0
3.1,0.0,2,400.0,22.0,0,0,0.097179889679,0,94.0,2,11,6.49041367526e-16,-5.3,5.3,0,9,-10.5,5.0,300.0
3.1,0.0,2,400.0,22.0,0,0,0.0970048904419,0,94.0,2,4,4.82104957538,2.20169956891,5.3,0,9,-10.5,5.0,300.0
3.1,0.0,1,400.0,22.0,0,-2,0.0970039367676,-2,94.0,1,15,-4.82104957538,-2.20169956891,5.3,0,9,-10.5,5.0,300.0
3.1,0.0,2,400.0,22.0,0,0,0.0971939563751,0,94.0,2,17,-5.24605364197,0.754268642848,5.3,0,9,-10.5,5.0,300.0
3.1,0.0,2,400.0,22.0,0,-1,0.0971488952637,-1,94.0,2,10,1.49318255126,-5.08531276016,5.3,0,9,-10.5,5.0,300.0
3.1,0.0,2,400.0,22.0,0,2,0.0970299243927,0,94.0,2,1,1.49318255126,5.08531276016,5.3,0,9,-10.5,5.0,300.0
3.1,0.0,1,400.0,22.0,0,0,0.0971930027008,0,94.0,1,17,-5.24605364197,0.754268642848,5.3,0,9,-10.5,5.0,300.0
3.1,0.0,2,400.0,22.0,0,0,0.0971641540527,0,94.0,2,18,-4.82104957538,2.20169956891,5.3,0,9,-10.5,5.0,300.0
3.1,0.0,2,400.0,22.0,0,1,0.0972030162811,1,94.0,2,5,5.24605364197,0.754268642848,5.3,0,9,-10.5,5.0,300.0
3.1,0.0,1,400.0,22.0,0,-1,0.0971989631653,-1,94.0,1,20,-2.86539633251,4.45864372401,5.3,0,9,-10.5,5.0,300.0
3.1,0.0,2,400.0,22.0,0,1,0.0971839427948,1,94.0,2,4,4.82104957538,2.20169956891,5.3,0,9,-10.5,5.0,300.0
3.1,0.0,2,400.0,22.0,0,0,0.097384929657,0,94.0,1,16,-5.24605364197,-0.754268642848,5.3,0,9,-10.5,5.0,300.0
3.1,0.0,2,400.0,22.0,0,0,0.097198009491,-1,94.0,1,8,4.00547274408,-3.47076188991,5.3,0,9,-10.5,5.0,300.0
3.1,0.0,2,400.0,22.0,0,-1,0.0971088409424,0,94.0,1,12,-1.49318255126,-5.08531276016,5.3,0,9,-10.5,5.0,300.0
3.1,0.0,1,400.0,22.0,0,0,0.0971620082855,0,94.0,1,6,5.24605364197,-0.754268642848,5.3,0,9,-10.5,5.0,300.0
3.1,0.0,1,400.0,22.0,0,0,0.097188949585,0,94.0,2,18,-4.82104957538,2.20169956891,5.3,0,9,-10.5,5.0,300.0
3.1,0.0,1,400.0,22.0,0,2,0.0971748828888,0,94.0,2,18,-4.82104957538,2.20169956891,5.3,0,9,-10.5,5.0,300.0
3.1,0.0,1,400.0,22.0,0,-1,0.097030878067,2,94.0,1,0,0.0,5.3,5.3,0,9,-10.5,5.0,300.0
3.1,0.0,2,400.0,22.0,0,0,0.0971720218658,-1,94.0,1,17,-5.24605364197,0.754268642848,5.3,0,9,-10.5,5.0,300.0
3.1,0.0,2,400.0,22.0,0,0,0.0970251560211,0,94.0,2,7,4.82104957538,-2.20169956891,5.3,0,9,-10.5,5.0,300.0
3.1,0.0,2,400.0,22.0,0,0,0.097179889679,0,94.0,2,7,4.82104957538,-2.20169956891,5.3,0,9,-10.5,5.0,300.0
3.1,0.0,2,400.0,22.0,0,0,0.0970370769501,0,94.0,2,5,5.24605364197,0.754268642848,5.3,0,9,-10.5,5.0,300.0
3.1,0.0,2,400.0,22.0,0,0,0.0971789360046,0,94.0,2,4,4.82104957538,2.20169956891,5.3,0,9,-10.5,5.0,300.0
3.1,0.0,2,400.0,22.0,0,0,0.0970809459686,0,94.0,2,8,4.00547274408,-3.47076188991,5.3,0,9,-10.5,5.0,300.0
3.1,0.0,2,400.0,22.0,0,-1,0.097188949585,-1,94.0,2,0,0.0,5.3,5.3,0,9,-10.5,5.0,300.0
3.1,0.0,1,400.0,22.0,0,0,0.0970599651337,2,94.0,1,7,4.82104957538,-2.20169956891,5.3,0,9,-10.5,5.0,300.0
3.1,0.0,1,400.0,22.0,0,-2,0.0971839427948,-2,94.0,1,21,-1.49318255126,5.08531276016,5.3,0,9,-10.5,5.0,300.0
3.1,0.0,2,400.0,22.0,0,0,0.0970649719238,0,94.0,2,7,4.82104957538,-2.20169956891,5.3,0,9,-10.5,5.0,300.0
3.1,0.0,1,400.0,22.0,0,1,0.0970509052277,1,94.0,1,6,5.24605364197,-0.754268642848,5.3,0,9,-10.5,5.0,300.0
3.1,0.0,1,400.0,22.0,0,2,0.0970470905304,2,94.0,1,14,-4.00547274408,-3.47076188991,5.3,0,9,-10.5,5.0,300.0
3.1,0.0,2,400.0,22.0,0,-1,0.0971791744232,2,94.0,2,9,2.86539633251,-4.45864372401,5.3,0,9,-10.5,5.0,300.0
3.1,0.0,1,400.0,22.0,0,1,0.0971841812134,-1,94.0,1,1,1.49318255126,5.08531276016,5.3,0,9,-10.5,5.0,300.0
3.1,0.0,2,400.0,22.0,0,-1,0.0971899032593,-1,94.0,2,15,-4.82104957538,-2.20169956891,5.3,0,9,-10.5,5.0,300.0
3.1,0.0,2,400.0,22.0,0,1,0.0970599651337,1,94.0,2,1,1.49318255126,5.08531276016,5.3,0,9,-10.5,5.0,300.0
3.1,0.0,1,400.0,22.0,0,0,0.0970509052277,0,94.0,1,19,-4.00547274408,3.47076188991,5.3,0,9,-10.5,5.0,300.0
3.1,0.0,2,400.0,22.0,0,2,0.0971879959106,-1,94.0,1,19,-4.00547274408,3.47076188991,5.3,0,9,-10.5,5.0,300.0
3.1,0.0,2,400.0,22.0,0,1,0.097244977951,1,94.0,2,13,-2.86539633251,-4.45864372401,5.3,0,9,-10.5,5.0,300.0
3.1,0.0,2,400.0,22.0,0,2,0.0972039699554,2,94.0,2,17,-5.24605364197,0.754268642848,5.3,0,9,-10.5,5.0,300.0
3.1,0.0,2,400.0,22.0,0,0,0.0972909927368,0,94.0,1,10,1.49318255126,-5.08531276016,5.3,0,9,-10.5,5.0,300.0
3.1,0.0,2,400.0,22.0,0,1,0.0972099304199,1,94.0,2,12,-1.49318255126,-5.08531276016,5.3,0,9,-10.5,5.0,300.0
3.1,0.0,2,400.0,22.0,0,0,0.0971419811249,0,94.0,2,16,-5.24605364197,-0.754268642848,5.3,0,9,-10.5,5.0,300.0
3.1,0.0,2,400.0,22.0,0,1,0.0971870422363,1,94.0,2,5,5.24605364197,0.754268642848,5.3,0,9,-10.5,5.0,300.0
3.1,0.0,2,400.0,22.0,0,0,0.0971920490265,1,94.0,1,20,-2.86539633251,4.45864372401,5.3,0,9,-10.5,5.0,300.0
3.1,0.0,2,400.0,22.0,0,1,0.0972180366516,-1,94.0,2,4,4.82104957538,2.20169956891,5.3,0,9,-10.5,5.0,300.0
3.1,0.0,1,400.0,22.0,0,0,0.0970318317413,1,94.0,1,18,-4.82104957538,2.20169956891,5.3,0,9,-10.5,5.0,300.0
3.1,0.0,2,400.0,22.0,0,1,0.0971720218658,1,94.0,2,13,-2.86539633251,-4.45864372401,5.3,0,9,-10.5,5.0,300.0
3.1,0.0,1,400.0,22.0,0,-2,0.0970470905304,1,94.0,1,4,4.82104957538,2.20169956891,5.3,0,9,-10.5,5.0,300.0
3.1,0.0,2,400.0,22.0,0,2,0.0971760749817,-2,94.0,1,11,6.49041367526e-16,-5.3,5.3,0,9,-10.5,5.0,300.0
3.1,0.0,1,400.0,22.0,0,0,0.0971879959106,0,94.0,1,6,5.24605364197,-0.754268642848,5.3,0,9,-10.5,5.0,300.0
3.1,0.0,1,400.0,22.0,0,-2,0.0971767902374,-2,94.0,1,11,6.49041367526e-16,-5.3,5.3,0,9,-10.5,5.0,300.0
3.1,0.0,1,400.0,22.0,0,1,0.0973150730133,1,94.0,1,5,5.24605364197,0.754268642848,5.3,0,9,-10.5,5.0,300.0
3.1,0.0,1,400.0,22.0,0,0,0.0971720218658,0,94.0,1,10,1.49318255126,-5.08531276016,5.3,0,9,-10.5,5.0,300.0
3.1,0.0,2,400.0,22.0,0,-2,0.0971939563751,-2,94.0,2,19,-4.00547274408,3.47076188991,5.3,0,9,-10.5,5.0,300.0
3.1,0.0,2,400.0,22.0,0,-1,0.0971848964691,0,94.0,2,15,-4.82104957538,-2.20169956891,5.3,0,9,-10.5,5.0,300.0
3.1,0.0,2,400.0,22.0,0,0,0.0970711708069,0,94.0,1,14,-4.00547274408,-3.47076188991,5.3,0,9,-10.5,5.0,300.0
3.1,0.0,1,400.0,22.0,0,1,0.0970599651337,0,94.0,2,3,4.00547274408,3.47076188991,5.3,0,9,-10.5,5.0,300.0
3.1,0.0,2,400.0,22.0,0,0,0.0970630645752,0,94.0,2,10,1.49318255126,-5.08531276016,5.3,0,9,-10.5,5.0,300.0
3.1,0.0,2,400.0,22.0,0,-2,0.097207069397,-2,94.0,2,16,-5.24605364197,-0.754268642848,5.3,0,9,-10.5,5.0,300.0
3.1,0.0,1,400.0,22.0,0,-2,0.0970039367676,0,94.0,2,17,-5.24605364197,0.754268642848,5.3,0,9,-10.5,5.0,300.0
3.1,0.0,2,400.0,22.0,0,-1,0.0971839427948,-1,94.0,2,8,4.00547274408,-3.47076188991,5.3,0,9,-10.5,5.0,300.0
3.1,0.0,1,400.0,22.0,0,0,0.0970098972321,0,94.0,1,17,-5.24605364197,0.754268642848,5.3,0,9,-10.5,5.0,300.0
3.1,0.0,1,400.0,22.0,0,0,0.0971848964691,0,94.0,1,5,5.24605364197,0.754268642848,5.3,0,9,-10.5,5.0,300.0
3.1,0.0,2,400.0,22.0,0,-1,0.097186088562,-1,94.0,2,4,4.82104957538,2.20169956891,5.3,0,9,-10.5,5.0,300.0
3.1,0.0,2,400.0,22.0,0,-1,0.0971820354462,-1,94.0,2,9,2.86539633251,-4.45864372401,5.3,0,9,-10.5,5.0,300.0
3.1,0.0,1,400.0,22.0,0,1,0.0971829891205,1,94.0,1,18,-4.82104957538,2.20169956891,5.3,0,9,-10.5,5.0,300.0
3.1,0.0,2,400.0,22.0,0,-2,0.0970261096954,-2,94.0,2,10,1.49318255126,-5.08531276016,5.3,0,9,-10.5,5.0,300.0
3.1,0.0,2,400.0,22.0,0,-1,0.0972120761871,-1,94.0,2,8,4.00547274408,-3.47076188991,5.3,0,9,-10.5,5.0,300.0
3.1,0.0,1,400.0,22.0,0,-1,0.0972130298615,-1,94.0,1,2,2.86539633251,4.45864372401,5.3,0,9,-10.5,5.0,300.0
3.1,0.0,2,400.0,22.0,0,-1,0.0972130298615,-1,94.0,2,15,-4.82104957538,-2.20169956891,5.3,0,9,-10.5,5.0,300.0
3.1,0.0,2,400.0,22.0,0,1,0.0972099304199,1,94.0,2,7,4.82104957538,-2.20169956891,5.3,0,9,-10.5,5.0,300.0
3.1,0.0,1,400.0,22.0,0,-1,0.0972099304199,-1,94.0,1,13,-2.86539633251,-4.45864372401,5.3,0,9,-10.5,5.0,300.0
3.1,0.0,1,400.0,22.0,0,0,0.0972080230713,0,94.0,1,3,4.00547274408,3.47076188991,5.3,0,9,-10.5,5.0,300.0
3.1,0.0,1,400.0,22.0,0,-1,0.0972230434418,-1,94.0,1,11,6.49041367526e-16,-5.3,5.3,0,9,-10.5,5.0,300.0
3.1,0.0,2,400.0,22.0,0,-1,0.0970649719238,-1,94.0,2,16,-5.24605364197,-0.754268642848,5.3,0,9,-10.5,5.0,300.0
3.1,0.0,2,400.0,22.0,0,0,0.0971438884735,0,94.0,2,10,1.49318255126,-5.08531276016,5.3,0,9,-10.5,5.0,300.0
3.1,0.0,1,400.0,22.0,0,1,0.0972139835358,1,94.0,1,8,4.00547274408,-3.47076188991,5.3,0,9,-10.5,5.0,300.0
3.1,0.0,2,400.0,22.0,0,-1,0.0970678329468,-1,94.0,2,3,4.00547274408,3.47076188991,5.3,0,9,-10.5,5.0,300.0
3.1,0.0,1,400.0,22.0,0,-1,0.0972180366516,-1,94.0,1,3,4.00547274408,3.47076188991,5.3,0,9,-10.5,5.0,300.0
3.1,0.0,2,400.0,22.0,0,-2,0.0972218513489,-2,94.0,2,20,-2.86539633251,4.45864372401,5.3,0,9,-10.5,5.0,300.0
3.1,0.0,2,400.0,22.0,0,1,0.0971839427948,1,94.0,2,8,4.00547274408,-3.47076188991,5.3,0,9,-10.5,5.0,300.0
3.1,0.0,2,400.0,22.0,0,1,0.0971839427948,1,94.0,2,5,5.24605364197,0.754268642848,5.3,0,9,-10.5,5.0,300.0
3.1,0.0,1,400.0,22.0,0,0,0.0971870422363,0,94.0,1,16,-5.24605364197,-0.754268642848,5.3,0,9,-10.5,5.0,300.0
3.1,0.0,1,400.0,22.0,0,1,0.0970430374146,-1,94.0,1,20,-2.86539633251,4.45864372401,5.3,0,9,-10.5,5.0,300.0
3.1,0.0,1,400.0,22.0,0,0,0.0970818996429,0,94.0,1,19,-4.00547274408,3.47076188991,5.3,0,9,-10.5,5.0,300.0
3.1,0.0,1,400.0,22.0,0,-1,0.0971720218658,-1,94.0,1,0,0.0,5.3,5.3,0,9,-10.5,5.0,300.0
3.1,0.0,1,400.0,22.0,0,-1,0.09716796875,-1,94.0,1,13,-2.86539633251,-4.45864372401,5.3,0,9,-10.5,5.0,300.0
3.1,0.0,2,400.0,22.0,0,-1,0.0970559120178,-1,94.0,2,11,6.49041367526e-16,-5.3,5.3,0,9,-10.5,5.0,300.0
3.1,0.0,2,400.0,22.0,0,0,0.097039937973,2,94.0,1,6,5.24605364197,-0.754268642848,5.3,0,9,-10.5,5.0,300.0
3.1,0.0,1,400.0,22.0,0,2,0.0970120429993,2,94.0,1,9,2.86539633251,-4.45864372401,5.3,0,9,-10.5,5.0,300.0
3.1,0.0,2,400.0,22.0,0,-1,0.0971710681915,-1,94.0,2,17,-5.24605364197,0.754268642848,5.3,0,9,-10.5,5.0,300.0
3.1,0.0,1,400.0,22.0,0,-1,0.0970091819763,-2,94.0,2,19,-4.00547274408,3.47076188991,5.3,0,9,-10.5,5.0,300.0
3.1,0.0,1,400.0,22.0,0,0,0.0971670150757,-1,94.0,2,20,-2.86539633251,4.45864372401,5.3,0,9,-10.5,5.0,300.0
3.1,0.0,2,400.0,22.0,0,0,0.0971829891205,0,94.0,2,17,-5.24605364197,0.754268642848,5.3,0,9,-10.5,5.0,300.0
3.1,0.0,2,400.0,22.0,0,0,0.0971810817719,0,94.0,1,18,-4.82104957538,2.20169956891,5.3,0,9,-10.5,5.0,300.0
3.1,0.0,2,400.0,22.0,0,-2,0.097039937973,-2,94.0,2,9,2.86539633251,-4.45864372401,5.3,0,9,-10.5,5.0,300.0
3.1,0.0,1,400.0,22.0,0,-1,0.0971691608429,-1,94.0,1,10,1.49318255126,-5.08531276016,5.3,0,9,-10.5,5.0,300.0
3.1,0.0,1,400.0,22.0,0,1,0.0970330238342,1,94.0,1,15,-4.82104957538,-2.20169956891,5.3,0,9,-10.5,5.0,300.0
3.1,0.0,2,400.0,22.0,0,-1,0.0971920490265,-1,94.0,2,8,4.00547274408,-3.47076188991,5.3,0,9,-10.5,5.0,300.0
3.1,0.0,1,400.0,22.0,0,1,0.0971629619598,1,94.0,1,2,2.86539633251,4.45864372401,5.3,0,9,-10.5,5.0,300.0
3.1,0.0,1,400.0,22.0,0,-1,0.0972020626068,-1,94.0,1,10,1.49318255126,-5.08531276016,5.3,0,9,-10.5,5.0,300.0
3.1,0.0,1,400.0,22.0,0,1,0.0970799922943,1,94.0,1,1,1.49318255126,5.08531276016,5.3,0,9,-10.5,5.0,300.0
3.1,0.0,1,400.0,22.0,0,1,0.0970690250397,-1,94.0,2,5,5.24605364197,0.754268642848,5.3,0,9,-10.5,5.0,300.0
3.1,0.0,2,400.0,22.0,0,0,0.0971939563751,0,94.0,1,0,0.0,5.3,5.3,0,9,-10.5,5.0,300.0
3.1,0.0,2,400.0,22.0,0,-1,0.0970180034637,-1,94.0,2,2,2.86539633251,4.45864372401,5.3,0,9,-10.5,5.0,300.0
3.1,0.0,2,400.0,22.0,0,-1,0.097186088562,-1,94.0,2,10,1.49318255126,-5.08531276016,5.3,0,9,-10.5,5.0,300.0
3.1,0.0,2,400.0,22.0,0,-1,0.0970170497894,-1,94.0,2,7,4.82104957538,-2.20169956891,5.3,0,9,-10.5,5.0,300.0
3.1,0.0,1,400.0,22.0,0,2,0.097188949585,2,94.0,1,19,-4.00547274408,3.47076188991,5.3,0,9,-10.5,5.0,300.0
3.1,0.0,1,400.0,22.0,0,0,0.0971992015839,0,94.0,1,13,-2.86539633251,-4.45864372401,5.3,0,9,-10.5,5.0,300.0
3.1,0.0,1,400.0,22.0,0,0,0.0971698760986,0,94.0,1,5,5.24605364197,0.754268642848,5.3,0,9,-10.5,5.0,300.0
3.1,0.0,2,400.0,22.0,0,2,0.0971839427948,2,94.0,2,6,5.24605364197,-0.754268642848,5.3,0,9,-10.5,5.0,300.0
3.1,0.0,1,400.0,22.0,0,-2,0.0971839427948,-2,94.0,1,18,-4.82104957538,2.20169956891,5.3,0,9,-10.5,5.0,300.0
3.1,0.0,2,400.0,22.0,0,0,0.0971989631653,0,94.0,2,10,1.49318255126,-5.08531276016,5.3,0,9,-10.5,5.0,300.0
3.1,0.0,2,400.0,22.0,0,1,0.0971918106079,1,94.0,2,8,4.00547274408,-3.47076188991,5.3,0,9,-10.5,5.0,300.0
3.1,0.0,1,400.0,22.0,0,1,0.0972559452057,1,94.0,1,9,2.86539633251,-4.45864372401,5.3,0,9,-10.5,5.0,300.0
3.1,0.0,1,400.0,22.0,0,1,0.0971968173981,-2,94.0,1,10,1.49318255126,-5.08531276016,5.3,0,9,-10.5,5.0,300.0
3.1,0.0,1,400.0,22.0,0,0,0.0972051620483,0,94.0,1,21,-1.49318255126,5.08531276016,5.3,0,9,-10.5,5.0,300.0
3.1,0.0,2,400.0,22.0,0,0,0.0972149372101,0,94.0,2,13,-2.86539633251,-4.45864372401,5.3,0,9,-10.5,5.0,300.0
3.1,0.0,2,400.0,22.0,0,0,0.0972111225128,0,94.0,2,9,2.86539633251,-4.45864372401,5.3,0,9,-10.5,5.0,300.0
3.1,0.0,1,400.0,22.0,0,1,0.0972008705139,1,94.0,1,14,-4.00547274408,-3.47076188991,5.3,0,9,-10.5,5.0,300.0
3.1,0.0,1,400.0,22.0,0,1,0.0972049236298,1,94.0,1,1,1.49318255126,5.08531276016,5.3,0,9,-10.5,5.0,300.0
3.1,0.0,1,400.0,22.0,0,2,0.0972099304199,2,94.0,1,15,-4.82104957538,-2.20169956891,5.3,0,9,-10.5,5.0,300.0
3.1,0.0,1,400.0,22.0,0,0,0.0971958637238,0,94.0,1,2,2.86539633251,4.45864372401,5.3,0,9,-10.5,5.0,300.0
3.1,0.0,1,400.0,22.0,0,2,0.097198009491,-1,94.0,1,6,5.24605364197,-0.754268642848,5.3,0,9,-10.5,5.0,300.0
3.1,0.0,2,400.0,22.0,0,-2,0.0971901416779,-2,94.0,2,13,-2.86539633251,-4.45864372401,5.3,0,9,-10.5,5.0,300.0
3.1,0.0,2,400.0,22.0,0,1,0.0972108840942,-1,94.0,2,20,-2.86539633251,4.45864372401,5.3,0,9,-10.5,5.0,300.0
3.1,0.0,2,400.0,22.0,0,-1,0.0972089767456,-1,94.0,2,17,-5.24605364197,0.754268642848,5.3,0,9,-10.5,5.0,300.0
3.1,0.0,1,400.0,22.0,0,2,0.0971808433533,2,94.0,1,19,-4.00547274408,3.47076188991,5.3,0,9,-10.5,5.0,300.0
3.1,0.0,1,400.0,22.0,0,-2,0.0970258712769,-2,94.0,1,10,1.49318255126,-5.08531276016,5.3,0,9,-10.5,5.0,300.0
3.1,0.0,1,400.0,22.0,0,0,0.0971691608429,0,94.0,1,6,5.24605364197,-0.754268642848,5.3,0,9,-10.5,5.0,300.0
3.1,0.0,2,400.0,22.0,0,0,0.0970079898834,0,94.0,2,15,-4.82104957538,-2.20169956891,5.3,0,9,-10.5,5.0,300.0
3.1,0.0,1,400.0,22.0,0,2,0.097076177597,2,94.0,1,3,4.00547274408,3.47076188991,5.3,0,9,-10.5,5.0,300.0
3.1,0.0,1,400.0,22.0,0,-1,0.0973689556122,-1,94.0,1,6,5.24605364197,-0.754268642848,5.3,0,9,-10.5,5.0,300.0
3.1,0.0,2,400.0,22.0,0,2,0.0970809459686,2,94.0,2,14,-4.00547274408,-3.47076188991,5.3,0,9,-10.5,5.0,300.0
3.1,0.0,1,400.0,22.0,0,-1,0.0971801280975,-1,94.0,1,8,4.00547274408,-3.47076188991,5.3,0,9,-10.5,5.0,300.0
3.1,0.0,2,400.0,22.0,0,2,0.0971930027008,-2,94.0,2,18,-4.82104957538,2.20169956891,5.3,0,9,-10.5,5.0,300.0
3.1,0.0,1,400.0,22.0,0,-2,0.0971720218658,1,94.0,1,16,-5.24605364197,-0.754268642848,5.3,0,9,-10.5,5.0,300.0
3.1,0.0,2,400.0,22.0,0,0,0.0971400737762,-1,94.0,1,18,-4.82104957538,2.20169956891,5.3,0,9,-10.5,5.0,300.0
3.1,0.0,1,400.0,22.0,0,0,0.0971801280975,0,94.0,1,18,-4.82104957538,2.20169956891,5.3,0,9,-10.5,5.0,300.0
3.1,0.0,2,400.0,22.0,0,1,0.0970070362091,-1,94.0,2,10,1.49318255126,-5.08531276016,5.3,0,9,-10.5,5.0,300.0
3.1,0.0,2,400.0,22.0,0,-2,0.0971858501434,-2,94.0,2,10,1.49318255126,-5.08531276016,5.3,0,9,-10.5,5.0,300.0
3.1,0.0,1,400.0,22.0,0,0,0.0970239639282,0,94.0,1,8,4.00547274408,-3.47076188991,5.3,0,9,-10.5,5.0,300.0
3.1,0.0,2,400.0,22.0,0,0,0.0971620082855,2,94.0,2,4,4.82104957538,2.20169956891,5.3,0,9,-10.5,5.0,300.0
3.1,0.0,2,400.0,22.0,0,0,0.097177028656,0,94.0,2,1,1.49318255126,5.08531276016,5.3,0,9,-10.5,5.0,300.0
3.1,0.0,1,400.0,22.0,0,-1,0.0971701145172,1,94.0,2,16,-5.24605364197,-0.754268642848,5.3,0,9,-10.5,5.0,300.0
3.1,0.0,1,400.0,22.0,0,1,0.0971870422363,1,94.0,1,7,4.82104957538,-2.20169956891,5.3,0,9,-10.5,5.0,300.0
3.1,0.0,2,400.0,22.0,0,0,0.0971989631653,1,94.0,2,19,-4.00547274408,3.47076188991,5.3,0,9,-10.5,5.0,300.0
3.1,0.0,2,400.0,22.0,0,2,0.0971398353577,2,94.0,2,3,4.00547274408,3.47076188991,5.3,0,9,-10.5,5.0,300.0
3.1,0.0,1,400.0,22.0,0,-2,0.097295999527,-1,94.0,1,20,-2.86539633251,4.45864372401,5.3,0,9,-10.5,5.0,300.0
3.1,0.0,2,400.0,22.0,0,0,0.0972299575806,-1,94.0,1,21,-1.49318255126,5.08531276016,5.3,0,9,-10.5,5.0,300.0
3.1,0.0,1,400.0,22.0,0,-1,0.0971939563751,-1,94.0,1,20,-2.86539633251,4.45864372401,5.3,0,9,-10.5,5.0,300.0
3.1,0.0,2,400.0,22.0,0,1,0.0972001552582,1,94.0,2,4,4.82104957538,2.20169956891,5.3,0,9,-10.5,5.0,300.0
3.1,0.0,2,400.0,22.0,0,-1,0.0972089767456,-1,94.0,2,19,-4.00547274408,3.47076188991,5.3,0,9,-10.5,5.0,300.0
3.1,0.0,2,400.0,22.0,0,0,0.0972101688385,0,94.0,2,15,-4.82104957538,-2.20169956891,5.3,0,9,-10.5,5.0,300.0
3.1,0.0,2,400.0,22.0,0,1,0.0972049236298,1,94.0,2,3,4.00547274408,3.47076188991,5.3,0,9,-10.5,5.0,300.0
3.1,0.0,2,400.0,22.0,0,-1,0.097179889679,0,94.0,1,13,-2.86539633251,-4.45864372401,5.3,0,9,-10.5,5.0,300.0
3.1,0.0,1,400.0,22.0,0,2,0.0970840454102,-1,94.0,2,6,5.24605364197,-0.754268642848,5.3,0,9,-10.5,5.0,300.0
3.1,0.0,1,400.0,22.0,0,2,0.0971729755402,-2,94.0,1,16,-5.24605364197,-0.754268642848,5.3,0,9,-10.5,5.0,300.0
3.1,0.0,1,400.0,22.0,0,-1,0.0971767902374,-1,94.0,1,4,4.82104957538,2.20169956891,5.3,0,9,-10.5,5.0,300.0
3.1,0.0,1,400.0,22.0,0,-1,0.0970499515533,-1,94.0,1,16,-5.24605364197,-0.754268642848,5.3,0,9,-10.5,5.0,300.0
