cue-length,ms-precue,resp-v-hv,ms-st-cue,nitems,offset2,resp-h-pos,actualStimOn,resp-v-pos,ms-stimon,resp-h-hv,cue-loc-int,cue-loc-x,cue-loc-y,radius,bars-or-spot,version,offset,npractice,ntrials
3.1,0.0,2,400.0,22.0,0,-2,0.0970091819763,-2,94.0,2,9,2.86539633251,-4.45864372401,5.3,3.0,1,3.75,5.0,400.0
3.1,0.0,1,400.0,22.0,0,-1,0.0970089435577,1,94.0,1,18,-4.82104957538,2.20169956891,5.3,3.0,1,3.75,5.0,400.0
3.1,0.0,2,400.0,22.0,0,-1,0.0972909927368,-1,94.0,2,10,1.49318255126,-5.08531276016,5.3,3.0,1,3.75,5.0,400.0
3.1,0.0,1,400.0,22.0,0,-1,0.0970220565796,-1,94.0,1,2,2.86539633251,4.45864372401,5.3,3.0,1,3.75,5.0,400.0
3.1,0.0,1,400.0,22.0,0,-1,0.0970010757446,-1,94.0,1,7,4.82104957538,-2.20169956891,5.3,3.0,1,3.75,5.0,400.0
3.1,0.0,1,400.0,22.0,0,2,0.0970189571381,2,94.0,1,12,-1.49318255126,-5.08531276016,5.3,3.0,1,3.75,5.0,400.0
3.1,0.0,1,400.0,22.0,0,1,0.0970139503479,1,94.0,1,2,2.86539633251,4.45864372401,5.3,3.0,1,3.75,5.0,400.0
3.1,0.0,2,400.0,22.0,0,0,0.0970170497894,0,94.0,1,20,-2.86539633251,4.45864372401,5.3,3.0,1,3.75,5.0,400.0
3.1,0.0,2,400.0,22.0,0,-2,0.0970120429993,-2,94.0,2,8,4.00547274408,-3.47076188991,5.3,3.0,1,3.75,5.0,400.0
3.1,0.0,2,400.0,22.0,0,1,0.0970208644867,1,94.0,1,14,-4.00547274408,-3.47076188991,5.3,3.0,1,3.75,5.0,400.0
3.1,0.0,1,400.0,22.0,0,-2,0.097058057785,0,94.0,2,14,-4.00547274408,-3.47076188991,5.3,3.0,1,3.75,5.0,400.0
3.1,0.0,2,400.0,22.0,0,-1,0.0970408916473,-1,94.0,1,14,-4.00547274408,-3.47076188991,5.3,3.0,1,3.75,5.0,400.0
3.1,0.0,1,400.0,22.0,0,0,0.0970370769501,-1,94.0,1,15,-4.82104957538,-2.20169956891,5.3,3.0,1,3.75,5.0,400.0
3.1,0.0,2,400.0,22.0,0,0,0.0970349311829,-1,94.0,1,11,6.49041367526e-16,-5.3,5.3,3.0,1,3.75,5.0,400.0
3.1,0.0,1,400.0,22.0,0,0,0.0971829891205,1,94.0,1,19,-4.00547274408,3.47076188991,5.3,3.0,1,3.75,5.0,400.0
3.1,0.0,1,400.0,22.0,0,-1,0.0972080230713,-2,94.0,1,3,4.00547274408,3.47076188991,5.3,3.0,1,3.75,5.0,400.0
3.1,0.0,1,400.0,22.0,0,0,0.0972142219543,0,94.0,1,8,4.00547274408,-3.47076188991,5.3,3.0,1,3.75,5.0,400.0
3.1,0.0,2,400.0,22.0,0,1,0.0971779823303,1,94.0,1,14,-4.00547274408,-3.47076188991,5.3,3.0,1,3.75,5.0,400.0
3.1,0.0,2,400.0,22.0,0,0,0.0972218513489,0,94.0,1,8,4.00547274408,-3.47076188991,5.3,3.0,1,3.75,5.0,400.0
3.1,0.0,2,400.0,22.0,0,2,0.0972170829773,-1,94.0,1,13,-2.86539633251,-4.45864372401,5.3,3.0,1,3.75,5.0,400.0
3.1,0.0,2,400.0,22.0,0,1,0.0972099304199,-1,94.0,2,16,-5.24605364197,-0.754268642848,5.3,3.0,1,3.75,5.0,400.0
3.1,0.0,1,400.0,22.0,0,0,0.0971729755402,-2,94.0,1,21,-1.49318255126,5.08531276016,5.3,3.0,1,3.75,5.0,400.0
3.1,0.0,2,400.0,22.0,0,0,0.097198009491,0,94.0,1,0,0.0,5.3,5.3,3.0,1,3.75,5.0,400.0
3.1,0.0,2,400.0,22.0,0,-1,0.0972220897675,0,94.0,1,16,-5.24605364197,-0.754268642848,5.3,3.0,1,3.75,5.0,400.0
3.1,0.0,2,400.0,22.0,0,1,0.0971949100494,0,94.0,1,16,-5.24605364197,-0.754268642848,5.3,3.0,1,3.75,5.0,400.0
3.1,0.0,1,400.0,22.0,0,-1,0.097204208374,-1,94.0,1,9,2.86539633251,-4.45864372401,5.3,3.0,1,3.75,5.0,400.0
3.1,0.0,2,400.0,22.0,0,0,0.097177028656,1,94.0,2,14,-4.00547274408,-3.47076188991,5.3,3.0,1,3.75,5.0,400.0
3.1,0.0,2,400.0,22.0,0,0,0.0971910953522,0,94.0,1,6,5.24605364197,-0.754268642848,5.3,3.0,1,3.75,5.0,400.0
3.1,0.0,1,400.0,22.0,0,-1,0.0970139503479,1,94.0,2,13,-2.86539633251,-4.45864372401,5.3,3.0,1,3.75,5.0,400.0
3.1,0.0,2,400.0,22.0,0,2,0.0970079898834,-1,94.0,1,16,-5.24605364197,-0.754268642848,5.3,3.0,1,3.75,5.0,400.0
3.1,0.0,2,400.0,22.0,0,0,0.0971789360046,2,94.0,2,7,4.82104957538,-2.20169956891,5.3,3.0,1,3.75,5.0,400.0
3.1,0.0,2,400.0,22.0,0,-1,0.0971810817719,-1,94.0,2,5,5.24605364197,0.754268642848,5.3,3.0,1,3.75,5.0,400.0
3.1,0.0,1,400.0,22.0,0,0,0.0971879959106,1,94.0,1,9,2.86539633251,-4.45864372401,5.3,3.0,1,3.75,5.0,400.0
3.1,0.0,2,400.0,22.0,0,-1,0.0971949100494,-2,94.0,2,16,-5.24605364197,-0.754268642848,5.3,3.0,1,3.75,5.0,400.0
3.1,0.0,1,400.0,22.0,0,1,0.0970280170441,0,94.0,2,0,0.0,5.3,5.3,3.0,1,3.75,5.0,400.0
3.1,0.0,2,400.0,22.0,0,0,0.0970180034637,0,94.0,1,2,2.86539633251,4.45864372401,5.3,3.0,1,3.75,5.0,400.0
3.1,0.0,2,400.0,22.0,0,2,0.097039937973,2,94.0,2,11,6.49041367526e-16,-5.3,5.3,3.0,1,3.75,5.0,400.0
3.1,0.0,1,400.0,22.0,0,0,0.0970478057861,2,94.0,1,4,4.82104957538,2.20169956891,5.3,3.0,1,3.75,5.0,400.0
3.1,0.0,1,400.0,22.0,0,1,0.0970389842987,0,94.0,2,7,4.82104957538,-2.20169956891,5.3,3.0,1,3.75,5.0,400.0
3.1,0.0,1,400.0,22.0,0,0,0.0972208976746,-1,94.0,1,19,-4.00547274408,3.47076188991,5.3,3.0,1,3.75,5.0,400.0
3.1,0.0,1,400.0,22.0,0,0,0.0971910953522,0,94.0,1,10,1.49318255126,-5.08531276016,5.3,3.0,1,3.75,5.0,400.0
3.1,0.0,2,400.0,22.0,0,1,0.097177028656,0,94.0,1,6,5.24605364197,-0.754268642848,5.3,3.0,1,3.75,5.0,400.0
3.1,0.0,1,400.0,22.0,0,-2,0.0971968173981,-2,94.0,1,17,-5.24605364197,0.754268642848,5.3,3.0,1,3.75,5.0,400.0
3.1,0.0,1,400.0,22.0,0,-1,0.0972051620483,-1,94.0,1,4,4.82104957538,2.20169956891,5.3,3.0,1,3.75,5.0,400.0
3.1,0.0,1,400.0,22.0,0,0,0.0972318649292,1,94.0,1,16,-5.24605364197,-0.754268642848,5.3,3.0,1,3.75,5.0,400.0
3.1,0.0,2,400.0,22.0,0,-1,0.0970590114594,2,94.0,1,1,1.49318255126,5.08531276016,5.3,3.0,1,3.75,5.0,400.0
3.1,0.0,1,400.0,22.0,0,1,0.0970270633698,0,94.0,1,21,-1.49318255126,5.08531276016,5.3,3.0,1,3.75,5.0,400.0
3.1,0.0,2,400.0,22.0,0,0,0.0970020294189,1,94.0,1,19,-4.00547274408,3.47076188991,5.3,3.0,1,3.75,5.0,400.0
3.1,0.0,2,400.0,22.0,0,-1,0.0970010757446,-1,94.0,1,21,-1.49318255126,5.08531276016,5.3,3.0,1,3.75,5.0,400.0
3.1,0.0,1,400.0,22.0,0,0,0.0971899032593,0,94.0,1,18,-4.82104957538,2.20169956891,5.3,3.0,1,3.75,5.0,400.0
3.1,0.0,1,400.0,22.0,0,1,0.0970060825348,1,94.0,1,15,-4.82104957538,-2.20169956891,5.3,3.0,1,3.75,5.0,400.0
3.1,0.0,1,400.0,22.0,0,1,0.0970239639282,2,94.0,1,0,0.0,5.3,5.3,3.0,1,3.75,5.0,400.0
3.1,0.0,2,400.0,22.0,0,-1,0.0970830917358,0,94.0,1,11,6.49041367526e-16,-5.3,5.3,3.0,1,3.75,5.0,400.0
3.1,0.0,1,400.0,22.0,0,0,0.0970048904419,-1,94.0,1,14,-4.00547274408,-3.47076188991,5.3,3.0,1,3.75,5.0,400.0
3.1,0.0,2,400.0,22.0,0,-2,0.0970089435577,0,94.0,1,21,-1.49318255126,5.08531276016,5.3,3.0,1,3.75,5.0,400.0
3.1,0.0,2,400.0,22.0,0,0,0.0970268249512,-1,94.0,1,21,-1.49318255126,5.08531276016,5.3,3.0,1,3.75,5.0,400.0
3.1,0.0,1,400.0,22.0,0,0,0.0970180034637,2,94.0,1,2,2.86539633251,4.45864372401,5.3,3.0,1,3.75,5.0,400.0
3.1,0.0,2,400.0,22.0,0,0,0.0970461368561,0,94.0,2,7,4.82104957538,-2.20169956891,5.3,3.0,1,3.75,5.0,400.0
3.1,0.0,1,400.0,22.0,0,1,0.0970189571381,-2,94.0,1,11,6.49041367526e-16,-5.3,5.3,3.0,1,3.75,5.0,400.0
3.1,0.0,2,400.0,22.0,0,0,0.0970330238342,0,94.0,1,7,4.82104957538,-2.20169956891,5.3,3.0,1,3.75,5.0,400.0
3.1,0.0,2,400.0,22.0,0,0,0.0970170497894,-2,94.0,1,8,4.00547274408,-3.47076188991,5.3,3.0,1,3.75,5.0,400.0
3.1,0.0,1,400.0,22.0,0,-1,0.0970160961151,-1,94.0,2,19,-4.00547274408,3.47076188991,5.3,3.0,1,3.75,5.0,400.0
3.1,0.0,2,400.0,22.0,0,2,0.0970189571381,0,94.0,2,13,-2.86539633251,-4.45864372401,5.3,3.0,1,3.75,5.0,400.0
3.1,0.0,1,400.0,22.0,0,0,0.0972061157227,1,94.0,2,6,5.24605364197,-0.754268642848,5.3,3.0,1,3.75,5.0,400.0
3.1,0.0,2,400.0,22.0,0,0,0.0971970558167,-1,94.0,2,2,2.86539633251,4.45864372401,5.3,3.0,1,3.75,5.0,400.0
3.1,0.0,1,400.0,22.0,0,2,0.0971949100494,2,94.0,1,7,4.82104957538,-2.20169956891,5.3,3.0,1,3.75,5.0,400.0
3.1,0.0,1,400.0,22.0,0,0,0.0971851348877,0,94.0,1,13,-2.86539633251,-4.45864372401,5.3,3.0,1,3.75,5.0,400.0
3.1,0.0,2,400.0,22.0,0,-2,0.0970458984375,0,94.0,2,12,-1.49318255126,-5.08531276016,5.3,3.0,1,3.75,5.0,400.0
3.1,0.0,1,400.0,22.0,0,1,0.0971920490265,-1,94.0,1,17,-5.24605364197,0.754268642848,5.3,3.0,1,3.75,5.0,400.0
3.1,0.0,2,400.0,22.0,0,0,0.0971739292145,0,94.0,1,8,4.00547274408,-3.47076188991,5.3,3.0,1,3.75,5.0,400.0
3.1,0.0,1,400.0,22.0,0,-2,0.0971891880035,1,94.0,2,14,-4.00547274408,-3.47076188991,5.3,3.0,1,3.75,5.0,400.0
3.1,0.0,1,400.0,22.0,0,0,0.0972180366516,2,94.0,1,20,-2.86539633251,4.45864372401,5.3,3.0,1,3.75,5.0,400.0
3.1,0.0,1,400.0,22.0,0,0,0.0972051620483,2,94.0,1,15,-4.82104957538,-2.20169956891,5.3,3.0,1,3.75,5.0,400.0
3.1,0.0,2,400.0,22.0,0,0,0.0971989631653,1,94.0,2,12,-1.49318255126,-5.08531276016,5.3,3.0,1,3.75,5.0,400.0
3.1,0.0,1,400.0,22.0,0,1,0.0972230434418,-1,94.0,1,21,-1.49318255126,5.08531276016,5.3,3.0,1,3.75,5.0,400.0
3.1,0.0,2,400.0,22.0,0,0,0.0971720218658,0,94.0,1,1,1.49318255126,5.08531276016,5.3,3.0,1,3.75,5.0,400.0
3.1,0.0,1,400.0,22.0,0,1,0.097177028656,-1,94.0,1,8,4.00547274408,-3.47076188991,5.3,3.0,1,3.75,5.0,400.0
3.1,0.0,2,400.0,22.0,0,0,0.0971820354462,-1,94.0,1,7,4.82104957538,-2.20169956891,5.3,3.0,1,3.75,5.0,400.0
3.1,0.0,2,400.0,22.0,0,0,0.0970101356506,1,94.0,1,1,1.49318255126,5.08531276016,5.3,3.0,1,3.75,5.0,400.0
3.1,0.0,1,400.0,22.0,0,1,0.0970058441162,2,94.0,1,13,-2.86539633251,-4.45864372401,5.3,3.0,1,3.75,5.0,400.0
3.1,0.0,1,400.0,22.0,0,1,0.0970151424408,-2,94.0,2,8,4.00547274408,-3.47076188991,5.3,3.0,1,3.75,5.0,400.0
3.1,0.0,2,400.0,22.0,0,0,0.0970051288605,0,94.0,1,8,4.00547274408,-3.47076188991,5.3,3.0,1,3.75,5.0,400.0
3.1,0.0,2,400.0,22.0,0,-1,0.0969970226288,-2,94.0,1,1,1.49318255126,5.08531276016,5.3,3.0,1,3.75,5.0,400.0
3.1,0.0,2,400.0,22.0,0,1,0.0970108509064,-1,94.0,1,15,-4.82104957538,-2.20169956891,5.3,3.0,1,3.75,5.0,400.0
3.1,0.0,1,400.0,22.0,0,1,0.0970320701599,-1,94.0,1,9,2.86539633251,-4.45864372401,5.3,3.0,1,3.75,5.0,400.0
3.1,0.0,2,400.0,22.0,0,-1,0.0970180034637,-1,94.0,2,14,-4.00547274408,-3.47076188991,5.3,3.0,1,3.75,5.0,400.0
3.1,0.0,1,400.0,22.0,0,0,0.0970199108124,-1,94.0,1,8,4.00547274408,-3.47076188991,5.3,3.0,1,3.75,5.0,400.0
3.1,0.0,2,400.0,22.0,0,0,0.097020149231,-2,94.0,2,12,-1.49318255126,-5.08531276016,5.3,3.0,1,3.75,5.0,400.0
3.1,0.0,1,400.0,22.0,0,2,0.0970339775085,0,94.0,1,18,-4.82104957538,2.20169956891,5.3,3.0,1,3.75,5.0,400.0
3.1,0.0,2,400.0,22.0,0,0,0.0970349311829,-1,94.0,1,0,0.0,5.3,5.3,3.0,1,3.75,5.0,400.0
3.1,0.0,2,400.0,22.0,0,-1,0.097030878067,-1,94.0,2,10,1.49318255126,-5.08531276016,5.3,3.0,1,3.75,5.0,400.0
3.1,0.0,2,400.0,22.0,0,-1,0.0970668792725,-1,94.0,1,20,-2.86539633251,4.45864372401,5.3,3.0,1,3.75,5.0,400.0
3.1,0.0,1,400.0,22.0,0,0,0.0971758365631,0,94.0,1,4,4.82104957538,2.20169956891,5.3,3.0,1,3.75,5.0,400.0
3.1,0.0,1,400.0,22.0,0,1,0.0971879959106,1,94.0,1,15,-4.82104957538,-2.20169956891,5.3,3.0,1,3.75,5.0,400.0
3.1,0.0,1,400.0,22.0,0,0,0.0971729755402,-2,94.0,1,3,4.00547274408,3.47076188991,5.3,3.0,1,3.75,5.0,400.0
3.1,0.0,2,400.0,22.0,0,0,0.0972180366516,0,94.0,1,19,-4.00547274408,3.47076188991,5.3,3.0,1,3.75,5.0,400.0
3.1,0.0,2,400.0,22.0,0,0,0.0971870422363,0,94.0,2,18,-4.82104957538,2.20169956891,5.3,3.0,1,3.75,5.0,400.0
3.1,0.0,1,400.0,22.0,0,0,0.0972080230713,2,94.0,1,3,4.00547274408,3.47076188991,5.3,3.0,1,3.75,5.0,400.0
3.1,0.0,2,400.0,22.0,0,0,0.097216129303,0,94.0,1,21,-1.49318255126,5.08531276016,5.3,3.0,1,3.75,5.0,400.0
3.1,0.0,2,400.0,22.0,0,0,0.0972158908844,0,94.0,1,3,4.00547274408,3.47076188991,5.3,3.0,1,3.75,5.0,400.0
3.1,0.0,2,400.0,22.0,0,1,0.0972080230713,1,94.0,1,16,-5.24605364197,-0.754268642848,5.3,3.0,1,3.75,5.0,400.0
3.1,0.0,2,400.0,22.0,0,0,0.0972189903259,0,94.0,1,8,4.00547274408,-3.47076188991,5.3,3.0,1,3.75,5.0,400.0
3.1,0.0,2,400.0,22.0,0,0,0.0971789360046,-2,94.0,1,1,1.49318255126,5.08531276016,5.3,3.0,1,3.75,5.0,400.0
3.1,0.0,1,400.0,22.0,0,0,0.0969998836517,1,94.0,1,14,-4.00547274408,-3.47076188991,5.3,3.0,1,3.75,5.0,400.0
3.1,0.0,2,400.0,22.0,0,1,0.0971760749817,-1,94.0,2,21,-1.49318255126,5.08531276016,5.3,3.0,1,3.75,5.0,400.0
3.1,0.0,2,400.0,22.0,0,1,0.0971879959106,2,94.0,2,12,-1.49318255126,-5.08531276016,5.3,3.0,1,3.75,5.0,400.0
3.1,0.0,2,400.0,22.0,0,1,0.0971901416779,1,94.0,2,7,4.82104957538,-2.20169956891,5.3,3.0,1,3.75,5.0,400.0
3.1,0.0,1,400.0,22.0,0,2,0.0970220565796,1,94.0,2,12,-1.49318255126,-5.08531276016,5.3,3.0,1,3.75,5.0,400.0
3.1,0.0,2,400.0,22.0,0,0,0.0971949100494,-1,94.0,1,4,4.82104957538,2.20169956891,5.3,3.0,1,3.75,5.0,400.0
3.1,0.0,1,400.0,22.0,0,0,0.0970981121063,-1,94.0,1,8,4.00547274408,-3.47076188991,5.3,3.0,1,3.75,5.0,400.0
3.1,0.0,2,400.0,22.0,0,0,0.097051858902,0,94.0,1,5,5.24605364197,0.754268642848,5.3,3.0,1,3.75,5.0,400.0
3.1,0.0,1,400.0,22.0,0,0,0.0970311164856,-2,94.0,2,19,-4.00547274408,3.47076188991,5.3,3.0,1,3.75,5.0,400.0
3.1,0.0,2,400.0,22.0,0,0,0.0970258712769,1,94.0,1,5,5.24605364197,0.754268642848,5.3,3.0,1,3.75,5.0,400.0
3.1,0.0,2,400.0,22.0,0,1,0.097048997879,1,94.0,1,0,0.0,5.3,5.3,3.0,1,3.75,5.0,400.0
3.1,0.0,2,400.0,22.0,0,0,0.0970311164856,0,94.0,1,4,4.82104957538,2.20169956891,5.3,3.0,1,3.75,5.0,400.0
3.1,0.0,2,400.0,22.0,0,-2,0.0970919132233,-2,94.0,2,6,5.24605364197,-0.754268642848,5.3,3.0,1,3.75,5.0,400.0
3.1,0.0,1,400.0,22.0,0,0,0.0972120761871,-2,94.0,2,21,-1.49318255126,5.08531276016,5.3,3.0,1,3.75,5.0,400.0
3.1,0.0,2,400.0,22.0,0,0,0.0971729755402,0,94.0,1,19,-4.00547274408,3.47076188991,5.3,3.0,1,3.75,5.0,400.0
3.1,0.0,2,400.0,22.0,0,0,0.0972139835358,0,94.0,1,4,4.82104957538,2.20169956891,5.3,3.0,1,3.75,5.0,400.0
3.1,0.0,2,400.0,22.0,0,1,0.0970578193665,1,94.0,1,21,-1.49318255126,5.08531276016,5.3,3.0,1,3.75,5.0,400.0
3.1,0.0,1,400.0,22.0,0,1,0.0970590114594,1,94.0,1,18,-4.82104957538,2.20169956891,5.3,3.0,1,3.75,5.0,400.0
3.1,0.0,2,400.0,22.0,0,0,0.0971779823303,0,94.0,1,5,5.24605364197,0.754268642848,5.3,3.0,1,3.75,5.0,400.0
3.1,0.0,2,400.0,22.0,0,-1,0.0972390174866,1,94.0,2,20,-2.86539633251,4.45864372401,5.3,3.0,1,3.75,5.0,400.0
3.1,0.0,2,400.0,22.0,0,0,0.0971870422363,0,94.0,1,0,0.0,5.3,5.3,3.0,1,3.75,5.0,400.0
3.1,0.0,2,400.0,22.0,0,0,0.0971851348877,-1,94.0,1,19,-4.00547274408,3.47076188991,5.3,3.0,1,3.75,5.0,400.0
3.1,0.0,2,400.0,22.0,0,2,0.0971488952637,-2,94.0,2,7,4.82104957538,-2.20169956891,5.3,3.0,1,3.75,5.0,400.0
3.1,0.0,2,400.0,22.0,0,0,0.0971870422363,1,94.0,1,4,4.82104957538,2.20169956891,5.3,3.0,1,3.75,5.0,400.0
3.1,0.0,2,400.0,22.0,0,0,0.0971810817719,0,94.0,2,20,-2.86539633251,4.45864372401,5.3,3.0,1,3.75,5.0,400.0
3.1,0.0,1,400.0,22.0,0,0,0.0972008705139,-1,94.0,1,5,5.24605364197,0.754268642848,5.3,3.0,1,3.75,5.0,400.0
3.1,0.0,1,400.0,22.0,0,-2,0.0971879959106,-1,94.0,1,10,1.49318255126,-5.08531276016,5.3,3.0,1,3.75,5.0,400.0
3.1,0.0,1,400.0,22.0,0,0,0.0970180034637,0,94.0,1,18,-4.82104957538,2.20169956891,5.3,3.0,1,3.75,5.0,400.0
3.1,0.0,1,400.0,22.0,0,1,0.0971930027008,-1,94.0,2,8,4.00547274408,-3.47076188991,5.3,3.0,1,3.75,5.0,400.0
3.1,0.0,2,400.0,22.0,0,0,0.0970749855042,0,94.0,1,5,5.24605364197,0.754268642848,5.3,3.0,1,3.75,5.0,400.0
3.1,0.0,2,400.0,22.0,0,0,0.0971899032593,1,94.0,1,6,5.24605364197,-0.754268642848,5.3,3.0,1,3.75,5.0,400.0
3.1,0.0,2,400.0,22.0,0,0,0.0970559120178,0,94.0,1,3,4.00547274408,3.47076188991,5.3,3.0,1,3.75,5.0,400.0
3.1,0.0,2,400.0,22.0,0,0,0.0970451831818,0,94.0,1,16,-5.24605364197,-0.754268642848,5.3,3.0,1,3.75,5.0,400.0
3.1,0.0,2,400.0,22.0,0,-2,0.0970220565796,-2,94.0,1,9,2.86539633251,-4.45864372401,5.3,3.0,1,3.75,5.0,400.0
3.1,0.0,2,400.0,22.0,0,0,0.0971717834473,0,94.0,1,7,4.82104957538,-2.20169956891,5.3,3.0,1,3.75,5.0,400.0
3.1,0.0,1,400.0,22.0,0,0,0.0970079898834,2,94.0,1,8,4.00547274408,-3.47076188991,5.3,3.0,1,3.75,5.0,400.0
3.1,0.0,2,400.0,22.0,0,1,0.0970220565796,1,94.0,1,21,-1.49318255126,5.08531276016,5.3,3.0,1,3.75,5.0,400.0
3.1,0.0,1,400.0,22.0,0,0,0.097186088562,0,94.0,1,2,2.86539633251,4.45864372401,5.3,3.0,1,3.75,5.0,400.0
3.1,0.0,1,400.0,22.0,0,0,0.0970339775085,2,94.0,1,5,5.24605364197,0.754268642848,5.3,3.0,1,3.75,5.0,400.0
3.1,0.0,1,400.0,22.0,0,0,0.0971958637238,-1,94.0,1,21,-1.49318255126,5.08531276016,5.3,3.0,1,3.75,5.0,400.0
3.1,0.0,1,400.0,22.0,0,0,0.0970730781555,0,94.0,1,8,4.00547274408,-3.47076188991,5.3,3.0,1,3.75,5.0,400.0
3.1,0.0,1,400.0,22.0,0,0,0.0970349311829,-1,94.0,1,0,0.0,5.3,5.3,3.0,1,3.75,5.0,400.0
3.1,0.0,2,400.0,22.0,0,0,0.0971829891205,-1,94.0,1,18,-4.82104957538,2.20169956891,5.3,3.0,1,3.75,5.0,400.0
3.1,0.0,1,400.0,22.0,0,0,0.0971910953522,0,94.0,1,2,2.86539633251,4.45864372401,5.3,3.0,1,3.75,5.0,400.0
3.1,0.0,1,400.0,22.0,0,0,0.0970468521118,0,94.0,1,4,4.82104957538,2.20169956891,5.3,3.0,1,3.75,5.0,400.0
3.1,0.0,2,400.0,22.0,0,0,0.097226858139,0,94.0,1,21,-1.49318255126,5.08531276016,5.3,3.0,1,3.75,5.0,400.0
3.1,0.0,1,400.0,22.0,0,2,0.0972218513489,2,94.0,1,17,-5.24605364197,0.754268642848,5.3,3.0,1,3.75,5.0,400.0
3.1,0.0,1,400.0,22.0,0,-2,0.0970590114594,-2,94.0,1,10,1.49318255126,-5.08531276016,5.3,3.0,1,3.75,5.0,400.0
3.1,0.0,2,400.0,22.0,0,-2,0.0972180366516,-2,94.0,2,9,2.86539633251,-4.45864372401,5.3,3.0,1,3.75,5.0,400.0
3.1,0.0,1,400.0,22.0,0,1,0.0972230434418,1,94.0,1,15,-4.82104957538,-2.20169956891,5.3,3.0,1,3.75,5.0,400.0
3.1,0.0,2,400.0,22.0,0,1,0.0971939563751,1,94.0,2,5,5.24605364197,0.754268642848,5.3,3.0,1,3.75,5.0,400.0
3.1,0.0,1,400.0,22.0,0,0,0.0970079898834,-1,94.0,1,20,-2.86539633251,4.45864372401,5.3,3.0,1,3.75,5.0,400.0
3.1,0.0,1,400.0,22.0,0,0,0.0972220897675,0,94.0,2,6,5.24605364197,-0.754268642848,5.3,3.0,1,3.75,5.0,400.0
3.1,0.0,1,400.0,22.0,0,-1,0.0970060825348,-1,94.0,1,10,1.49318255126,-5.08531276016,5.3,3.0,1,3.75,5.0,400.0
3.1,0.0,1,400.0,22.0,0,0,0.0971989631653,0,94.0,2,7,4.82104957538,-2.20169956891,5.3,3.0,1,3.75,5.0,400.0
3.1,0.0,1,400.0,22.0,0,0,0.0971970558167,0,94.0,1,14,-4.00547274408,-3.47076188991,5.3,3.0,1,3.75,5.0,400.0
3.1,0.0,1,400.0,22.0,0,0,0.0970010757446,0,94.0,1,6,5.24605364197,-0.754268642848,5.3,3.0,1,3.75,5.0,400.0
3.1,0.0,1,400.0,22.0,0,-1,0.0971550941467,0,94.0,2,5,5.24605364197,0.754268642848,5.3,3.0,1,3.75,5.0,400.0
3.1,0.0,1,400.0,22.0,0,0,0.0971939563751,0,94.0,1,8,4.00547274408,-3.47076188991,5.3,3.0,1,3.75,5.0,400.0
3.1,0.0,1,400.0,22.0,0,1,0.0970590114594,-2,94.0,1,1,1.49318255126,5.08531276016,5.3,3.0,1,3.75,5.0,400.0
3.1,0.0,2,400.0,22.0,0,0,0.0970141887665,0,94.0,1,7,4.82104957538,-2.20169956891,5.3,3.0,1,3.75,5.0,400.0
3.1,0.0,2,400.0,22.0,0,0,0.0971760749817,0,94.0,1,16,-5.24605364197,-0.754268642848,5.3,3.0,1,3.75,5.0,400.0
3.1,0.0,1,400.0,22.0,0,0,0.0971832275391,2,94.0,1,20,-2.86539633251,4.45864372401,5.3,3.0,1,3.75,5.0,400.0
3.1,0.0,1,400.0,22.0,0,-2,0.0972018241882,-2,94.0,1,12,-1.49318255126,-5.08531276016,5.3,3.0,1,3.75,5.0,400.0
3.1,0.0,1,400.0,22.0,0,0,0.097188949585,1,94.0,1,13,-2.86539633251,-4.45864372401,5.3,3.0,1,3.75,5.0,400.0
3.1,0.0,2,400.0,22.0,0,-1,0.0970139503479,-1,94.0,1,20,-2.86539633251,4.45864372401,5.3,3.0,1,3.75,5.0,400.0
3.1,0.0,2,400.0,22.0,0,1,0.0971810817719,-2,94.0,1,12,-1.49318255126,-5.08531276016,5.3,3.0,1,3.75,5.0,400.0
3.1,0.0,1,400.0,22.0,0,0,0.0971939563751,0,94.0,2,15,-4.82104957538,-2.20169956891,5.3,3.0,1,3.75,5.0,400.0
3.1,0.0,1,400.0,22.0,0,2,0.0970268249512,2,94.0,1,4,4.82104957538,2.20169956891,5.3,3.0,1,3.75,5.0,400.0
3.1,0.0,2,400.0,22.0,0,0,0.097076177597,0,94.0,1,16,-5.24605364197,-0.754268642848,5.3,3.0,1,3.75,5.0,400.0
3.1,0.0,2,400.0,22.0,0,-1,0.0971751213074,-1,94.0,2,6,5.24605364197,-0.754268642848,5.3,3.0,1,3.75,5.0,400.0
3.1,0.0,2,400.0,22.0,0,-2,0.0970249176025,0,94.0,1,19,-4.00547274408,3.47076188991,5.3,3.0,1,3.75,5.0,400.0
3.1,0.0,2,400.0,22.0,0,0,0.0970900058746,0,94.0,1,6,5.24605364197,-0.754268642848,5.3,3.0,1,3.75,5.0,400.0
3.1,0.0,2,400.0,22.0,0,1,0.0972399711609,-1,94.0,2,8,4.00547274408,-3.47076188991,5.3,3.0,1,3.75,5.0,400.0
3.1,0.0,2,400.0,22.0,0,-2,0.097186088562,-1,94.0,2,5,5.24605364197,0.754268642848,5.3,3.0,1,3.75,5.0,400.0
3.1,0.0,1,400.0,22.0,0,0,0.0971689224243,1,94.0,1,1,1.49318255126,5.08531276016,5.3,3.0,1,3.75,5.0,400.0
3.1,0.0,1,400.0,22.0,0,0,0.09716796875,2,94.0,1,0,0.0,5.3,5.3,3.0,1,3.75,5.0,400.0
3.1,0.0,2,400.0,22.0,0,0,0.0971939563751,0,94.0,1,21,-1.49318255126,5.08531276016,5.3,3.0,1,3.75,5.0,400.0
3.1,0.0,1,400.0,22.0,0,0,0.0972220897675,0,94.0,2,13,-2.86539633251,-4.45864372401,5.3,3.0,1,3.75,5.0,400.0
3.1,0.0,2,400.0,22.0,0,0,0.0971829891205,0,94.0,1,12,-1.49318255126,-5.08531276016,5.3,3.0,1,3.75,5.0,400.0
3.1,0.0,2,400.0,22.0,0,0,0.0972189903259,0,94.0,1,8,4.00547274408,-3.47076188991,5.3,3.0,1,3.75,5.0,400.0
3.1,0.0,2,400.0,22.0,0,0,0.0972220897675,0,94.0,1,14,-4.00547274408,-3.47076188991,5.3,3.0,1,3.75,5.0,400.0
3.1,0.0,1,400.0,22.0,0,0,0.0971708297729,1,94.0,1,0,0.0,5.3,5.3,3.0,1,3.75,5.0,400.0
3.1,0.0,2,400.0,22.0,0,0,0.0972230434418,0,94.0,1,0,0.0,5.3,5.3,3.0,1,3.75,5.0,400.0
3.1,0.0,2,400.0,22.0,0,0,0.0971817970276,2,94.0,1,9,2.86539633251,-4.45864372401,5.3,3.0,1,3.75,5.0,400.0
3.1,0.0,1,400.0,22.0,0,2,0.0969989299774,-2,94.0,1,21,-1.49318255126,5.08531276016,5.3,3.0,1,3.75,5.0,400.0
3.1,0.0,2,400.0,22.0,0,0,0.097179889679,0,94.0,1,8,4.00547274408,-3.47076188991,5.3,3.0,1,3.75,5.0,400.0
3.1,0.0,2,400.0,22.0,0,0,0.0971851348877,-1,94.0,1,6,5.24605364197,-0.754268642848,5.3,3.0,1,3.75,5.0,400.0
3.1,0.0,2,400.0,22.0,0,1,0.0971920490265,0,94.0,1,6,5.24605364197,-0.754268642848,5.3,3.0,1,3.75,5.0,400.0
3.1,0.0,2,400.0,22.0,0,0,0.0971949100494,0,94.0,1,6,5.24605364197,-0.754268642848,5.3,3.0,1,3.75,5.0,400.0
3.1,0.0,2,400.0,22.0,0,0,0.097067117691,2,94.0,1,7,4.82104957538,-2.20169956891,5.3,3.0,1,3.75,5.0,400.0
3.1,0.0,1,400.0,22.0,0,2,0.0971899032593,-1,94.0,2,10,1.49318255126,-5.08531276016,5.3,3.0,1,3.75,5.0,400.0
3.1,0.0,2,400.0,22.0,0,2,0.0971918106079,1,94.0,2,11,6.49041367526e-16,-5.3,5.3,3.0,1,3.75,5.0,400.0
3.1,0.0,2,400.0,22.0,0,0,0.0970351696014,0,94.0,1,0,0.0,5.3,5.3,3.0,1,3.75,5.0,400.0
3.1,0.0,2,400.0,22.0,0,0,0.0970361232758,0,94.0,1,15,-4.82104957538,-2.20169956891,5.3,3.0,1,3.75,5.0,400.0
3.1,0.0,2,400.0,22.0,0,0,0.0970230102539,-2,94.0,1,3,4.00547274408,3.47076188991,5.3,3.0,1,3.75,5.0,400.0
3.1,0.0,1,400.0,22.0,0,0,0.0971930027008,-1,94.0,2,14,-4.00547274408,-3.47076188991,5.3,3.0,1,3.75,5.0,400.0
3.1,0.0,1,400.0,22.0,0,0,0.0970649719238,1,94.0,1,14,-4.00547274408,-3.47076188991,5.3,3.0,1,3.75,5.0,400.0
3.1,0.0,1,400.0,22.0,0,0,0.097188949585,0,94.0,1,11,6.49041367526e-16,-5.3,5.3,3.0,1,3.75,5.0,400.0
3.1,0.0,1,400.0,22.0,0,1,0.0971870422363,0,94.0,1,2,2.86539633251,4.45864372401,5.3,3.0,1,3.75,5.0,400.0
3.1,0.0,2,400.0,22.0,0,0,0.0971601009369,-2,94.0,2,17,-5.24605364197,0.754268642848,5.3,3.0,1,3.75,5.0,400.0
3.1,0.0,2,400.0,22.0,0,2,0.0971901416779,2,94.0,2,0,0.0,5.3,5.3,3.0,1,3.75,5.0,400.0
3.1,0.0,2,400.0,22.0,0,0,0.0972158908844,0,94.0,1,6,5.24605364197,-0.754268642848,5.3,3.0,1,3.75,5.0,400.0
3.1,0.0,2,400.0,22.0,0,1,0.0972199440002,1,94.0,1,12,-1.49318255126,-5.08531276016,5.3,3.0,1,3.75,5.0,400.0
3.1,0.0,2,400.0,22.0,0,0,0.0972299575806,0,94.0,1,7,4.82104957538,-2.20169956891,5.3,3.0,1,3.75,5.0,400.0
3.1,0.0,2,400.0,22.0,0,-2,0.0970351696014,0,94.0,1,21,-1.49318255126,5.08531276016,5.3,3.0,1,3.75,5.0,400.0
3.1,0.0,2,400.0,22.0,0,2,0.0970289707184,0,94.0,2,4,4.82104957538,2.20169956891,5.3,3.0,1,3.75,5.0,400.0
3.1,0.0,1,400.0,22.0,0,2,0.0972139835358,-1,94.0,1,14,-4.00547274408,-3.47076188991,5.3,3.0,1,3.75,5.0,400.0
3.1,0.0,1,400.0,22.0,0,-2,0.0972089767456,1,94.0,1,5,5.24605364197,0.754268642848,5.3,3.0,1,3.75,5.0,400.0
3.1,0.0,2,400.0,22.0,0,0,0.0972118377686,2,94.0,1,7,4.82104957538,-2.20169956891,5.3,3.0,1,3.75,5.0,400.0
3.1,0.0,2,400.0,22.0,0,0,0.0972120761871,0,94.0,1,18,-4.82104957538,2.20169956891,5.3,3.0,1,3.75,5.0,400.0
3.1,0.0,1,400.0,22.0,0,0,0.0972011089325,2,94.0,1,4,4.82104957538,2.20169956891,5.3,3.0,1,3.75,5.0,400.0
3.1,0.0,2,400.0,22.0,0,0,0.0971939563751,0,94.0,1,16,-5.24605364197,-0.754268642848,5.3,3.0,1,3.75,5.0,400.0
3.1,0.0,2,400.0,22.0,0,1,0.0971810817719,1,94.0,1,0,0.0,5.3,5.3,3.0,1,3.75,5.0,400.0
3.1,0.0,2,400.0,22.0,0,0,0.0972049236298,0,94.0,1,17,-5.24605364197,0.754268642848,5.3,3.0,1,3.75,5.0,400.0
3.1,0.0,1,400.0,22.0,0,0,0.0970289707184,1,94.0,1,9,2.86539633251,-4.45864372401,5.3,3.0,1,3.75,5.0,400.0
3.1,0.0,1,400.0,22.0,0,0,0.0971510410309,1,94.0,1,7,4.82104957538,-2.20169956891,5.3,3.0,1,3.75,5.0,400.0
3.1,0.0,2,400.0,22.0,0,0,0.0970230102539,0,94.0,1,15,-4.82104957538,-2.20169956891,5.3,3.0,1,3.75,5.0,400.0
3.1,0.0,2,400.0,22.0,0,0,0.0970230102539,2,94.0,1,15,-4.82104957538,-2.20169956891,5.3,3.0,1,3.75,5.0,400.0
3.1,0.0,2,400.0,22.0,0,0,0.0970268249512,0,94.0,2,16,-5.24605364197,-0.754268642848,5.3,3.0,1,3.75,5.0,400.0
3.1,0.0,1,400.0,22.0,0,2,0.0971810817719,2,94.0,1,10,1.49318255126,-5.08531276016,5.3,3.0,1,3.75,5.0,400.0
3.1,0.0,1,400.0,22.0,0,0,0.0971779823303,-2,94.0,1,17,-5.24605364197,0.754268642848,5.3,3.0,1,3.75,5.0,400.0
3.1,0.0,1,400.0,22.0,0,1,0.0970730781555,1,94.0,1,13,-2.86539633251,-4.45864372401,5.3,3.0,1,3.75,5.0,400.0
3.1,0.0,1,400.0,22.0,0,1,0.097179889679,0,94.0,1,18,-4.82104957538,2.20169956891,5.3,3.0,1,3.75,5.0,400.0
3.1,0.0,1,400.0,22.0,0,-1,0.0970418453217,1,94.0,2,6,5.24605364197,-0.754268642848,5.3,3.0,1,3.75,5.0,400.0
3.1,0.0,2,400.0,22.0,0,0,0.0971999168396,0,94.0,2,2,2.86539633251,4.45864372401,5.3,3.0,1,3.75,5.0,400.0
3.1,0.0,2,400.0,22.0,0,0,0.0971829891205,1,94.0,1,21,-1.49318255126,5.08531276016,5.3,3.0,1,3.75,5.0,400.0
3.1,0.0,1,400.0,22.0,0,0,0.0971829891205,0,94.0,1,2,2.86539633251,4.45864372401,5.3,3.0,1,3.75,5.0,400.0
3.1,0.0,1,400.0,22.0,0,-2,0.0971660614014,-2,94.0,1,10,1.49318255126,-5.08531276016,5.3,3.0,1,3.75,5.0,400.0
3.1,0.0,2,400.0,22.0,0,-1,0.097186088562,-1,94.0,1,9,2.86539633251,-4.45864372401,5.3,3.0,1,3.75,5.0,400.0
3.1,0.0,2,400.0,22.0,0,0,0.0972158908844,-1,94.0,1,17,-5.24605364197,0.754268642848,5.3,3.0,1,3.75,5.0,400.0
3.1,0.0,1,400.0,22.0,0,1,0.0970501899719,1,94.0,1,13,-2.86539633251,-4.45864372401,5.3,3.0,1,3.75,5.0,400.0
3.1,0.0,2,400.0,22.0,0,0,0.0970339775085,0,94.0,1,6,5.24605364197,-0.754268642848,5.3,3.0,1,3.75,5.0,400.0
3.1,0.0,2,400.0,22.0,0,2,0.0970621109009,0,94.0,1,1,1.49318255126,5.08531276016,5.3,3.0,1,3.75,5.0,400.0
3.1,0.0,2,400.0,22.0,0,0,0.0971879959106,0,94.0,1,8,4.00547274408,-3.47076188991,5.3,3.0,1,3.75,5.0,400.0
3.1,0.0,1,400.0,22.0,0,0,0.0970029830933,-1,94.0,1,11,6.49041367526e-16,-5.3,5.3,3.0,1,3.75,5.0,400.0
3.1,0.0,1,400.0,22.0,0,-1,0.0970089435577,-1,94.0,1,18,-4.82104957538,2.20169956891,5.3,3.0,1,3.75,5.0,400.0
3.1,0.0,2,400.0,22.0,0,1,0.0970108509064,-1,94.0,1,2,2.86539633251,4.45864372401,5.3,3.0,1,3.75,5.0,400.0
3.1,0.0,2,400.0,22.0,0,1,0.097186088562,-1,94.0,2,7,4.82104957538,-2.20169956891,5.3,3.0,1,3.75,5.0,400.0
3.1,0.0,2,400.0,22.0,0,-1,0.0970079898834,1,94.0,2,12,-1.49318255126,-5.08531276016,5.3,3.0,1,3.75,5.0,400.0
3.1,0.0,1,400.0,22.0,0,0,0.0970051288605,1,94.0,1,10,1.49318255126,-5.08531276016,5.3,3.0,1,3.75,5.0,400.0
3.1,0.0,1,400.0,22.0,0,-1,0.0970211029053,-2,94.0,1,9,2.86539633251,-4.45864372401,5.3,3.0,1,3.75,5.0,400.0
3.1,0.0,2,400.0,22.0,0,0,0.0970180034637,0,94.0,1,19,-4.00547274408,3.47076188991,5.3,3.0,1,3.75,5.0,400.0
3.1,0.0,2,400.0,22.0,0,-1,0.0971879959106,0,94.0,1,15,-4.82104957538,-2.20169956891,5.3,3.0,1,3.75,5.0,400.0
3.1,0.0,1,400.0,22.0,0,0,0.0971949100494,0,94.0,1,11,6.49041367526e-16,-5.3,5.3,3.0,1,3.75,5.0,400.0
3.1,0.0,2,400.0,22.0,0,1,0.0971848964691,1,94.0,2,8,4.00547274408,-3.47076188991,5.3,3.0,1,3.75,5.0,400.0
3.1,0.0,2,400.0,22.0,0,0,0.097186088562,-1,94.0,1,21,-1.49318255126,5.08531276016,5.3,3.0,1,3.75,5.0,400.0
3.1,0.0,2,400.0,22.0,0,0,0.0971868038177,0,94.0,2,4,4.82104957538,2.20169956891,5.3,3.0,1,3.75,5.0,400.0
3.1,0.0,1,400.0,22.0,0,0,0.0971858501434,-1,94.0,1,4,4.82104957538,2.20169956891,5.3,3.0,1,3.75,5.0,400.0
3.1,0.0,2,400.0,22.0,0,-1,0.0971949100494,-1,94.0,1,18,-4.82104957538,2.20169956891,5.3,3.0,1,3.75,5.0,400.0
3.1,0.0,1,400.0,22.0,0,1,0.097048997879,1,94.0,1,14,-4.00547274408,-3.47076188991,5.3,3.0,1,3.75,5.0,400.0
3.1,0.0,2,400.0,22.0,0,0,0.0971961021423,-2,94.0,2,6,5.24605364197,-0.754268642848,5.3,3.0,1,3.75,5.0,400.0
3.1,0.0,1,400.0,22.0,0,1,0.0972180366516,1,94.0,1,10,1.49318255126,-5.08531276016,5.3,3.0,1,3.75,5.0,400.0
3.1,0.0,1,400.0,22.0,0,-2,0.0970408916473,-2,94.0,1,15,-4.82104957538,-2.20169956891,5.3,3.0,1,3.75,5.0,400.0
3.1,0.0,1,400.0,22.0,0,-1,0.0971791744232,2,94.0,1,0,0.0,5.3,5.3,3.0,1,3.75,5.0,400.0
3.1,0.0,2,400.0,22.0,0,0,0.0970640182495,0,94.0,1,5,5.24605364197,0.754268642848,5.3,3.0,1,3.75,5.0,400.0
3.1,0.0,2,400.0,22.0,0,-1,0.0972099304199,1,94.0,2,15,-4.82104957538,-2.20169956891,5.3,3.0,1,3.75,5.0,400.0
3.1,0.0,2,400.0,22.0,0,1,0.097198009491,-2,94.0,1,20,-2.86539633251,4.45864372401,5.3,3.0,1,3.75,5.0,400.0
3.1,0.0,1,400.0,22.0,0,2,0.0972130298615,0,94.0,1,2,2.86539633251,4.45864372401,5.3,3.0,1,3.75,5.0,400.0
3.1,0.0,2,400.0,22.0,0,0,0.097177028656,0,94.0,1,1,1.49318255126,5.08531276016,5.3,3.0,1,3.75,5.0,400.0
3.1,0.0,1,400.0,22.0,0,1,0.0972239971161,-2,94.0,1,6,5.24605364197,-0.754268642848,5.3,3.0,1,3.75,5.0,400.0
3.1,0.0,1,400.0,22.0,0,2,0.0972077846527,1,94.0,1,1,1.49318255126,5.08531276016,5.3,3.0,1,3.75,5.0,400.0
3.1,0.0,2,400.0,22.0,0,2,0.0972349643707,0,94.0,1,10,1.49318255126,-5.08531276016,5.3,3.0,1,3.75,5.0,400.0
3.1,0.0,1,400.0,22.0,0,-1,0.097011089325,-1,94.0,1,9,2.86539633251,-4.45864372401,5.3,3.0,1,3.75,5.0,400.0
3.1,0.0,1,400.0,22.0,0,0,0.0970048904419,0,94.0,1,10,1.49318255126,-5.08531276016,5.3,3.0,1,3.75,5.0,400.0
3.1,0.0,2,400.0,22.0,0,0,0.0971879959106,-1,94.0,1,9,2.86539633251,-4.45864372401,5.3,3.0,1,3.75,5.0,400.0
3.1,0.0,2,400.0,22.0,0,0,0.0972158908844,0,94.0,1,8,4.00547274408,-3.47076188991,5.3,3.0,1,3.75,5.0,400.0
3.1,0.0,2,400.0,22.0,0,-1,0.0972199440002,-1,94.0,2,20,-2.86539633251,4.45864372401,5.3,3.0,1,3.75,5.0,400.0
3.1,0.0,2,400.0,22.0,0,-2,0.0970418453217,-1,94.0,2,11,6.49041367526e-16,-5.3,5.3,3.0,1,3.75,5.0,400.0
3.1,0.0,1,400.0,22.0,0,0,0.0970010757446,1,94.0,1,2,2.86539633251,4.45864372401,5.3,3.0,1,3.75,5.0,400.0
3.1,0.0,1,400.0,22.0,0,0,0.0971918106079,0,94.0,1,17,-5.24605364197,0.754268642848,5.3,3.0,1,3.75,5.0,400.0
3.1,0.0,1,400.0,22.0,0,0,0.097179889679,2,94.0,1,6,5.24605364197,-0.754268642848,5.3,3.0,1,3.75,5.0,400.0
3.1,0.0,2,400.0,22.0,0,0,0.0970520973206,0,94.0,1,18,-4.82104957538,2.20169956891,5.3,3.0,1,3.75,5.0,400.0
3.1,0.0,2,400.0,22.0,0,2,0.0970170497894,1,94.0,1,9,2.86539633251,-4.45864372401,5.3,3.0,1,3.75,5.0,400.0
3.1,0.0,2,400.0,22.0,0,-1,0.0970320701599,-1,94.0,2,11,6.49041367526e-16,-5.3,5.3,3.0,1,3.75,5.0,400.0
3.1,0.0,2,400.0,22.0,0,-1,0.0971958637238,0,94.0,1,8,4.00547274408,-3.47076188991,5.3,3.0,1,3.75,5.0,400.0
3.1,0.0,2,400.0,22.0,0,1,0.0971639156342,1,94.0,1,14,-4.00547274408,-3.47076188991,5.3,3.0,1,3.75,5.0,400.0
3.1,0.0,2,400.0,22.0,0,1,0.0971961021423,1,94.0,1,15,-4.82104957538,-2.20169956891,5.3,3.0,1,3.75,5.0,400.0
3.1,0.0,2,400.0,22.0,0,0,0.0971879959106,0,94.0,1,6,5.24605364197,-0.754268642848,5.3,3.0,1,3.75,5.0,400.0
3.1,0.0,2,400.0,22.0,0,0,0.0970280170441,0,94.0,1,5,5.24605364197,0.754268642848,5.3,3.0,1,3.75,5.0,400.0
3.1,0.0,2,400.0,22.0,0,0,0.0972049236298,0,94.0,1,6,5.24605364197,-0.754268642848,5.3,3.0,1,3.75,5.0,400.0
3.1,0.0,1,400.0,22.0,0,0,0.097195148468,1,94.0,1,7,4.82104957538,-2.20169956891,5.3,3.0,1,3.75,5.0,400.0
3.1,0.0,1,400.0,22.0,0,0,0.0972080230713,-1,94.0,2,20,-2.86539633251,4.45864372401,5.3,3.0,1,3.75,5.0,400.0
3.1,0.0,2,400.0,22.0,0,0,0.0971939563751,0,94.0,1,15,-4.82104957538,-2.20169956891,5.3,3.0,1,3.75,5.0,400.0
3.1,0.0,1,400.0,22.0,0,0,0.097090959549,1,94.0,1,6,5.24605364197,-0.754268642848,5.3,3.0,1,3.75,5.0,400.0
3.1,0.0,2,400.0,22.0,0,0,0.0972011089325,0,94.0,1,9,2.86539633251,-4.45864372401,5.3,3.0,1,3.75,5.0,400.0
3.1,0.0,1,400.0,22.0,0,-1,0.097188949585,-1,94.0,1,8,4.00547274408,-3.47076188991,5.3,3.0,1,3.75,5.0,400.0
3.1,0.0,2,400.0,22.0,0,0,0.0972039699554,1,94.0,1,9,2.86539633251,-4.45864372401,5.3,3.0,1,3.75,5.0,400.0
3.1,0.0,2,400.0,22.0,0,1,0.0972142219543,1,94.0,1,14,-4.00547274408,-3.47076188991,5.3,3.0,1,3.75,5.0,400.0
3.1,0.0,2,400.0,22.0,0,1,0.0972261428833,0,94.0,1,0,0.0,5.3,5.3,3.0,1,3.75,5.0,400.0
3.1,0.0,2,400.0,22.0,0,0,0.0970439910889,0,94.0,1,17,-5.24605364197,0.754268642848,5.3,3.0,1,3.75,5.0,400.0
3.1,0.0,2,400.0,22.0,0,0,0.0971820354462,-1,94.0,1,12,-1.49318255126,-5.08531276016,5.3,3.0,1,3.75,5.0,400.0
3.1,0.0,2,400.0,22.0,0,0,0.0970368385315,-2,94.0,1,17,-5.24605364197,0.754268642848,5.3,3.0,1,3.75,5.0,400.0
3.1,0.0,1,400.0,22.0,0,-1,0.0970299243927,-1,94.0,1,11,6.49041367526e-16,-5.3,5.3,3.0,1,3.75,5.0,400.0
3.1,0.0,1,400.0,22.0,0,0,0.0970141887665,-2,94.0,1,1,1.49318255126,5.08531276016,5.3,3.0,1,3.75,5.0,400.0
3.1,0.0,2,400.0,22.0,0,0,0.0970091819763,0,94.0,1,2,2.86539633251,4.45864372401,5.3,3.0,1,3.75,5.0,400.0
3.1,0.0,2,400.0,22.0,0,-1,0.0971531867981,-1,94.0,1,8,4.00547274408,-3.47076188991,5.3,3.0,1,3.75,5.0,400.0
3.1,0.0,2,400.0,22.0,0,0,0.0971829891205,-1,94.0,1,10,1.49318255126,-5.08531276016,5.3,3.0,1,3.75,5.0,400.0
3.1,0.0,2,400.0,22.0,0,0,0.0972230434418,-1,94.0,1,17,-5.24605364197,0.754268642848,5.3,3.0,1,3.75,5.0,400.0
3.1,0.0,1,400.0,22.0,0,0,0.0971751213074,2,94.0,1,17,-5.24605364197,0.754268642848,5.3,3.0,1,3.75,5.0,400.0
3.1,0.0,2,400.0,22.0,0,2,0.0971760749817,2,94.0,2,21,-1.49318255126,5.08531276016,5.3,3.0,1,3.75,5.0,400.0
3.1,0.0,2,400.0,22.0,0,2,0.0970089435577,0,94.0,2,16,-5.24605364197,-0.754268642848,5.3,3.0,1,3.75,5.0,400.0
3.1,0.0,2,400.0,22.0,0,0,0.0970060825348,1,94.0,1,15,-4.82104957538,-2.20169956891,5.3,3.0,1,3.75,5.0,400.0
3.1,0.0,1,400.0,22.0,0,2,0.0970149040222,-1,94.0,1,5,5.24605364197,0.754268642848,5.3,3.0,1,3.75,5.0,400.0
3.1,0.0,2,400.0,22.0,0,0,0.0972208976746,0,94.0,1,16,-5.24605364197,-0.754268642848,5.3,3.0,1,3.75,5.0,400.0
3.1,0.0,1,400.0,22.0,0,0,0.0971901416779,0,94.0,1,8,4.00547274408,-3.47076188991,5.3,3.0,1,3.75,5.0,400.0
3.1,0.0,2,400.0,22.0,0,0,0.0970170497894,0,94.0,1,12,-1.49318255126,-5.08531276016,5.3,3.0,1,3.75,5.0,400.0
3.1,0.0,1,400.0,22.0,0,1,0.0971910953522,0,94.0,1,11,6.49041367526e-16,-5.3,5.3,3.0,1,3.75,5.0,400.0
3.1,0.0,1,400.0,22.0,0,1,0.0970180034637,1,94.0,1,7,4.82104957538,-2.20169956891,5.3,3.0,1,3.75,5.0,400.0
3.1,0.0,2,400.0,22.0,0,-1,0.0971989631653,-1,94.0,2,19,-4.00547274408,3.47076188991,5.3,3.0,1,3.75,5.0,400.0
3.1,0.0,1,400.0,22.0,0,0,0.0970211029053,1,94.0,1,6,5.24605364197,-0.754268642848,5.3,3.0,1,3.75,5.0,400.0
3.1,0.0,1,400.0,22.0,0,0,0.0971970558167,0,94.0,1,5,5.24605364197,0.754268642848,5.3,3.0,1,3.75,5.0,400.0
3.1,0.0,1,400.0,22.0,0,0,0.0972080230713,0,94.0,1,11,6.49041367526e-16,-5.3,5.3,3.0,1,3.75,5.0,400.0
3.1,0.0,1,400.0,22.0,0,1,0.0970578193665,-1,94.0,1,5,5.24605364197,0.754268642848,5.3,3.0,1,3.75,5.0,400.0
3.1,0.0,1,400.0,22.0,0,-1,0.0972099304199,-2,94.0,2,18,-4.82104957538,2.20169956891,5.3,3.0,1,3.75,5.0,400.0
3.1,0.0,2,400.0,22.0,0,1,0.0971930027008,-2,94.0,1,13,-2.86539633251,-4.45864372401,5.3,3.0,1,3.75,5.0,400.0
3.1,0.0,2,400.0,22.0,0,-2,0.0972039699554,2,94.0,2,9,2.86539633251,-4.45864372401,5.3,3.0,1,3.75,5.0,400.0
3.1,0.0,2,400.0,22.0,0,0,0.0971810817719,0,94.0,1,4,4.82104957538,2.20169956891,5.3,3.0,1,3.75,5.0,400.0
3.1,0.0,1,400.0,22.0,0,-1,0.0971891880035,0,94.0,1,10,1.49318255126,-5.08531276016,5.3,3.0,1,3.75,5.0,400.0
3.1,0.0,2,400.0,22.0,0,0,0.0970640182495,0,94.0,1,7,4.82104957538,-2.20169956891,5.3,3.0,1,3.75,5.0,400.0
3.1,0.0,2,400.0,22.0,0,0,0.0971820354462,0,94.0,1,16,-5.24605364197,-0.754268642848,5.3,3.0,1,3.75,5.0,400.0
3.1,0.0,2,400.0,22.0,0,0,0.0972189903259,0,94.0,1,6,5.24605364197,-0.754268642848,5.3,3.0,1,3.75,5.0,400.0
3.1,0.0,2,400.0,22.0,0,0,0.0970120429993,-1,94.0,1,15,-4.82104957538,-2.20169956891,5.3,3.0,1,3.75,5.0,400.0
3.1,0.0,2,400.0,22.0,0,1,0.0971791744232,0,94.0,1,19,-4.00547274408,3.47076188991,5.3,3.0,1,3.75,5.0,400.0
3.1,0.0,1,400.0,22.0,0,0,0.0971899032593,0,94.0,1,18,-4.82104957538,2.20169956891,5.3,3.0,1,3.75,5.0,400.0
3.1,0.0,2,400.0,22.0,0,0,0.0972080230713,0,94.0,1,1,1.49318255126,5.08531276016,5.3,3.0,1,3.75,5.0,400.0
3.1,0.0,2,400.0,22.0,0,0,0.097179889679,0,94.0,1,21,-1.49318255126,5.08531276016,5.3,3.0,1,3.75,5.0,400.0
3.1,0.0,2,400.0,22.0,0,0,0.0970458984375,0,94.0,1,17,-5.24605364197,0.754268642848,5.3,3.0,1,3.75,5.0,400.0
3.1,0.0,1,400.0,22.0,0,0,0.0971829891205,-1,94.0,1,1,1.49318255126,5.08531276016,5.3,3.0,1,3.75,5.0,400.0
3.1,0.0,1,400.0,22.0,0,0,0.097029209137,1,94.0,2,5,5.24605364197,0.754268642848,5.3,3.0,1,3.75,5.0,400.0
3.1,0.0,1,400.0,22.0,0,0,0.0971848964691,-1,94.0,1,3,4.00547274408,3.47076188991,5.3,3.0,1,3.75,5.0,400.0
3.1,0.0,2,400.0,22.0,0,1,0.097188949585,2,94.0,1,16,-5.24605364197,-0.754268642848,5.3,3.0,1,3.75,5.0,400.0
3.1,0.0,2,400.0,22.0,0,0,0.0970199108124,-1,94.0,1,0,0.0,5.3,5.3,3.0,1,3.75,5.0,400.0
3.1,0.0,2,400.0,22.0,0,0,0.097188949585,1,94.0,1,18,-4.82104957538,2.20169956891,5.3,3.0,1,3.75,5.0,400.0
3.1,0.0,2,400.0,22.0,0,-1,0.0970389842987,-2,94.0,1,10,1.49318255126,-5.08531276016,5.3,3.0,1,3.75,5.0,400.0
3.1,0.0,2,400.0,22.0,0,0,0.0970301628113,0,94.0,1,11,6.49041367526e-16,-5.3,5.3,3.0,1,3.75,5.0,400.0
3.1,0.0,2,400.0,22.0,0,1,0.0970480442047,1,94.0,1,3,4.00547274408,3.47076188991,5.3,3.0,1,3.75,5.0,400.0
3.1,0.0,2,400.0,22.0,0,0,0.0970351696014,1,94.0,1,1,1.49318255126,5.08531276016,5.3,3.0,1,3.75,5.0,400.0
3.1,0.0,2,400.0,22.0,0,0,0.0970389842987,0,94.0,1,5,5.24605364197,0.754268642848,5.3,3.0,1,3.75,5.0,400.0
3.1,0.0,2,400.0,22.0,0,-1,0.0971939563751,-1,94.0,1,21,-1.49318255126,5.08531276016,5.3,3.0,1,3.75,5.0,400.0
3.1,0.0,2,400.0,22.0,0,2,0.0971739292145,2,94.0,2,9,2.86539633251,-4.45864372401,5.3,3.0,1,3.75,5.0,400.0
3.1,0.0,2,400.0,22.0,0,0,0.0971910953522,-2,94.0,1,3,4.00547274408,3.47076188991,5.3,3.0,1,3.75,5.0,400.0
3.1,0.0,2,400.0,22.0,0,1,0.0972330570221,0,94.0,1,20,-2.86539633251,4.45864372401,5.3,3.0,1,3.75,5.0,400.0
3.1,0.0,2,400.0,22.0,0,-1,0.0972039699554,-2,94.0,1,9,2.86539633251,-4.45864372401,5.3,3.0,1,3.75,5.0,400.0
3.1,0.0,1,400.0,22.0,0,0,0.0971739292145,1,94.0,1,18,-4.82104957538,2.20169956891,5.3,3.0,1,3.75,5.0,400.0
3.1,0.0,2,400.0,22.0,0,0,0.0972430706024,0,94.0,1,4,4.82104957538,2.20169956891,5.3,3.0,1,3.75,5.0,400.0
3.1,0.0,1,400.0,22.0,0,0,0.0971658229828,1,94.0,1,7,4.82104957538,-2.20169956891,5.3,3.0,1,3.75,5.0,400.0
3.1,0.0,2,400.0,22.0,0,0,0.0972151756287,0,94.0,1,4,4.82104957538,2.20169956891,5.3,3.0,1,3.75,5.0,400.0
3.1,0.0,2,400.0,22.0,0,0,0.0972199440002,0,94.0,1,16,-5.24605364197,-0.754268642848,5.3,3.0,1,3.75,5.0,400.0
3.1,0.0,1,400.0,22.0,0,-2,0.0971870422363,0,94.0,1,12,-1.49318255126,-5.08531276016,5.3,3.0,1,3.75,5.0,400.0
3.1,0.0,2,400.0,22.0,0,0,0.0972230434418,-1,94.0,2,7,4.82104957538,-2.20169956891,5.3,3.0,1,3.75,5.0,400.0
3.1,0.0,2,400.0,22.0,0,2,0.0971817970276,-1,94.0,2,3,4.00547274408,3.47076188991,5.3,3.0,1,3.75,5.0,400.0
3.1,0.0,1,400.0,22.0,0,0,0.0970039367676,0,94.0,2,18,-4.82104957538,2.20169956891,5.3,3.0,1,3.75,5.0,400.0
3.1,0.0,1,400.0,22.0,0,2,0.0970048904419,0,94.0,2,19,-4.00547274408,3.47076188991,5.3,3.0,1,3.75,5.0,400.0
3.1,0.0,1,400.0,22.0,0,0,0.0972011089325,1,94.0,1,3,4.00547274408,3.47076188991,5.3,3.0,1,3.75,5.0,400.0
3.1,0.0,2,400.0,22.0,0,0,0.097198009491,1,94.0,1,0,0.0,5.3,5.3,3.0,1,3.75,5.0,400.0
3.1,0.0,1,400.0,22.0,0,0,0.097179889679,0,94.0,1,0,0.0,5.3,5.3,3.0,1,3.75,5.0,400.0
3.1,0.0,2,400.0,22.0,0,0,0.0971760749817,1,94.0,1,3,4.00547274408,3.47076188991,5.3,3.0,1,3.75,5.0,400.0
3.1,0.0,2,400.0,22.0,0,0,0.0971910953522,-1,94.0,1,0,0.0,5.3,5.3,3.0,1,3.75,5.0,400.0
3.1,0.0,1,400.0,22.0,0,1,0.0971879959106,-2,94.0,1,17,-5.24605364197,0.754268642848,5.3,3.0,1,3.75,5.0,400.0
3.1,0.0,2,400.0,22.0,0,-1,0.097195148468,-1,94.0,2,1,1.49318255126,5.08531276016,5.3,3.0,1,3.75,5.0,400.0
3.1,0.0,2,400.0,22.0,0,0,0.0971667766571,0,94.0,1,2,2.86539633251,4.45864372401,5.3,3.0,1,3.75,5.0,400.0
3.1,0.0,1,400.0,22.0,0,1,0.0971541404724,-2,94.0,1,12,-1.49318255126,-5.08531276016,5.3,3.0,1,3.75,5.0,400.0
3.1,0.0,1,400.0,22.0,0,1,0.0971920490265,0,94.0,1,15,-4.82104957538,-2.20169956891,5.3,3.0,1,3.75,5.0,400.0
3.1,0.0,2,400.0,22.0,0,1,0.0970170497894,1,94.0,1,5,5.24605364197,0.754268642848,5.3,3.0,1,3.75,5.0,400.0
3.1,0.0,2,400.0,22.0,0,-1,0.0972120761871,1,94.0,2,16,-5.24605364197,-0.754268642848,5.3,3.0,1,3.75,5.0,400.0
3.1,0.0,1,400.0,22.0,0,0,0.0972039699554,1,94.0,2,9,2.86539633251,-4.45864372401,5.3,3.0,1,3.75,5.0,400.0
3.1,0.0,1,400.0,22.0,0,2,0.0971908569336,2,94.0,1,20,-2.86539633251,4.45864372401,5.3,3.0,1,3.75,5.0,400.0
3.1,0.0,2,400.0,22.0,0,0,0.0970330238342,0,94.0,1,18,-4.82104957538,2.20169956891,5.3,3.0,1,3.75,5.0,400.0
3.1,0.0,2,400.0,22.0,0,-2,0.097198009491,1,94.0,1,9,2.86539633251,-4.45864372401,5.3,3.0,1,3.75,5.0,400.0
3.1,0.0,1,400.0,22.0,0,0,0.0971829891205,0,94.0,1,7,4.82104957538,-2.20169956891,5.3,3.0,1,3.75,5.0,400.0
3.1,0.0,2,400.0,22.0,0,1,0.0970401763916,2,94.0,1,11,6.49041367526e-16,-5.3,5.3,3.0,1,3.75,5.0,400.0
3.1,0.0,2,400.0,22.0,0,0,0.0971901416779,0,94.0,1,6,5.24605364197,-0.754268642848,5.3,3.0,1,3.75,5.0,400.0
3.1,0.0,2,400.0,22.0,0,0,0.0971782207489,1,94.0,1,4,4.82104957538,2.20169956891,5.3,3.0,1,3.75,5.0,400.0
3.1,0.0,1,400.0,22.0,0,0,0.097207069397,-1,94.0,1,10,1.49318255126,-5.08531276016,5.3,3.0,1,3.75,5.0,400.0
3.1,0.0,2,400.0,22.0,0,0,0.0971741676331,-1,94.0,1,20,-2.86539633251,4.45864372401,5.3,3.0,1,3.75,5.0,400.0
3.1,0.0,1,400.0,22.0,0,0,0.0971808433533,0,94.0,1,6,5.24605364197,-0.754268642848,5.3,3.0,1,3.75,5.0,400.0
3.1,0.0,2,400.0,22.0,0,0,0.0970349311829,0,94.0,1,12,-1.49318255126,-5.08531276016,5.3,3.0,1,3.75,5.0,400.0
3.1,0.0,2,400.0,22.0,0,0,0.0970599651337,0,94.0,1,4,4.82104957538,2.20169956891,5.3,3.0,1,3.75,5.0,400.0
3.1,0.0,1,400.0,22.0,0,1,0.0971829891205,0,94.0,2,9,2.86539633251,-4.45864372401,5.3,3.0,1,3.75,5.0,400.0
3.1,0.0,1,400.0,22.0,0,-1,0.097216129303,-1,94.0,1,3,4.00547274408,3.47076188991,5.3,3.0,1,3.75,5.0,400.0
3.1,0.0,2,400.0,22.0,0,2,0.0970630645752,2,94.0,2,12,-1.49318255126,-5.08531276016,5.3,3.0,1,3.75,5.0,400.0
3.1,0.0,1,400.0,22.0,0,-1,0.0971739292145,-1,94.0,1,0,0.0,5.3,5.3,3.0,1,3.75,5.0,400.0
3.1,0.0,2,400.0,22.0,0,0,0.0972189903259,0,94.0,2,17,-5.24605364197,0.754268642848,5.3,3.0,1,3.75,5.0,400.0
3.1,0.0,2,400.0,22.0,0,0,0.0971829891205,0,94.0,1,5,5.24605364197,0.754268642848,5.3,3.0,1,3.75,5.0,400.0
3.1,0.0,2,400.0,22.0,0,0,0.0972380638123,0,94.0,1,6,5.24605364197,-0.754268642848,5.3,3.0,1,3.75,5.0,400.0
3.1,0.0,2,400.0,22.0,0,0,0.0971450805664,0,94.0,1,8,4.00547274408,-3.47076188991,5.3,3.0,1,3.75,5.0,400.0
3.1,0.0,2,400.0,22.0,0,2,0.0971829891205,1,94.0,2,18,-4.82104957538,2.20169956891,5.3,3.0,1,3.75,5.0,400.0
3.1,0.0,2,400.0,22.0,0,0,0.0971910953522,0,94.0,1,18,-4.82104957538,2.20169956891,5.3,3.0,1,3.75,5.0,400.0
3.1,0.0,2,400.0,22.0,0,0,0.0972061157227,0,94.0,1,7,4.82104957538,-2.20169956891,5.3,3.0,1,3.75,5.0,400.0
3.1,0.0,2,400.0,22.0,0,0,0.0971519947052,0,94.0,2,16,-5.24605364197,-0.754268642848,5.3,3.0,1,3.75,5.0,400.0
3.1,0.0,2,400.0,22.0,0,0,0.0971779823303,1,94.0,1,1,1.49318255126,5.08531276016,5.3,3.0,1,3.75,5.0,400.0
3.1,0.0,1,400.0,22.0,0,0,0.0970160961151,0,94.0,1,21,-1.49318255126,5.08531276016,5.3,3.0,1,3.75,5.0,400.0
3.1,0.0,2,400.0,22.0,0,1,0.09716796875,0,94.0,1,17,-5.24605364197,0.754268642848,5.3,3.0,1,3.75,5.0,400.0
3.1,0.0,2,400.0,22.0,0,1,0.0970280170441,0,94.0,1,9,2.86539633251,-4.45864372401,5.3,3.0,1,3.75,5.0,400.0
3.1,0.0,2,400.0,22.0,0,1,0.0970239639282,1,94.0,1,20,-2.86539633251,4.45864372401,5.3,3.0,1,3.75,5.0,400.0
3.1,0.0,2,400.0,22.0,0,-1,0.0970158576965,0,94.0,2,6,5.24605364197,-0.754268642848,5.3,3.0,1,3.75,5.0,400.0
