cue-length,ms-precue,resp-v-hv,ms-st-cue,nitems,offset2,resp-h-pos,actualStimOn,resp-v-pos,ms-stimon,resp-h-hv,cue-loc-int,cue-loc-x,cue-loc-y,radius,bars-or-spot,version,offset,npractice,ntrials
3.1,0.0,2,400.0,22.0,0,1,0.0972089767456,1,94.0,2,8,4.00547274408,-3.47076188991,5.3,1,13,0,5.0,400.0
3.1,0.0,2,400.0,22.0,0,1,0.0972051620483,1,94.0,2,5,5.24605364197,0.754268642848,5.3,1,13,0,5.0,400.0
3.1,0.0,1,400.0,22.0,0,0,0.0971930027008,0,94.0,1,1,1.49318255126,5.08531276016,5.3,1,13,0,5.0,400.0
3.1,0.0,1,400.0,22.0,0,0,0.0971968173981,0,94.0,1,5,5.24605364197,0.754268642848,5.3,1,13,0,5.0,400.0
3.1,0.0,1,400.0,22.0,0,0,0.09716796875,0,94.0,1,15,-4.82104957538,-2.20169956891,5.3,1,13,0,5.0,400.0
3.1,0.0,1,400.0,22.0,0,1,0.0970611572266,1,94.0,1,9,2.86539633251,-4.45864372401,5.3,1,13,0,5.0,400.0
3.1,0.0,1,400.0,22.0,0,2,0.0970590114594,2,94.0,1,8,4.00547274408,-3.47076188991,5.3,1,13,0,5.0,400.0
3.1,0.0,1,400.0,22.0,0,0,0.0970768928528,0,94.0,1,6,5.24605364197,-0.754268642848,5.3,1,13,0,5.0,400.0
3.1,0.0,1,400.0,22.0,0,-2,0.0970530509949,-2,94.0,1,1,1.49318255126,5.08531276016,5.3,1,13,0,5.0,400.0
3.1,0.0,2,400.0,22.0,0,-1,0.0970301628113,1,94.0,1,13,-2.86539633251,-4.45864372401,5.3,1,13,0,5.0,400.0
3.1,0.0,1,400.0,22.0,0,-2,0.0971751213074,-2,94.0,1,3,4.00547274408,3.47076188991,5.3,1,13,0,5.0,400.0
3.1,0.0,2,400.0,22.0,0,2,0.0971879959106,2,94.0,2,13,-2.86539633251,-4.45864372401,5.3,1,13,0,5.0,400.0
3.1,0.0,1,400.0,22.0,0,0,0.0971968173981,0,94.0,1,21,-1.49318255126,5.08531276016,5.3,1,13,0,5.0,400.0
3.1,0.0,1,400.0,22.0,0,2,0.097186088562,1,94.0,1,4,4.82104957538,2.20169956891,5.3,1,13,0,5.0,400.0
3.1,0.0,2,400.0,22.0,0,1,0.0971670150757,1,94.0,2,19,-4.00547274408,3.47076188991,5.3,1,13,0,5.0,400.0
3.1,0.0,2,400.0,22.0,0,-1,0.0970268249512,-2,94.0,1,21,-1.49318255126,5.08531276016,5.3,1,13,0,5.0,400.0
3.1,0.0,1,400.0,22.0,0,1,0.0971748828888,-1,94.0,1,21,-1.49318255126,5.08531276016,5.3,1,13,0,5.0,400.0
3.1,0.0,1,400.0,22.0,0,0,0.0970249176025,0,94.0,1,1,1.49318255126,5.08531276016,5.3,1,13,0,5.0,400.0
3.1,0.0,2,400.0,22.0,0,-2,0.0971832275391,-2,94.0,2,8,4.00547274408,-3.47076188991,5.3,1,13,0,5.0,400.0
3.1,0.0,2,400.0,22.0,0,-1,0.0971620082855,-1,94.0,2,15,-4.82104957538,-2.20169956891,5.3,1,13,0,5.0,400.0
3.1,0.0,1,400.0,22.0,0,-2,0.0971808433533,0,94.0,1,11,6.49041367526e-16,-5.3,5.3,1,13,0,5.0,400.0
3.1,0.0,1,400.0,22.0,0,-1,0.0971820354462,-1,94.0,1,6,5.24605364197,-0.754268642848,5.3,1,13,0,5.0,400.0
3.1,0.0,2,400.0,22.0,0,0,0.0972120761871,0,94.0,1,5,5.24605364197,0.754268642848,5.3,1,13,0,5.0,400.0
3.1,0.0,2,400.0,22.0,0,-2,0.097198009491,0,94.0,1,21,-1.49318255126,5.08531276016,5.3,1,13,0,5.0,400.0
3.1,0.0,2,400.0,22.0,0,-1,0.0972011089325,0,94.0,2,18,-4.82104957538,2.20169956891,5.3,1,13,0,5.0,400.0
3.1,0.0,1,400.0,22.0,0,0,0.0972001552582,0,94.0,2,7,4.82104957538,-2.20169956891,5.3,1,13,0,5.0,400.0
3.1,0.0,1,400.0,22.0,0,0,0.0971670150757,0,94.0,1,8,4.00547274408,-3.47076188991,5.3,1,13,0,5.0,400.0
3.1,0.0,1,400.0,22.0,0,0,0.097198009491,0,94.0,2,10,1.49318255126,-5.08531276016,5.3,1,13,0,5.0,400.0
3.1,0.0,1,400.0,22.0,0,1,0.0971779823303,-2,94.0,1,2,2.86539633251,4.45864372401,5.3,1,13,0,5.0,400.0
3.1,0.0,1,400.0,22.0,0,0,0.0970339775085,0,94.0,1,4,4.82104957538,2.20169956891,5.3,1,13,0,5.0,400.0
3.1,0.0,1,400.0,22.0,0,-1,0.0971751213074,-1,94.0,1,19,-4.00547274408,3.47076188991,5.3,1,13,0,5.0,400.0
3.1,0.0,2,400.0,22.0,0,0,0.0971739292145,0,94.0,1,4,4.82104957538,2.20169956891,5.3,1,13,0,5.0,400.0
3.1,0.0,2,400.0,22.0,0,0,0.0970158576965,1,94.0,2,8,4.00547274408,-3.47076188991,5.3,1,13,0,5.0,400.0
3.1,0.0,1,400.0,22.0,0,1,0.0970199108124,1,94.0,1,13,-2.86539633251,-4.45864372401,5.3,1,13,0,5.0,400.0
3.1,0.0,1,400.0,22.0,0,1,0.0971791744232,1,94.0,1,14,-4.00547274408,-3.47076188991,5.3,1,13,0,5.0,400.0
3.1,0.0,2,400.0,22.0,0,1,0.097179889679,1,94.0,1,5,5.24605364197,0.754268642848,5.3,1,13,0,5.0,400.0
3.1,0.0,1,400.0,22.0,0,0,0.0970211029053,0,94.0,2,0,0.0,5.3,5.3,1,13,0,5.0,400.0
3.1,0.0,1,400.0,22.0,0,2,0.0971908569336,1,94.0,1,13,-2.86539633251,-4.45864372401,5.3,1,13,0,5.0,400.0
3.1,0.0,1,400.0,22.0,0,0,0.0970342159271,2,94.0,1,15,-4.82104957538,-2.20169956891,5.3,1,13,0,5.0,400.0
3.1,0.0,2,400.0,22.0,0,0,0.0971918106079,1,94.0,2,13,-2.86539633251,-4.45864372401,5.3,1,13,0,5.0,400.0
3.1,0.0,1,400.0,22.0,0,-1,0.0972061157227,-1,94.0,1,10,1.49318255126,-5.08531276016,5.3,1,13,0,5.0,400.0
3.1,0.0,2,400.0,22.0,0,-2,0.0972220897675,1,94.0,1,13,-2.86539633251,-4.45864372401,5.3,1,13,0,5.0,400.0
3.1,0.0,1,400.0,22.0,0,1,0.0970239639282,2,94.0,1,15,-4.82104957538,-2.20169956891,5.3,1,13,0,5.0,400.0
3.1,0.0,1,400.0,22.0,0,-2,0.0970261096954,-1,94.0,1,1,1.49318255126,5.08531276016,5.3,1,13,0,5.0,400.0
3.1,0.0,2,400.0,22.0,0,0,0.0970170497894,0,94.0,1,6,5.24605364197,-0.754268642848,5.3,1,13,0,5.0,400.0
3.1,0.0,1,400.0,22.0,0,0,0.0971939563751,-1,94.0,2,21,-1.49318255126,5.08531276016,5.3,1,13,0,5.0,400.0
3.1,0.0,2,400.0,22.0,0,0,0.0972058773041,2,94.0,1,18,-4.82104957538,2.20169956891,5.3,1,13,0,5.0,400.0
3.1,0.0,1,400.0,22.0,0,0,0.0972061157227,0,94.0,1,13,-2.86539633251,-4.45864372401,5.3,1,13,0,5.0,400.0
3.1,0.0,2,400.0,22.0,0,0,0.0971739292145,0,94.0,2,4,4.82104957538,2.20169956891,5.3,1,13,0,5.0,400.0
3.1,0.0,1,400.0,22.0,0,0,0.0970299243927,-1,94.0,1,20,-2.86539633251,4.45864372401,5.3,1,13,0,5.0,400.0
3.1,0.0,2,400.0,22.0,0,-1,0.0970199108124,-1,94.0,1,9,2.86539633251,-4.45864372401,5.3,1,13,0,5.0,400.0
3.1,0.0,1,400.0,22.0,0,0,0.0971961021423,0,94.0,1,19,-4.00547274408,3.47076188991,5.3,1,13,0,5.0,400.0
3.1,0.0,2,400.0,22.0,0,-1,0.0972089767456,-1,94.0,1,10,1.49318255126,-5.08531276016,5.3,1,13,0,5.0,400.0
3.1,0.0,1,400.0,22.0,0,0,0.0971729755402,1,94.0,1,0,0.0,5.3,5.3,1,13,0,5.0,400.0
3.1,0.0,1,400.0,22.0,0,-1,0.0971689224243,2,94.0,2,19,-4.00547274408,3.47076188991,5.3,1,13,0,5.0,400.0
3.1,0.0,2,400.0,22.0,0,0,0.0971729755402,-1,94.0,2,2,2.86539633251,4.45864372401,5.3,1,13,0,5.0,400.0
3.1,0.0,2,400.0,22.0,0,1,0.097060918808,1,94.0,1,4,4.82104957538,2.20169956891,5.3,1,13,0,5.0,400.0
3.1,0.0,1,400.0,22.0,0,0,0.0971670150757,1,94.0,2,18,-4.82104957538,2.20169956891,5.3,1,13,0,5.0,400.0
3.1,0.0,2,400.0,22.0,0,0,0.0971701145172,1,94.0,2,3,4.00547274408,3.47076188991,5.3,1,13,0,5.0,400.0
3.1,0.0,1,400.0,22.0,0,0,0.0971992015839,2,94.0,1,5,5.24605364197,0.754268642848,5.3,1,13,0,5.0,400.0
3.1,0.0,1,400.0,22.0,0,-1,0.0972001552582,-1,94.0,1,4,4.82104957538,2.20169956891,5.3,1,13,0,5.0,400.0
3.1,0.0,2,400.0,22.0,0,0,0.0972020626068,-2,94.0,2,15,-4.82104957538,-2.20169956891,5.3,1,13,0,5.0,400.0
3.1,0.0,2,400.0,22.0,0,-2,0.0972011089325,1,94.0,2,12,-1.49318255126,-5.08531276016,5.3,1,13,0,5.0,400.0
3.1,0.0,2,400.0,22.0,0,-2,0.0972189903259,2,94.0,2,0,0.0,5.3,5.3,1,13,0,5.0,400.0
3.1,0.0,1,400.0,22.0,0,-1,0.0971920490265,1,94.0,1,20,-2.86539633251,4.45864372401,5.3,1,13,0,5.0,400.0
3.1,0.0,2,400.0,22.0,0,1,0.0972049236298,1,94.0,2,12,-1.49318255126,-5.08531276016,5.3,1,13,0,5.0,400.0
3.1,0.0,2,400.0,22.0,0,2,0.0970830917358,1,94.0,1,0,0.0,5.3,5.3,1,13,0,5.0,400.0
3.1,0.0,2,400.0,22.0,0,0,0.0971910953522,1,94.0,1,8,4.00547274408,-3.47076188991,5.3,1,13,0,5.0,400.0
3.1,0.0,1,400.0,22.0,0,0,0.0972099304199,0,94.0,2,13,-2.86539633251,-4.45864372401,5.3,1,13,0,5.0,400.0
3.1,0.0,2,400.0,22.0,0,-1,0.0971879959106,0,94.0,2,4,4.82104957538,2.20169956891,5.3,1,13,0,5.0,400.0
3.1,0.0,1,400.0,22.0,0,1,0.0971801280975,1,94.0,1,2,2.86539633251,4.45864372401,5.3,1,13,0,5.0,400.0
3.1,0.0,1,400.0,22.0,0,-1,0.0971670150757,-1,94.0,1,8,4.00547274408,-3.47076188991,5.3,1,13,0,5.0,400.0
3.1,0.0,1,400.0,22.0,0,-1,0.0970630645752,0,94.0,1,21,-1.49318255126,5.08531276016,5.3,1,13,0,5.0,400.0
3.1,0.0,2,400.0,22.0,0,0,0.0970749855042,0,94.0,2,15,-4.82104957538,-2.20169956891,5.3,1,13,0,5.0,400.0
3.1,0.0,1,400.0,22.0,0,0,0.0971729755402,0,94.0,1,18,-4.82104957538,2.20169956891,5.3,1,13,0,5.0,400.0
3.1,0.0,2,400.0,22.0,0,0,0.097177028656,0,94.0,1,16,-5.24605364197,-0.754268642848,5.3,1,13,0,5.0,400.0
3.1,0.0,2,400.0,22.0,0,1,0.0971698760986,0,94.0,1,20,-2.86539633251,4.45864372401,5.3,1,13,0,5.0,400.0
3.1,0.0,1,400.0,22.0,0,-2,0.0971748828888,1,94.0,1,13,-2.86539633251,-4.45864372401,5.3,1,13,0,5.0,400.0
3.1,0.0,2,400.0,22.0,0,0,0.0970208644867,0,94.0,1,11,6.49041367526e-16,-5.3,5.3,1,13,0,5.0,400.0
3.1,0.0,2,400.0,22.0,0,2,0.097275018692,0,94.0,2,11,6.49041367526e-16,-5.3,5.3,1,13,0,5.0,400.0
3.1,0.0,2,400.0,22.0,0,-1,0.0971779823303,0,94.0,2,10,1.49318255126,-5.08531276016,5.3,1,13,0,5.0,400.0
3.1,0.0,1,400.0,22.0,0,0,0.097186088562,0,94.0,1,18,-4.82104957538,2.20169956891,5.3,1,13,0,5.0,400.0
3.1,0.0,2,400.0,22.0,0,0,0.0971708297729,0,94.0,1,9,2.86539633251,-4.45864372401,5.3,1,13,0,5.0,400.0
3.1,0.0,2,400.0,22.0,0,0,0.097198009491,-2,94.0,1,20,-2.86539633251,4.45864372401,5.3,1,13,0,5.0,400.0
3.1,0.0,1,400.0,22.0,0,-2,0.0972089767456,0,94.0,1,3,4.00547274408,3.47076188991,5.3,1,13,0,5.0,400.0
3.1,0.0,1,400.0,22.0,0,1,0.0972018241882,-2,94.0,2,9,2.86539633251,-4.45864372401,5.3,1,13,0,5.0,400.0
3.1,0.0,2,400.0,22.0,0,0,0.097198009491,1,94.0,1,5,5.24605364197,0.754268642848,5.3,1,13,0,5.0,400.0
3.1,0.0,1,400.0,22.0,0,-1,0.097195148468,2,94.0,1,8,4.00547274408,-3.47076188991,5.3,1,13,0,5.0,400.0
3.1,0.0,1,400.0,22.0,0,0,0.0972120761871,1,94.0,2,20,-2.86539633251,4.45864372401,5.3,1,13,0,5.0,400.0
3.1,0.0,2,400.0,22.0,0,2,0.0970709323883,0,94.0,1,9,2.86539633251,-4.45864372401,5.3,1,13,0,5.0,400.0
3.1,0.0,2,400.0,22.0,0,0,0.097198009491,0,94.0,2,10,1.49318255126,-5.08531276016,5.3,1,13,0,5.0,400.0
3.1,0.0,1,400.0,22.0,0,1,0.0971920490265,1,94.0,2,15,-4.82104957538,-2.20169956891,5.3,1,13,0,5.0,400.0
3.1,0.0,2,400.0,22.0,0,1,0.0971670150757,1,94.0,2,12,-1.49318255126,-5.08531276016,5.3,1,13,0,5.0,400.0
3.1,0.0,1,400.0,22.0,0,1,0.0971698760986,-1,94.0,2,6,5.24605364197,-0.754268642848,5.3,1,13,0,5.0,400.0
3.1,0.0,1,400.0,22.0,0,-2,0.0971648693085,1,94.0,2,16,-5.24605364197,-0.754268642848,5.3,1,13,0,5.0,400.0
3.1,0.0,1,400.0,22.0,0,0,0.0971641540527,-2,94.0,2,4,4.82104957538,2.20169956891,5.3,1,13,0,5.0,400.0
3.1,0.0,1,400.0,22.0,0,-2,0.0970661640167,1,94.0,2,9,2.86539633251,-4.45864372401,5.3,1,13,0,5.0,400.0
3.1,0.0,2,400.0,22.0,0,-1,0.0971782207489,1,94.0,2,7,4.82104957538,-2.20169956891,5.3,1,13,0,5.0,400.0
3.1,0.0,1,400.0,22.0,0,-1,0.0970180034637,0,94.0,2,10,1.49318255126,-5.08531276016,5.3,1,13,0,5.0,400.0
3.1,0.0,2,400.0,22.0,0,-1,0.0971748828888,1,94.0,2,3,4.00547274408,3.47076188991,5.3,1,13,0,5.0,400.0
3.1,0.0,2,400.0,22.0,0,-2,0.0970149040222,0,94.0,2,2,2.86539633251,4.45864372401,5.3,1,13,0,5.0,400.0
3.1,0.0,1,400.0,22.0,0,0,0.0970230102539,0,94.0,1,0,0.0,5.3,5.3,1,13,0,5.0,400.0
3.1,0.0,1,400.0,22.0,0,1,0.0971910953522,1,94.0,2,14,-4.00547274408,-3.47076188991,5.3,1,13,0,5.0,400.0
3.1,0.0,1,400.0,22.0,0,-1,0.0970540046692,-1,94.0,2,14,-4.00547274408,-3.47076188991,5.3,1,13,0,5.0,400.0
3.1,0.0,1,400.0,22.0,0,-1,0.0970411300659,0,94.0,2,10,1.49318255126,-5.08531276016,5.3,1,13,0,5.0,400.0
3.1,0.0,1,400.0,22.0,0,0,0.09716796875,-1,94.0,2,1,1.49318255126,5.08531276016,5.3,1,13,0,5.0,400.0
3.1,0.0,2,400.0,22.0,0,0,0.0972061157227,0,94.0,1,5,5.24605364197,0.754268642848,5.3,1,13,0,5.0,400.0
3.1,0.0,1,400.0,22.0,0,0,0.097198009491,1,94.0,2,9,2.86539633251,-4.45864372401,5.3,1,13,0,5.0,400.0
3.1,0.0,1,400.0,22.0,0,-2,0.0971908569336,0,94.0,1,17,-5.24605364197,0.754268642848,5.3,1,13,0,5.0,400.0
3.1,0.0,1,400.0,22.0,0,2,0.0970039367676,-1,94.0,1,9,2.86539633251,-4.45864372401,5.3,1,13,0,5.0,400.0
3.1,0.0,2,400.0,22.0,0,2,0.0970759391785,1,94.0,1,19,-4.00547274408,3.47076188991,5.3,1,13,0,5.0,400.0
3.1,0.0,1,400.0,22.0,0,1,0.0971910953522,0,94.0,1,10,1.49318255126,-5.08531276016,5.3,1,13,0,5.0,400.0
3.1,0.0,2,400.0,22.0,0,1,0.0972018241882,1,94.0,2,10,1.49318255126,-5.08531276016,5.3,1,13,0,5.0,400.0
3.1,0.0,1,400.0,22.0,0,-1,0.0972180366516,-2,94.0,1,14,-4.00547274408,-3.47076188991,5.3,1,13,0,5.0,400.0
3.1,0.0,2,400.0,22.0,0,0,0.0971670150757,0,94.0,1,3,4.00547274408,3.47076188991,5.3,1,13,0,5.0,400.0
3.1,0.0,2,400.0,22.0,0,1,0.0970840454102,-2,94.0,1,10,1.49318255126,-5.08531276016,5.3,1,13,0,5.0,400.0
3.1,0.0,1,400.0,22.0,0,0,0.0972821712494,-1,94.0,1,6,5.24605364197,-0.754268642848,5.3,1,13,0,5.0,400.0
3.1,0.0,1,400.0,22.0,0,0,0.0970821380615,-2,94.0,1,17,-5.24605364197,0.754268642848,5.3,1,13,0,5.0,400.0
3.1,0.0,2,400.0,22.0,0,0,0.0972008705139,0,94.0,1,6,5.24605364197,-0.754268642848,5.3,1,13,0,5.0,400.0
3.1,0.0,2,400.0,22.0,0,0,0.0970160961151,1,94.0,2,2,2.86539633251,4.45864372401,5.3,1,13,0,5.0,400.0
3.1,0.0,1,400.0,22.0,0,0,0.0971808433533,0,94.0,2,5,5.24605364197,0.754268642848,5.3,1,13,0,5.0,400.0
3.1,0.0,2,400.0,22.0,0,2,0.0970158576965,0,94.0,2,13,-2.86539633251,-4.45864372401,5.3,1,13,0,5.0,400.0
3.1,0.0,2,400.0,22.0,0,2,0.097069978714,0,94.0,1,21,-1.49318255126,5.08531276016,5.3,1,13,0,5.0,400.0
3.1,0.0,2,400.0,22.0,0,1,0.0970571041107,1,94.0,1,19,-4.00547274408,3.47076188991,5.3,1,13,0,5.0,400.0
3.1,0.0,1,400.0,22.0,0,1,0.0970640182495,2,94.0,2,9,2.86539633251,-4.45864372401,5.3,1,13,0,5.0,400.0
3.1,0.0,2,400.0,22.0,0,2,0.0971801280975,-1,94.0,1,1,1.49318255126,5.08531276016,5.3,1,13,0,5.0,400.0
3.1,0.0,2,400.0,22.0,0,1,0.0970430374146,1,94.0,1,10,1.49318255126,-5.08531276016,5.3,1,13,0,5.0,400.0
3.1,0.0,1,400.0,22.0,0,0,0.097177028656,0,94.0,1,13,-2.86539633251,-4.45864372401,5.3,1,13,0,5.0,400.0
3.1,0.0,2,400.0,22.0,0,0,0.0972728729248,-2,94.0,2,3,4.00547274408,3.47076188991,5.3,1,13,0,5.0,400.0
3.1,0.0,2,400.0,22.0,0,2,0.0972189903259,1,94.0,2,15,-4.82104957538,-2.20169956891,5.3,1,13,0,5.0,400.0
3.1,0.0,1,400.0,22.0,0,0,0.0972001552582,-2,94.0,1,16,-5.24605364197,-0.754268642848,5.3,1,13,0,5.0,400.0
3.1,0.0,2,400.0,22.0,0,1,0.0972499847412,1,94.0,2,15,-4.82104957538,-2.20169956891,5.3,1,13,0,5.0,400.0
3.1,0.0,2,400.0,22.0,0,0,0.0971930027008,-2,94.0,2,2,2.86539633251,4.45864372401,5.3,1,13,0,5.0,400.0
3.1,0.0,2,400.0,22.0,0,0,0.0972051620483,-1,94.0,1,1,1.49318255126,5.08531276016,5.3,1,13,0,5.0,400.0
3.1,0.0,2,400.0,22.0,0,0,0.0971789360046,0,94.0,1,5,5.24605364197,0.754268642848,5.3,1,13,0,5.0,400.0
3.1,0.0,1,400.0,22.0,0,1,0.0971779823303,-2,94.0,1,17,-5.24605364197,0.754268642848,5.3,1,13,0,5.0,400.0
3.1,0.0,1,400.0,22.0,0,0,0.0970759391785,0,94.0,1,15,-4.82104957538,-2.20169956891,5.3,1,13,0,5.0,400.0
3.1,0.0,2,400.0,22.0,0,0,0.0972149372101,0,94.0,1,18,-4.82104957538,2.20169956891,5.3,1,13,0,5.0,400.0
3.1,0.0,1,400.0,22.0,0,1,0.0971918106079,0,94.0,1,10,1.49318255126,-5.08531276016,5.3,1,13,0,5.0,400.0
3.1,0.0,2,400.0,22.0,0,0,0.0970327854156,0,94.0,1,18,-4.82104957538,2.20169956891,5.3,1,13,0,5.0,400.0
3.1,0.0,1,400.0,22.0,0,2,0.0971550941467,-2,94.0,1,14,-4.00547274408,-3.47076188991,5.3,1,13,0,5.0,400.0
3.1,0.0,2,400.0,22.0,0,0,0.0971729755402,1,94.0,1,6,5.24605364197,-0.754268642848,5.3,1,13,0,5.0,400.0
3.1,0.0,1,400.0,22.0,0,1,0.0971820354462,1,94.0,1,2,2.86539633251,4.45864372401,5.3,1,13,0,5.0,400.0
3.1,0.0,2,400.0,22.0,0,-1,0.0970180034637,-1,94.0,1,13,-2.86539633251,-4.45864372401,5.3,1,13,0,5.0,400.0
3.1,0.0,1,400.0,22.0,0,0,0.0970950126648,0,94.0,2,8,4.00547274408,-3.47076188991,5.3,1,13,0,5.0,400.0
3.1,0.0,1,400.0,22.0,0,0,0.0971868038177,0,94.0,1,3,4.00547274408,3.47076188991,5.3,1,13,0,5.0,400.0
3.1,0.0,2,400.0,22.0,0,1,0.097179889679,0,94.0,1,16,-5.24605364197,-0.754268642848,5.3,1,13,0,5.0,400.0
3.1,0.0,2,400.0,22.0,0,-2,0.0971701145172,1,94.0,1,19,-4.00547274408,3.47076188991,5.3,1,13,0,5.0,400.0
3.1,0.0,2,400.0,22.0,0,1,0.0972080230713,0,94.0,1,0,0.0,5.3,5.3,1,13,0,5.0,400.0
3.1,0.0,2,400.0,22.0,0,2,0.0972111225128,1,94.0,1,21,-1.49318255126,5.08531276016,5.3,1,13,0,5.0,400.0
3.1,0.0,1,400.0,22.0,0,2,0.097195148468,1,94.0,1,1,1.49318255126,5.08531276016,5.3,1,13,0,5.0,400.0
3.1,0.0,2,400.0,22.0,0,0,0.0971958637238,0,94.0,2,10,1.49318255126,-5.08531276016,5.3,1,13,0,5.0,400.0
3.1,0.0,2,400.0,22.0,0,-1,0.0972099304199,2,94.0,1,3,4.00547274408,3.47076188991,5.3,1,13,0,5.0,400.0
3.1,0.0,2,400.0,22.0,0,2,0.0972118377686,2,94.0,2,13,-2.86539633251,-4.45864372401,5.3,1,13,0,5.0,400.0
3.1,0.0,1,400.0,22.0,0,0,0.0971870422363,0,94.0,1,19,-4.00547274408,3.47076188991,5.3,1,13,0,5.0,400.0
3.1,0.0,2,400.0,22.0,0,-1,0.0971748828888,-1,94.0,1,16,-5.24605364197,-0.754268642848,5.3,1,13,0,5.0,400.0
3.1,0.0,1,400.0,22.0,0,1,0.0971989631653,-1,94.0,1,15,-4.82104957538,-2.20169956891,5.3,1,13,0,5.0,400.0
3.1,0.0,2,400.0,22.0,0,-1,0.0971701145172,0,94.0,1,4,4.82104957538,2.20169956891,5.3,1,13,0,5.0,400.0
3.1,0.0,2,400.0,22.0,0,-2,0.0972089767456,-2,94.0,1,16,-5.24605364197,-0.754268642848,5.3,1,13,0,5.0,400.0
3.1,0.0,1,400.0,22.0,0,-2,0.0971720218658,0,94.0,2,0,0.0,5.3,5.3,1,13,0,5.0,400.0
3.1,0.0,2,400.0,22.0,0,1,0.0971899032593,1,94.0,2,15,-4.82104957538,-2.20169956891,5.3,1,13,0,5.0,400.0
3.1,0.0,2,400.0,22.0,0,-1,0.0971698760986,-1,94.0,1,10,1.49318255126,-5.08531276016,5.3,1,13,0,5.0,400.0
3.1,0.0,1,400.0,22.0,0,0,0.0971710681915,0,94.0,1,7,4.82104957538,-2.20169956891,5.3,1,13,0,5.0,400.0
3.1,0.0,2,400.0,22.0,0,0,0.0971908569336,-2,94.0,1,3,4.00547274408,3.47076188991,5.3,1,13,0,5.0,400.0
3.1,0.0,2,400.0,22.0,0,2,0.0971782207489,2,94.0,2,5,5.24605364197,0.754268642848,5.3,1,13,0,5.0,400.0
3.1,0.0,2,400.0,22.0,0,0,0.0971779823303,-2,94.0,2,16,-5.24605364197,-0.754268642848,5.3,1,13,0,5.0,400.0
3.1,0.0,1,400.0,22.0,0,2,0.0970559120178,0,94.0,1,21,-1.49318255126,5.08531276016,5.3,1,13,0,5.0,400.0
3.1,0.0,2,400.0,22.0,0,-2,0.097186088562,-2,94.0,1,12,-1.49318255126,-5.08531276016,5.3,1,13,0,5.0,400.0
3.1,0.0,1,400.0,22.0,0,-1,0.0971601009369,0,94.0,2,12,-1.49318255126,-5.08531276016,5.3,1,13,0,5.0,400.0
3.1,0.0,1,400.0,22.0,0,-2,0.0971949100494,0,94.0,1,2,2.86539633251,4.45864372401,5.3,1,13,0,5.0,400.0
3.1,0.0,1,400.0,22.0,0,0,0.0972909927368,0,94.0,1,3,4.00547274408,3.47076188991,5.3,1,13,0,5.0,400.0
3.1,0.0,1,400.0,22.0,0,-1,0.0971848964691,0,94.0,2,13,-2.86539633251,-4.45864372401,5.3,1,13,0,5.0,400.0
3.1,0.0,1,400.0,22.0,0,1,0.0971999168396,-1,94.0,1,17,-5.24605364197,0.754268642848,5.3,1,13,0,5.0,400.0
3.1,0.0,1,400.0,22.0,0,0,0.0971879959106,0,94.0,1,15,-4.82104957538,-2.20169956891,5.3,1,13,0,5.0,400.0
3.1,0.0,1,400.0,22.0,0,0,0.0971930027008,0,94.0,1,3,4.00547274408,3.47076188991,5.3,1,13,0,5.0,400.0
3.1,0.0,1,400.0,22.0,0,0,0.0972030162811,0,94.0,1,14,-4.00547274408,-3.47076188991,5.3,1,13,0,5.0,400.0
3.1,0.0,2,400.0,22.0,0,0,0.0970780849457,0,94.0,2,14,-4.00547274408,-3.47076188991,5.3,1,13,0,5.0,400.0
3.1,0.0,2,400.0,22.0,0,0,0.0972058773041,1,94.0,1,13,-2.86539633251,-4.45864372401,5.3,1,13,0,5.0,400.0
3.1,0.0,2,400.0,22.0,0,0,0.0971729755402,0,94.0,2,9,2.86539633251,-4.45864372401,5.3,1,13,0,5.0,400.0
3.1,0.0,2,400.0,22.0,0,-2,0.0971908569336,2,94.0,2,10,1.49318255126,-5.08531276016,5.3,1,13,0,5.0,400.0
3.1,0.0,2,400.0,22.0,0,0,0.097186088562,1,94.0,1,0,0.0,5.3,5.3,1,13,0,5.0,400.0
3.1,0.0,2,400.0,22.0,0,1,0.0972118377686,0,94.0,2,7,4.82104957538,-2.20169956891,5.3,1,13,0,5.0,400.0
3.1,0.0,2,400.0,22.0,0,0,0.0971820354462,0,94.0,1,16,-5.24605364197,-0.754268642848,5.3,1,13,0,5.0,400.0
3.1,0.0,1,400.0,22.0,0,1,0.0970780849457,-1,94.0,2,11,6.49041367526e-16,-5.3,5.3,1,13,0,5.0,400.0
3.1,0.0,1,400.0,22.0,0,0,0.0971851348877,-2,94.0,2,13,-2.86539633251,-4.45864372401,5.3,1,13,0,5.0,400.0
3.1,0.0,2,400.0,22.0,0,1,0.097058057785,1,94.0,2,12,-1.49318255126,-5.08531276016,5.3,1,13,0,5.0,400.0
3.1,0.0,2,400.0,22.0,0,1,0.0971570014954,0,94.0,1,3,4.00547274408,3.47076188991,5.3,1,13,0,5.0,400.0
3.1,0.0,2,400.0,22.0,0,1,0.0971739292145,1,94.0,2,10,1.49318255126,-5.08531276016,5.3,1,13,0,5.0,400.0
3.1,0.0,2,400.0,22.0,0,0,0.0971741676331,0,94.0,2,0,0.0,5.3,5.3,1,13,0,5.0,400.0
3.1,0.0,1,400.0,22.0,0,0,0.0971689224243,0,94.0,2,18,-4.82104957538,2.20169956891,5.3,1,13,0,5.0,400.0
3.1,0.0,1,400.0,22.0,0,0,0.0971779823303,0,94.0,2,5,5.24605364197,0.754268642848,5.3,1,13,0,5.0,400.0
3.1,0.0,2,400.0,22.0,0,2,0.0971748828888,0,94.0,1,16,-5.24605364197,-0.754268642848,5.3,1,13,0,5.0,400.0
3.1,0.0,2,400.0,22.0,0,1,0.0971791744232,1,94.0,2,14,-4.00547274408,-3.47076188991,5.3,1,13,0,5.0,400.0
3.1,0.0,1,400.0,22.0,0,0,0.0970411300659,0,94.0,1,8,4.00547274408,-3.47076188991,5.3,1,13,0,5.0,400.0
3.1,0.0,1,400.0,22.0,0,-1,0.097186088562,1,94.0,2,8,4.00547274408,-3.47076188991,5.3,1,13,0,5.0,400.0
3.1,0.0,2,400.0,22.0,0,1,0.0971939563751,1,94.0,2,15,-4.82104957538,-2.20169956891,5.3,1,13,0,5.0,400.0
3.1,0.0,1,400.0,22.0,0,-1,0.0972030162811,0,94.0,2,0,0.0,5.3,5.3,1,13,0,5.0,400.0
3.1,0.0,1,400.0,22.0,0,-1,0.0972018241882,0,94.0,2,1,1.49318255126,5.08531276016,5.3,1,13,0,5.0,400.0
3.1,0.0,2,400.0,22.0,0,1,0.0971870422363,1,94.0,2,19,-4.00547274408,3.47076188991,5.3,1,13,0,5.0,400.0
3.1,0.0,1,400.0,22.0,0,0,0.0972008705139,0,94.0,2,5,5.24605364197,0.754268642848,5.3,1,13,0,5.0,400.0
3.1,0.0,2,400.0,22.0,0,0,0.0971992015839,0,94.0,2,4,4.82104957538,2.20169956891,5.3,1,13,0,5.0,400.0
3.1,0.0,1,400.0,22.0,0,1,0.0971829891205,0,94.0,2,3,4.00547274408,3.47076188991,5.3,1,13,0,5.0,400.0
3.1,0.0,1,400.0,22.0,0,-2,0.0972139835358,2,94.0,1,1,1.49318255126,5.08531276016,5.3,1,13,0,5.0,400.0
3.1,0.0,1,400.0,22.0,0,0,0.0971720218658,0,94.0,1,0,0.0,5.3,5.3,1,13,0,5.0,400.0
3.1,0.0,2,400.0,22.0,0,2,0.0971760749817,2,94.0,2,8,4.00547274408,-3.47076188991,5.3,1,13,0,5.0,400.0
3.1,0.0,2,400.0,22.0,0,0,0.0971949100494,0,94.0,2,4,4.82104957538,2.20169956891,5.3,1,13,0,5.0,400.0
3.1,0.0,1,400.0,22.0,0,0,0.0971591472626,0,94.0,1,9,2.86539633251,-4.45864372401,5.3,1,13,0,5.0,400.0
3.1,0.0,1,400.0,22.0,0,0,0.0971629619598,-2,94.0,2,13,-2.86539633251,-4.45864372401,5.3,1,13,0,5.0,400.0
3.1,0.0,2,400.0,22.0,0,0,0.0971710681915,0,94.0,2,6,5.24605364197,-0.754268642848,5.3,1,13,0,5.0,400.0
3.1,0.0,1,400.0,22.0,0,-1,0.0970289707184,-1,94.0,1,16,-5.24605364197,-0.754268642848,5.3,1,13,0,5.0,400.0
3.1,0.0,2,400.0,22.0,0,0,0.0971739292145,0,94.0,2,6,5.24605364197,-0.754268642848,5.3,1,13,0,5.0,400.0
3.1,0.0,2,400.0,22.0,0,-1,0.0971658229828,-1,94.0,2,14,-4.00547274408,-3.47076188991,5.3,1,13,0,5.0,400.0
3.1,0.0,1,400.0,22.0,0,0,0.0971779823303,0,94.0,1,4,4.82104957538,2.20169956891,5.3,1,13,0,5.0,400.0
3.1,0.0,1,400.0,22.0,0,2,0.097058057785,0,94.0,1,18,-4.82104957538,2.20169956891,5.3,1,13,0,5.0,400.0
3.1,0.0,2,400.0,22.0,0,0,0.0971848964691,0,94.0,1,2,2.86539633251,4.45864372401,5.3,1,13,0,5.0,400.0
3.1,0.0,2,400.0,22.0,0,0,0.0971710681915,-1,94.0,2,17,-5.24605364197,0.754268642848,5.3,1,13,0,5.0,400.0
3.1,0.0,1,400.0,22.0,0,0,0.0970649719238,0,94.0,1,16,-5.24605364197,-0.754268642848,5.3,1,13,0,5.0,400.0
3.1,0.0,2,400.0,22.0,0,-1,0.0971720218658,2,94.0,1,7,4.82104957538,-2.20169956891,5.3,1,13,0,5.0,400.0
3.1,0.0,2,400.0,22.0,0,-1,0.0971739292145,1,94.0,2,20,-2.86539633251,4.45864372401,5.3,1,13,0,5.0,400.0
3.1,0.0,1,400.0,22.0,0,0,0.0971829891205,0,94.0,2,16,-5.24605364197,-0.754268642848,5.3,1,13,0,5.0,400.0
3.1,0.0,2,400.0,22.0,0,0,0.0970029830933,0,94.0,2,17,-5.24605364197,0.754268642848,5.3,1,13,0,5.0,400.0
3.1,0.0,1,400.0,22.0,0,0,0.0970358848572,0,94.0,1,8,4.00547274408,-3.47076188991,5.3,1,13,0,5.0,400.0
3.1,0.0,1,400.0,22.0,0,1,0.0971961021423,-1,94.0,1,7,4.82104957538,-2.20169956891,5.3,1,13,0,5.0,400.0
3.1,0.0,2,400.0,22.0,0,-2,0.0972011089325,0,94.0,2,18,-4.82104957538,2.20169956891,5.3,1,13,0,5.0,400.0
3.1,0.0,1,400.0,22.0,0,-1,0.097195148468,-1,94.0,1,2,2.86539633251,4.45864372401,5.3,1,13,0,5.0,400.0
3.1,0.0,2,400.0,22.0,0,0,0.0971858501434,0,94.0,1,6,5.24605364197,-0.754268642848,5.3,1,13,0,5.0,400.0
3.1,0.0,2,400.0,22.0,0,0,0.0972030162811,0,94.0,2,21,-1.49318255126,5.08531276016,5.3,1,13,0,5.0,400.0
3.1,0.0,2,400.0,22.0,0,1,0.0970840454102,0,94.0,2,12,-1.49318255126,-5.08531276016,5.3,1,13,0,5.0,400.0
3.1,0.0,2,400.0,22.0,0,-2,0.097097158432,1,94.0,1,7,4.82104957538,-2.20169956891,5.3,1,13,0,5.0,400.0
3.1,0.0,2,400.0,22.0,0,0,0.0972080230713,0,94.0,2,17,-5.24605364197,0.754268642848,5.3,1,13,0,5.0,400.0
3.1,0.0,2,400.0,22.0,0,0,0.0971958637238,0,94.0,2,20,-2.86539633251,4.45864372401,5.3,1,13,0,5.0,400.0
3.1,0.0,2,400.0,22.0,0,0,0.0972058773041,1,94.0,2,4,4.82104957538,2.20169956891,5.3,1,13,0,5.0,400.0
3.1,0.0,1,400.0,22.0,0,0,0.0971808433533,-2,94.0,1,18,-4.82104957538,2.20169956891,5.3,1,13,0,5.0,400.0
3.1,0.0,2,400.0,22.0,0,2,0.097186088562,2,94.0,2,0,0.0,5.3,5.3,1,13,0,5.0,400.0
3.1,0.0,1,400.0,22.0,0,1,0.0971810817719,1,94.0,1,6,5.24605364197,-0.754268642848,5.3,1,13,0,5.0,400.0
3.1,0.0,2,400.0,22.0,0,0,0.0971949100494,0,94.0,2,21,-1.49318255126,5.08531276016,5.3,1,13,0,5.0,400.0
3.1,0.0,2,400.0,22.0,0,0,0.0971810817719,0,94.0,2,11,6.49041367526e-16,-5.3,5.3,1,13,0,5.0,400.0
3.1,0.0,2,400.0,22.0,0,1,0.0970711708069,1,94.0,2,11,6.49041367526e-16,-5.3,5.3,1,13,0,5.0,400.0
3.1,0.0,2,400.0,22.0,0,0,0.0971720218658,1,94.0,2,6,5.24605364197,-0.754268642848,5.3,1,13,0,5.0,400.0
3.1,0.0,2,400.0,22.0,0,1,0.0971808433533,1,94.0,1,14,-4.00547274408,-3.47076188991,5.3,1,13,0,5.0,400.0
3.1,0.0,1,400.0,22.0,0,1,0.0970189571381,1,94.0,1,12,-1.49318255126,-5.08531276016,5.3,1,13,0,5.0,400.0
3.1,0.0,2,400.0,22.0,0,-1,0.0971879959106,0,94.0,1,21,-1.49318255126,5.08531276016,5.3,1,13,0,5.0,400.0
3.1,0.0,2,400.0,22.0,0,-2,0.0970160961151,1,94.0,1,20,-2.86539633251,4.45864372401,5.3,1,13,0,5.0,400.0
3.1,0.0,1,400.0,22.0,0,0,0.0971868038177,1,94.0,1,17,-5.24605364197,0.754268642848,5.3,1,13,0,5.0,400.0
3.1,0.0,1,400.0,22.0,0,0,0.0970411300659,0,94.0,1,16,-5.24605364197,-0.754268642848,5.3,1,13,0,5.0,400.0
3.1,0.0,1,400.0,22.0,0,0,0.097058057785,2,94.0,2,0,0.0,5.3,5.3,1,13,0,5.0,400.0
3.1,0.0,2,400.0,22.0,0,0,0.0971739292145,0,94.0,2,16,-5.24605364197,-0.754268642848,5.3,1,13,0,5.0,400.0
3.1,0.0,2,400.0,22.0,0,-1,0.0971829891205,-1,94.0,2,10,1.49318255126,-5.08531276016,5.3,1,13,0,5.0,400.0
3.1,0.0,1,400.0,22.0,0,0,0.0971620082855,0,94.0,1,18,-4.82104957538,2.20169956891,5.3,1,13,0,5.0,400.0
3.1,0.0,1,400.0,22.0,0,2,0.0971782207489,2,94.0,1,6,5.24605364197,-0.754268642848,5.3,1,13,0,5.0,400.0
3.1,0.0,1,400.0,22.0,0,0,0.0972039699554,0,94.0,1,2,2.86539633251,4.45864372401,5.3,1,13,0,5.0,400.0
3.1,0.0,2,400.0,22.0,0,0,0.097198009491,0,94.0,2,1,1.49318255126,5.08531276016,5.3,1,13,0,5.0,400.0
3.1,0.0,2,400.0,22.0,0,0,0.0972049236298,1,94.0,1,11,6.49041367526e-16,-5.3,5.3,1,13,0,5.0,400.0
3.1,0.0,1,400.0,22.0,0,0,0.0971941947937,0,94.0,1,14,-4.00547274408,-3.47076188991,5.3,1,13,0,5.0,400.0
3.1,0.0,2,400.0,22.0,0,0,0.0971949100494,0,94.0,2,15,-4.82104957538,-2.20169956891,5.3,1,13,0,5.0,400.0
3.1,0.0,2,400.0,22.0,0,0,0.0972189903259,1,94.0,1,16,-5.24605364197,-0.754268642848,5.3,1,13,0,5.0,400.0
3.1,0.0,2,400.0,22.0,0,0,0.097198009491,1,94.0,2,21,-1.49318255126,5.08531276016,5.3,1,13,0,5.0,400.0
3.1,0.0,1,400.0,22.0,0,-1,0.0972089767456,-1,94.0,2,13,-2.86539633251,-4.45864372401,5.3,1,13,0,5.0,400.0
3.1,0.0,1,400.0,22.0,0,0,0.0971899032593,0,94.0,1,7,4.82104957538,-2.20169956891,5.3,1,13,0,5.0,400.0
3.1,0.0,2,400.0,22.0,0,0,0.0971760749817,1,94.0,1,6,5.24605364197,-0.754268642848,5.3,1,13,0,5.0,400.0
3.1,0.0,1,400.0,22.0,0,-1,0.0970859527588,1,94.0,2,1,1.49318255126,5.08531276016,5.3,1,13,0,5.0,400.0
3.1,0.0,1,400.0,22.0,0,2,0.097177028656,2,94.0,2,1,1.49318255126,5.08531276016,5.3,1,13,0,5.0,400.0
3.1,0.0,2,400.0,22.0,0,0,0.0970261096954,1,94.0,1,1,1.49318255126,5.08531276016,5.3,1,13,0,5.0,400.0
3.1,0.0,1,400.0,22.0,0,0,0.0971620082855,0,94.0,2,6,5.24605364197,-0.754268642848,5.3,1,13,0,5.0,400.0
3.1,0.0,2,400.0,22.0,0,0,0.0970919132233,0,94.0,1,8,4.00547274408,-3.47076188991,5.3,1,13,0,5.0,400.0
3.1,0.0,2,400.0,22.0,0,0,0.0971710681915,0,94.0,1,5,5.24605364197,0.754268642848,5.3,1,13,0,5.0,400.0
3.1,0.0,1,400.0,22.0,0,0,0.097069978714,0,94.0,1,0,0.0,5.3,5.3,1,13,0,5.0,400.0
3.1,0.0,1,400.0,22.0,0,-2,0.0971801280975,0,94.0,1,12,-1.49318255126,-5.08531276016,5.3,1,13,0,5.0,400.0
3.1,0.0,2,400.0,22.0,0,0,0.0970129966736,-2,94.0,2,3,4.00547274408,3.47076188991,5.3,1,13,0,5.0,400.0
3.1,0.0,2,400.0,22.0,0,0,0.0971879959106,-1,94.0,2,3,4.00547274408,3.47076188991,5.3,1,13,0,5.0,400.0
3.1,0.0,1,400.0,22.0,0,-1,0.0970621109009,0,94.0,1,14,-4.00547274408,-3.47076188991,5.3,1,13,0,5.0,400.0
3.1,0.0,1,400.0,22.0,0,0,0.0972440242767,0,94.0,2,7,4.82104957538,-2.20169956891,5.3,1,13,0,5.0,400.0
3.1,0.0,2,400.0,22.0,0,0,0.0971848964691,-2,94.0,1,5,5.24605364197,0.754268642848,5.3,1,13,0,5.0,400.0
3.1,0.0,1,400.0,22.0,0,0,0.0971829891205,0,94.0,1,6,5.24605364197,-0.754268642848,5.3,1,13,0,5.0,400.0
3.1,0.0,2,400.0,22.0,0,2,0.0971732139587,-1,94.0,2,1,1.49318255126,5.08531276016,5.3,1,13,0,5.0,400.0
3.1,0.0,2,400.0,22.0,0,2,0.0971839427948,2,94.0,1,9,2.86539633251,-4.45864372401,5.3,1,13,0,5.0,400.0
3.1,0.0,2,400.0,22.0,0,-1,0.0971930027008,-1,94.0,2,6,5.24605364197,-0.754268642848,5.3,1,13,0,5.0,400.0
3.1,0.0,2,400.0,22.0,0,1,0.0972039699554,0,94.0,2,15,-4.82104957538,-2.20169956891,5.3,1,13,0,5.0,400.0
3.1,0.0,2,400.0,22.0,0,2,0.0971970558167,1,94.0,1,21,-1.49318255126,5.08531276016,5.3,1,13,0,5.0,400.0
3.1,0.0,1,400.0,22.0,0,0,0.0972020626068,0,94.0,2,0,0.0,5.3,5.3,1,13,0,5.0,400.0
3.1,0.0,2,400.0,22.0,0,0,0.0971961021423,2,94.0,2,21,-1.49318255126,5.08531276016,5.3,1,13,0,5.0,400.0
3.1,0.0,2,400.0,22.0,0,2,0.0972030162811,0,94.0,2,18,-4.82104957538,2.20169956891,5.3,1,13,0,5.0,400.0
3.1,0.0,1,400.0,22.0,0,0,0.0972061157227,0,94.0,1,7,4.82104957538,-2.20169956891,5.3,1,13,0,5.0,400.0
3.1,0.0,1,400.0,22.0,0,1,0.0972089767456,1,94.0,1,19,-4.00547274408,3.47076188991,5.3,1,13,0,5.0,400.0
3.1,0.0,1,400.0,22.0,0,1,0.0972061157227,-2,94.0,1,12,-1.49318255126,-5.08531276016,5.3,1,13,0,5.0,400.0
3.1,0.0,1,400.0,22.0,0,0,0.0971870422363,-1,94.0,1,1,1.49318255126,5.08531276016,5.3,1,13,0,5.0,400.0
3.1,0.0,1,400.0,22.0,0,1,0.0971751213074,0,94.0,2,20,-2.86539633251,4.45864372401,5.3,1,13,0,5.0,400.0
3.1,0.0,2,400.0,22.0,0,1,0.0970740318298,0,94.0,1,1,1.49318255126,5.08531276016,5.3,1,13,0,5.0,400.0
3.1,0.0,2,400.0,22.0,0,2,0.0971858501434,-2,94.0,1,18,-4.82104957538,2.20169956891,5.3,1,13,0,5.0,400.0
3.1,0.0,2,400.0,22.0,0,-2,0.0971939563751,0,94.0,2,21,-1.49318255126,5.08531276016,5.3,1,13,0,5.0,400.0
3.1,0.0,1,400.0,22.0,0,0,0.0971810817719,0,94.0,2,17,-5.24605364197,0.754268642848,5.3,1,13,0,5.0,400.0
3.1,0.0,1,400.0,22.0,0,0,0.097076177597,0,94.0,2,6,5.24605364197,-0.754268642848,5.3,1,13,0,5.0,400.0
3.1,0.0,2,400.0,22.0,0,0,0.0971810817719,0,94.0,2,9,2.86539633251,-4.45864372401,5.3,1,13,0,5.0,400.0
3.1,0.0,2,400.0,22.0,0,1,0.0971698760986,0,94.0,2,17,-5.24605364197,0.754268642848,5.3,1,13,0,5.0,400.0
3.1,0.0,2,400.0,22.0,0,1,0.0972120761871,0,94.0,1,1,1.49318255126,5.08531276016,5.3,1,13,0,5.0,400.0
3.1,0.0,1,400.0,22.0,0,0,0.0971758365631,-2,94.0,2,10,1.49318255126,-5.08531276016,5.3,1,13,0,5.0,400.0
3.1,0.0,2,400.0,22.0,0,0,0.0971829891205,0,94.0,2,8,4.00547274408,-3.47076188991,5.3,1,13,0,5.0,400.0
3.1,0.0,2,400.0,22.0,0,1,0.0970578193665,1,94.0,2,13,-2.86539633251,-4.45864372401,5.3,1,13,0,5.0,400.0
3.1,0.0,1,400.0,22.0,0,0,0.0971779823303,0,94.0,1,20,-2.86539633251,4.45864372401,5.3,1,13,0,5.0,400.0
3.1,0.0,2,400.0,22.0,0,0,0.0971651077271,0,94.0,2,14,-4.00547274408,-3.47076188991,5.3,1,13,0,5.0,400.0
3.1,0.0,1,400.0,22.0,0,0,0.0971779823303,0,94.0,1,15,-4.82104957538,-2.20169956891,5.3,1,13,0,5.0,400.0
3.1,0.0,2,400.0,22.0,0,-1,0.097177028656,1,94.0,1,14,-4.00547274408,-3.47076188991,5.3,1,13,0,5.0,400.0
3.1,0.0,2,400.0,22.0,0,0,0.097042798996,-2,94.0,1,6,5.24605364197,-0.754268642848,5.3,1,13,0,5.0,400.0
3.1,0.0,2,400.0,22.0,0,1,0.0971939563751,2,94.0,2,4,4.82104957538,2.20169956891,5.3,1,13,0,5.0,400.0
3.1,0.0,2,400.0,22.0,0,0,0.0971968173981,0,94.0,2,11,6.49041367526e-16,-5.3,5.3,1,13,0,5.0,400.0
3.1,0.0,1,400.0,22.0,0,-1,0.097198009491,-1,94.0,1,20,-2.86539633251,4.45864372401,5.3,1,13,0,5.0,400.0
3.1,0.0,1,400.0,22.0,0,2,0.0971970558167,0,94.0,1,6,5.24605364197,-0.754268642848,5.3,1,13,0,5.0,400.0
3.1,0.0,2,400.0,22.0,0,2,0.0972049236298,1,94.0,2,13,-2.86539633251,-4.45864372401,5.3,1,13,0,5.0,400.0
3.1,0.0,1,400.0,22.0,0,2,0.0972080230713,1,94.0,2,21,-1.49318255126,5.08531276016,5.3,1,13,0,5.0,400.0
3.1,0.0,1,400.0,22.0,0,2,0.097207069397,-2,94.0,1,12,-1.49318255126,-5.08531276016,5.3,1,13,0,5.0,400.0
3.1,0.0,2,400.0,22.0,0,-1,0.0972030162811,-2,94.0,2,11,6.49041367526e-16,-5.3,5.3,1,13,0,5.0,400.0
3.1,0.0,2,400.0,22.0,0,1,0.0971941947937,-2,94.0,2,2,2.86539633251,4.45864372401,5.3,1,13,0,5.0,400.0
3.1,0.0,1,400.0,22.0,0,2,0.0972080230713,2,94.0,1,14,-4.00547274408,-3.47076188991,5.3,1,13,0,5.0,400.0
3.1,0.0,2,400.0,22.0,0,0,0.0971667766571,0,94.0,1,20,-2.86539633251,4.45864372401,5.3,1,13,0,5.0,400.0
3.1,0.0,1,400.0,22.0,0,-2,0.09716796875,2,94.0,1,20,-2.86539633251,4.45864372401,5.3,1,13,0,5.0,400.0
3.1,0.0,1,400.0,22.0,0,0,0.0970239639282,1,94.0,2,13,-2.86539633251,-4.45864372401,5.3,1,13,0,5.0,400.0
3.1,0.0,2,400.0,22.0,0,0,0.097186088562,0,94.0,2,16,-5.24605364197,-0.754268642848,5.3,1,13,0,5.0,400.0
3.1,0.0,2,400.0,22.0,0,0,0.097179889679,-1,94.0,2,9,2.86539633251,-4.45864372401,5.3,1,13,0,5.0,400.0
3.1,0.0,1,400.0,22.0,0,0,0.0971958637238,0,94.0,1,20,-2.86539633251,4.45864372401,5.3,1,13,0,5.0,400.0
3.1,0.0,1,400.0,22.0,0,0,0.0971848964691,0,94.0,1,17,-5.24605364197,0.754268642848,5.3,1,13,0,5.0,400.0
3.1,0.0,1,400.0,22.0,0,-1,0.0971920490265,2,94.0,1,8,4.00547274408,-3.47076188991,5.3,1,13,0,5.0,400.0
3.1,0.0,2,400.0,22.0,0,-2,0.0972118377686,1,94.0,2,11,6.49041367526e-16,-5.3,5.3,1,13,0,5.0,400.0
3.1,0.0,2,400.0,22.0,0,0,0.0970160961151,0,94.0,2,6,5.24605364197,-0.754268642848,5.3,1,13,0,5.0,400.0
3.1,0.0,1,400.0,22.0,0,0,0.097020149231,0,94.0,1,3,4.00547274408,3.47076188991,5.3,1,13,0,5.0,400.0
3.1,0.0,1,400.0,22.0,0,0,0.0970220565796,0,94.0,1,5,5.24605364197,0.754268642848,5.3,1,13,0,5.0,400.0
3.1,0.0,2,400.0,22.0,0,0,0.0971839427948,0,94.0,2,18,-4.82104957538,2.20169956891,5.3,1,13,0,5.0,400.0
3.1,0.0,1,400.0,22.0,0,-1,0.0971820354462,-1,94.0,2,14,-4.00547274408,-3.47076188991,5.3,1,13,0,5.0,400.0
3.1,0.0,2,400.0,22.0,0,0,0.0971820354462,0,94.0,2,18,-4.82104957538,2.20169956891,5.3,1,13,0,5.0,400.0
3.1,0.0,2,400.0,22.0,0,-2,0.0971808433533,0,94.0,1,3,4.00547274408,3.47076188991,5.3,1,13,0,5.0,400.0
3.1,0.0,2,400.0,22.0,0,0,0.0971949100494,0,94.0,1,2,2.86539633251,4.45864372401,5.3,1,13,0,5.0,400.0
3.1,0.0,2,400.0,22.0,0,-2,0.0972077846527,-2,94.0,1,4,4.82104957538,2.20169956891,5.3,1,13,0,5.0,400.0
3.1,0.0,2,400.0,22.0,0,1,0.0972020626068,2,94.0,1,19,-4.00547274408,3.47076188991,5.3,1,13,0,5.0,400.0
3.1,0.0,2,400.0,22.0,0,1,0.0971119403839,1,94.0,2,7,4.82104957538,-2.20169956891,5.3,1,13,0,5.0,400.0
3.1,0.0,1,400.0,22.0,0,0,0.0971999168396,-1,94.0,2,21,-1.49318255126,5.08531276016,5.3,1,13,0,5.0,400.0
3.1,0.0,2,400.0,22.0,0,1,0.0972030162811,0,94.0,1,9,2.86539633251,-4.45864372401,5.3,1,13,0,5.0,400.0
3.1,0.0,1,400.0,22.0,0,2,0.0972368717194,-1,94.0,2,1,1.49318255126,5.08531276016,5.3,1,13,0,5.0,400.0
3.1,0.0,2,400.0,22.0,0,0,0.097198009491,0,94.0,2,11,6.49041367526e-16,-5.3,5.3,1,13,0,5.0,400.0
3.1,0.0,1,400.0,22.0,0,0,0.0971641540527,0,94.0,1,17,-5.24605364197,0.754268642848,5.3,1,13,0,5.0,400.0
3.1,0.0,2,400.0,22.0,0,-2,0.0971939563751,0,94.0,2,0,0.0,5.3,5.3,1,13,0,5.0,400.0
3.1,0.0,1,400.0,22.0,0,0,0.097186088562,0,94.0,1,6,5.24605364197,-0.754268642848,5.3,1,13,0,5.0,400.0
3.1,0.0,1,400.0,22.0,0,-2,0.0971581935883,-2,94.0,1,10,1.49318255126,-5.08531276016,5.3,1,13,0,5.0,400.0
3.1,0.0,1,400.0,22.0,0,2,0.097039937973,1,94.0,1,13,-2.86539633251,-4.45864372401,5.3,1,13,0,5.0,400.0
3.1,0.0,1,400.0,22.0,0,-1,0.0971817970276,-1,94.0,2,20,-2.86539633251,4.45864372401,5.3,1,13,0,5.0,400.0
3.1,0.0,2,400.0,22.0,0,1,0.0971820354462,0,94.0,1,1,1.49318255126,5.08531276016,5.3,1,13,0,5.0,400.0
3.1,0.0,2,400.0,22.0,0,0,0.0970640182495,0,94.0,2,17,-5.24605364197,0.754268642848,5.3,1,13,0,5.0,400.0
3.1,0.0,2,400.0,22.0,0,0,0.0971961021423,0,94.0,2,20,-2.86539633251,4.45864372401,5.3,1,13,0,5.0,400.0
3.1,0.0,2,400.0,22.0,0,2,0.0971810817719,-2,94.0,2,16,-5.24605364197,-0.754268642848,5.3,1,13,0,5.0,400.0
3.1,0.0,1,400.0,22.0,0,-1,0.0971848964691,-1,94.0,1,17,-5.24605364197,0.754268642848,5.3,1,13,0,5.0,400.0
3.1,0.0,1,400.0,22.0,0,1,0.0971808433533,-2,94.0,1,7,4.82104957538,-2.20169956891,5.3,1,13,0,5.0,400.0
3.1,0.0,1,400.0,22.0,0,0,0.0971820354462,-1,94.0,1,17,-5.24605364197,0.754268642848,5.3,1,13,0,5.0,400.0
3.1,0.0,2,400.0,22.0,0,-1,0.0971868038177,2,94.0,1,21,-1.49318255126,5.08531276016,5.3,1,13,0,5.0,400.0
3.1,0.0,2,400.0,22.0,0,0,0.0971717834473,0,94.0,2,16,-5.24605364197,-0.754268642848,5.3,1,13,0,5.0,400.0
3.1,0.0,1,400.0,22.0,0,0,0.0971629619598,0,94.0,1,10,1.49318255126,-5.08531276016,5.3,1,13,0,5.0,400.0
3.1,0.0,2,400.0,22.0,0,2,0.0971899032593,0,94.0,2,13,-2.86539633251,-4.45864372401,5.3,1,13,0,5.0,400.0
3.1,0.0,2,400.0,22.0,0,0,0.0971970558167,-1,94.0,2,8,4.00547274408,-3.47076188991,5.3,1,13,0,5.0,400.0
3.1,0.0,1,400.0,22.0,0,1,0.0972120761871,1,94.0,1,0,0.0,5.3,5.3,1,13,0,5.0,400.0
3.1,0.0,2,400.0,22.0,0,0,0.0972030162811,0,94.0,2,4,4.82104957538,2.20169956891,5.3,1,13,0,5.0,400.0
3.1,0.0,1,400.0,22.0,0,1,0.0972261428833,0,94.0,1,3,4.00547274408,3.47076188991,5.3,1,13,0,5.0,400.0
3.1,0.0,2,400.0,22.0,0,-2,0.0971741676331,1,94.0,2,2,2.86539633251,4.45864372401,5.3,1,13,0,5.0,400.0
3.1,0.0,1,400.0,22.0,0,-1,0.0971930027008,-1,94.0,2,19,-4.00547274408,3.47076188991,5.3,1,13,0,5.0,400.0
3.1,0.0,1,400.0,22.0,0,0,0.0971930027008,-1,94.0,2,21,-1.49318255126,5.08531276016,5.3,1,13,0,5.0,400.0
3.1,0.0,1,400.0,22.0,0,2,0.0971910953522,2,94.0,1,16,-5.24605364197,-0.754268642848,5.3,1,13,0,5.0,400.0
3.1,0.0,1,400.0,22.0,0,2,0.0971992015839,1,94.0,2,0,0.0,5.3,5.3,1,13,0,5.0,400.0
3.1,0.0,2,400.0,22.0,0,0,0.0971629619598,0,94.0,1,11,6.49041367526e-16,-5.3,5.3,1,13,0,5.0,400.0
3.1,0.0,2,400.0,22.0,0,-2,0.0971632003784,2,94.0,2,20,-2.86539633251,4.45864372401,5.3,1,13,0,5.0,400.0
3.1,0.0,1,400.0,22.0,0,2,0.0971870422363,2,94.0,1,10,1.49318255126,-5.08531276016,5.3,1,13,0,5.0,400.0
3.1,0.0,2,400.0,22.0,0,-1,0.097188949585,-2,94.0,1,7,4.82104957538,-2.20169956891,5.3,1,13,0,5.0,400.0
3.1,0.0,2,400.0,22.0,0,0,0.0971939563751,0,94.0,2,18,-4.82104957538,2.20169956891,5.3,1,13,0,5.0,400.0
3.1,0.0,2,400.0,22.0,0,0,0.0971839427948,0,94.0,2,21,-1.49318255126,5.08531276016,5.3,1,13,0,5.0,400.0
3.1,0.0,1,400.0,22.0,0,0,0.0970251560211,0,94.0,1,20,-2.86539633251,4.45864372401,5.3,1,13,0,5.0,400.0
3.1,0.0,2,400.0,22.0,0,1,0.0971760749817,0,94.0,2,13,-2.86539633251,-4.45864372401,5.3,1,13,0,5.0,400.0
3.1,0.0,2,400.0,22.0,0,0,0.0971839427948,0,94.0,1,21,-1.49318255126,5.08531276016,5.3,1,13,0,5.0,400.0
3.1,0.0,2,400.0,22.0,0,1,0.0970559120178,1,94.0,1,12,-1.49318255126,-5.08531276016,5.3,1,13,0,5.0,400.0
3.1,0.0,1,400.0,22.0,0,2,0.0971729755402,-2,94.0,2,16,-5.24605364197,-0.754268642848,5.3,1,13,0,5.0,400.0
3.1,0.0,2,400.0,22.0,0,-1,0.0970139503479,0,94.0,1,3,4.00547274408,3.47076188991,5.3,1,13,0,5.0,400.0
3.1,0.0,2,400.0,22.0,0,0,0.0971782207489,0,94.0,2,1,1.49318255126,5.08531276016,5.3,1,13,0,5.0,400.0
3.1,0.0,2,400.0,22.0,0,1,0.0970199108124,1,94.0,2,13,-2.86539633251,-4.45864372401,5.3,1,13,0,5.0,400.0
3.1,0.0,1,400.0,22.0,0,1,0.0970430374146,-1,94.0,2,1,1.49318255126,5.08531276016,5.3,1,13,0,5.0,400.0
3.1,0.0,2,400.0,22.0,0,-2,0.0971519947052,-2,94.0,1,10,1.49318255126,-5.08531276016,5.3,1,13,0,5.0,400.0
3.1,0.0,1,400.0,22.0,0,0,0.0971992015839,-1,94.0,2,19,-4.00547274408,3.47076188991,5.3,1,13,0,5.0,400.0
3.1,0.0,2,400.0,22.0,0,1,0.097177028656,0,94.0,1,19,-4.00547274408,3.47076188991,5.3,1,13,0,5.0,400.0
3.1,0.0,1,400.0,22.0,0,0,0.0970180034637,2,94.0,1,20,-2.86539633251,4.45864372401,5.3,1,13,0,5.0,400.0
3.1,0.0,2,400.0,22.0,0,0,0.097011089325,0,94.0,2,19,-4.00547274408,3.47076188991,5.3,1,13,0,5.0,400.0
3.1,0.0,2,400.0,22.0,0,1,0.0972018241882,1,94.0,1,14,-4.00547274408,-3.47076188991,5.3,1,13,0,5.0,400.0
3.1,0.0,1,400.0,22.0,0,-1,0.097198009491,0,94.0,2,12,-1.49318255126,-5.08531276016,5.3,1,13,0,5.0,400.0
3.1,0.0,2,400.0,22.0,0,1,0.0974040031433,0,94.0,2,11,6.49041367526e-16,-5.3,5.3,1,13,0,5.0,400.0
3.1,0.0,2,400.0,22.0,0,1,0.0972030162811,1,94.0,1,15,-4.82104957538,-2.20169956891,5.3,1,13,0,5.0,400.0
3.1,0.0,1,400.0,22.0,0,-1,0.0972111225128,2,94.0,2,6,5.24605364197,-0.754268642848,5.3,1,13,0,5.0,400.0
3.1,0.0,2,400.0,22.0,0,-2,0.0972001552582,0,94.0,1,0,0.0,5.3,5.3,1,13,0,5.0,400.0
3.1,0.0,1,400.0,22.0,0,2,0.0971949100494,1,94.0,2,10,1.49318255126,-5.08531276016,5.3,1,13,0,5.0,400.0
3.1,0.0,1,400.0,22.0,0,-1,0.0972068309784,-1,94.0,1,11,6.49041367526e-16,-5.3,5.3,1,13,0,5.0,400.0
3.1,0.0,2,400.0,22.0,0,1,0.0972039699554,2,94.0,2,14,-4.00547274408,-3.47076188991,5.3,1,13,0,5.0,400.0
3.1,0.0,2,400.0,22.0,0,0,0.0971717834473,0,94.0,1,11,6.49041367526e-16,-5.3,5.3,1,13,0,5.0,400.0
3.1,0.0,1,400.0,22.0,0,0,0.0971779823303,0,94.0,1,17,-5.24605364197,0.754268642848,5.3,1,13,0,5.0,400.0
3.1,0.0,2,400.0,22.0,0,1,0.0972108840942,1,94.0,2,4,4.82104957538,2.20169956891,5.3,1,13,0,5.0,400.0
3.1,0.0,2,400.0,22.0,0,0,0.097188949585,0,94.0,2,10,1.49318255126,-5.08531276016,5.3,1,13,0,5.0,400.0
3.1,0.0,2,400.0,22.0,0,0,0.0971930027008,-1,94.0,1,3,4.00547274408,3.47076188991,5.3,1,13,0,5.0,400.0
3.1,0.0,1,400.0,22.0,0,0,0.0972139835358,0,94.0,1,11,6.49041367526e-16,-5.3,5.3,1,13,0,5.0,400.0
3.1,0.0,1,400.0,22.0,0,0,0.0971870422363,-2,94.0,1,3,4.00547274408,3.47076188991,5.3,1,13,0,5.0,400.0
3.1,0.0,2,400.0,22.0,0,0,0.097186088562,0,94.0,1,5,5.24605364197,0.754268642848,5.3,1,13,0,5.0,400.0
