cue-length,ms-precue,resp-v-hv,ms-st-cue,nitems,offset2,resp-h-pos,actualStimOn,resp-v-pos,ms-stimon,resp-h-hv,cue-loc-int,cue-loc-x,cue-loc-y,radius,bars-or-spot,version,offset,npractice,ntrials
3.1,0.0,2,400.0,22.0,10,-1,0.0970051288605,1,94.0,2,20,-2.86539633251,4.45864372401,5.3,5,8,8,5.0,400.0
3.1,0.0,1,400.0,22.0,10,0,0.0971958637238,-2,94.0,1,19,-4.00547274408,3.47076188991,5.3,5,8,8,5.0,400.0
3.1,0.0,1,400.0,22.0,10,-2,0.097020149231,2,94.0,2,9,2.86539633251,-4.45864372401,5.3,5,8,8,5.0,400.0
3.1,0.0,1,400.0,22.0,10,0,0.0970261096954,-1,94.0,1,7,4.82104957538,-2.20169956891,5.3,5,8,8,5.0,400.0
3.1,0.0,1,400.0,22.0,10,0,0.0970251560211,0,94.0,1,7,4.82104957538,-2.20169956891,5.3,5,8,8,5.0,400.0
3.1,0.0,1,400.0,22.0,10,-2,0.0970599651337,-1,94.0,2,15,-4.82104957538,-2.20169956891,5.3,5,8,8,5.0,400.0
3.1,0.0,2,400.0,22.0,10,-1,0.0970239639282,-1,94.0,2,20,-2.86539633251,4.45864372401,5.3,5,8,8,5.0,400.0
3.1,0.0,1,400.0,22.0,10,-2,0.0970280170441,-1,94.0,2,21,-1.49318255126,5.08531276016,5.3,5,8,8,5.0,400.0
3.1,0.0,2,400.0,22.0,10,-1,0.0970411300659,1,94.0,1,10,1.49318255126,-5.08531276016,5.3,5,8,8,5.0,400.0
3.1,0.0,1,400.0,22.0,10,0,0.0971961021423,-1,94.0,1,21,-1.49318255126,5.08531276016,5.3,5,8,8,5.0,400.0
3.1,0.0,2,400.0,22.0,10,-2,0.0971848964691,-1,94.0,2,13,-2.86539633251,-4.45864372401,5.3,5,8,8,5.0,400.0
3.1,0.0,2,400.0,22.0,10,0,0.0972008705139,-1,94.0,1,15,-4.82104957538,-2.20169956891,5.3,5,8,8,5.0,400.0
3.1,0.0,2,400.0,22.0,10,0,0.0971758365631,1,94.0,1,15,-4.82104957538,-2.20169956891,5.3,5,8,8,5.0,400.0
3.1,0.0,2,400.0,22.0,10,1,0.097051858902,2,94.0,2,14,-4.00547274408,-3.47076188991,5.3,5,8,8,5.0,400.0
3.1,0.0,2,400.0,22.0,10,0,0.0971019268036,0,94.0,1,12,-1.49318255126,-5.08531276016,5.3,5,8,8,5.0,400.0
3.1,0.0,1,400.0,22.0,10,2,0.097030878067,0,94.0,1,15,-4.82104957538,-2.20169956891,5.3,5,8,8,5.0,400.0
3.1,0.0,2,400.0,22.0,10,2,0.0970420837402,1,94.0,1,1,1.49318255126,5.08531276016,5.3,5,8,8,5.0,400.0
3.1,0.0,2,400.0,22.0,10,-2,0.0972380638123,0,94.0,1,6,5.24605364197,-0.754268642848,5.3,5,8,8,5.0,400.0
3.1,0.0,1,400.0,22.0,10,1,0.0971939563751,0,94.0,1,18,-4.82104957538,2.20169956891,5.3,5,8,8,5.0,400.0
3.1,0.0,2,400.0,22.0,10,-2,0.0972139835358,0,94.0,1,16,-5.24605364197,-0.754268642848,5.3,5,8,8,5.0,400.0
3.1,0.0,1,400.0,22.0,10,2,0.0970070362091,-2,94.0,2,20,-2.86539633251,4.45864372401,5.3,5,8,8,5.0,400.0
3.1,0.0,2,400.0,22.0,10,1,0.0972199440002,0,94.0,1,5,5.24605364197,0.754268642848,5.3,5,8,8,5.0,400.0
3.1,0.0,2,400.0,22.0,10,1,0.0971851348877,-2,94.0,1,15,-4.82104957538,-2.20169956891,5.3,5,8,8,5.0,400.0
3.1,0.0,1,400.0,22.0,10,2,0.0970058441162,-1,94.0,1,12,-1.49318255126,-5.08531276016,5.3,5,8,8,5.0,400.0
3.1,0.0,1,400.0,22.0,10,0,0.0970330238342,2,94.0,2,16,-5.24605364197,-0.754268642848,5.3,5,8,8,5.0,400.0
3.1,0.0,1,400.0,22.0,10,1,0.0971858501434,0,94.0,2,14,-4.00547274408,-3.47076188991,5.3,5,8,8,5.0,400.0
3.1,0.0,1,400.0,22.0,10,-2,0.0970160961151,1,94.0,2,13,-2.86539633251,-4.45864372401,5.3,5,8,8,5.0,400.0
3.1,0.0,2,400.0,22.0,10,-2,0.0974509716034,2,94.0,2,3,4.00547274408,3.47076188991,5.3,5,8,8,5.0,400.0
3.1,0.0,1,400.0,22.0,10,0,0.0972080230713,-1,94.0,2,20,-2.86539633251,4.45864372401,5.3,5,8,8,5.0,400.0
3.1,0.0,2,400.0,22.0,10,1,0.0972049236298,1,94.0,1,3,4.00547274408,3.47076188991,5.3,5,8,8,5.0,400.0
3.1,0.0,2,400.0,22.0,10,1,0.0971939563751,-1,94.0,2,0,0.0,5.3,5.3,5,8,8,5.0,400.0
3.1,0.0,1,400.0,22.0,10,0,0.0971908569336,0,94.0,2,1,1.49318255126,5.08531276016,5.3,5,8,8,5.0,400.0
3.1,0.0,1,400.0,22.0,10,2,0.0970280170441,-2,94.0,2,20,-2.86539633251,4.45864372401,5.3,5,8,8,5.0,400.0
3.1,0.0,2,400.0,22.0,10,0,0.0972471237183,0,94.0,1,2,2.86539633251,4.45864372401,5.3,5,8,8,5.0,400.0
3.1,0.0,1,400.0,22.0,10,0,0.0971851348877,-2,94.0,1,0,0.0,5.3,5.3,5,8,8,5.0,400.0
3.1,0.0,2,400.0,22.0,10,0,0.0971720218658,1,94.0,1,6,5.24605364197,-0.754268642848,5.3,5,8,8,5.0,400.0
3.1,0.0,2,400.0,22.0,10,-2,0.0971989631653,-2,94.0,2,0,0.0,5.3,5.3,5,8,8,5.0,400.0
3.1,0.0,2,400.0,22.0,10,0,0.0972039699554,-1,94.0,2,19,-4.00547274408,3.47076188991,5.3,5,8,8,5.0,400.0
3.1,0.0,2,400.0,22.0,10,2,0.0972189903259,2,94.0,2,5,5.24605364197,0.754268642848,5.3,5,8,8,5.0,400.0
3.1,0.0,2,400.0,22.0,10,0,0.0972249507904,-2,94.0,1,0,0.0,5.3,5.3,5,8,8,5.0,400.0
3.1,0.0,2,400.0,22.0,10,0,0.0973589420319,1,94.0,1,10,1.49318255126,-5.08531276016,5.3,5,8,8,5.0,400.0
3.1,0.0,2,400.0,22.0,10,2,0.0972151756287,0,94.0,2,17,-5.24605364197,0.754268642848,5.3,5,8,8,5.0,400.0
3.1,0.0,1,400.0,22.0,10,1,0.0972290039062,2,94.0,2,6,5.24605364197,-0.754268642848,5.3,5,8,8,5.0,400.0
3.1,0.0,2,400.0,22.0,10,0,0.0972290039062,1,94.0,1,10,1.49318255126,-5.08531276016,5.3,5,8,8,5.0,400.0
3.1,0.0,1,400.0,22.0,10,-2,0.0972180366516,-2,94.0,2,8,4.00547274408,-3.47076188991,5.3,5,8,8,5.0,400.0
3.1,0.0,2,400.0,22.0,10,0,0.0970101356506,2,94.0,1,2,2.86539633251,4.45864372401,5.3,5,8,8,5.0,400.0
3.1,0.0,1,400.0,22.0,10,-1,0.0972249507904,0,94.0,2,20,-2.86539633251,4.45864372401,5.3,5,8,8,5.0,400.0
3.1,0.0,2,400.0,22.0,10,2,0.0970079898834,2,94.0,1,10,1.49318255126,-5.08531276016,5.3,5,8,8,5.0,400.0
3.1,0.0,2,400.0,22.0,10,-1,0.0972239971161,2,94.0,1,2,2.86539633251,4.45864372401,5.3,5,8,8,5.0,400.0
3.1,0.0,1,400.0,22.0,10,-1,0.0970048904419,-1,94.0,2,21,-1.49318255126,5.08531276016,5.3,5,8,8,5.0,400.0
3.1,0.0,2,400.0,22.0,10,-2,0.0971779823303,1,94.0,2,7,4.82104957538,-2.20169956891,5.3,5,8,8,5.0,400.0
3.1,0.0,1,400.0,22.0,10,-2,0.0970048904419,-1,94.0,1,14,-4.00547274408,-3.47076188991,5.3,5,8,8,5.0,400.0
3.1,0.0,1,400.0,22.0,10,0,0.0970139503479,1,94.0,2,16,-5.24605364197,-0.754268642848,5.3,5,8,8,5.0,400.0
3.1,0.0,1,400.0,22.0,10,0,0.0971949100494,-2,94.0,1,16,-5.24605364197,-0.754268642848,5.3,5,8,8,5.0,400.0
3.1,0.0,2,400.0,22.0,10,0,0.0970180034637,0,94.0,1,3,4.00547274408,3.47076188991,5.3,5,8,8,5.0,400.0
3.1,0.0,1,400.0,22.0,10,-2,0.0970239639282,0,94.0,2,17,-5.24605364197,0.754268642848,5.3,5,8,8,5.0,400.0
3.1,0.0,1,400.0,22.0,10,0,0.0971760749817,0,94.0,2,18,-4.82104957538,2.20169956891,5.3,5,8,8,5.0,400.0
3.1,0.0,1,400.0,22.0,10,0,0.0971920490265,0,94.0,2,2,2.86539633251,4.45864372401,5.3,5,8,8,5.0,400.0
3.1,0.0,2,400.0,22.0,10,0,0.0972180366516,-2,94.0,2,18,-4.82104957538,2.20169956891,5.3,5,8,8,5.0,400.0
3.1,0.0,2,400.0,22.0,10,-1,0.0970251560211,2,94.0,2,9,2.86539633251,-4.45864372401,5.3,5,8,8,5.0,400.0
3.1,0.0,2,400.0,22.0,10,0,0.0971808433533,-1,94.0,1,14,-4.00547274408,-3.47076188991,5.3,5,8,8,5.0,400.0
3.1,0.0,2,400.0,22.0,10,0,0.0976059436798,0,94.0,1,11,6.49041367526e-16,-5.3,5.3,5,8,8,5.0,400.0
3.1,0.0,1,400.0,22.0,10,1,0.0972290039062,-2,94.0,2,10,1.49318255126,-5.08531276016,5.3,5,8,8,5.0,400.0
3.1,0.0,1,400.0,22.0,10,-1,0.0972077846527,-1,94.0,2,1,1.49318255126,5.08531276016,5.3,5,8,8,5.0,400.0
3.1,0.0,2,400.0,22.0,10,1,0.097207069397,-2,94.0,1,10,1.49318255126,-5.08531276016,5.3,5,8,8,5.0,400.0
3.1,0.0,2,400.0,22.0,10,-2,0.0971691608429,-1,94.0,2,19,-4.00547274408,3.47076188991,5.3,5,8,8,5.0,400.0
3.1,0.0,1,400.0,22.0,10,-2,0.0972189903259,0,94.0,1,9,2.86539633251,-4.45864372401,5.3,5,8,8,5.0,400.0
3.1,0.0,1,400.0,22.0,10,0,0.0972120761871,-2,94.0,2,7,4.82104957538,-2.20169956891,5.3,5,8,8,5.0,400.0
3.1,0.0,2,400.0,22.0,10,0,0.0972208976746,0,94.0,2,6,5.24605364197,-0.754268642848,5.3,5,8,8,5.0,400.0
3.1,0.0,2,400.0,22.0,10,0,0.0972230434418,0,94.0,1,4,4.82104957538,2.20169956891,5.3,5,8,8,5.0,400.0
3.1,0.0,1,400.0,22.0,10,2,0.0972049236298,1,94.0,2,14,-4.00547274408,-3.47076188991,5.3,5,8,8,5.0,400.0
3.1,0.0,1,400.0,22.0,10,2,0.0972330570221,1,94.0,1,3,4.00547274408,3.47076188991,5.3,5,8,8,5.0,400.0
3.1,0.0,1,400.0,22.0,10,-1,0.0972111225128,1,94.0,2,2,2.86539633251,4.45864372401,5.3,5,8,8,5.0,400.0
3.1,0.0,2,400.0,22.0,10,0,0.0972249507904,0,94.0,1,3,4.00547274408,3.47076188991,5.3,5,8,8,5.0,400.0
3.1,0.0,1,400.0,22.0,10,-2,0.0972080230713,-1,94.0,2,1,1.49318255126,5.08531276016,5.3,5,8,8,5.0,400.0
3.1,0.0,2,400.0,22.0,10,2,0.0970079898834,-2,94.0,1,9,2.86539633251,-4.45864372401,5.3,5,8,8,5.0,400.0
3.1,0.0,1,400.0,22.0,10,0,0.0970079898834,-1,94.0,2,5,5.24605364197,0.754268642848,5.3,5,8,8,5.0,400.0
3.1,0.0,1,400.0,22.0,10,1,0.0970010757446,0,94.0,2,9,2.86539633251,-4.45864372401,5.3,5,8,8,5.0,400.0
3.1,0.0,1,400.0,22.0,10,0,0.0972230434418,2,94.0,1,13,-2.86539633251,-4.45864372401,5.3,5,8,8,5.0,400.0
3.1,0.0,2,400.0,22.0,10,0,0.0972020626068,1,94.0,2,5,5.24605364197,0.754268642848,5.3,5,8,8,5.0,400.0
3.1,0.0,1,400.0,22.0,10,-1,0.0970001220703,-1,94.0,2,3,4.00547274408,3.47076188991,5.3,5,8,8,5.0,400.0
3.1,0.0,2,400.0,22.0,10,-2,0.0971970558167,0,94.0,2,16,-5.24605364197,-0.754268642848,5.3,5,8,8,5.0,400.0
3.1,0.0,2,400.0,22.0,10,0,0.0972058773041,2,94.0,1,4,4.82104957538,2.20169956891,5.3,5,8,8,5.0,400.0
3.1,0.0,2,400.0,22.0,10,0,0.0972108840942,1,94.0,2,0,0.0,5.3,5.3,5,8,8,5.0,400.0
3.1,0.0,2,400.0,22.0,10,0,0.097188949585,-2,94.0,2,6,5.24605364197,-0.754268642848,5.3,5,8,8,5.0,400.0
3.1,0.0,1,400.0,22.0,10,0,0.0971961021423,1,94.0,1,9,2.86539633251,-4.45864372401,5.3,5,8,8,5.0,400.0
3.1,0.0,2,400.0,22.0,10,-1,0.0980970859528,0,94.0,2,19,-4.00547274408,3.47076188991,5.3,5,8,8,5.0,400.0
3.1,0.0,2,400.0,22.0,10,1,0.0972049236298,2,94.0,1,5,5.24605364197,0.754268642848,5.3,5,8,8,5.0,400.0
3.1,0.0,2,400.0,22.0,10,0,0.0971939563751,-2,94.0,1,4,4.82104957538,2.20169956891,5.3,5,8,8,5.0,400.0
3.1,0.0,1,400.0,22.0,10,-1,0.0971839427948,1,94.0,1,11,6.49041367526e-16,-5.3,5.3,5,8,8,5.0,400.0
3.1,0.0,2,400.0,22.0,10,0,0.0970759391785,1,94.0,1,6,5.24605364197,-0.754268642848,5.3,5,8,8,5.0,400.0
3.1,0.0,1,400.0,22.0,10,2,0.097100019455,-1,94.0,1,21,-1.49318255126,5.08531276016,5.3,5,8,8,5.0,400.0
3.1,0.0,1,400.0,22.0,10,-1,0.0972158908844,1,94.0,2,17,-5.24605364197,0.754268642848,5.3,5,8,8,5.0,400.0
3.1,0.0,2,400.0,22.0,10,1,0.0972099304199,-2,94.0,1,10,1.49318255126,-5.08531276016,5.3,5,8,8,5.0,400.0
3.1,0.0,2,400.0,22.0,10,2,0.0972318649292,0,94.0,2,8,4.00547274408,-3.47076188991,5.3,5,8,8,5.0,400.0
3.1,0.0,1,400.0,22.0,10,-1,0.097039937973,0,94.0,2,21,-1.49318255126,5.08531276016,5.3,5,8,8,5.0,400.0
3.1,0.0,2,400.0,22.0,10,-2,0.0972089767456,1,94.0,2,10,1.49318255126,-5.08531276016,5.3,5,8,8,5.0,400.0
3.1,0.0,2,400.0,22.0,10,0,0.0971779823303,-1,94.0,2,1,1.49318255126,5.08531276016,5.3,5,8,8,5.0,400.0
3.1,0.0,2,400.0,22.0,10,0,0.0972399711609,0,94.0,1,5,5.24605364197,0.754268642848,5.3,5,8,8,5.0,400.0
3.1,0.0,1,400.0,22.0,10,2,0.0972201824188,0,94.0,1,0,0.0,5.3,5.3,5,8,8,5.0,400.0
3.1,0.0,1,400.0,22.0,10,0,0.0972440242767,-1,94.0,2,12,-1.49318255126,-5.08531276016,5.3,5,8,8,5.0,400.0
3.1,0.0,1,400.0,22.0,10,0,0.0972151756287,0,94.0,2,1,1.49318255126,5.08531276016,5.3,5,8,8,5.0,400.0
3.1,0.0,1,400.0,22.0,10,-1,0.0972118377686,2,94.0,2,18,-4.82104957538,2.20169956891,5.3,5,8,8,5.0,400.0
3.1,0.0,1,400.0,22.0,10,2,0.0972168445587,-2,94.0,1,6,5.24605364197,-0.754268642848,5.3,5,8,8,5.0,400.0
3.1,0.0,1,400.0,22.0,10,0,0.0972130298615,2,94.0,1,1,1.49318255126,5.08531276016,5.3,5,8,8,5.0,400.0
3.1,0.0,1,400.0,22.0,10,-1,0.0972149372101,0,94.0,1,6,5.24605364197,-0.754268642848,5.3,5,8,8,5.0,400.0
3.1,0.0,1,400.0,22.0,10,0,0.0970189571381,1,94.0,1,9,2.86539633251,-4.45864372401,5.3,5,8,8,5.0,400.0
3.1,0.0,1,400.0,22.0,10,0,0.097011089325,-1,94.0,2,9,2.86539633251,-4.45864372401,5.3,5,8,8,5.0,400.0
3.1,0.0,2,400.0,22.0,10,0,0.097048997879,-1,94.0,2,6,5.24605364197,-0.754268642848,5.3,5,8,8,5.0,400.0
3.1,0.0,1,400.0,22.0,10,0,0.0970380306244,-1,94.0,2,5,5.24605364197,0.754268642848,5.3,5,8,8,5.0,400.0
3.1,0.0,1,400.0,22.0,10,1,0.097277879715,-1,94.0,2,15,-4.82104957538,-2.20169956891,5.3,5,8,8,5.0,400.0
3.1,0.0,2,400.0,22.0,10,-1,0.0970029830933,-1,94.0,1,17,-5.24605364197,0.754268642848,5.3,5,8,8,5.0,400.0
3.1,0.0,1,400.0,22.0,10,0,0.0970060825348,0,94.0,2,6,5.24605364197,-0.754268642848,5.3,5,8,8,5.0,400.0
3.1,0.0,1,400.0,22.0,10,0,0.0971930027008,0,94.0,2,21,-1.49318255126,5.08531276016,5.3,5,8,8,5.0,400.0
3.1,0.0,2,400.0,22.0,10,2,0.097069978714,0,94.0,1,20,-2.86539633251,4.45864372401,5.3,5,8,8,5.0,400.0
3.1,0.0,2,400.0,22.0,10,-1,0.0971779823303,0,94.0,1,17,-5.24605364197,0.754268642848,5.3,5,8,8,5.0,400.0
3.1,0.0,1,400.0,22.0,10,2,0.0971908569336,-1,94.0,2,20,-2.86539633251,4.45864372401,5.3,5,8,8,5.0,400.0
3.1,0.0,1,400.0,22.0,10,0,0.097186088562,0,94.0,2,2,2.86539633251,4.45864372401,5.3,5,8,8,5.0,400.0
3.1,0.0,2,400.0,22.0,10,-2,0.0971999168396,-1,94.0,2,10,1.49318255126,-5.08531276016,5.3,5,8,8,5.0,400.0
3.1,0.0,2,400.0,22.0,10,0,0.0971829891205,0,94.0,1,7,4.82104957538,-2.20169956891,5.3,5,8,8,5.0,400.0
3.1,0.0,1,400.0,22.0,10,0,0.0971910953522,0,94.0,2,13,-2.86539633251,-4.45864372401,5.3,5,8,8,5.0,400.0
3.1,0.0,1,400.0,22.0,10,-1,0.097058057785,-2,94.0,1,19,-4.00547274408,3.47076188991,5.3,5,8,8,5.0,400.0
3.1,0.0,2,400.0,22.0,10,-2,0.0971789360046,-2,94.0,1,9,2.86539633251,-4.45864372401,5.3,5,8,8,5.0,400.0
3.1,0.0,1,400.0,22.0,10,1,0.0970430374146,-1,94.0,1,17,-5.24605364197,0.754268642848,5.3,5,8,8,5.0,400.0
3.1,0.0,1,400.0,22.0,10,2,0.0970458984375,2,94.0,2,1,1.49318255126,5.08531276016,5.3,5,8,8,5.0,400.0
3.1,0.0,2,400.0,22.0,10,-2,0.0972080230713,0,94.0,1,9,2.86539633251,-4.45864372401,5.3,5,8,8,5.0,400.0
3.1,0.0,2,400.0,22.0,10,1,0.0972168445587,-1,94.0,2,14,-4.00547274408,-3.47076188991,5.3,5,8,8,5.0,400.0
3.1,0.0,1,400.0,22.0,10,0,0.0971729755402,-1,94.0,1,6,5.24605364197,-0.754268642848,5.3,5,8,8,5.0,400.0
3.1,0.0,2,400.0,22.0,10,1,0.0970950126648,0,94.0,2,15,-4.82104957538,-2.20169956891,5.3,5,8,8,5.0,400.0
3.1,0.0,1,400.0,22.0,10,-1,0.0972101688385,0,94.0,1,18,-4.82104957538,2.20169956891,5.3,5,8,8,5.0,400.0
3.1,0.0,1,400.0,22.0,10,0,0.0972180366516,1,94.0,2,15,-4.82104957538,-2.20169956891,5.3,5,8,8,5.0,400.0
3.1,0.0,2,400.0,22.0,10,0,0.097198009491,-1,94.0,1,13,-2.86539633251,-4.45864372401,5.3,5,8,8,5.0,400.0
3.1,0.0,1,400.0,22.0,10,-2,0.0972189903259,-2,94.0,2,1,1.49318255126,5.08531276016,5.3,5,8,8,5.0,400.0
3.1,0.0,1,400.0,22.0,10,0,0.0972120761871,0,94.0,2,2,2.86539633251,4.45864372401,5.3,5,8,8,5.0,400.0
3.1,0.0,2,400.0,22.0,10,2,0.0972290039062,2,94.0,2,8,4.00547274408,-3.47076188991,5.3,5,8,8,5.0,400.0
3.1,0.0,2,400.0,22.0,10,0,0.0972049236298,0,94.0,1,9,2.86539633251,-4.45864372401,5.3,5,8,8,5.0,400.0
3.1,0.0,2,400.0,22.0,10,2,0.0972099304199,-1,94.0,1,20,-2.86539633251,4.45864372401,5.3,5,8,8,5.0,400.0
3.1,0.0,2,400.0,22.0,10,1,0.097226858139,0,94.0,1,0,0.0,5.3,5.3,5,8,8,5.0,400.0
3.1,0.0,1,400.0,22.0,10,1,0.0970029830933,-2,94.0,2,8,4.00547274408,-3.47076188991,5.3,5,8,8,5.0,400.0
3.1,0.0,1,400.0,22.0,10,-1,0.0970079898834,0,94.0,2,20,-2.86539633251,4.45864372401,5.3,5,8,8,5.0,400.0
3.1,0.0,1,400.0,22.0,10,0,0.0971901416779,1,94.0,2,0,0.0,5.3,5.3,5,8,8,5.0,400.0
3.1,0.0,1,400.0,22.0,10,0,0.0972130298615,0,94.0,1,6,5.24605364197,-0.754268642848,5.3,5,8,8,5.0,400.0
3.1,0.0,2,400.0,22.0,10,1,0.0971899032593,-1,94.0,1,8,4.00547274408,-3.47076188991,5.3,5,8,8,5.0,400.0
3.1,0.0,1,400.0,22.0,10,0,0.0970160961151,2,94.0,1,12,-1.49318255126,-5.08531276016,5.3,5,8,8,5.0,400.0
3.1,0.0,2,400.0,22.0,10,1,0.0970079898834,1,94.0,2,2,2.86539633251,4.45864372401,5.3,5,8,8,5.0,400.0
3.1,0.0,2,400.0,22.0,10,0,0.0971789360046,0,94.0,1,0,0.0,5.3,5.3,5,8,8,5.0,400.0
3.1,0.0,1,400.0,22.0,10,0,0.0971918106079,-2,94.0,2,9,2.86539633251,-4.45864372401,5.3,5,8,8,5.0,400.0
3.1,0.0,2,400.0,22.0,10,-1,0.0970230102539,-1,94.0,1,10,1.49318255126,-5.08531276016,5.3,5,8,8,5.0,400.0
3.1,0.0,1,400.0,22.0,10,0,0.0973839759827,-2,94.0,2,17,-5.24605364197,0.754268642848,5.3,5,8,8,5.0,400.0
3.1,0.0,1,400.0,22.0,10,0,0.097020149231,2,94.0,1,1,1.49318255126,5.08531276016,5.3,5,8,8,5.0,400.0
3.1,0.0,2,400.0,22.0,10,-2,0.0972118377686,0,94.0,1,16,-5.24605364197,-0.754268642848,5.3,5,8,8,5.0,400.0
3.1,0.0,2,400.0,22.0,10,-1,0.0971820354462,-1,94.0,2,11,6.49041367526e-16,-5.3,5.3,5,8,8,5.0,400.0
3.1,0.0,2,400.0,22.0,10,2,0.0971791744232,1,94.0,2,1,1.49318255126,5.08531276016,5.3,5,8,8,5.0,400.0
3.1,0.0,1,400.0,22.0,10,-2,0.0970230102539,-1,94.0,2,8,4.00547274408,-3.47076188991,5.3,5,8,8,5.0,400.0
3.1,0.0,1,400.0,22.0,10,-1,0.097030878067,-2,94.0,2,21,-1.49318255126,5.08531276016,5.3,5,8,8,5.0,400.0
3.1,0.0,1,400.0,22.0,10,-2,0.0970270633698,-1,94.0,1,14,-4.00547274408,-3.47076188991,5.3,5,8,8,5.0,400.0
3.1,0.0,1,400.0,22.0,10,2,0.0972089767456,-1,94.0,1,19,-4.00547274408,3.47076188991,5.3,5,8,8,5.0,400.0
3.1,0.0,1,400.0,22.0,10,-1,0.0971939563751,1,94.0,2,11,6.49041367526e-16,-5.3,5.3,5,8,8,5.0,400.0
3.1,0.0,1,400.0,22.0,10,0,0.0970408916473,0,94.0,2,20,-2.86539633251,4.45864372401,5.3,5,8,8,5.0,400.0
3.1,0.0,1,400.0,22.0,10,1,0.0971691608429,0,94.0,2,16,-5.24605364197,-0.754268642848,5.3,5,8,8,5.0,400.0
3.1,0.0,2,400.0,22.0,10,-1,0.0970430374146,-1,94.0,1,21,-1.49318255126,5.08531276016,5.3,5,8,8,5.0,400.0
3.1,0.0,1,400.0,22.0,10,-1,0.0971891880035,0,94.0,1,17,-5.24605364197,0.754268642848,5.3,5,8,8,5.0,400.0
3.1,0.0,1,400.0,22.0,10,0,0.0971131324768,0,94.0,2,17,-5.24605364197,0.754268642848,5.3,5,8,8,5.0,400.0
3.1,0.0,1,400.0,22.0,10,0,0.0970649719238,1,94.0,1,20,-2.86539633251,4.45864372401,5.3,5,8,8,5.0,400.0
3.1,0.0,2,400.0,22.0,10,1,0.0972199440002,0,94.0,1,14,-4.00547274408,-3.47076188991,5.3,5,8,8,5.0,400.0
3.1,0.0,2,400.0,22.0,10,-1,0.0972049236298,0,94.0,2,2,2.86539633251,4.45864372401,5.3,5,8,8,5.0,400.0
3.1,0.0,2,400.0,22.0,10,-2,0.0972249507904,1,94.0,2,18,-4.82104957538,2.20169956891,5.3,5,8,8,5.0,400.0
3.1,0.0,1,400.0,22.0,10,1,0.0972008705139,1,94.0,2,14,-4.00547274408,-3.47076188991,5.3,5,8,8,5.0,400.0
3.1,0.0,1,400.0,22.0,10,2,0.0972189903259,2,94.0,2,1,1.49318255126,5.08531276016,5.3,5,8,8,5.0,400.0
3.1,0.0,2,400.0,22.0,10,2,0.0972020626068,0,94.0,2,8,4.00547274408,-3.47076188991,5.3,5,8,8,5.0,400.0
3.1,0.0,1,400.0,22.0,10,0,0.097216129303,0,94.0,2,15,-4.82104957538,-2.20169956891,5.3,5,8,8,5.0,400.0
3.1,0.0,1,400.0,22.0,10,1,0.0972199440002,2,94.0,2,0,0.0,5.3,5.3,5,8,8,5.0,400.0
3.1,0.0,2,400.0,22.0,10,0,0.0972099304199,0,94.0,1,2,2.86539633251,4.45864372401,5.3,5,8,8,5.0,400.0
3.1,0.0,1,400.0,22.0,10,0,0.0972239971161,-1,94.0,2,19,-4.00547274408,3.47076188991,5.3,5,8,8,5.0,400.0
3.1,0.0,1,400.0,22.0,10,-2,0.0972208976746,-1,94.0,1,12,-1.49318255126,-5.08531276016,5.3,5,8,8,5.0,400.0
3.1,0.0,2,400.0,22.0,10,0,0.0972051620483,0,94.0,2,0,0.0,5.3,5.3,5,8,8,5.0,400.0
3.1,0.0,1,400.0,22.0,10,0,0.0972170829773,1,94.0,1,5,5.24605364197,0.754268642848,5.3,5,8,8,5.0,400.0
3.1,0.0,2,400.0,22.0,10,0,0.0971910953522,0,94.0,2,0,0.0,5.3,5.3,5,8,8,5.0,400.0
3.1,0.0,1,400.0,22.0,10,-1,0.0971941947937,0,94.0,1,13,-2.86539633251,-4.45864372401,5.3,5,8,8,5.0,400.0
3.1,0.0,2,400.0,22.0,10,0,0.0970048904419,2,94.0,2,7,4.82104957538,-2.20169956891,5.3,5,8,8,5.0,400.0
3.1,0.0,1,400.0,22.0,10,-1,0.0971939563751,-1,94.0,2,19,-4.00547274408,3.47076188991,5.3,5,8,8,5.0,400.0
3.1,0.0,1,400.0,22.0,10,0,0.0970029830933,-1,94.0,2,9,2.86539633251,-4.45864372401,5.3,5,8,8,5.0,400.0
3.1,0.0,2,400.0,22.0,10,1,0.0972092151642,1,94.0,1,15,-4.82104957538,-2.20169956891,5.3,5,8,8,5.0,400.0
3.1,0.0,2,400.0,22.0,10,0,0.0971939563751,2,94.0,1,7,4.82104957538,-2.20169956891,5.3,5,8,8,5.0,400.0
3.1,0.0,2,400.0,22.0,10,0,0.097629070282,-1,94.0,1,19,-4.00547274408,3.47076188991,5.3,5,8,8,5.0,400.0
3.1,0.0,1,400.0,22.0,10,1,0.0972120761871,0,94.0,1,2,2.86539633251,4.45864372401,5.3,5,8,8,5.0,400.0
3.1,0.0,1,400.0,22.0,10,-1,0.097020149231,1,94.0,1,13,-2.86539633251,-4.45864372401,5.3,5,8,8,5.0,400.0
3.1,0.0,2,400.0,22.0,10,0,0.0971839427948,-1,94.0,1,12,-1.49318255126,-5.08531276016,5.3,5,8,8,5.0,400.0
3.1,0.0,1,400.0,22.0,10,0,0.0971839427948,-2,94.0,1,20,-2.86539633251,4.45864372401,5.3,5,8,8,5.0,400.0
3.1,0.0,2,400.0,22.0,10,0,0.09716796875,-2,94.0,2,2,2.86539633251,4.45864372401,5.3,5,8,8,5.0,400.0
3.1,0.0,1,400.0,22.0,10,0,0.0971791744232,0,94.0,2,8,4.00547274408,-3.47076188991,5.3,5,8,8,5.0,400.0
3.1,0.0,2,400.0,22.0,10,-2,0.0972130298615,2,94.0,2,16,-5.24605364197,-0.754268642848,5.3,5,8,8,5.0,400.0
3.1,0.0,2,400.0,22.0,10,1,0.0971779823303,-1,94.0,1,2,2.86539633251,4.45864372401,5.3,5,8,8,5.0,400.0
3.1,0.0,1,400.0,22.0,10,-2,0.0972061157227,1,94.0,1,7,4.82104957538,-2.20169956891,5.3,5,8,8,5.0,400.0
3.1,0.0,2,400.0,22.0,10,1,0.097225189209,1,94.0,1,10,1.49318255126,-5.08531276016,5.3,5,8,8,5.0,400.0
3.1,0.0,1,400.0,22.0,10,-2,0.0972039699554,1,94.0,1,3,4.00547274408,3.47076188991,5.3,5,8,8,5.0,400.0
3.1,0.0,2,400.0,22.0,10,1,0.0972080230713,0,94.0,2,3,4.00547274408,3.47076188991,5.3,5,8,8,5.0,400.0
3.1,0.0,2,400.0,22.0,10,0,0.0971939563751,-1,94.0,2,19,-4.00547274408,3.47076188991,5.3,5,8,8,5.0,400.0
3.1,0.0,2,400.0,22.0,10,-1,0.0972127914429,-1,94.0,1,10,1.49318255126,-5.08531276016,5.3,5,8,8,5.0,400.0
3.1,0.0,2,400.0,22.0,10,0,0.0972099304199,-1,94.0,1,8,4.00547274408,-3.47076188991,5.3,5,8,8,5.0,400.0
3.1,0.0,2,400.0,22.0,10,0,0.0972061157227,0,94.0,1,6,5.24605364197,-0.754268642848,5.3,5,8,8,5.0,400.0
3.1,0.0,1,400.0,22.0,10,1,0.0972211360931,-2,94.0,2,2,2.86539633251,4.45864372401,5.3,5,8,8,5.0,400.0
3.1,0.0,1,400.0,22.0,10,0,0.0972111225128,0,94.0,2,15,-4.82104957538,-2.20169956891,5.3,5,8,8,5.0,400.0
3.1,0.0,1,400.0,22.0,10,-1,0.0972108840942,-2,94.0,1,19,-4.00547274408,3.47076188991,5.3,5,8,8,5.0,400.0
3.1,0.0,1,400.0,22.0,10,0,0.0972139835358,0,94.0,2,0,0.0,5.3,5.3,5,8,8,5.0,400.0
3.1,0.0,1,400.0,22.0,10,-1,0.0972211360931,0,94.0,2,20,-2.86539633251,4.45864372401,5.3,5,8,8,5.0,400.0
3.1,0.0,1,400.0,22.0,10,1,0.0972089767456,1,94.0,2,8,4.00547274408,-3.47076188991,5.3,5,8,8,5.0,400.0
3.1,0.0,1,400.0,22.0,10,0,0.097207069397,0,94.0,2,8,4.00547274408,-3.47076188991,5.3,5,8,8,5.0,400.0
3.1,0.0,2,400.0,22.0,10,0,0.0971920490265,0,94.0,1,2,2.86539633251,4.45864372401,5.3,5,8,8,5.0,400.0
3.1,0.0,1,400.0,22.0,10,0,0.0970470905304,-1,94.0,2,0,0.0,5.3,5.3,5,8,8,5.0,400.0
3.1,0.0,2,400.0,22.0,10,-1,0.0972049236298,0,94.0,1,12,-1.49318255126,-5.08531276016,5.3,5,8,8,5.0,400.0
3.1,0.0,2,400.0,22.0,10,0,0.0971949100494,-2,94.0,2,5,5.24605364197,0.754268642848,5.3,5,8,8,5.0,400.0
3.1,0.0,1,400.0,22.0,10,1,0.0973560810089,2,94.0,1,1,1.49318255126,5.08531276016,5.3,5,8,8,5.0,400.0
3.1,0.0,2,400.0,22.0,10,1,0.0970079898834,0,94.0,1,10,1.49318255126,-5.08531276016,5.3,5,8,8,5.0,400.0
3.1,0.0,2,400.0,22.0,10,0,0.0971829891205,0,94.0,1,17,-5.24605364197,0.754268642848,5.3,5,8,8,5.0,400.0
3.1,0.0,2,400.0,22.0,10,1,0.097188949585,0,94.0,1,1,1.49318255126,5.08531276016,5.3,5,8,8,5.0,400.0
3.1,0.0,2,400.0,22.0,10,0,0.097198009491,-2,94.0,2,21,-1.49318255126,5.08531276016,5.3,5,8,8,5.0,400.0
3.1,0.0,1,400.0,22.0,10,2,0.0971930027008,-1,94.0,1,10,1.49318255126,-5.08531276016,5.3,5,8,8,5.0,400.0
3.1,0.0,2,400.0,22.0,10,1,0.0971801280975,0,94.0,1,9,2.86539633251,-4.45864372401,5.3,5,8,8,5.0,400.0
3.1,0.0,1,400.0,22.0,10,0,0.0971870422363,-2,94.0,2,19,-4.00547274408,3.47076188991,5.3,5,8,8,5.0,400.0
3.1,0.0,2,400.0,22.0,10,-1,0.0971910953522,0,94.0,1,20,-2.86539633251,4.45864372401,5.3,5,8,8,5.0,400.0
3.1,0.0,2,400.0,22.0,10,0,0.0971999168396,0,94.0,1,0,0.0,5.3,5.3,5,8,8,5.0,400.0
3.1,0.0,1,400.0,22.0,10,0,0.0971930027008,2,94.0,2,5,5.24605364197,0.754268642848,5.3,5,8,8,5.0,400.0
3.1,0.0,1,400.0,22.0,10,0,0.0971841812134,0,94.0,2,21,-1.49318255126,5.08531276016,5.3,5,8,8,5.0,400.0
3.1,0.0,1,400.0,22.0,10,0,0.0972130298615,-1,94.0,2,17,-5.24605364197,0.754268642848,5.3,5,8,8,5.0,400.0
3.1,0.0,2,400.0,22.0,10,0,0.097179889679,0,94.0,1,20,-2.86539633251,4.45864372401,5.3,5,8,8,5.0,400.0
3.1,0.0,1,400.0,22.0,10,-1,0.0971701145172,1,94.0,1,13,-2.86539633251,-4.45864372401,5.3,5,8,8,5.0,400.0
3.1,0.0,1,400.0,22.0,10,0,0.0971710681915,0,94.0,2,7,4.82104957538,-2.20169956891,5.3,5,8,8,5.0,400.0
3.1,0.0,1,400.0,22.0,10,0,0.097069978714,0,94.0,2,2,2.86539633251,4.45864372401,5.3,5,8,8,5.0,400.0
3.1,0.0,1,400.0,22.0,10,0,0.097048997879,-1,94.0,2,21,-1.49318255126,5.08531276016,5.3,5,8,8,5.0,400.0
3.1,0.0,2,400.0,22.0,10,-1,0.0972139835358,0,94.0,2,16,-5.24605364197,-0.754268642848,5.3,5,8,8,5.0,400.0
3.1,0.0,1,400.0,22.0,10,0,0.097216129303,1,94.0,1,2,2.86539633251,4.45864372401,5.3,5,8,8,5.0,400.0
3.1,0.0,1,400.0,22.0,10,0,0.0972290039062,-2,94.0,2,2,2.86539633251,4.45864372401,5.3,5,8,8,5.0,400.0
3.1,0.0,1,400.0,22.0,10,-2,0.0971767902374,-2,94.0,2,15,-4.82104957538,-2.20169956891,5.3,5,8,8,5.0,400.0
3.1,0.0,1,400.0,22.0,10,0,0.0972211360931,0,94.0,2,21,-1.49318255126,5.08531276016,5.3,5,8,8,5.0,400.0
3.1,0.0,1,400.0,22.0,10,-1,0.0972139835358,1,94.0,2,19,-4.00547274408,3.47076188991,5.3,5,8,8,5.0,400.0
3.1,0.0,2,400.0,22.0,10,-1,0.0971970558167,0,94.0,1,2,2.86539633251,4.45864372401,5.3,5,8,8,5.0,400.0
3.1,0.0,1,400.0,22.0,10,0,0.0971961021423,0,94.0,2,19,-4.00547274408,3.47076188991,5.3,5,8,8,5.0,400.0
3.1,0.0,2,400.0,22.0,10,0,0.0971930027008,-2,94.0,2,17,-5.24605364197,0.754268642848,5.3,5,8,8,5.0,400.0
3.1,0.0,1,400.0,22.0,10,1,0.0972118377686,-1,94.0,1,2,2.86539633251,4.45864372401,5.3,5,8,8,5.0,400.0
3.1,0.0,2,400.0,22.0,10,1,0.0972089767456,0,94.0,2,0,0.0,5.3,5.3,5,8,8,5.0,400.0
3.1,0.0,2,400.0,22.0,10,2,0.097216129303,-1,94.0,1,13,-2.86539633251,-4.45864372401,5.3,5,8,8,5.0,400.0
3.1,0.0,2,400.0,22.0,10,-1,0.0972230434418,1,94.0,1,10,1.49318255126,-5.08531276016,5.3,5,8,8,5.0,400.0
3.1,0.0,2,400.0,22.0,10,0,0.0970311164856,0,94.0,1,20,-2.86539633251,4.45864372401,5.3,5,8,8,5.0,400.0
3.1,0.0,2,400.0,22.0,10,0,0.0970120429993,-1,94.0,1,5,5.24605364197,0.754268642848,5.3,5,8,8,5.0,400.0
3.1,0.0,2,400.0,22.0,10,2,0.0972189903259,0,94.0,2,11,6.49041367526e-16,-5.3,5.3,5,8,8,5.0,400.0
3.1,0.0,2,400.0,22.0,10,0,0.0970170497894,-1,94.0,1,19,-4.00547274408,3.47076188991,5.3,5,8,8,5.0,400.0
3.1,0.0,2,400.0,22.0,10,1,0.0970129966736,0,94.0,1,20,-2.86539633251,4.45864372401,5.3,5,8,8,5.0,400.0
3.1,0.0,2,400.0,22.0,10,0,0.0971789360046,0,94.0,1,19,-4.00547274408,3.47076188991,5.3,5,8,8,5.0,400.0
3.1,0.0,1,400.0,22.0,10,-1,0.0972058773041,-1,94.0,2,9,2.86539633251,-4.45864372401,5.3,5,8,8,5.0,400.0
3.1,0.0,2,400.0,22.0,10,1,0.0971868038177,0,94.0,2,11,6.49041367526e-16,-5.3,5.3,5,8,8,5.0,400.0
3.1,0.0,2,400.0,22.0,10,0,0.097011089325,-2,94.0,2,21,-1.49318255126,5.08531276016,5.3,5,8,8,5.0,400.0
3.1,0.0,2,400.0,22.0,10,0,0.0971989631653,1,94.0,2,14,-4.00547274408,-3.47076188991,5.3,5,8,8,5.0,400.0
3.1,0.0,2,400.0,22.0,10,0,0.0971949100494,0,94.0,1,21,-1.49318255126,5.08531276016,5.3,5,8,8,5.0,400.0
3.1,0.0,2,400.0,22.0,10,0,0.0970239639282,0,94.0,1,2,2.86539633251,4.45864372401,5.3,5,8,8,5.0,400.0
3.1,0.0,2,400.0,22.0,10,0,0.0971829891205,1,94.0,2,21,-1.49318255126,5.08531276016,5.3,5,8,8,5.0,400.0
3.1,0.0,2,400.0,22.0,10,0,0.0970509052277,-1,94.0,2,14,-4.00547274408,-3.47076188991,5.3,5,8,8,5.0,400.0
3.1,0.0,1,400.0,22.0,10,2,0.097188949585,0,94.0,2,11,6.49041367526e-16,-5.3,5.3,5,8,8,5.0,400.0
3.1,0.0,2,400.0,22.0,10,1,0.0971760749817,0,94.0,2,15,-4.82104957538,-2.20169956891,5.3,5,8,8,5.0,400.0
3.1,0.0,1,400.0,22.0,10,0,0.0970270633698,-1,94.0,1,0,0.0,5.3,5.3,5,8,8,5.0,400.0
3.1,0.0,2,400.0,22.0,10,1,0.0971851348877,0,94.0,1,17,-5.24605364197,0.754268642848,5.3,5,8,8,5.0,400.0
3.1,0.0,1,400.0,22.0,10,-2,0.0971717834473,1,94.0,1,13,-2.86539633251,-4.45864372401,5.3,5,8,8,5.0,400.0
3.1,0.0,2,400.0,22.0,10,-2,0.0971970558167,1,94.0,2,10,1.49318255126,-5.08531276016,5.3,5,8,8,5.0,400.0
3.1,0.0,1,400.0,22.0,10,0,0.0972020626068,-1,94.0,1,13,-2.86539633251,-4.45864372401,5.3,5,8,8,5.0,400.0
3.1,0.0,2,400.0,22.0,10,2,0.0972349643707,1,94.0,2,14,-4.00547274408,-3.47076188991,5.3,5,8,8,5.0,400.0
3.1,0.0,1,400.0,22.0,10,0,0.0972249507904,0,94.0,2,1,1.49318255126,5.08531276016,5.3,5,8,8,5.0,400.0
3.1,0.0,2,400.0,22.0,10,0,0.0972089767456,2,94.0,2,21,-1.49318255126,5.08531276016,5.3,5,8,8,5.0,400.0
3.1,0.0,2,400.0,22.0,10,0,0.097198009491,0,94.0,1,9,2.86539633251,-4.45864372401,5.3,5,8,8,5.0,400.0
3.1,0.0,1,400.0,22.0,10,0,0.0972168445587,0,94.0,2,10,1.49318255126,-5.08531276016,5.3,5,8,8,5.0,400.0
3.1,0.0,2,400.0,22.0,10,1,0.0972018241882,0,94.0,2,4,4.82104957538,2.20169956891,5.3,5,8,8,5.0,400.0
3.1,0.0,1,400.0,22.0,10,2,0.0972080230713,1,94.0,1,6,5.24605364197,-0.754268642848,5.3,5,8,8,5.0,400.0
3.1,0.0,2,400.0,22.0,10,0,0.0972008705139,0,94.0,1,5,5.24605364197,0.754268642848,5.3,5,8,8,5.0,400.0
3.1,0.0,2,400.0,22.0,10,0,0.0972180366516,0,94.0,1,6,5.24605364197,-0.754268642848,5.3,5,8,8,5.0,400.0
3.1,0.0,1,400.0,22.0,10,0,0.0972051620483,-1,94.0,2,12,-1.49318255126,-5.08531276016,5.3,5,8,8,5.0,400.0
3.1,0.0,1,400.0,22.0,10,1,0.0972158908844,-2,94.0,1,5,5.24605364197,0.754268642848,5.3,5,8,8,5.0,400.0
3.1,0.0,1,400.0,22.0,10,0,0.0970170497894,0,94.0,2,6,5.24605364197,-0.754268642848,5.3,5,8,8,5.0,400.0
3.1,0.0,1,400.0,22.0,10,0,0.0972208976746,0,94.0,2,11,6.49041367526e-16,-5.3,5.3,5,8,8,5.0,400.0
3.1,0.0,2,400.0,22.0,10,1,0.0970251560211,-1,94.0,1,2,2.86539633251,4.45864372401,5.3,5,8,8,5.0,400.0
3.1,0.0,1,400.0,22.0,10,-2,0.0970828533173,0,94.0,2,9,2.86539633251,-4.45864372401,5.3,5,8,8,5.0,400.0
3.1,0.0,1,400.0,22.0,10,-1,0.0972249507904,-2,94.0,2,19,-4.00547274408,3.47076188991,5.3,5,8,8,5.0,400.0
3.1,0.0,1,400.0,22.0,10,-1,0.0972120761871,0,94.0,2,13,-2.86539633251,-4.45864372401,5.3,5,8,8,5.0,400.0
3.1,0.0,1,400.0,22.0,10,-2,0.0971870422363,-2,94.0,2,12,-1.49318255126,-5.08531276016,5.3,5,8,8,5.0,400.0
3.1,0.0,1,400.0,22.0,10,0,0.0971858501434,2,94.0,2,6,5.24605364197,-0.754268642848,5.3,5,8,8,5.0,400.0
3.1,0.0,1,400.0,22.0,10,0,0.0971908569336,-1,94.0,1,8,4.00547274408,-3.47076188991,5.3,5,8,8,5.0,400.0
3.1,0.0,2,400.0,22.0,10,1,0.0970270633698,-2,94.0,2,3,4.00547274408,3.47076188991,5.3,5,8,8,5.0,400.0
3.1,0.0,1,400.0,22.0,10,1,0.0970439910889,-1,94.0,2,11,6.49041367526e-16,-5.3,5.3,5,8,8,5.0,400.0
3.1,0.0,2,400.0,22.0,10,0,0.0971949100494,1,94.0,1,18,-4.82104957538,2.20169956891,5.3,5,8,8,5.0,400.0
3.1,0.0,1,400.0,22.0,10,-2,0.0971949100494,-2,94.0,2,21,-1.49318255126,5.08531276016,5.3,5,8,8,5.0,400.0
3.1,0.0,1,400.0,22.0,10,0,0.0971970558167,0,94.0,2,3,4.00547274408,3.47076188991,5.3,5,8,8,5.0,400.0
3.1,0.0,2,400.0,22.0,10,-1,0.0971808433533,-2,94.0,1,7,4.82104957538,-2.20169956891,5.3,5,8,8,5.0,400.0
3.1,0.0,1,400.0,22.0,10,0,0.0970249176025,0,94.0,2,4,4.82104957538,2.20169956891,5.3,5,8,8,5.0,400.0
3.1,0.0,1,400.0,22.0,10,0,0.0970249176025,0,94.0,2,3,4.00547274408,3.47076188991,5.3,5,8,8,5.0,400.0
3.1,0.0,2,400.0,22.0,10,1,0.0970439910889,0,94.0,2,10,1.49318255126,-5.08531276016,5.3,5,8,8,5.0,400.0
3.1,0.0,1,400.0,22.0,10,1,0.0971710681915,0,94.0,2,6,5.24605364197,-0.754268642848,5.3,5,8,8,5.0,400.0
3.1,0.0,1,400.0,22.0,10,1,0.097188949585,-1,94.0,2,15,-4.82104957538,-2.20169956891,5.3,5,8,8,5.0,400.0
3.1,0.0,2,400.0,22.0,10,1,0.0972039699554,1,94.0,1,3,4.00547274408,3.47076188991,5.3,5,8,8,5.0,400.0
3.1,0.0,1,400.0,22.0,10,2,0.0970509052277,-1,94.0,2,17,-5.24605364197,0.754268642848,5.3,5,8,8,5.0,400.0
3.1,0.0,1,400.0,22.0,10,2,0.0972120761871,1,94.0,1,1,1.49318255126,5.08531276016,5.3,5,8,8,5.0,400.0
3.1,0.0,2,400.0,22.0,10,-1,0.0972249507904,0,94.0,2,11,6.49041367526e-16,-5.3,5.3,5,8,8,5.0,400.0
3.1,0.0,1,400.0,22.0,10,-2,0.0971808433533,-1,94.0,2,1,1.49318255126,5.08531276016,5.3,5,8,8,5.0,400.0
3.1,0.0,1,400.0,22.0,10,-1,0.0971999168396,2,94.0,2,6,5.24605364197,-0.754268642848,5.3,5,8,8,5.0,400.0
3.1,0.0,1,400.0,22.0,10,2,0.0971958637238,0,94.0,1,0,0.0,5.3,5.3,5,8,8,5.0,400.0
3.1,0.0,1,400.0,22.0,10,-1,0.0971779823303,0,94.0,1,3,4.00547274408,3.47076188991,5.3,5,8,8,5.0,400.0
3.1,0.0,1,400.0,22.0,10,2,0.0970950126648,-1,94.0,1,13,-2.86539633251,-4.45864372401,5.3,5,8,8,5.0,400.0
3.1,0.0,2,400.0,22.0,10,0,0.0970630645752,0,94.0,1,5,5.24605364197,0.754268642848,5.3,5,8,8,5.0,400.0
3.1,0.0,1,400.0,22.0,10,0,0.0972139835358,2,94.0,1,16,-5.24605364197,-0.754268642848,5.3,5,8,8,5.0,400.0
3.1,0.0,2,400.0,22.0,10,-1,0.0972089767456,1,94.0,2,15,-4.82104957538,-2.20169956891,5.3,5,8,8,5.0,400.0
3.1,0.0,2,400.0,22.0,10,1,0.0972089767456,-1,94.0,2,1,1.49318255126,5.08531276016,5.3,5,8,8,5.0,400.0
3.1,0.0,1,400.0,22.0,10,1,0.0972099304199,2,94.0,1,10,1.49318255126,-5.08531276016,5.3,5,8,8,5.0,400.0
3.1,0.0,2,400.0,22.0,10,-1,0.0972199440002,-1,94.0,1,7,4.82104957538,-2.20169956891,5.3,5,8,8,5.0,400.0
3.1,0.0,1,400.0,22.0,10,0,0.0971989631653,0,94.0,2,5,5.24605364197,0.754268642848,5.3,5,8,8,5.0,400.0
3.1,0.0,2,400.0,22.0,10,1,0.0972411632538,1,94.0,1,2,2.86539633251,4.45864372401,5.3,5,8,8,5.0,400.0
3.1,0.0,1,400.0,22.0,10,0,0.0970289707184,0,94.0,2,2,2.86539633251,4.45864372401,5.3,5,8,8,5.0,400.0
3.1,0.0,2,400.0,22.0,10,2,0.097011089325,0,94.0,2,3,4.00547274408,3.47076188991,5.3,5,8,8,5.0,400.0
3.1,0.0,1,400.0,22.0,10,0,0.0970039367676,0,94.0,2,21,-1.49318255126,5.08531276016,5.3,5,8,8,5.0,400.0
3.1,0.0,2,400.0,22.0,10,-1,0.0972230434418,-2,94.0,2,17,-5.24605364197,0.754268642848,5.3,5,8,8,5.0,400.0
3.1,0.0,2,400.0,22.0,10,1,0.0970048904419,0,94.0,2,16,-5.24605364197,-0.754268642848,5.3,5,8,8,5.0,400.0
3.1,0.0,1,400.0,22.0,10,1,0.0971701145172,1,94.0,2,4,4.82104957538,2.20169956891,5.3,5,8,8,5.0,400.0
3.1,0.0,1,400.0,22.0,10,0,0.0971970558167,0,94.0,2,6,5.24605364197,-0.754268642848,5.3,5,8,8,5.0,400.0
3.1,0.0,1,400.0,22.0,10,1,0.0969998836517,1,94.0,2,16,-5.24605364197,-0.754268642848,5.3,5,8,8,5.0,400.0
3.1,0.0,2,400.0,22.0,10,-1,0.0970289707184,1,94.0,2,19,-4.00547274408,3.47076188991,5.3,5,8,8,5.0,400.0
3.1,0.0,1,400.0,22.0,10,0,0.0971789360046,1,94.0,1,3,4.00547274408,3.47076188991,5.3,5,8,8,5.0,400.0
3.1,0.0,2,400.0,22.0,10,0,0.0971939563751,0,94.0,1,18,-4.82104957538,2.20169956891,5.3,5,8,8,5.0,400.0
3.1,0.0,1,400.0,22.0,10,0,0.0970702171326,-1,94.0,2,11,6.49041367526e-16,-5.3,5.3,5,8,8,5.0,400.0
3.1,0.0,1,400.0,22.0,10,1,0.0972230434418,1,94.0,2,14,-4.00547274408,-3.47076188991,5.3,5,8,8,5.0,400.0
3.1,0.0,2,400.0,22.0,10,0,0.0971958637238,0,94.0,1,7,4.82104957538,-2.20169956891,5.3,5,8,8,5.0,400.0
3.1,0.0,1,400.0,22.0,10,0,0.0970180034637,0,94.0,2,0,0.0,5.3,5.3,5,8,8,5.0,400.0
3.1,0.0,1,400.0,22.0,10,1,0.0970211029053,1,94.0,2,18,-4.82104957538,2.20169956891,5.3,5,8,8,5.0,400.0
3.1,0.0,2,400.0,22.0,10,2,0.0971698760986,0,94.0,2,4,4.82104957538,2.20169956891,5.3,5,8,8,5.0,400.0
3.1,0.0,2,400.0,22.0,10,0,0.0972089767456,1,94.0,2,12,-1.49318255126,-5.08531276016,5.3,5,8,8,5.0,400.0
3.1,0.0,1,400.0,22.0,10,0,0.0971910953522,0,94.0,2,21,-1.49318255126,5.08531276016,5.3,5,8,8,5.0,400.0
3.1,0.0,2,400.0,22.0,10,-1,0.0971989631653,-2,94.0,2,9,2.86539633251,-4.45864372401,5.3,5,8,8,5.0,400.0
3.1,0.0,2,400.0,22.0,10,2,0.097198009491,0,94.0,2,19,-4.00547274408,3.47076188991,5.3,5,8,8,5.0,400.0
3.1,0.0,1,400.0,22.0,10,0,0.0971691608429,0,94.0,2,6,5.24605364197,-0.754268642848,5.3,5,8,8,5.0,400.0
3.1,0.0,1,400.0,22.0,10,0,0.0971729755402,-1,94.0,1,7,4.82104957538,-2.20169956891,5.3,5,8,8,5.0,400.0
3.1,0.0,2,400.0,22.0,10,1,0.0971939563751,0,94.0,2,17,-5.24605364197,0.754268642848,5.3,5,8,8,5.0,400.0
3.1,0.0,2,400.0,22.0,10,-2,0.0970499515533,0,94.0,2,10,1.49318255126,-5.08531276016,5.3,5,8,8,5.0,400.0
3.1,0.0,1,400.0,22.0,10,-1,0.0971918106079,0,94.0,2,11,6.49041367526e-16,-5.3,5.3,5,8,8,5.0,400.0
3.1,0.0,1,400.0,22.0,10,0,0.0972101688385,-1,94.0,2,8,4.00547274408,-3.47076188991,5.3,5,8,8,5.0,400.0
3.1,0.0,1,400.0,22.0,10,0,0.0971820354462,1,94.0,2,17,-5.24605364197,0.754268642848,5.3,5,8,8,5.0,400.0
3.1,0.0,1,400.0,22.0,10,1,0.0971779823303,1,94.0,2,16,-5.24605364197,-0.754268642848,5.3,5,8,8,5.0,400.0
3.1,0.0,2,400.0,22.0,10,0,0.0971758365631,1,94.0,1,7,4.82104957538,-2.20169956891,5.3,5,8,8,5.0,400.0
3.1,0.0,1,400.0,22.0,10,-1,0.0970530509949,1,94.0,2,4,4.82104957538,2.20169956891,5.3,5,8,8,5.0,400.0
3.1,0.0,2,400.0,22.0,10,0,0.0970480442047,1,94.0,2,14,-4.00547274408,-3.47076188991,5.3,5,8,8,5.0,400.0
3.1,0.0,1,400.0,22.0,10,-1,0.0970549583435,2,94.0,1,1,1.49318255126,5.08531276016,5.3,5,8,8,5.0,400.0
3.1,0.0,2,400.0,22.0,10,1,0.0970449447632,-1,94.0,2,21,-1.49318255126,5.08531276016,5.3,5,8,8,5.0,400.0
3.1,0.0,1,400.0,22.0,10,-1,0.0972290039062,-2,94.0,2,13,-2.86539633251,-4.45864372401,5.3,5,8,8,5.0,400.0
3.1,0.0,2,400.0,22.0,10,0,0.0972049236298,-2,94.0,2,16,-5.24605364197,-0.754268642848,5.3,5,8,8,5.0,400.0
3.1,0.0,2,400.0,22.0,10,0,0.0972280502319,-1,94.0,1,20,-2.86539633251,4.45864372401,5.3,5,8,8,5.0,400.0
3.1,0.0,1,400.0,22.0,10,0,0.0972130298615,2,94.0,1,3,4.00547274408,3.47076188991,5.3,5,8,8,5.0,400.0
3.1,0.0,1,400.0,22.0,10,-1,0.0972108840942,0,94.0,1,7,4.82104957538,-2.20169956891,5.3,5,8,8,5.0,400.0
3.1,0.0,2,400.0,22.0,10,-1,0.0972149372101,0,94.0,2,20,-2.86539633251,4.45864372401,5.3,5,8,8,5.0,400.0
3.1,0.0,2,400.0,22.0,10,0,0.0972089767456,1,94.0,1,13,-2.86539633251,-4.45864372401,5.3,5,8,8,5.0,400.0
3.1,0.0,1,400.0,22.0,10,0,0.0972118377686,0,94.0,2,11,6.49041367526e-16,-5.3,5.3,5,8,8,5.0,400.0
3.1,0.0,1,400.0,22.0,10,0,0.0970759391785,1,94.0,1,19,-4.00547274408,3.47076188991,5.3,5,8,8,5.0,400.0
3.1,0.0,1,400.0,22.0,10,0,0.0971858501434,0,94.0,2,19,-4.00547274408,3.47076188991,5.3,5,8,8,5.0,400.0
3.1,0.0,2,400.0,22.0,10,1,0.0971970558167,0,94.0,2,16,-5.24605364197,-0.754268642848,5.3,5,8,8,5.0,400.0
3.1,0.0,1,400.0,22.0,10,-1,0.0970649719238,-1,94.0,2,9,2.86539633251,-4.45864372401,5.3,5,8,8,5.0,400.0
3.1,0.0,1,400.0,22.0,10,0,0.0971920490265,0,94.0,2,1,1.49318255126,5.08531276016,5.3,5,8,8,5.0,400.0
3.1,0.0,2,400.0,22.0,10,0,0.0970070362091,-2,94.0,1,11,6.49041367526e-16,-5.3,5.3,5,8,8,5.0,400.0
3.1,0.0,1,400.0,22.0,10,0,0.0971899032593,-2,94.0,2,7,4.82104957538,-2.20169956891,5.3,5,8,8,5.0,400.0
3.1,0.0,1,400.0,22.0,10,0,0.0972008705139,0,94.0,2,17,-5.24605364197,0.754268642848,5.3,5,8,8,5.0,400.0
3.1,0.0,1,400.0,22.0,10,-1,0.0971910953522,2,94.0,2,14,-4.00547274408,-3.47076188991,5.3,5,8,8,5.0,400.0
3.1,0.0,1,400.0,22.0,10,0,0.097188949585,0,94.0,2,8,4.00547274408,-3.47076188991,5.3,5,8,8,5.0,400.0
3.1,0.0,1,400.0,22.0,10,-1,0.0970261096954,1,94.0,1,8,4.00547274408,-3.47076188991,5.3,5,8,8,5.0,400.0
3.1,0.0,2,400.0,22.0,10,0,0.0970180034637,-1,94.0,1,10,1.49318255126,-5.08531276016,5.3,5,8,8,5.0,400.0
3.1,0.0,1,400.0,22.0,10,1,0.0970230102539,-1,94.0,1,19,-4.00547274408,3.47076188991,5.3,5,8,8,5.0,400.0
3.1,0.0,1,400.0,22.0,10,1,0.0971949100494,0,94.0,2,15,-4.82104957538,-2.20169956891,5.3,5,8,8,5.0,400.0
3.1,0.0,2,400.0,22.0,10,-2,0.0970690250397,-1,94.0,1,9,2.86539633251,-4.45864372401,5.3,5,8,8,5.0,400.0
3.1,0.0,1,400.0,22.0,10,0,0.0971801280975,0,94.0,1,4,4.82104957538,2.20169956891,5.3,5,8,8,5.0,400.0
3.1,0.0,2,400.0,22.0,10,1,0.0970401763916,0,94.0,2,13,-2.86539633251,-4.45864372401,5.3,5,8,8,5.0,400.0
3.1,0.0,1,400.0,22.0,10,-1,0.0972008705139,0,94.0,1,18,-4.82104957538,2.20169956891,5.3,5,8,8,5.0,400.0
3.1,0.0,1,400.0,22.0,10,0,0.0971970558167,-1,94.0,2,6,5.24605364197,-0.754268642848,5.3,5,8,8,5.0,400.0
3.1,0.0,2,400.0,22.0,10,2,0.0972130298615,2,94.0,1,2,2.86539633251,4.45864372401,5.3,5,8,8,5.0,400.0
3.1,0.0,2,400.0,22.0,10,2,0.0972030162811,0,94.0,1,20,-2.86539633251,4.45864372401,5.3,5,8,8,5.0,400.0
3.1,0.0,2,400.0,22.0,10,0,0.0972158908844,0,94.0,1,1,1.49318255126,5.08531276016,5.3,5,8,8,5.0,400.0
3.1,0.0,2,400.0,22.0,10,-2,0.0972049236298,0,94.0,1,5,5.24605364197,0.754268642848,5.3,5,8,8,5.0,400.0
3.1,0.0,1,400.0,22.0,10,0,0.0972058773041,0,94.0,2,18,-4.82104957538,2.20169956891,5.3,5,8,8,5.0,400.0
3.1,0.0,1,400.0,22.0,10,1,0.0971701145172,0,94.0,2,11,6.49041367526e-16,-5.3,5.3,5,8,8,5.0,400.0
3.1,0.0,2,400.0,22.0,10,0,0.0971691608429,0,94.0,1,0,0.0,5.3,5.3,5,8,8,5.0,400.0
3.1,0.0,2,400.0,22.0,10,1,0.0971858501434,1,94.0,1,1,1.49318255126,5.08531276016,5.3,5,8,8,5.0,400.0
3.1,0.0,2,400.0,22.0,10,0,0.0971992015839,0,94.0,1,2,2.86539633251,4.45864372401,5.3,5,8,8,5.0,400.0
3.1,0.0,1,400.0,22.0,10,-2,0.0971968173981,-1,94.0,1,14,-4.00547274408,-3.47076188991,5.3,5,8,8,5.0,400.0
3.1,0.0,2,400.0,22.0,10,-1,0.0972080230713,0,94.0,1,14,-4.00547274408,-3.47076188991,5.3,5,8,8,5.0,400.0
3.1,0.0,1,400.0,22.0,10,0,0.0972051620483,1,94.0,1,9,2.86539633251,-4.45864372401,5.3,5,8,8,5.0,400.0
3.1,0.0,1,400.0,22.0,10,0,0.0972089767456,0,94.0,2,6,5.24605364197,-0.754268642848,5.3,5,8,8,5.0,400.0
3.1,0.0,1,400.0,22.0,10,-2,0.0972111225128,0,94.0,2,1,1.49318255126,5.08531276016,5.3,5,8,8,5.0,400.0
3.1,0.0,2,400.0,22.0,10,-2,0.097226858139,0,94.0,2,0,0.0,5.3,5.3,5,8,8,5.0,400.0
3.1,0.0,1,400.0,22.0,10,0,0.0970089435577,0,94.0,2,3,4.00547274408,3.47076188991,5.3,5,8,8,5.0,400.0
3.1,0.0,1,400.0,22.0,10,0,0.0972139835358,0,94.0,2,4,4.82104957538,2.20169956891,5.3,5,8,8,5.0,400.0
3.1,0.0,2,400.0,22.0,10,-1,0.0972089767456,0,94.0,2,11,6.49041367526e-16,-5.3,5.3,5,8,8,5.0,400.0
3.1,0.0,2,400.0,22.0,10,1,0.0972461700439,0,94.0,2,18,-4.82104957538,2.20169956891,5.3,5,8,8,5.0,400.0
3.1,0.0,2,400.0,22.0,10,-1,0.0970149040222,2,94.0,1,13,-2.86539633251,-4.45864372401,5.3,5,8,8,5.0,400.0
3.1,0.0,2,400.0,22.0,10,1,0.0971539020538,-1,94.0,1,12,-1.49318255126,-5.08531276016,5.3,5,8,8,5.0,400.0
3.1,0.0,2,400.0,22.0,10,0,0.0972099304199,0,94.0,1,16,-5.24605364197,-0.754268642848,5.3,5,8,8,5.0,400.0
3.1,0.0,1,400.0,22.0,10,-1,0.0970430374146,-1,94.0,2,19,-4.00547274408,3.47076188991,5.3,5,8,8,5.0,400.0
3.1,0.0,1,400.0,22.0,10,0,0.0971939563751,0,94.0,2,19,-4.00547274408,3.47076188991,5.3,5,8,8,5.0,400.0
3.1,0.0,1,400.0,22.0,10,0,0.0971939563751,0,94.0,2,18,-4.82104957538,2.20169956891,5.3,5,8,8,5.0,400.0
3.1,0.0,1,400.0,22.0,10,1,0.0970220565796,1,94.0,2,15,-4.82104957538,-2.20169956891,5.3,5,8,8,5.0,400.0
3.1,0.0,2,400.0,22.0,10,0,0.0972030162811,0,94.0,1,6,5.24605364197,-0.754268642848,5.3,5,8,8,5.0,400.0
