cue-length,ms-precue,resp-v-hv,ms-st-cue,nitems,offset2,resp-h-pos,actualStimOn,resp-v-pos,ms-stimon,resp-h-hv,cue-loc-int,cue-loc-x,cue-loc-y,radius,bars-or-spot,version,offset,npractice,ntrials
3.1,0.0,2,400.0,22.0,0,0,0.0970270633698,0,94.0,2,5,5.24605364197,0.754268642848,5.3,1,12,0,5.0,300.0
3.1,0.0,2,400.0,22.0,0,-1,0.0970289707184,-1,94.0,2,9,2.86539633251,-4.45864372401,5.3,1,12,0,5.0,300.0
3.1,0.0,2,400.0,22.0,0,-1,0.0970439910889,-1,94.0,2,18,-4.82104957538,2.20169956891,5.3,1,12,0,5.0,300.0
3.1,0.0,2,400.0,22.0,0,-2,0.0970411300659,-2,94.0,2,10,1.49318255126,-5.08531276016,5.3,1,12,0,5.0,300.0
3.1,0.0,1,400.0,22.0,0,0,0.0970370769501,0,94.0,1,16,-5.24605364197,-0.754268642848,5.3,1,12,0,5.0,300.0
3.1,0.0,1,400.0,22.0,0,0,0.0970680713654,0,94.0,1,0,0.0,5.3,5.3,1,12,0,5.0,300.0
3.1,0.0,2,400.0,22.0,0,1,0.0970270633698,1,94.0,2,17,-5.24605364197,0.754268642848,5.3,1,12,0,5.0,300.0
3.1,0.0,1,400.0,22.0,0,0,0.0970358848572,0,94.0,1,9,2.86539633251,-4.45864372401,5.3,1,12,0,5.0,300.0
3.1,0.0,1,400.0,22.0,0,0,0.0970377922058,0,94.0,1,3,4.00547274408,3.47076188991,5.3,1,12,0,5.0,300.0
3.1,0.0,1,400.0,22.0,0,-1,0.0970470905304,-1,94.0,1,1,1.49318255126,5.08531276016,5.3,1,12,0,5.0,300.0
3.1,0.0,2,400.0,22.0,0,0,0.0972120761871,0,94.0,2,5,5.24605364197,0.754268642848,5.3,1,12,0,5.0,300.0
3.1,0.0,2,400.0,22.0,0,-2,0.0972108840942,-2,94.0,2,20,-2.86539633251,4.45864372401,5.3,1,12,0,5.0,300.0
3.1,0.0,2,400.0,22.0,0,0,0.0972089767456,0,94.0,2,4,4.82104957538,2.20169956891,5.3,1,12,0,5.0,300.0
3.1,0.0,2,400.0,22.0,0,-1,0.0970411300659,-1,94.0,2,11,6.49041367526e-16,-5.3,5.3,1,12,0,5.0,300.0
3.1,0.0,2,400.0,22.0,0,0,0.0970389842987,0,94.0,2,12,-1.49318255126,-5.08531276016,5.3,1,12,0,5.0,300.0
3.1,0.0,1,400.0,22.0,0,0,0.0970349311829,0,94.0,1,18,-4.82104957538,2.20169956891,5.3,1,12,0,5.0,300.0
3.1,0.0,1,400.0,22.0,0,-2,0.097207069397,-2,94.0,1,12,-1.49318255126,-5.08531276016,5.3,1,12,0,5.0,300.0
3.1,0.0,2,400.0,22.0,0,1,0.0972008705139,1,94.0,2,3,4.00547274408,3.47076188991,5.3,1,12,0,5.0,300.0
3.1,0.0,2,400.0,22.0,0,-2,0.0970330238342,1,94.0,1,7,4.82104957538,-2.20169956891,5.3,1,12,0,5.0,300.0
3.1,0.0,1,400.0,22.0,0,0,0.0972049236298,0,94.0,1,0,0.0,5.3,5.3,1,12,0,5.0,300.0
3.1,0.0,1,400.0,22.0,0,2,0.0971961021423,2,94.0,1,19,-4.00547274408,3.47076188991,5.3,1,12,0,5.0,300.0
3.1,0.0,1,400.0,22.0,0,1,0.0975890159607,1,94.0,1,13,-2.86539633251,-4.45864372401,5.3,1,12,0,5.0,300.0
3.1,0.0,2,400.0,22.0,0,-1,0.097198009491,-1,94.0,2,13,-2.86539633251,-4.45864372401,5.3,1,12,0,5.0,300.0
3.1,0.0,1,400.0,22.0,0,-1,0.0972049236298,-1,94.0,1,4,4.82104957538,2.20169956891,5.3,1,12,0,5.0,300.0
3.1,0.0,2,400.0,22.0,0,0,0.097195148468,0,94.0,2,10,1.49318255126,-5.08531276016,5.3,1,12,0,5.0,300.0
3.1,0.0,2,400.0,22.0,0,-2,0.0972270965576,-2,94.0,2,17,-5.24605364197,0.754268642848,5.3,1,12,0,5.0,300.0
3.1,0.0,2,400.0,22.0,0,-1,0.0972149372101,-1,94.0,2,9,2.86539633251,-4.45864372401,5.3,1,12,0,5.0,300.0
3.1,0.0,1,400.0,22.0,0,1,0.0971949100494,1,94.0,1,4,4.82104957538,2.20169956891,5.3,1,12,0,5.0,300.0
3.1,0.0,2,400.0,22.0,0,1,0.0972168445587,1,94.0,2,15,-4.82104957538,-2.20169956891,5.3,1,12,0,5.0,300.0
3.1,0.0,1,400.0,22.0,0,0,0.097207069397,0,94.0,1,9,2.86539633251,-4.45864372401,5.3,1,12,0,5.0,300.0
3.1,0.0,1,400.0,22.0,0,2,0.0972158908844,2,94.0,1,0,0.0,5.3,5.3,1,12,0,5.0,300.0
3.1,0.0,1,400.0,22.0,0,1,0.0972158908844,1,94.0,1,2,2.86539633251,4.45864372401,5.3,1,12,0,5.0,300.0
3.1,0.0,2,400.0,22.0,0,1,0.0972168445587,1,94.0,2,14,-4.00547274408,-3.47076188991,5.3,1,12,0,5.0,300.0
3.1,0.0,1,400.0,22.0,0,0,0.0972180366516,0,94.0,1,14,-4.00547274408,-3.47076188991,5.3,1,12,0,5.0,300.0
3.1,0.0,1,400.0,22.0,0,2,0.0972051620483,2,94.0,1,12,-1.49318255126,-5.08531276016,5.3,1,12,0,5.0,300.0
3.1,0.0,2,400.0,22.0,0,-2,0.0972108840942,-2,94.0,2,20,-2.86539633251,4.45864372401,5.3,1,12,0,5.0,300.0
3.1,0.0,2,400.0,22.0,0,1,0.0972030162811,1,94.0,2,13,-2.86539633251,-4.45864372401,5.3,1,12,0,5.0,300.0
3.1,0.0,2,400.0,22.0,0,-1,0.0971720218658,-1,94.0,2,18,-4.82104957538,2.20169956891,5.3,1,12,0,5.0,300.0
3.1,0.0,1,400.0,22.0,0,2,0.0972008705139,1,94.0,1,12,-1.49318255126,-5.08531276016,5.3,1,12,0,5.0,300.0
3.1,0.0,1,400.0,22.0,0,0,0.0972030162811,0,94.0,1,12,-1.49318255126,-5.08531276016,5.3,1,12,0,5.0,300.0
3.1,0.0,1,400.0,22.0,0,-2,0.0972151756287,-2,94.0,1,1,1.49318255126,5.08531276016,5.3,1,12,0,5.0,300.0
3.1,0.0,2,400.0,22.0,0,0,0.097188949585,0,94.0,2,3,4.00547274408,3.47076188991,5.3,1,12,0,5.0,300.0
3.1,0.0,1,400.0,22.0,0,0,0.0972049236298,0,94.0,2,3,4.00547274408,3.47076188991,5.3,1,12,0,5.0,300.0
3.1,0.0,2,400.0,22.0,0,2,0.0972170829773,1,94.0,2,7,4.82104957538,-2.20169956891,5.3,1,12,0,5.0,300.0
3.1,0.0,1,400.0,22.0,0,-1,0.0972080230713,-1,94.0,1,20,-2.86539633251,4.45864372401,5.3,1,12,0,5.0,300.0
3.1,0.0,1,400.0,22.0,0,2,0.0971720218658,2,94.0,1,12,-1.49318255126,-5.08531276016,5.3,1,12,0,5.0,300.0
3.1,0.0,1,400.0,22.0,0,-2,0.0971879959106,-2,94.0,1,19,-4.00547274408,3.47076188991,5.3,1,12,0,5.0,300.0
3.1,0.0,1,400.0,22.0,0,0,0.0971820354462,0,94.0,1,20,-2.86539633251,4.45864372401,5.3,1,12,0,5.0,300.0
3.1,0.0,2,400.0,22.0,0,-1,0.0971920490265,-1,94.0,2,4,4.82104957538,2.20169956891,5.3,1,12,0,5.0,300.0
3.1,0.0,1,400.0,22.0,0,0,0.0972020626068,0,94.0,1,3,4.00547274408,3.47076188991,5.3,1,12,0,5.0,300.0
3.1,0.0,2,400.0,22.0,0,0,0.0971689224243,-2,94.0,1,6,5.24605364197,-0.754268642848,5.3,1,12,0,5.0,300.0
3.1,0.0,2,400.0,22.0,0,-1,0.0972340106964,-1,94.0,2,17,-5.24605364197,0.754268642848,5.3,1,12,0,5.0,300.0
3.1,0.0,1,400.0,22.0,0,2,0.0972080230713,2,94.0,1,13,-2.86539633251,-4.45864372401,5.3,1,12,0,5.0,300.0
3.1,0.0,1,400.0,22.0,0,0,0.097186088562,0,94.0,1,18,-4.82104957538,2.20169956891,5.3,1,12,0,5.0,300.0
3.1,0.0,1,400.0,22.0,0,0,0.0972228050232,0,94.0,1,20,-2.86539633251,4.45864372401,5.3,1,12,0,5.0,300.0
3.1,0.0,1,400.0,22.0,0,0,0.0972290039062,0,94.0,1,6,5.24605364197,-0.754268642848,5.3,1,12,0,5.0,300.0
3.1,0.0,2,400.0,22.0,0,0,0.0972058773041,0,94.0,2,16,-5.24605364197,-0.754268642848,5.3,1,12,0,5.0,300.0
3.1,0.0,2,400.0,22.0,0,0,0.097156047821,0,94.0,2,14,-4.00547274408,-3.47076188991,5.3,1,12,0,5.0,300.0
3.1,0.0,1,400.0,22.0,0,0,0.0971851348877,0,94.0,1,19,-4.00547274408,3.47076188991,5.3,1,12,0,5.0,300.0
3.1,0.0,1,400.0,22.0,0,0,0.097188949585,0,94.0,1,12,-1.49318255126,-5.08531276016,5.3,1,12,0,5.0,300.0
3.1,0.0,2,400.0,22.0,0,0,0.097058057785,0,94.0,2,0,0.0,5.3,5.3,1,12,0,5.0,300.0
3.1,0.0,2,400.0,22.0,0,0,0.0970540046692,0,94.0,1,1,1.49318255126,5.08531276016,5.3,1,12,0,5.0,300.0
3.1,0.0,2,400.0,22.0,0,1,0.0972030162811,0,94.0,1,11,6.49041367526e-16,-5.3,5.3,1,12,0,5.0,300.0
3.1,0.0,2,400.0,22.0,0,0,0.0972170829773,0,94.0,2,20,-2.86539633251,4.45864372401,5.3,1,12,0,5.0,300.0
3.1,0.0,1,400.0,22.0,0,0,0.0970318317413,0,94.0,1,19,-4.00547274408,3.47076188991,5.3,1,12,0,5.0,300.0
3.1,0.0,2,400.0,22.0,0,0,0.0972011089325,1,94.0,2,14,-4.00547274408,-3.47076188991,5.3,1,12,0,5.0,300.0
3.1,0.0,2,400.0,22.0,0,1,0.0971729755402,1,94.0,2,20,-2.86539633251,4.45864372401,5.3,1,12,0,5.0,300.0
3.1,0.0,1,400.0,22.0,0,2,0.0972099304199,2,94.0,1,15,-4.82104957538,-2.20169956891,5.3,1,12,0,5.0,300.0
3.1,0.0,2,400.0,22.0,0,-1,0.0972189903259,0,94.0,2,13,-2.86539633251,-4.45864372401,5.3,1,12,0,5.0,300.0
3.1,0.0,2,400.0,22.0,0,0,0.0971729755402,0,94.0,2,2,2.86539633251,4.45864372401,5.3,1,12,0,5.0,300.0
3.1,0.0,1,400.0,22.0,0,0,0.0971989631653,0,94.0,1,9,2.86539633251,-4.45864372401,5.3,1,12,0,5.0,300.0
3.1,0.0,2,400.0,22.0,0,1,0.0971879959106,1,94.0,2,15,-4.82104957538,-2.20169956891,5.3,1,12,0,5.0,300.0
3.1,0.0,1,400.0,22.0,0,1,0.0972039699554,1,94.0,1,3,4.00547274408,3.47076188991,5.3,1,12,0,5.0,300.0
3.1,0.0,1,400.0,22.0,0,1,0.0972058773041,1,94.0,1,14,-4.00547274408,-3.47076188991,5.3,1,12,0,5.0,300.0
3.1,0.0,1,400.0,22.0,0,-1,0.0972120761871,-1,94.0,1,10,1.49318255126,-5.08531276016,5.3,1,12,0,5.0,300.0
3.1,0.0,2,400.0,22.0,0,1,0.0972068309784,1,94.0,2,14,-4.00547274408,-3.47076188991,5.3,1,12,0,5.0,300.0
3.1,0.0,2,400.0,22.0,0,0,0.0970380306244,0,94.0,2,5,5.24605364197,0.754268642848,5.3,1,12,0,5.0,300.0
3.1,0.0,2,400.0,22.0,0,-2,0.0970599651337,-2,94.0,2,2,2.86539633251,4.45864372401,5.3,1,12,0,5.0,300.0
3.1,0.0,2,400.0,22.0,0,-2,0.0970299243927,1,94.0,2,0,0.0,5.3,5.3,1,12,0,5.0,300.0
3.1,0.0,2,400.0,22.0,0,0,0.0971879959106,0,94.0,2,15,-4.82104957538,-2.20169956891,5.3,1,12,0,5.0,300.0
3.1,0.0,1,400.0,22.0,0,0,0.0971810817719,0,94.0,1,3,4.00547274408,3.47076188991,5.3,1,12,0,5.0,300.0
3.1,0.0,1,400.0,22.0,0,-1,0.0972011089325,-1,94.0,1,20,-2.86539633251,4.45864372401,5.3,1,12,0,5.0,300.0
3.1,0.0,2,400.0,22.0,0,0,0.0972278118134,0,94.0,2,3,4.00547274408,3.47076188991,5.3,1,12,0,5.0,300.0
3.1,0.0,1,400.0,22.0,0,0,0.0972299575806,0,94.0,1,4,4.82104957538,2.20169956891,5.3,1,12,0,5.0,300.0
3.1,0.0,1,400.0,22.0,0,-1,0.0971751213074,0,94.0,1,6,5.24605364197,-0.754268642848,5.3,1,12,0,5.0,300.0
3.1,0.0,2,400.0,22.0,0,0,0.0971989631653,0,94.0,2,11,6.49041367526e-16,-5.3,5.3,1,12,0,5.0,300.0
3.1,0.0,2,400.0,22.0,0,1,0.0971748828888,1,94.0,2,15,-4.82104957538,-2.20169956891,5.3,1,12,0,5.0,300.0
3.1,0.0,1,400.0,22.0,0,2,0.0971698760986,2,94.0,1,2,2.86539633251,4.45864372401,5.3,1,12,0,5.0,300.0
3.1,0.0,1,400.0,22.0,0,-1,0.0971879959106,1,94.0,2,17,-5.24605364197,0.754268642848,5.3,1,12,0,5.0,300.0
3.1,0.0,1,400.0,22.0,0,-2,0.0971610546112,0,94.0,1,6,5.24605364197,-0.754268642848,5.3,1,12,0,5.0,300.0
3.1,0.0,2,400.0,22.0,0,2,0.0972230434418,2,94.0,2,12,-1.49318255126,-5.08531276016,5.3,1,12,0,5.0,300.0
3.1,0.0,2,400.0,22.0,0,1,0.0972108840942,1,94.0,2,4,4.82104957538,2.20169956891,5.3,1,12,0,5.0,300.0
3.1,0.0,2,400.0,22.0,0,1,0.0971739292145,1,94.0,2,8,4.00547274408,-3.47076188991,5.3,1,12,0,5.0,300.0
3.1,0.0,2,400.0,22.0,0,-1,0.0971558094025,-1,94.0,2,7,4.82104957538,-2.20169956891,5.3,1,12,0,5.0,300.0
3.1,0.0,1,400.0,22.0,0,0,0.0972130298615,0,94.0,1,19,-4.00547274408,3.47076188991,5.3,1,12,0,5.0,300.0
3.1,0.0,1,400.0,22.0,0,-1,0.0971999168396,-1,94.0,1,5,5.24605364197,0.754268642848,5.3,1,12,0,5.0,300.0
3.1,0.0,1,400.0,22.0,0,-2,0.0971829891205,-2,94.0,1,16,-5.24605364197,-0.754268642848,5.3,1,12,0,5.0,300.0
3.1,0.0,2,400.0,22.0,0,0,0.0972108840942,0,94.0,2,16,-5.24605364197,-0.754268642848,5.3,1,12,0,5.0,300.0
3.1,0.0,1,400.0,22.0,0,0,0.0972039699554,0,94.0,1,7,4.82104957538,-2.20169956891,5.3,1,12,0,5.0,300.0
3.1,0.0,1,400.0,22.0,0,0,0.0972099304199,0,94.0,1,3,4.00547274408,3.47076188991,5.3,1,12,0,5.0,300.0
3.1,0.0,2,400.0,22.0,0,0,0.0971651077271,0,94.0,2,4,4.82104957538,2.20169956891,5.3,1,12,0,5.0,300.0
3.1,0.0,1,400.0,22.0,0,-2,0.0971689224243,-2,94.0,1,14,-4.00547274408,-3.47076188991,5.3,1,12,0,5.0,300.0
3.1,0.0,2,400.0,22.0,0,0,0.0971791744232,0,94.0,2,12,-1.49318255126,-5.08531276016,5.3,1,12,0,5.0,300.0
3.1,0.0,1,400.0,22.0,0,0,0.0972430706024,0,94.0,1,3,4.00547274408,3.47076188991,5.3,1,12,0,5.0,300.0
3.1,0.0,2,400.0,22.0,0,0,0.0971930027008,0,94.0,2,10,1.49318255126,-5.08531276016,5.3,1,12,0,5.0,300.0
3.1,0.0,1,400.0,22.0,0,1,0.0972211360931,1,94.0,1,15,-4.82104957538,-2.20169956891,5.3,1,12,0,5.0,300.0
3.1,0.0,2,400.0,22.0,0,0,0.0970358848572,0,94.0,1,8,4.00547274408,-3.47076188991,5.3,1,12,0,5.0,300.0
3.1,0.0,1,400.0,22.0,0,-2,0.0971820354462,-2,94.0,1,15,-4.82104957538,-2.20169956891,5.3,1,12,0,5.0,300.0
3.1,0.0,1,400.0,22.0,0,1,0.097217798233,1,94.0,1,19,-4.00547274408,3.47076188991,5.3,1,12,0,5.0,300.0
3.1,0.0,1,400.0,22.0,0,0,0.0972080230713,0,94.0,1,0,0.0,5.3,5.3,1,12,0,5.0,300.0
3.1,0.0,2,400.0,22.0,0,1,0.0972118377686,1,94.0,2,20,-2.86539633251,4.45864372401,5.3,1,12,0,5.0,300.0
3.1,0.0,1,400.0,22.0,0,1,0.0971918106079,1,94.0,1,6,5.24605364197,-0.754268642848,5.3,1,12,0,5.0,300.0
3.1,0.0,2,400.0,22.0,0,1,0.0971879959106,1,94.0,2,19,-4.00547274408,3.47076188991,5.3,1,12,0,5.0,300.0
3.1,0.0,2,400.0,22.0,0,0,0.0971808433533,0,94.0,1,5,5.24605364197,0.754268642848,5.3,1,12,0,5.0,300.0
3.1,0.0,2,400.0,22.0,0,0,0.0971741676331,0,94.0,2,21,-1.49318255126,5.08531276016,5.3,1,12,0,5.0,300.0
3.1,0.0,1,400.0,22.0,0,0,0.0971961021423,0,94.0,1,13,-2.86539633251,-4.45864372401,5.3,1,12,0,5.0,300.0
3.1,0.0,2,400.0,22.0,0,0,0.0972061157227,2,94.0,1,19,-4.00547274408,3.47076188991,5.3,1,12,0,5.0,300.0
3.1,0.0,1,400.0,22.0,0,0,0.0971729755402,0,94.0,1,5,5.24605364197,0.754268642848,5.3,1,12,0,5.0,300.0
3.1,0.0,1,400.0,22.0,0,-2,0.0971949100494,-2,94.0,1,1,1.49318255126,5.08531276016,5.3,1,12,0,5.0,300.0
3.1,0.0,2,400.0,22.0,0,0,0.0971910953522,0,94.0,2,6,5.24605364197,-0.754268642848,5.3,1,12,0,5.0,300.0
3.1,0.0,1,400.0,22.0,0,1,0.0972111225128,1,94.0,2,10,1.49318255126,-5.08531276016,5.3,1,12,0,5.0,300.0
3.1,0.0,2,400.0,22.0,0,2,0.0972130298615,2,94.0,2,8,4.00547274408,-3.47076188991,5.3,1,12,0,5.0,300.0
3.1,0.0,2,400.0,22.0,0,0,0.0972030162811,0,94.0,2,3,4.00547274408,3.47076188991,5.3,1,12,0,5.0,300.0
3.1,0.0,1,400.0,22.0,0,0,0.0972189903259,0,94.0,1,16,-5.24605364197,-0.754268642848,5.3,1,12,0,5.0,300.0
3.1,0.0,2,400.0,22.0,0,2,0.0971930027008,2,94.0,2,13,-2.86539633251,-4.45864372401,5.3,1,12,0,5.0,300.0
3.1,0.0,1,400.0,22.0,0,0,0.097195148468,0,94.0,1,5,5.24605364197,0.754268642848,5.3,1,12,0,5.0,300.0
3.1,0.0,1,400.0,22.0,0,1,0.0972030162811,1,94.0,1,1,1.49318255126,5.08531276016,5.3,1,12,0,5.0,300.0
3.1,0.0,1,400.0,22.0,0,0,0.0971839427948,0,94.0,1,19,-4.00547274408,3.47076188991,5.3,1,12,0,5.0,300.0
3.1,0.0,2,400.0,22.0,0,0,0.097048997879,-2,94.0,1,11,6.49041367526e-16,-5.3,5.3,1,12,0,5.0,300.0
3.1,0.0,1,400.0,22.0,0,0,0.0971791744232,0,94.0,1,7,4.82104957538,-2.20169956891,5.3,1,12,0,5.0,300.0
3.1,0.0,2,400.0,22.0,0,-1,0.0971658229828,-1,94.0,2,18,-4.82104957538,2.20169956891,5.3,1,12,0,5.0,300.0
3.1,0.0,2,400.0,22.0,0,1,0.0971848964691,0,94.0,2,12,-1.49318255126,-5.08531276016,5.3,1,12,0,5.0,300.0
3.1,0.0,1,400.0,22.0,0,0,0.097186088562,0,94.0,1,0,0.0,5.3,5.3,1,12,0,5.0,300.0
3.1,0.0,2,400.0,22.0,0,0,0.0971789360046,0,94.0,1,21,-1.49318255126,5.08531276016,5.3,1,12,0,5.0,300.0
3.1,0.0,1,400.0,22.0,0,-1,0.0971939563751,-1,94.0,1,9,2.86539633251,-4.45864372401,5.3,1,12,0,5.0,300.0
3.1,0.0,2,400.0,22.0,0,2,0.0971930027008,2,94.0,2,12,-1.49318255126,-5.08531276016,5.3,1,12,0,5.0,300.0
3.1,0.0,2,400.0,22.0,0,-1,0.0971910953522,0,94.0,2,17,-5.24605364197,0.754268642848,5.3,1,12,0,5.0,300.0
3.1,0.0,1,400.0,22.0,0,0,0.0971820354462,-2,94.0,2,11,6.49041367526e-16,-5.3,5.3,1,12,0,5.0,300.0
3.1,0.0,1,400.0,22.0,0,2,0.0972311496735,2,94.0,1,16,-5.24605364197,-0.754268642848,5.3,1,12,0,5.0,300.0
3.1,0.0,1,400.0,22.0,0,0,0.0972259044647,0,94.0,1,16,-5.24605364197,-0.754268642848,5.3,1,12,0,5.0,300.0
3.1,0.0,1,400.0,22.0,0,0,0.0971739292145,0,94.0,1,3,4.00547274408,3.47076188991,5.3,1,12,0,5.0,300.0
3.1,0.0,2,400.0,22.0,0,-2,0.0971751213074,0,94.0,2,5,5.24605364197,0.754268642848,5.3,1,12,0,5.0,300.0
3.1,0.0,2,400.0,22.0,0,-1,0.097186088562,0,94.0,1,4,4.82104957538,2.20169956891,5.3,1,12,0,5.0,300.0
3.1,0.0,2,400.0,22.0,0,0,0.0972208976746,0,94.0,1,19,-4.00547274408,3.47076188991,5.3,1,12,0,5.0,300.0
3.1,0.0,2,400.0,22.0,0,-1,0.0971851348877,-1,94.0,2,1,1.49318255126,5.08531276016,5.3,1,12,0,5.0,300.0
3.1,0.0,2,400.0,22.0,0,-2,0.0972111225128,0,94.0,2,7,4.82104957538,-2.20169956891,5.3,1,12,0,5.0,300.0
3.1,0.0,2,400.0,22.0,0,0,0.097198009491,0,94.0,2,15,-4.82104957538,-2.20169956891,5.3,1,12,0,5.0,300.0
3.1,0.0,2,400.0,22.0,0,0,0.0972270965576,0,94.0,2,4,4.82104957538,2.20169956891,5.3,1,12,0,5.0,300.0
3.1,0.0,1,400.0,22.0,0,1,0.0970318317413,0,94.0,1,16,-5.24605364197,-0.754268642848,5.3,1,12,0,5.0,300.0
3.1,0.0,1,400.0,22.0,0,0,0.0972011089325,0,94.0,1,0,0.0,5.3,5.3,1,12,0,5.0,300.0
3.1,0.0,2,400.0,22.0,0,0,0.0971879959106,2,94.0,2,15,-4.82104957538,-2.20169956891,5.3,1,12,0,5.0,300.0
3.1,0.0,1,400.0,22.0,0,0,0.0971910953522,0,94.0,1,19,-4.00547274408,3.47076188991,5.3,1,12,0,5.0,300.0
3.1,0.0,1,400.0,22.0,0,2,0.0972039699554,0,94.0,1,6,5.24605364197,-0.754268642848,5.3,1,12,0,5.0,300.0
3.1,0.0,2,400.0,22.0,0,-1,0.0971879959106,-1,94.0,2,19,-4.00547274408,3.47076188991,5.3,1,12,0,5.0,300.0
3.1,0.0,1,400.0,22.0,0,-1,0.0972180366516,-1,94.0,1,20,-2.86539633251,4.45864372401,5.3,1,12,0,5.0,300.0
3.1,0.0,1,400.0,22.0,0,0,0.0970199108124,0,94.0,2,3,4.00547274408,3.47076188991,5.3,1,12,0,5.0,300.0
3.1,0.0,1,400.0,22.0,0,2,0.09716796875,2,94.0,1,7,4.82104957538,-2.20169956891,5.3,1,12,0,5.0,300.0
3.1,0.0,1,400.0,22.0,0,-1,0.0970811843872,1,94.0,1,8,4.00547274408,-3.47076188991,5.3,1,12,0,5.0,300.0
3.1,0.0,2,400.0,22.0,0,-1,0.097195148468,0,94.0,2,20,-2.86539633251,4.45864372401,5.3,1,12,0,5.0,300.0
3.1,0.0,2,400.0,22.0,0,0,0.0972068309784,0,94.0,2,7,4.82104957538,-2.20169956891,5.3,1,12,0,5.0,300.0
3.1,0.0,1,400.0,22.0,0,0,0.0972049236298,1,94.0,1,4,4.82104957538,2.20169956891,5.3,1,12,0,5.0,300.0
3.1,0.0,2,400.0,22.0,0,-2,0.0970370769501,0,94.0,1,14,-4.00547274408,-3.47076188991,5.3,1,12,0,5.0,300.0
3.1,0.0,1,400.0,22.0,0,0,0.0971949100494,0,94.0,1,15,-4.82104957538,-2.20169956891,5.3,1,12,0,5.0,300.0
3.1,0.0,2,400.0,22.0,0,1,0.0972039699554,0,94.0,1,0,0.0,5.3,5.3,1,12,0,5.0,300.0
3.1,0.0,2,400.0,22.0,0,0,0.09707903862,-1,94.0,1,21,-1.49318255126,5.08531276016,5.3,1,12,0,5.0,300.0
3.1,0.0,2,400.0,22.0,0,0,0.0971989631653,-1,94.0,1,2,2.86539633251,4.45864372401,5.3,1,12,0,5.0,300.0
3.1,0.0,1,400.0,22.0,0,0,0.0971891880035,0,94.0,1,19,-4.00547274408,3.47076188991,5.3,1,12,0,5.0,300.0
3.1,0.0,2,400.0,22.0,0,0,0.0971989631653,0,94.0,1,5,5.24605364197,0.754268642848,5.3,1,12,0,5.0,300.0
3.1,0.0,2,400.0,22.0,0,1,0.0971789360046,0,94.0,1,7,4.82104957538,-2.20169956891,5.3,1,12,0,5.0,300.0
3.1,0.0,1,400.0,22.0,0,0,0.0971720218658,0,94.0,1,5,5.24605364197,0.754268642848,5.3,1,12,0,5.0,300.0
3.1,0.0,2,400.0,22.0,0,-2,0.0970270633698,0,94.0,2,4,4.82104957538,2.20169956891,5.3,1,12,0,5.0,300.0
3.1,0.0,2,400.0,22.0,0,0,0.0972011089325,0,94.0,2,13,-2.86539633251,-4.45864372401,5.3,1,12,0,5.0,300.0
3.1,0.0,1,400.0,22.0,0,-2,0.0971992015839,-2,94.0,1,15,-4.82104957538,-2.20169956891,5.3,1,12,0,5.0,300.0
3.1,0.0,1,400.0,22.0,0,1,0.0971901416779,1,94.0,1,0,0.0,5.3,5.3,1,12,0,5.0,300.0
3.1,0.0,2,400.0,22.0,0,0,0.0971751213074,0,94.0,2,7,4.82104957538,-2.20169956891,5.3,1,12,0,5.0,300.0
3.1,0.0,1,400.0,22.0,0,1,0.0971751213074,1,94.0,1,8,4.00547274408,-3.47076188991,5.3,1,12,0,5.0,300.0
3.1,0.0,2,400.0,22.0,0,1,0.0970659255981,-1,94.0,1,12,-1.49318255126,-5.08531276016,5.3,1,12,0,5.0,300.0
3.1,0.0,1,400.0,22.0,0,1,0.0971970558167,1,94.0,1,3,4.00547274408,3.47076188991,5.3,1,12,0,5.0,300.0
3.1,0.0,1,400.0,22.0,0,1,0.0970220565796,-2,94.0,2,21,-1.49318255126,5.08531276016,5.3,1,12,0,5.0,300.0
3.1,0.0,2,400.0,22.0,0,0,0.0970280170441,0,94.0,2,3,4.00547274408,3.47076188991,5.3,1,12,0,5.0,300.0
3.1,0.0,1,400.0,22.0,0,0,0.0972130298615,0,94.0,1,5,5.24605364197,0.754268642848,5.3,1,12,0,5.0,300.0
3.1,0.0,2,400.0,22.0,0,-2,0.0971720218658,-2,94.0,2,12,-1.49318255126,-5.08531276016,5.3,1,12,0,5.0,300.0
3.1,0.0,1,400.0,22.0,0,-2,0.0971920490265,2,94.0,1,20,-2.86539633251,4.45864372401,5.3,1,12,0,5.0,300.0
3.1,0.0,2,400.0,22.0,0,1,0.0972211360931,1,94.0,2,16,-5.24605364197,-0.754268642848,5.3,1,12,0,5.0,300.0
3.1,0.0,2,400.0,22.0,0,-2,0.0971918106079,-2,94.0,2,20,-2.86539633251,4.45864372401,5.3,1,12,0,5.0,300.0
3.1,0.0,1,400.0,22.0,0,-1,0.097195148468,2,94.0,1,20,-2.86539633251,4.45864372401,5.3,1,12,0,5.0,300.0
3.1,0.0,2,400.0,22.0,0,0,0.097195148468,-1,94.0,1,11,6.49041367526e-16,-5.3,5.3,1,12,0,5.0,300.0
3.1,0.0,1,400.0,22.0,0,-1,0.0972170829773,0,94.0,1,8,4.00547274408,-3.47076188991,5.3,1,12,0,5.0,300.0
3.1,0.0,1,400.0,22.0,0,-2,0.0971810817719,1,94.0,1,16,-5.24605364197,-0.754268642848,5.3,1,12,0,5.0,300.0
3.1,0.0,1,400.0,22.0,0,0,0.0971660614014,0,94.0,1,0,0.0,5.3,5.3,1,12,0,5.0,300.0
3.1,0.0,1,400.0,22.0,0,0,0.097207069397,-1,94.0,2,18,-4.82104957538,2.20169956891,5.3,1,12,0,5.0,300.0
3.1,0.0,2,400.0,22.0,0,-1,0.0972108840942,2,94.0,1,15,-4.82104957538,-2.20169956891,5.3,1,12,0,5.0,300.0
3.1,0.0,1,400.0,22.0,0,-2,0.0970239639282,-2,94.0,1,1,1.49318255126,5.08531276016,5.3,1,12,0,5.0,300.0
3.1,0.0,1,400.0,22.0,0,0,0.097069978714,0,94.0,1,17,-5.24605364197,0.754268642848,5.3,1,12,0,5.0,300.0
3.1,0.0,2,400.0,22.0,0,-1,0.0972061157227,-1,94.0,2,9,2.86539633251,-4.45864372401,5.3,1,12,0,5.0,300.0
3.1,0.0,1,400.0,22.0,0,2,0.0971820354462,2,94.0,1,19,-4.00547274408,3.47076188991,5.3,1,12,0,5.0,300.0
3.1,0.0,2,400.0,22.0,0,-2,0.0970289707184,-2,94.0,2,13,-2.86539633251,-4.45864372401,5.3,1,12,0,5.0,300.0
3.1,0.0,2,400.0,22.0,0,-1,0.0970759391785,-1,94.0,2,20,-2.86539633251,4.45864372401,5.3,1,12,0,5.0,300.0
3.1,0.0,1,400.0,22.0,0,-2,0.0972189903259,-2,94.0,1,12,-1.49318255126,-5.08531276016,5.3,1,12,0,5.0,300.0
3.1,0.0,1,400.0,22.0,0,0,0.097188949585,0,94.0,1,2,2.86539633251,4.45864372401,5.3,1,12,0,5.0,300.0
3.1,0.0,2,400.0,22.0,0,0,0.0971760749817,0,94.0,1,6,5.24605364197,-0.754268642848,5.3,1,12,0,5.0,300.0
3.1,0.0,2,400.0,22.0,0,0,0.0971848964691,1,94.0,2,0,0.0,5.3,5.3,1,12,0,5.0,300.0
3.1,0.0,2,400.0,22.0,0,0,0.0971851348877,-2,94.0,1,19,-4.00547274408,3.47076188991,5.3,1,12,0,5.0,300.0
3.1,0.0,2,400.0,22.0,0,1,0.0970668792725,1,94.0,2,14,-4.00547274408,-3.47076188991,5.3,1,12,0,5.0,300.0
3.1,0.0,2,400.0,22.0,0,1,0.0971920490265,-1,94.0,1,4,4.82104957538,2.20169956891,5.3,1,12,0,5.0,300.0
3.1,0.0,1,400.0,22.0,0,1,0.0970220565796,0,94.0,1,13,-2.86539633251,-4.45864372401,5.3,1,12,0,5.0,300.0
3.1,0.0,2,400.0,22.0,0,1,0.0971949100494,0,94.0,1,20,-2.86539633251,4.45864372401,5.3,1,12,0,5.0,300.0
3.1,0.0,2,400.0,22.0,0,1,0.0971708297729,0,94.0,2,16,-5.24605364197,-0.754268642848,5.3,1,12,0,5.0,300.0
3.1,0.0,2,400.0,22.0,0,2,0.0971939563751,0,94.0,2,21,-1.49318255126,5.08531276016,5.3,1,12,0,5.0,300.0
3.1,0.0,1,400.0,22.0,0,2,0.0970869064331,2,94.0,1,11,6.49041367526e-16,-5.3,5.3,1,12,0,5.0,300.0
3.1,0.0,2,400.0,22.0,0,-2,0.0970180034637,-2,94.0,2,8,4.00547274408,-3.47076188991,5.3,1,12,0,5.0,300.0
3.1,0.0,1,400.0,22.0,0,0,0.0970258712769,2,94.0,1,4,4.82104957538,2.20169956891,5.3,1,12,0,5.0,300.0
3.1,0.0,2,400.0,22.0,0,0,0.097186088562,0,94.0,2,5,5.24605364197,0.754268642848,5.3,1,12,0,5.0,300.0
3.1,0.0,1,400.0,22.0,0,-1,0.0970199108124,-1,94.0,1,8,4.00547274408,-3.47076188991,5.3,1,12,0,5.0,300.0
3.1,0.0,2,400.0,22.0,0,0,0.0971879959106,0,94.0,2,7,4.82104957538,-2.20169956891,5.3,1,12,0,5.0,300.0
3.1,0.0,2,400.0,22.0,0,-1,0.0971829891205,-1,94.0,2,1,1.49318255126,5.08531276016,5.3,1,12,0,5.0,300.0
3.1,0.0,1,400.0,22.0,0,2,0.0971870422363,2,94.0,1,10,1.49318255126,-5.08531276016,5.3,1,12,0,5.0,300.0
3.1,0.0,1,400.0,22.0,0,0,0.0971958637238,0,94.0,1,17,-5.24605364197,0.754268642848,5.3,1,12,0,5.0,300.0
3.1,0.0,1,400.0,22.0,0,2,0.097195148468,2,94.0,1,1,1.49318255126,5.08531276016,5.3,1,12,0,5.0,300.0
3.1,0.0,1,400.0,22.0,0,0,0.0971801280975,-1,94.0,1,20,-2.86539633251,4.45864372401,5.3,1,12,0,5.0,300.0
3.1,0.0,2,400.0,22.0,0,-1,0.0971970558167,-1,94.0,1,3,4.00547274408,3.47076188991,5.3,1,12,0,5.0,300.0
3.1,0.0,1,400.0,22.0,0,1,0.097195148468,1,94.0,1,15,-4.82104957538,-2.20169956891,5.3,1,12,0,5.0,300.0
3.1,0.0,2,400.0,22.0,0,2,0.0971949100494,2,94.0,2,4,4.82104957538,2.20169956891,5.3,1,12,0,5.0,300.0
3.1,0.0,1,400.0,22.0,0,2,0.0971760749817,2,94.0,1,18,-4.82104957538,2.20169956891,5.3,1,12,0,5.0,300.0
3.1,0.0,2,400.0,22.0,0,2,0.0971930027008,2,94.0,2,5,5.24605364197,0.754268642848,5.3,1,12,0,5.0,300.0
3.1,0.0,1,400.0,22.0,0,2,0.0971870422363,0,94.0,1,20,-2.86539633251,4.45864372401,5.3,1,12,0,5.0,300.0
3.1,0.0,1,400.0,22.0,0,1,0.0971791744232,2,94.0,2,14,-4.00547274408,-3.47076188991,5.3,1,12,0,5.0,300.0
3.1,0.0,2,400.0,22.0,0,2,0.0971930027008,1,94.0,2,12,-1.49318255126,-5.08531276016,5.3,1,12,0,5.0,300.0
3.1,0.0,1,400.0,22.0,0,0,0.0971848964691,0,94.0,1,5,5.24605364197,0.754268642848,5.3,1,12,0,5.0,300.0
3.1,0.0,2,400.0,22.0,0,0,0.0971717834473,0,94.0,2,21,-1.49318255126,5.08531276016,5.3,1,12,0,5.0,300.0
3.1,0.0,1,400.0,22.0,0,0,0.0971968173981,0,94.0,1,2,2.86539633251,4.45864372401,5.3,1,12,0,5.0,300.0
3.1,0.0,2,400.0,22.0,0,0,0.0971758365631,0,94.0,2,2,2.86539633251,4.45864372401,5.3,1,12,0,5.0,300.0
3.1,0.0,2,400.0,22.0,0,1,0.097188949585,1,94.0,2,3,4.00547274408,3.47076188991,5.3,1,12,0,5.0,300.0
3.1,0.0,1,400.0,22.0,0,-2,0.0971920490265,-2,94.0,1,9,2.86539633251,-4.45864372401,5.3,1,12,0,5.0,300.0
3.1,0.0,1,400.0,22.0,0,2,0.0971691608429,2,94.0,1,16,-5.24605364197,-0.754268642848,5.3,1,12,0,5.0,300.0
3.1,0.0,2,400.0,22.0,0,1,0.0972261428833,1,94.0,2,18,-4.82104957538,2.20169956891,5.3,1,12,0,5.0,300.0
3.1,0.0,2,400.0,22.0,0,-1,0.0970180034637,-1,94.0,2,12,-1.49318255126,-5.08531276016,5.3,1,12,0,5.0,300.0
3.1,0.0,1,400.0,22.0,0,2,0.0971820354462,2,94.0,1,18,-4.82104957538,2.20169956891,5.3,1,12,0,5.0,300.0
3.1,0.0,2,400.0,22.0,0,-1,0.097195148468,-1,94.0,2,6,5.24605364197,-0.754268642848,5.3,1,12,0,5.0,300.0
3.1,0.0,1,400.0,22.0,0,0,0.0971760749817,0,94.0,2,15,-4.82104957538,-2.20169956891,5.3,1,12,0,5.0,300.0
3.1,0.0,1,400.0,22.0,0,0,0.097177028656,0,94.0,1,7,4.82104957538,-2.20169956891,5.3,1,12,0,5.0,300.0
3.1,0.0,1,400.0,22.0,0,1,0.0972058773041,1,94.0,1,15,-4.82104957538,-2.20169956891,5.3,1,12,0,5.0,300.0
3.1,0.0,1,400.0,22.0,0,0,0.0970139503479,0,94.0,1,9,2.86539633251,-4.45864372401,5.3,1,12,0,5.0,300.0
3.1,0.0,1,400.0,22.0,0,0,0.0971760749817,0,94.0,1,5,5.24605364197,0.754268642848,5.3,1,12,0,5.0,300.0
3.1,0.0,2,400.0,22.0,0,-1,0.0971870422363,-1,94.0,2,8,4.00547274408,-3.47076188991,5.3,1,12,0,5.0,300.0
3.1,0.0,1,400.0,22.0,0,2,0.0970089435577,2,94.0,1,1,1.49318255126,5.08531276016,5.3,1,12,0,5.0,300.0
3.1,0.0,2,400.0,22.0,0,2,0.0970230102539,2,94.0,2,8,4.00547274408,-3.47076188991,5.3,1,12,0,5.0,300.0
3.1,0.0,1,400.0,22.0,0,0,0.0971989631653,0,94.0,1,5,5.24605364197,0.754268642848,5.3,1,12,0,5.0,300.0
3.1,0.0,2,400.0,22.0,0,1,0.0970098972321,1,94.0,2,21,-1.49318255126,5.08531276016,5.3,1,12,0,5.0,300.0
3.1,0.0,2,400.0,22.0,0,2,0.0970079898834,2,94.0,2,1,1.49318255126,5.08531276016,5.3,1,12,0,5.0,300.0
3.1,0.0,2,400.0,22.0,0,-1,0.097195148468,-1,94.0,2,14,-4.00547274408,-3.47076188991,5.3,1,12,0,5.0,300.0
3.1,0.0,1,400.0,22.0,0,0,0.0970079898834,0,94.0,1,14,-4.00547274408,-3.47076188991,5.3,1,12,0,5.0,300.0
3.1,0.0,2,400.0,22.0,0,-1,0.0971758365631,0,94.0,1,16,-5.24605364197,-0.754268642848,5.3,1,12,0,5.0,300.0
3.1,0.0,1,400.0,22.0,0,0,0.0971939563751,0,94.0,1,8,4.00547274408,-3.47076188991,5.3,1,12,0,5.0,300.0
3.1,0.0,1,400.0,22.0,0,-1,0.0971848964691,-1,94.0,1,21,-1.49318255126,5.08531276016,5.3,1,12,0,5.0,300.0
3.1,0.0,2,400.0,22.0,0,2,0.0971710681915,2,94.0,2,12,-1.49318255126,-5.08531276016,5.3,1,12,0,5.0,300.0
3.1,0.0,2,400.0,22.0,0,0,0.0971660614014,0,94.0,2,17,-5.24605364197,0.754268642848,5.3,1,12,0,5.0,300.0
3.1,0.0,2,400.0,22.0,0,0,0.0972061157227,0,94.0,2,19,-4.00547274408,3.47076188991,5.3,1,12,0,5.0,300.0
3.1,0.0,1,400.0,22.0,0,-1,0.0971848964691,-1,94.0,1,7,4.82104957538,-2.20169956891,5.3,1,12,0,5.0,300.0
3.1,0.0,1,400.0,22.0,0,0,0.0972189903259,0,94.0,1,13,-2.86539633251,-4.45864372401,5.3,1,12,0,5.0,300.0
3.1,0.0,2,400.0,22.0,0,0,0.0970010757446,0,94.0,2,7,4.82104957538,-2.20169956891,5.3,1,12,0,5.0,300.0
3.1,0.0,1,400.0,22.0,0,-1,0.097186088562,-1,94.0,1,14,-4.00547274408,-3.47076188991,5.3,1,12,0,5.0,300.0
3.1,0.0,1,400.0,22.0,0,1,0.0970041751862,1,94.0,1,13,-2.86539633251,-4.45864372401,5.3,1,12,0,5.0,300.0
3.1,0.0,2,400.0,22.0,0,0,0.0971920490265,0,94.0,2,19,-4.00547274408,3.47076188991,5.3,1,12,0,5.0,300.0
3.1,0.0,2,400.0,22.0,0,0,0.0971970558167,0,94.0,2,5,5.24605364197,0.754268642848,5.3,1,12,0,5.0,300.0
3.1,0.0,1,400.0,22.0,0,-2,0.0971989631653,-2,94.0,1,10,1.49318255126,-5.08531276016,5.3,1,12,0,5.0,300.0
3.1,0.0,1,400.0,22.0,0,1,0.097109079361,1,94.0,1,14,-4.00547274408,-3.47076188991,5.3,1,12,0,5.0,300.0
3.1,0.0,2,400.0,22.0,0,1,0.0970079898834,1,94.0,2,17,-5.24605364197,0.754268642848,5.3,1,12,0,5.0,300.0
3.1,0.0,1,400.0,22.0,0,1,0.0972030162811,1,94.0,1,3,4.00547274408,3.47076188991,5.3,1,12,0,5.0,300.0
3.1,0.0,2,400.0,22.0,0,0,0.097188949585,0,94.0,2,5,5.24605364197,0.754268642848,5.3,1,12,0,5.0,300.0
3.1,0.0,1,400.0,22.0,0,-2,0.097011089325,-2,94.0,1,8,4.00547274408,-3.47076188991,5.3,1,12,0,5.0,300.0
3.1,0.0,1,400.0,22.0,0,0,0.0971961021423,0,94.0,1,5,5.24605364197,0.754268642848,5.3,1,12,0,5.0,300.0
3.1,0.0,2,400.0,22.0,0,-1,0.0970060825348,-1,94.0,2,8,4.00547274408,-3.47076188991,5.3,1,12,0,5.0,300.0
3.1,0.0,1,400.0,22.0,0,2,0.0972089767456,2,94.0,1,14,-4.00547274408,-3.47076188991,5.3,1,12,0,5.0,300.0
3.1,0.0,2,400.0,22.0,0,1,0.0972189903259,1,94.0,2,14,-4.00547274408,-3.47076188991,5.3,1,12,0,5.0,300.0
3.1,0.0,1,400.0,22.0,0,1,0.0971689224243,1,94.0,1,21,-1.49318255126,5.08531276016,5.3,1,12,0,5.0,300.0
3.1,0.0,2,400.0,22.0,0,0,0.0972049236298,-1,94.0,1,6,5.24605364197,-0.754268642848,5.3,1,12,0,5.0,300.0
3.1,0.0,1,400.0,22.0,0,2,0.0971970558167,2,94.0,1,18,-4.82104957538,2.20169956891,5.3,1,12,0,5.0,300.0
3.1,0.0,2,400.0,22.0,0,0,0.0971930027008,0,94.0,2,3,4.00547274408,3.47076188991,5.3,1,12,0,5.0,300.0
3.1,0.0,1,400.0,22.0,0,-1,0.0972011089325,-1,94.0,1,7,4.82104957538,-2.20169956891,5.3,1,12,0,5.0,300.0
3.1,0.0,1,400.0,22.0,0,-1,0.0972080230713,-1,94.0,1,9,2.86539633251,-4.45864372401,5.3,1,12,0,5.0,300.0
3.1,0.0,1,400.0,22.0,0,-1,0.0970180034637,-1,94.0,1,8,4.00547274408,-3.47076188991,5.3,1,12,0,5.0,300.0
3.1,0.0,1,400.0,22.0,0,-2,0.0970048904419,-2,94.0,1,17,-5.24605364197,0.754268642848,5.3,1,12,0,5.0,300.0
3.1,0.0,2,400.0,22.0,0,0,0.0971689224243,0,94.0,2,1,1.49318255126,5.08531276016,5.3,1,12,0,5.0,300.0
3.1,0.0,2,400.0,22.0,0,2,0.0970120429993,2,94.0,2,11,6.49041367526e-16,-5.3,5.3,1,12,0,5.0,300.0
3.1,0.0,1,400.0,22.0,0,-1,0.0971920490265,-1,94.0,1,21,-1.49318255126,5.08531276016,5.3,1,12,0,5.0,300.0
3.1,0.0,2,400.0,22.0,0,1,0.0972080230713,1,94.0,2,0,0.0,5.3,5.3,1,12,0,5.0,300.0
3.1,0.0,2,400.0,22.0,0,-2,0.0972120761871,-2,94.0,2,21,-1.49318255126,5.08531276016,5.3,1,12,0,5.0,300.0
3.1,0.0,1,400.0,22.0,0,1,0.0972049236298,1,94.0,1,5,5.24605364197,0.754268642848,5.3,1,12,0,5.0,300.0
3.1,0.0,2,400.0,22.0,0,-2,0.0971891880035,-2,94.0,2,13,-2.86539633251,-4.45864372401,5.3,1,12,0,5.0,300.0
3.1,0.0,2,400.0,22.0,0,2,0.0970149040222,2,94.0,2,13,-2.86539633251,-4.45864372401,5.3,1,12,0,5.0,300.0
3.1,0.0,1,400.0,22.0,0,0,0.0971930027008,0,94.0,1,16,-5.24605364197,-0.754268642848,5.3,1,12,0,5.0,300.0
3.1,0.0,1,400.0,22.0,0,-1,0.0971870422363,-1,94.0,1,7,4.82104957538,-2.20169956891,5.3,1,12,0,5.0,300.0
3.1,0.0,2,400.0,22.0,0,1,0.0972089767456,1,94.0,2,17,-5.24605364197,0.754268642848,5.3,1,12,0,5.0,300.0
3.1,0.0,2,400.0,22.0,0,1,0.0971899032593,1,94.0,2,20,-2.86539633251,4.45864372401,5.3,1,12,0,5.0,300.0
3.1,0.0,1,400.0,22.0,0,1,0.0971939563751,1,94.0,1,13,-2.86539633251,-4.45864372401,5.3,1,12,0,5.0,300.0
3.1,0.0,2,400.0,22.0,0,-2,0.0972168445587,-2,94.0,2,18,-4.82104957538,2.20169956891,5.3,1,12,0,5.0,300.0
3.1,0.0,1,400.0,22.0,0,0,0.0971989631653,0,94.0,1,5,5.24605364197,0.754268642848,5.3,1,12,0,5.0,300.0
3.1,0.0,1,400.0,22.0,0,0,0.0971989631653,0,94.0,1,16,-5.24605364197,-0.754268642848,5.3,1,12,0,5.0,300.0
3.1,0.0,2,400.0,22.0,0,-1,0.0970032215118,-1,94.0,2,13,-2.86539633251,-4.45864372401,5.3,1,12,0,5.0,300.0
