cue-length,ms-precue,resp-v-hv,ms-st-cue,nitems,offset2,resp-h-pos,actualStimOn,resp-v-pos,ms-stimon,resp-h-hv,cue-loc-int,cue-loc-x,cue-loc-y,radius,bars-or-spot,version,offset,npractice,ntrials
3.1,0.0,1,400.0,22.0,0,-1,0.100155115128,0,94.0,1,20,-2.86539633251,4.45864372401,5.3,3.0,1,3.75,5.0,400.0
3.1,0.0,1,400.0,22.0,0,-1,0.100203037262,2,94.0,1,19,-4.00547274408,3.47076188991,5.3,3.0,1,3.75,5.0,400.0
3.1,0.0,1,400.0,22.0,0,-2,0.100080966949,1,94.0,1,12,-1.49318255126,-5.08531276016,5.3,3.0,1,3.75,5.0,400.0
3.1,0.0,2,400.0,22.0,0,0,0.10049700737,2,94.0,1,13,-2.86539633251,-4.45864372401,5.3,3.0,1,3.75,5.0,400.0
3.1,0.0,1,400.0,22.0,0,0,0.100030899048,-2,94.0,2,9,2.86539633251,-4.45864372401,5.3,3.0,1,3.75,5.0,400.0
3.1,0.0,2,400.0,22.0,0,0,0.100131034851,2,94.0,1,9,2.86539633251,-4.45864372401,5.3,3.0,1,3.75,5.0,400.0
3.1,0.0,1,400.0,22.0,0,0,0.10014796257,0,94.0,1,14,-4.00547274408,-3.47076188991,5.3,3.0,1,3.75,5.0,400.0
3.1,0.0,2,400.0,22.0,0,0,0.100094079971,2,94.0,1,6,5.24605364197,-0.754268642848,5.3,3.0,1,3.75,5.0,400.0
3.1,0.0,2,400.0,22.0,0,0,0.100150108337,-2,94.0,1,9,2.86539633251,-4.45864372401,5.3,3.0,1,3.75,5.0,400.0
3.1,0.0,1,400.0,22.0,0,1,0.100277900696,0,94.0,2,14,-4.00547274408,-3.47076188991,5.3,3.0,1,3.75,5.0,400.0
3.1,0.0,2,400.0,22.0,0,2,0.100092887878,-2,94.0,1,8,4.00547274408,-3.47076188991,5.3,3.0,1,3.75,5.0,400.0
3.1,0.0,1,400.0,22.0,0,0,0.100088834763,-2,94.0,1,7,4.82104957538,-2.20169956891,5.3,3.0,1,3.75,5.0,400.0
3.1,0.0,1,400.0,22.0,0,-2,0.100143909454,1,94.0,1,3,4.00547274408,3.47076188991,5.3,3.0,1,3.75,5.0,400.0
3.1,0.0,2,400.0,22.0,0,-1,0.100116014481,-1,94.0,1,13,-2.86539633251,-4.45864372401,5.3,3.0,1,3.75,5.0,400.0
3.1,0.0,2,400.0,22.0,0,-2,0.100075960159,-1,94.0,2,8,4.00547274408,-3.47076188991,5.3,3.0,1,3.75,5.0,400.0
3.1,0.0,1,400.0,22.0,0,0,0.100249052048,2,94.0,1,11,6.49041367526e-16,-5.3,5.3,3.0,1,3.75,5.0,400.0
3.1,0.0,2,400.0,22.0,0,-2,0.100047111511,1,94.0,1,0,0.0,5.3,5.3,3.0,1,3.75,5.0,400.0
3.1,0.0,1,400.0,22.0,0,-1,0.100126981735,2,94.0,1,13,-2.86539633251,-4.45864372401,5.3,3.0,1,3.75,5.0,400.0
3.1,0.0,2,400.0,22.0,0,2,0.10011100769,1,94.0,1,12,-1.49318255126,-5.08531276016,5.3,3.0,1,3.75,5.0,400.0
3.1,0.0,2,400.0,22.0,0,2,0.100143909454,0,94.0,1,0,0.0,5.3,5.3,3.0,1,3.75,5.0,400.0
3.1,0.0,1,400.0,22.0,0,1,0.100141048431,2,94.0,1,9,2.86539633251,-4.45864372401,5.3,3.0,1,3.75,5.0,400.0
3.1,0.0,2,400.0,22.0,0,-2,0.0997550487518,1,94.0,2,19,-4.00547274408,3.47076188991,5.3,3.0,1,3.75,5.0,400.0
3.1,0.0,1,400.0,22.0,0,0,0.100166797638,0,94.0,1,5,5.24605364197,0.754268642848,5.3,3.0,1,3.75,5.0,400.0
3.1,0.0,1,400.0,22.0,0,-1,0.100090026855,1,94.0,1,21,-1.49318255126,5.08531276016,5.3,3.0,1,3.75,5.0,400.0
3.1,0.0,2,400.0,22.0,0,1,0.1001329422,1,94.0,2,2,2.86539633251,4.45864372401,5.3,3.0,1,3.75,5.0,400.0
3.1,0.0,1,400.0,22.0,0,0,0.10013794899,2,94.0,1,5,5.24605364197,0.754268642848,5.3,3.0,1,3.75,5.0,400.0
3.1,0.0,1,400.0,22.0,0,2,0.1001060009,2,94.0,2,18,-4.82104957538,2.20169956891,5.3,3.0,1,3.75,5.0,400.0
3.1,0.0,1,400.0,22.0,0,2,0.10012793541,0,94.0,2,1,1.49318255126,5.08531276016,5.3,3.0,1,3.75,5.0,400.0
3.1,0.0,1,400.0,22.0,0,1,0.100115060806,1,94.0,2,1,1.49318255126,5.08531276016,5.3,3.0,1,3.75,5.0,400.0
3.1,0.0,1,400.0,22.0,0,-1,0.100167036057,-2,94.0,1,21,-1.49318255126,5.08531276016,5.3,3.0,1,3.75,5.0,400.0
3.1,0.0,1,400.0,22.0,0,0,0.1001060009,1,94.0,1,6,5.24605364197,-0.754268642848,5.3,3.0,1,3.75,5.0,400.0
3.1,0.0,2,400.0,22.0,0,0,0.100100040436,-2,94.0,1,11,6.49041367526e-16,-5.3,5.3,3.0,1,3.75,5.0,400.0
3.1,0.0,1,400.0,22.0,0,1,0.100157022476,-1,94.0,1,14,-4.00547274408,-3.47076188991,5.3,3.0,1,3.75,5.0,400.0
3.1,0.0,2,400.0,22.0,0,0,0.100103855133,1,94.0,1,8,4.00547274408,-3.47076188991,5.3,3.0,1,3.75,5.0,400.0
3.1,0.0,1,400.0,22.0,0,1,0.100169897079,-2,94.0,1,7,4.82104957538,-2.20169956891,5.3,3.0,1,3.75,5.0,400.0
3.1,0.0,2,400.0,22.0,0,0,0.1001329422,-2,94.0,2,11,6.49041367526e-16,-5.3,5.3,3.0,1,3.75,5.0,400.0
3.1,0.0,1,400.0,22.0,0,2,0.10014295578,-1,94.0,1,20,-2.86539633251,4.45864372401,5.3,3.0,1,3.75,5.0,400.0
3.1,0.0,2,400.0,22.0,0,0,0.10011100769,-1,94.0,1,18,-4.82104957538,2.20169956891,5.3,3.0,1,3.75,5.0,400.0
3.1,0.0,1,400.0,22.0,0,-1,0.10174703598,-1,94.0,2,8,4.00547274408,-3.47076188991,5.3,3.0,1,3.75,5.0,400.0
3.1,0.0,1,400.0,22.0,0,0,0.100141048431,1,94.0,1,16,-5.24605364197,-0.754268642848,5.3,3.0,1,3.75,5.0,400.0
3.1,0.0,2,400.0,22.0,0,0,0.10011100769,0,94.0,1,21,-1.49318255126,5.08531276016,5.3,3.0,1,3.75,5.0,400.0
3.1,0.0,1,400.0,22.0,0,2,0.100121974945,0,94.0,1,11,6.49041367526e-16,-5.3,5.3,3.0,1,3.75,5.0,400.0
3.1,0.0,2,400.0,22.0,0,1,0.100291013718,-2,94.0,1,14,-4.00547274408,-3.47076188991,5.3,3.0,1,3.75,5.0,400.0
3.1,0.0,2,400.0,22.0,0,0,0.10015296936,0,94.0,1,17,-5.24605364197,0.754268642848,5.3,3.0,1,3.75,5.0,400.0
3.1,0.0,2,400.0,22.0,0,-1,0.100123882294,0,94.0,1,1,1.49318255126,5.08531276016,5.3,3.0,1,3.75,5.0,400.0
3.1,0.0,1,400.0,22.0,0,-1,0.100167036057,0,94.0,1,19,-4.00547274408,3.47076188991,5.3,3.0,1,3.75,5.0,400.0
3.1,0.0,2,400.0,22.0,0,0,0.100109100342,0,94.0,1,12,-1.49318255126,-5.08531276016,5.3,3.0,1,3.75,5.0,400.0
3.1,0.0,1,400.0,22.0,0,0,0.1001329422,-2,94.0,1,17,-5.24605364197,0.754268642848,5.3,3.0,1,3.75,5.0,400.0
3.1,0.0,1,400.0,22.0,0,2,0.100139856339,1,94.0,1,2,2.86539633251,4.45864372401,5.3,3.0,1,3.75,5.0,400.0
3.1,0.0,1,400.0,22.0,0,0,0.100092172623,-1,94.0,1,6,5.24605364197,-0.754268642848,5.3,3.0,1,3.75,5.0,400.0
3.1,0.0,2,400.0,22.0,0,0,0.100162982941,0,94.0,1,7,4.82104957538,-2.20169956891,5.3,3.0,1,3.75,5.0,400.0
3.1,0.0,1,400.0,22.0,0,0,0.100142002106,-1,94.0,1,4,4.82104957538,2.20169956891,5.3,3.0,1,3.75,5.0,400.0
3.1,0.0,2,400.0,22.0,0,0,0.10017991066,0,94.0,1,16,-5.24605364197,-0.754268642848,5.3,3.0,1,3.75,5.0,400.0
3.1,0.0,1,400.0,22.0,0,1,0.100115060806,0,94.0,2,12,-1.49318255126,-5.08531276016,5.3,3.0,1,3.75,5.0,400.0
3.1,0.0,1,400.0,22.0,0,0,0.10014796257,-2,94.0,1,19,-4.00547274408,3.47076188991,5.3,3.0,1,3.75,5.0,400.0
3.1,0.0,2,400.0,22.0,0,0,0.100176095963,0,94.0,1,17,-5.24605364197,0.754268642848,5.3,3.0,1,3.75,5.0,400.0
3.1,0.0,2,400.0,22.0,0,0,0.10014295578,0,94.0,1,8,4.00547274408,-3.47076188991,5.3,3.0,1,3.75,5.0,400.0
3.1,0.0,1,400.0,22.0,0,0,0.100118875504,1,94.0,1,13,-2.86539633251,-4.45864372401,5.3,3.0,1,3.75,5.0,400.0
3.1,0.0,2,400.0,22.0,0,0,0.100332021713,-2,94.0,1,2,2.86539633251,4.45864372401,5.3,3.0,1,3.75,5.0,400.0
3.1,0.0,1,400.0,22.0,0,-1,0.100082159042,1,94.0,1,10,1.49318255126,-5.08531276016,5.3,3.0,1,3.75,5.0,400.0
3.1,0.0,1,400.0,22.0,0,0,0.101140022278,-2,94.0,1,15,-4.82104957538,-2.20169956891,5.3,3.0,1,3.75,5.0,400.0
3.1,0.0,1,400.0,22.0,0,0,0.0999298095703,1,94.0,1,5,5.24605364197,0.754268642848,5.3,3.0,1,3.75,5.0,400.0
3.1,0.0,1,400.0,22.0,0,1,0.10012793541,1,94.0,2,7,4.82104957538,-2.20169956891,5.3,3.0,1,3.75,5.0,400.0
3.1,0.0,2,400.0,22.0,0,0,0.100145101547,2,94.0,1,21,-1.49318255126,5.08531276016,5.3,3.0,1,3.75,5.0,400.0
3.1,0.0,2,400.0,22.0,0,0,0.10010099411,0,94.0,1,14,-4.00547274408,-3.47076188991,5.3,3.0,1,3.75,5.0,400.0
3.1,0.0,1,400.0,22.0,0,-1,0.10014796257,-1,94.0,1,8,4.00547274408,-3.47076188991,5.3,3.0,1,3.75,5.0,400.0
3.1,0.0,1,400.0,22.0,0,0,0.100100040436,-1,94.0,1,18,-4.82104957538,2.20169956891,5.3,3.0,1,3.75,5.0,400.0
3.1,0.0,2,400.0,22.0,0,0,0.100135087967,-1,94.0,1,9,2.86539633251,-4.45864372401,5.3,3.0,1,3.75,5.0,400.0
3.1,0.0,2,400.0,22.0,0,0,0.100088119507,0,94.0,1,8,4.00547274408,-3.47076188991,5.3,3.0,1,3.75,5.0,400.0
3.1,0.0,1,400.0,22.0,0,1,0.100148916245,1,94.0,2,13,-2.86539633251,-4.45864372401,5.3,3.0,1,3.75,5.0,400.0
3.1,0.0,2,400.0,22.0,0,0,0.100193023682,0,94.0,1,6,5.24605364197,-0.754268642848,5.3,3.0,1,3.75,5.0,400.0
3.1,0.0,1,400.0,22.0,0,0,0.1001060009,-2,94.0,1,15,-4.82104957538,-2.20169956891,5.3,3.0,1,3.75,5.0,400.0
3.1,0.0,1,400.0,22.0,0,0,0.100095033646,-2,94.0,2,20,-2.86539633251,4.45864372401,5.3,3.0,1,3.75,5.0,400.0
3.1,0.0,1,400.0,22.0,0,1,0.10010099411,0,94.0,1,2,2.86539633251,4.45864372401,5.3,3.0,1,3.75,5.0,400.0
3.1,0.0,1,400.0,22.0,0,-1,0.100147008896,2,94.0,2,4,4.82104957538,2.20169956891,5.3,3.0,1,3.75,5.0,400.0
3.1,0.0,2,400.0,22.0,0,-1,0.100123882294,0,94.0,2,17,-5.24605364197,0.754268642848,5.3,3.0,1,3.75,5.0,400.0
3.1,0.0,2,400.0,22.0,0,1,0.100162982941,-1,94.0,2,14,-4.00547274408,-3.47076188991,5.3,3.0,1,3.75,5.0,400.0
3.1,0.0,2,400.0,22.0,0,-2,0.100123167038,-1,94.0,2,20,-2.86539633251,4.45864372401,5.3,3.0,1,3.75,5.0,400.0
3.1,0.0,2,400.0,22.0,0,0,0.100100040436,0,94.0,1,5,5.24605364197,0.754268642848,5.3,3.0,1,3.75,5.0,400.0
3.1,0.0,2,400.0,22.0,0,2,0.100143909454,1,94.0,2,4,4.82104957538,2.20169956891,5.3,3.0,1,3.75,5.0,400.0
3.1,0.0,1,400.0,22.0,0,2,0.100113868713,-1,94.0,1,21,-1.49318255126,5.08531276016,5.3,3.0,1,3.75,5.0,400.0
3.1,0.0,1,400.0,22.0,0,-1,0.100100040436,2,94.0,1,8,4.00547274408,-3.47076188991,5.3,3.0,1,3.75,5.0,400.0
3.1,0.0,1,400.0,22.0,0,-1,0.100076913834,-1,94.0,2,12,-1.49318255126,-5.08531276016,5.3,3.0,1,3.75,5.0,400.0
3.1,0.0,2,400.0,22.0,0,2,0.100082159042,-1,94.0,1,1,1.49318255126,5.08531276016,5.3,3.0,1,3.75,5.0,400.0
3.1,0.0,2,400.0,22.0,0,0,0.100140094757,-2,94.0,1,15,-4.82104957538,-2.20169956891,5.3,3.0,1,3.75,5.0,400.0
3.1,0.0,2,400.0,22.0,0,-1,0.100158929825,0,94.0,1,0,0.0,5.3,5.3,3.0,1,3.75,5.0,400.0
3.1,0.0,1,400.0,22.0,0,0,0.100070953369,-1,94.0,1,14,-4.00547274408,-3.47076188991,5.3,3.0,1,3.75,5.0,400.0
3.1,0.0,2,400.0,22.0,0,-1,0.10004401207,-1,94.0,1,2,2.86539633251,4.45864372401,5.3,3.0,1,3.75,5.0,400.0
3.1,0.0,2,400.0,22.0,0,1,0.100148916245,1,94.0,1,4,4.82104957538,2.20169956891,5.3,3.0,1,3.75,5.0,400.0
3.1,0.0,1,400.0,22.0,0,0,0.100092887878,-1,94.0,1,1,1.49318255126,5.08531276016,5.3,3.0,1,3.75,5.0,400.0
3.1,0.0,2,400.0,22.0,0,-2,0.100156068802,-2,94.0,1,9,2.86539633251,-4.45864372401,5.3,3.0,1,3.75,5.0,400.0
3.1,0.0,2,400.0,22.0,0,1,0.100125074387,1,94.0,1,2,2.86539633251,4.45864372401,5.3,3.0,1,3.75,5.0,400.0
3.1,0.0,1,400.0,22.0,0,1,0.100134849548,1,94.0,1,11,6.49041367526e-16,-5.3,5.3,3.0,1,3.75,5.0,400.0
3.1,0.0,2,400.0,22.0,0,-2,0.100047111511,0,94.0,1,10,1.49318255126,-5.08531276016,5.3,3.0,1,3.75,5.0,400.0
3.1,0.0,2,400.0,22.0,0,1,0.100147008896,2,94.0,1,4,4.82104957538,2.20169956891,5.3,3.0,1,3.75,5.0,400.0
3.1,0.0,1,400.0,22.0,0,1,0.100193977356,-1,94.0,1,15,-4.82104957538,-2.20169956891,5.3,3.0,1,3.75,5.0,400.0
3.1,0.0,1,400.0,22.0,0,1,0.100135087967,1,94.0,1,14,-4.00547274408,-3.47076188991,5.3,3.0,1,3.75,5.0,400.0
3.1,0.0,2,400.0,22.0,0,-1,0.100087881088,-2,94.0,1,0,0.0,5.3,5.3,3.0,1,3.75,5.0,400.0
3.1,0.0,2,400.0,22.0,0,-1,0.100070953369,-1,94.0,1,19,-4.00547274408,3.47076188991,5.3,3.0,1,3.75,5.0,400.0
3.1,0.0,2,400.0,22.0,0,1,0.100116968155,1,94.0,1,1,1.49318255126,5.08531276016,5.3,3.0,1,3.75,5.0,400.0
3.1,0.0,2,400.0,22.0,0,1,0.100201129913,2,94.0,2,1,1.49318255126,5.08531276016,5.3,3.0,1,3.75,5.0,400.0
3.1,0.0,1,400.0,22.0,0,0,0.100149869919,-2,94.0,1,17,-5.24605364197,0.754268642848,5.3,3.0,1,3.75,5.0,400.0
3.1,0.0,1,400.0,22.0,0,1,0.100124120712,-1,94.0,2,6,5.24605364197,-0.754268642848,5.3,3.0,1,3.75,5.0,400.0
3.1,0.0,1,400.0,22.0,0,-1,0.100119113922,1,94.0,2,15,-4.82104957538,-2.20169956891,5.3,3.0,1,3.75,5.0,400.0
3.1,0.0,2,400.0,22.0,0,1,0.100063085556,-1,94.0,1,6,5.24605364197,-0.754268642848,5.3,3.0,1,3.75,5.0,400.0
3.1,0.0,1,400.0,22.0,0,-2,0.100126028061,1,94.0,1,4,4.82104957538,2.20169956891,5.3,3.0,1,3.75,5.0,400.0
3.1,0.0,1,400.0,22.0,0,0,0.100115060806,-1,94.0,1,21,-1.49318255126,5.08531276016,5.3,3.0,1,3.75,5.0,400.0
3.1,0.0,1,400.0,22.0,0,2,0.100130081177,2,94.0,2,12,-1.49318255126,-5.08531276016,5.3,3.0,1,3.75,5.0,400.0
3.1,0.0,1,400.0,22.0,0,0,0.0997030735016,1,94.0,1,12,-1.49318255126,-5.08531276016,5.3,3.0,1,3.75,5.0,400.0
3.1,0.0,1,400.0,22.0,0,-1,0.10013794899,0,94.0,2,2,2.86539633251,4.45864372401,5.3,3.0,1,3.75,5.0,400.0
3.1,0.0,1,400.0,22.0,0,-2,0.100093126297,0,94.0,1,12,-1.49318255126,-5.08531276016,5.3,3.0,1,3.75,5.0,400.0
3.1,0.0,2,400.0,22.0,0,1,0.100171089172,0,94.0,1,5,5.24605364197,0.754268642848,5.3,3.0,1,3.75,5.0,400.0
3.1,0.0,1,400.0,22.0,0,-1,0.10014796257,-2,94.0,1,21,-1.49318255126,5.08531276016,5.3,3.0,1,3.75,5.0,400.0
3.1,0.0,1,400.0,22.0,0,1,0.100153923035,0,94.0,1,5,5.24605364197,0.754268642848,5.3,3.0,1,3.75,5.0,400.0
3.1,0.0,1,400.0,22.0,0,-1,0.100472211838,0,94.0,1,12,-1.49318255126,-5.08531276016,5.3,3.0,1,3.75,5.0,400.0
3.1,0.0,2,400.0,22.0,0,0,0.100019931793,0,94.0,1,16,-5.24605364197,-0.754268642848,5.3,3.0,1,3.75,5.0,400.0
3.1,0.0,1,400.0,22.0,0,0,0.100060939789,-1,94.0,1,16,-5.24605364197,-0.754268642848,5.3,3.0,1,3.75,5.0,400.0
3.1,0.0,1,400.0,22.0,0,0,0.100116968155,1,94.0,1,3,4.00547274408,3.47076188991,5.3,3.0,1,3.75,5.0,400.0
3.1,0.0,2,400.0,22.0,0,0,0.10009598732,1,94.0,1,12,-1.49318255126,-5.08531276016,5.3,3.0,1,3.75,5.0,400.0
3.1,0.0,2,400.0,22.0,0,0,0.100072145462,0,94.0,1,15,-4.82104957538,-2.20169956891,5.3,3.0,1,3.75,5.0,400.0
3.1,0.0,2,400.0,22.0,0,0,0.100090026855,0,94.0,1,17,-5.24605364197,0.754268642848,5.3,3.0,1,3.75,5.0,400.0
3.1,0.0,2,400.0,22.0,0,0,0.100131988525,1,94.0,1,20,-2.86539633251,4.45864372401,5.3,3.0,1,3.75,5.0,400.0
3.1,0.0,2,400.0,22.0,0,-1,0.100138902664,1,94.0,1,1,1.49318255126,5.08531276016,5.3,3.0,1,3.75,5.0,400.0
3.1,0.0,2,400.0,22.0,0,2,0.1001060009,1,94.0,1,2,2.86539633251,4.45864372401,5.3,3.0,1,3.75,5.0,400.0
3.1,0.0,2,400.0,22.0,0,0,0.100087881088,-1,94.0,1,18,-4.82104957538,2.20169956891,5.3,3.0,1,3.75,5.0,400.0
3.1,0.0,2,400.0,22.0,0,0,0.100090026855,-1,94.0,1,15,-4.82104957538,-2.20169956891,5.3,3.0,1,3.75,5.0,400.0
3.1,0.0,1,400.0,22.0,0,0,0.100100040436,-1,94.0,1,0,0.0,5.3,5.3,3.0,1,3.75,5.0,400.0
3.1,0.0,2,400.0,22.0,0,1,0.100101947784,0,94.0,1,4,4.82104957538,2.20169956891,5.3,3.0,1,3.75,5.0,400.0
3.1,0.0,2,400.0,22.0,0,-1,0.10009098053,0,94.0,2,17,-5.24605364197,0.754268642848,5.3,3.0,1,3.75,5.0,400.0
3.1,0.0,2,400.0,22.0,0,-1,0.100167036057,-2,94.0,1,12,-1.49318255126,-5.08531276016,5.3,3.0,1,3.75,5.0,400.0
3.1,0.0,1,400.0,22.0,0,1,0.100339174271,1,94.0,2,11,6.49041367526e-16,-5.3,5.3,3.0,1,3.75,5.0,400.0
3.1,0.0,2,400.0,22.0,0,2,0.100177764893,2,94.0,2,2,2.86539633251,4.45864372401,5.3,3.0,1,3.75,5.0,400.0
3.1,0.0,1,400.0,22.0,0,1,0.100126981735,-1,94.0,2,7,4.82104957538,-2.20169956891,5.3,3.0,1,3.75,5.0,400.0
3.1,0.0,1,400.0,22.0,0,1,0.100113153458,-2,94.0,2,20,-2.86539633251,4.45864372401,5.3,3.0,1,3.75,5.0,400.0
3.1,0.0,2,400.0,22.0,0,-2,0.100035905838,1,94.0,2,13,-2.86539633251,-4.45864372401,5.3,3.0,1,3.75,5.0,400.0
3.1,0.0,2,400.0,22.0,0,2,0.100110054016,1,94.0,2,14,-4.00547274408,-3.47076188991,5.3,3.0,1,3.75,5.0,400.0
3.1,0.0,2,400.0,22.0,0,0,0.100098848343,-1,94.0,1,8,4.00547274408,-3.47076188991,5.3,3.0,1,3.75,5.0,400.0
3.1,0.0,2,400.0,22.0,0,0,0.100118875504,0,94.0,1,7,4.82104957538,-2.20169956891,5.3,3.0,1,3.75,5.0,400.0
3.1,0.0,2,400.0,22.0,0,0,0.10018992424,0,94.0,1,6,5.24605364197,-0.754268642848,5.3,3.0,1,3.75,5.0,400.0
3.1,0.0,2,400.0,22.0,0,-1,0.1001060009,-1,94.0,1,19,-4.00547274408,3.47076188991,5.3,3.0,1,3.75,5.0,400.0
3.1,0.0,2,400.0,22.0,0,0,0.100122928619,-1,94.0,1,18,-4.82104957538,2.20169956891,5.3,3.0,1,3.75,5.0,400.0
3.1,0.0,2,400.0,22.0,0,0,0.100148916245,-2,94.0,1,4,4.82104957538,2.20169956891,5.3,3.0,1,3.75,5.0,400.0
3.1,0.0,2,400.0,22.0,0,1,0.100157976151,-1,94.0,2,3,4.00547274408,3.47076188991,5.3,3.0,1,3.75,5.0,400.0
3.1,0.0,2,400.0,22.0,0,0,0.100142002106,1,94.0,1,6,5.24605364197,-0.754268642848,5.3,3.0,1,3.75,5.0,400.0
3.1,0.0,1,400.0,22.0,0,1,0.100107908249,2,94.0,1,3,4.00547274408,3.47076188991,5.3,3.0,1,3.75,5.0,400.0
3.1,0.0,2,400.0,22.0,0,1,0.100087165833,-2,94.0,1,20,-2.86539633251,4.45864372401,5.3,3.0,1,3.75,5.0,400.0
3.1,0.0,2,400.0,22.0,0,-1,0.100077152252,-1,94.0,1,19,-4.00547274408,3.47076188991,5.3,3.0,1,3.75,5.0,400.0
3.1,0.0,2,400.0,22.0,0,-1,0.100145816803,-2,94.0,1,0,0.0,5.3,5.3,3.0,1,3.75,5.0,400.0
3.1,0.0,2,400.0,22.0,0,1,0.100157976151,1,94.0,1,9,2.86539633251,-4.45864372401,5.3,3.0,1,3.75,5.0,400.0
3.1,0.0,1,400.0,22.0,0,0,0.100119829178,1,94.0,1,8,4.00547274408,-3.47076188991,5.3,3.0,1,3.75,5.0,400.0
3.1,0.0,1,400.0,22.0,0,0,0.10004901886,-1,94.0,1,6,5.24605364197,-0.754268642848,5.3,3.0,1,3.75,5.0,400.0
3.1,0.0,2,400.0,22.0,0,0,0.100176095963,2,94.0,1,2,2.86539633251,4.45864372401,5.3,3.0,1,3.75,5.0,400.0
3.1,0.0,2,400.0,22.0,0,2,0.100094079971,0,94.0,2,9,2.86539633251,-4.45864372401,5.3,3.0,1,3.75,5.0,400.0
3.1,0.0,1,400.0,22.0,0,0,0.100102901459,-1,94.0,1,20,-2.86539633251,4.45864372401,5.3,3.0,1,3.75,5.0,400.0
3.1,0.0,1,400.0,22.0,0,-1,0.100064992905,-2,94.0,1,10,1.49318255126,-5.08531276016,5.3,3.0,1,3.75,5.0,400.0
3.1,0.0,1,400.0,22.0,0,0,0.100079059601,1,94.0,1,0,0.0,5.3,5.3,3.0,1,3.75,5.0,400.0
3.1,0.0,2,400.0,22.0,0,-1,0.100059986115,-1,94.0,1,19,-4.00547274408,3.47076188991,5.3,3.0,1,3.75,5.0,400.0
3.1,0.0,2,400.0,22.0,0,0,0.100082159042,-2,94.0,1,17,-5.24605364197,0.754268642848,5.3,3.0,1,3.75,5.0,400.0
3.1,0.0,1,400.0,22.0,0,0,0.100114107132,-1,94.0,2,11,6.49041367526e-16,-5.3,5.3,3.0,1,3.75,5.0,400.0
3.1,0.0,2,400.0,22.0,0,-1,0.100170850754,-1,94.0,1,11,6.49041367526e-16,-5.3,5.3,3.0,1,3.75,5.0,400.0
3.1,0.0,1,400.0,22.0,0,2,0.100147008896,0,94.0,1,3,4.00547274408,3.47076188991,5.3,3.0,1,3.75,5.0,400.0
3.1,0.0,1,400.0,22.0,0,0,0.100060939789,-1,94.0,1,7,4.82104957538,-2.20169956891,5.3,3.0,1,3.75,5.0,400.0
3.1,0.0,2,400.0,22.0,0,0,0.100120067596,-2,94.0,1,0,0.0,5.3,5.3,3.0,1,3.75,5.0,400.0
3.1,0.0,1,400.0,22.0,0,1,0.100102901459,0,94.0,1,4,4.82104957538,2.20169956891,5.3,3.0,1,3.75,5.0,400.0
3.1,0.0,2,400.0,22.0,0,-1,0.100071907043,-2,94.0,1,20,-2.86539633251,4.45864372401,5.3,3.0,1,3.75,5.0,400.0
3.1,0.0,1,400.0,22.0,0,1,0.100131034851,-1,94.0,1,7,4.82104957538,-2.20169956891,5.3,3.0,1,3.75,5.0,400.0
3.1,0.0,1,400.0,22.0,0,1,0.100133180618,-1,94.0,1,9,2.86539633251,-4.45864372401,5.3,3.0,1,3.75,5.0,400.0
3.1,0.0,1,400.0,22.0,0,0,0.100049972534,0,94.0,2,0,0.0,5.3,5.3,3.0,1,3.75,5.0,400.0
3.1,0.0,1,400.0,22.0,0,1,0.100162982941,-2,94.0,1,3,4.00547274408,3.47076188991,5.3,3.0,1,3.75,5.0,400.0
3.1,0.0,2,400.0,22.0,0,0,0.100155830383,0,94.0,1,0,0.0,5.3,5.3,3.0,1,3.75,5.0,400.0
3.1,0.0,2,400.0,22.0,0,0,0.100126981735,1,94.0,1,1,1.49318255126,5.08531276016,5.3,3.0,1,3.75,5.0,400.0
3.1,0.0,2,400.0,22.0,0,-1,0.100092887878,2,94.0,1,19,-4.00547274408,3.47076188991,5.3,3.0,1,3.75,5.0,400.0
3.1,0.0,1,400.0,22.0,0,0,0.100170135498,1,94.0,2,7,4.82104957538,-2.20169956891,5.3,3.0,1,3.75,5.0,400.0
3.1,0.0,1,400.0,22.0,0,0,0.100082874298,-1,94.0,1,11,6.49041367526e-16,-5.3,5.3,3.0,1,3.75,5.0,400.0
3.1,0.0,1,400.0,22.0,0,-2,0.100126028061,2,94.0,1,2,2.86539633251,4.45864372401,5.3,3.0,1,3.75,5.0,400.0
3.1,0.0,2,400.0,22.0,0,1,0.10018491745,0,94.0,1,1,1.49318255126,5.08531276016,5.3,3.0,1,3.75,5.0,400.0
3.1,0.0,1,400.0,22.0,0,-1,0.100092887878,-1,94.0,2,12,-1.49318255126,-5.08531276016,5.3,3.0,1,3.75,5.0,400.0
3.1,0.0,2,400.0,22.0,0,1,0.100121974945,2,94.0,2,8,4.00547274408,-3.47076188991,5.3,3.0,1,3.75,5.0,400.0
3.1,0.0,2,400.0,22.0,0,-1,0.100098848343,0,94.0,1,9,2.86539633251,-4.45864372401,5.3,3.0,1,3.75,5.0,400.0
3.1,0.0,2,400.0,22.0,0,-2,0.100075960159,-1,94.0,2,1,1.49318255126,5.08531276016,5.3,3.0,1,3.75,5.0,400.0
3.1,0.0,2,400.0,22.0,0,0,0.10014796257,0,94.0,1,9,2.86539633251,-4.45864372401,5.3,3.0,1,3.75,5.0,400.0
3.1,0.0,2,400.0,22.0,0,2,0.100118875504,-2,94.0,2,10,1.49318255126,-5.08531276016,5.3,3.0,1,3.75,5.0,400.0
3.1,0.0,2,400.0,22.0,0,0,0.100077867508,0,94.0,1,7,4.82104957538,-2.20169956891,5.3,3.0,1,3.75,5.0,400.0
3.1,0.0,1,400.0,22.0,0,-2,0.100105047226,0,94.0,1,10,1.49318255126,-5.08531276016,5.3,3.0,1,3.75,5.0,400.0
3.1,0.0,2,400.0,22.0,0,-1,0.100092887878,-2,94.0,1,19,-4.00547274408,3.47076188991,5.3,3.0,1,3.75,5.0,400.0
3.1,0.0,2,400.0,22.0,0,1,0.100183963776,1,94.0,1,3,4.00547274408,3.47076188991,5.3,3.0,1,3.75,5.0,400.0
3.1,0.0,1,400.0,22.0,0,2,0.100074052811,1,94.0,1,21,-1.49318255126,5.08531276016,5.3,3.0,1,3.75,5.0,400.0
3.1,0.0,2,400.0,22.0,0,1,0.100126981735,0,94.0,1,17,-5.24605364197,0.754268642848,5.3,3.0,1,3.75,5.0,400.0
3.1,0.0,1,400.0,22.0,0,1,0.100121021271,-1,94.0,1,12,-1.49318255126,-5.08531276016,5.3,3.0,1,3.75,5.0,400.0
3.1,0.0,2,400.0,22.0,0,-2,0.100113153458,-1,94.0,1,19,-4.00547274408,3.47076188991,5.3,3.0,1,3.75,5.0,400.0
3.1,0.0,2,400.0,22.0,0,0,0.100131988525,0,94.0,1,0,0.0,5.3,5.3,3.0,1,3.75,5.0,400.0
3.1,0.0,2,400.0,22.0,0,1,0.100152015686,1,94.0,1,3,4.00547274408,3.47076188991,5.3,3.0,1,3.75,5.0,400.0
3.1,0.0,2,400.0,22.0,0,1,0.100111961365,-2,94.0,1,13,-2.86539633251,-4.45864372401,5.3,3.0,1,3.75,5.0,400.0
3.1,0.0,2,400.0,22.0,0,0,0.100099086761,2,94.0,1,17,-5.24605364197,0.754268642848,5.3,3.0,1,3.75,5.0,400.0
3.1,0.0,2,400.0,22.0,0,1,0.100148916245,1,94.0,1,15,-4.82104957538,-2.20169956891,5.3,3.0,1,3.75,5.0,400.0
3.1,0.0,2,400.0,22.0,0,-1,0.100124120712,0,94.0,1,8,4.00547274408,-3.47076188991,5.3,3.0,1,3.75,5.0,400.0
3.1,0.0,2,400.0,22.0,0,0,0.100141048431,0,94.0,1,18,-4.82104957538,2.20169956891,5.3,3.0,1,3.75,5.0,400.0
3.1,0.0,2,400.0,22.0,0,1,0.100139141083,0,94.0,1,0,0.0,5.3,5.3,3.0,1,3.75,5.0,400.0
3.1,0.0,1,400.0,22.0,0,-2,0.100099086761,1,94.0,1,9,2.86539633251,-4.45864372401,5.3,3.0,1,3.75,5.0,400.0
3.1,0.0,1,400.0,22.0,0,1,0.100170135498,-1,94.0,1,6,5.24605364197,-0.754268642848,5.3,3.0,1,3.75,5.0,400.0
3.1,0.0,2,400.0,22.0,0,-1,0.100120067596,-2,94.0,2,10,1.49318255126,-5.08531276016,5.3,3.0,1,3.75,5.0,400.0
3.1,0.0,1,400.0,22.0,0,0,0.100063085556,1,94.0,1,4,4.82104957538,2.20169956891,5.3,3.0,1,3.75,5.0,400.0
3.1,0.0,1,400.0,22.0,0,0,0.100129127502,0,94.0,2,19,-4.00547274408,3.47076188991,5.3,3.0,1,3.75,5.0,400.0
3.1,0.0,2,400.0,22.0,0,0,0.100105047226,0,94.0,1,1,1.49318255126,5.08531276016,5.3,3.0,1,3.75,5.0,400.0
3.1,0.0,1,400.0,22.0,0,0,0.100145101547,-1,94.0,1,6,5.24605364197,-0.754268642848,5.3,3.0,1,3.75,5.0,400.0
3.1,0.0,1,400.0,22.0,0,2,0.100117921829,-1,94.0,2,14,-4.00547274408,-3.47076188991,5.3,3.0,1,3.75,5.0,400.0
3.1,0.0,2,400.0,22.0,0,-1,0.10005402565,2,94.0,2,14,-4.00547274408,-3.47076188991,5.3,3.0,1,3.75,5.0,400.0
3.1,0.0,2,400.0,22.0,0,0,0.100064992905,1,94.0,1,15,-4.82104957538,-2.20169956891,5.3,3.0,1,3.75,5.0,400.0
3.1,0.0,2,400.0,22.0,0,0,0.100134134293,-1,94.0,1,5,5.24605364197,0.754268642848,5.3,3.0,1,3.75,5.0,400.0
3.1,0.0,1,400.0,22.0,0,-1,0.100082874298,1,94.0,2,18,-4.82104957538,2.20169956891,5.3,3.0,1,3.75,5.0,400.0
3.1,0.0,1,400.0,22.0,0,0,0.100136995316,1,94.0,1,13,-2.86539633251,-4.45864372401,5.3,3.0,1,3.75,5.0,400.0
3.1,0.0,2,400.0,22.0,0,-1,0.100295066833,1,94.0,1,5,5.24605364197,0.754268642848,5.3,3.0,1,3.75,5.0,400.0
3.1,0.0,2,400.0,22.0,0,0,0.100165128708,1,94.0,1,13,-2.86539633251,-4.45864372401,5.3,3.0,1,3.75,5.0,400.0
3.1,0.0,2,400.0,22.0,0,0,0.100096940994,0,94.0,1,2,2.86539633251,4.45864372401,5.3,3.0,1,3.75,5.0,400.0
3.1,0.0,2,400.0,22.0,0,1,0.100183010101,2,94.0,2,14,-4.00547274408,-3.47076188991,5.3,3.0,1,3.75,5.0,400.0
3.1,0.0,2,400.0,22.0,0,1,0.100289106369,1,94.0,1,4,4.82104957538,2.20169956891,5.3,3.0,1,3.75,5.0,400.0
3.1,0.0,2,400.0,22.0,0,1,0.100142002106,-2,94.0,2,21,-1.49318255126,5.08531276016,5.3,3.0,1,3.75,5.0,400.0
3.1,0.0,1,400.0,22.0,0,1,0.100150108337,-1,94.0,1,17,-5.24605364197,0.754268642848,5.3,3.0,1,3.75,5.0,400.0
3.1,0.0,2,400.0,22.0,0,1,0.100131988525,1,94.0,1,11,6.49041367526e-16,-5.3,5.3,3.0,1,3.75,5.0,400.0
3.1,0.0,1,400.0,22.0,0,-1,0.10010099411,-1,94.0,2,19,-4.00547274408,3.47076188991,5.3,3.0,1,3.75,5.0,400.0
3.1,0.0,2,400.0,22.0,0,0,0.100050926208,0,94.0,1,16,-5.24605364197,-0.754268642848,5.3,3.0,1,3.75,5.0,400.0
3.1,0.0,1,400.0,22.0,0,0,0.100109100342,1,94.0,1,5,5.24605364197,0.754268642848,5.3,3.0,1,3.75,5.0,400.0
3.1,0.0,2,400.0,22.0,0,0,0.100116014481,-2,94.0,2,8,4.00547274408,-3.47076188991,5.3,3.0,1,3.75,5.0,400.0
3.1,0.0,1,400.0,22.0,0,0,0.0999329090118,-1,94.0,1,3,4.00547274408,3.47076188991,5.3,3.0,1,3.75,5.0,400.0
3.1,0.0,2,400.0,22.0,0,0,0.100214004517,0,94.0,1,7,4.82104957538,-2.20169956891,5.3,3.0,1,3.75,5.0,400.0
3.1,0.0,1,400.0,22.0,0,0,0.100390195847,2,94.0,1,17,-5.24605364197,0.754268642848,5.3,3.0,1,3.75,5.0,400.0
3.1,0.0,2,400.0,22.0,0,-1,0.100094079971,1,94.0,2,19,-4.00547274408,3.47076188991,5.3,3.0,1,3.75,5.0,400.0
3.1,0.0,1,400.0,22.0,0,-1,0.10010099411,1,94.0,1,9,2.86539633251,-4.45864372401,5.3,3.0,1,3.75,5.0,400.0
3.1,0.0,2,400.0,22.0,0,0,0.100147008896,0,94.0,1,6,5.24605364197,-0.754268642848,5.3,3.0,1,3.75,5.0,400.0
3.1,0.0,1,400.0,22.0,0,-2,0.100043058395,0,94.0,1,20,-2.86539633251,4.45864372401,5.3,3.0,1,3.75,5.0,400.0
3.1,0.0,1,400.0,22.0,0,-1,0.100093126297,1,94.0,1,11,6.49041367526e-16,-5.3,5.3,3.0,1,3.75,5.0,400.0
3.1,0.0,2,400.0,22.0,0,-1,0.100064992905,2,94.0,2,13,-2.86539633251,-4.45864372401,5.3,3.0,1,3.75,5.0,400.0
3.1,0.0,2,400.0,22.0,0,0,0.100148916245,-1,94.0,1,12,-1.49318255126,-5.08531276016,5.3,3.0,1,3.75,5.0,400.0
3.1,0.0,2,400.0,22.0,0,0,0.100141048431,-1,94.0,2,18,-4.82104957538,2.20169956891,5.3,3.0,1,3.75,5.0,400.0
3.1,0.0,2,400.0,22.0,0,-1,0.100107192993,-1,94.0,1,21,-1.49318255126,5.08531276016,5.3,3.0,1,3.75,5.0,400.0
3.1,0.0,2,400.0,22.0,0,1,0.100131988525,2,94.0,1,5,5.24605364197,0.754268642848,5.3,3.0,1,3.75,5.0,400.0
3.1,0.0,1,400.0,22.0,0,-1,0.100119829178,0,94.0,2,12,-1.49318255126,-5.08531276016,5.3,3.0,1,3.75,5.0,400.0
3.1,0.0,2,400.0,22.0,0,0,0.10006403923,0,94.0,1,6,5.24605364197,-0.754268642848,5.3,3.0,1,3.75,5.0,400.0
3.1,0.0,1,400.0,22.0,0,-1,0.100182056427,-1,94.0,1,16,-5.24605364197,-0.754268642848,5.3,3.0,1,3.75,5.0,400.0
3.1,0.0,2,400.0,22.0,0,0,0.100117921829,2,94.0,1,21,-1.49318255126,5.08531276016,5.3,3.0,1,3.75,5.0,400.0
3.1,0.0,1,400.0,22.0,0,0,0.100306987762,2,94.0,1,8,4.00547274408,-3.47076188991,5.3,3.0,1,3.75,5.0,400.0
3.1,0.0,2,400.0,22.0,0,-2,0.100109100342,0,94.0,1,7,4.82104957538,-2.20169956891,5.3,3.0,1,3.75,5.0,400.0
3.1,0.0,2,400.0,22.0,0,1,0.100124120712,-2,94.0,1,19,-4.00547274408,3.47076188991,5.3,3.0,1,3.75,5.0,400.0
3.1,0.0,2,400.0,22.0,0,-1,0.100100040436,2,94.0,1,0,0.0,5.3,5.3,3.0,1,3.75,5.0,400.0
3.1,0.0,2,400.0,22.0,0,0,0.100135087967,0,94.0,1,17,-5.24605364197,0.754268642848,5.3,3.0,1,3.75,5.0,400.0
3.1,0.0,2,400.0,22.0,0,1,0.100121021271,0,94.0,1,7,4.82104957538,-2.20169956891,5.3,3.0,1,3.75,5.0,400.0
3.1,0.0,2,400.0,22.0,0,0,0.10009598732,1,94.0,1,16,-5.24605364197,-0.754268642848,5.3,3.0,1,3.75,5.0,400.0
3.1,0.0,2,400.0,22.0,0,1,0.100114107132,1,94.0,1,10,1.49318255126,-5.08531276016,5.3,3.0,1,3.75,5.0,400.0
3.1,0.0,2,400.0,22.0,0,1,0.100138902664,1,94.0,1,4,4.82104957538,2.20169956891,5.3,3.0,1,3.75,5.0,400.0
3.1,0.0,1,400.0,22.0,0,2,0.100107908249,-2,94.0,2,11,6.49041367526e-16,-5.3,5.3,3.0,1,3.75,5.0,400.0
3.1,0.0,2,400.0,22.0,0,0,0.100100040436,0,94.0,1,9,2.86539633251,-4.45864372401,5.3,3.0,1,3.75,5.0,400.0
3.1,0.0,2,400.0,22.0,0,0,0.100119113922,0,94.0,1,11,6.49041367526e-16,-5.3,5.3,3.0,1,3.75,5.0,400.0
3.1,0.0,1,400.0,22.0,0,-1,0.100140094757,0,94.0,2,3,4.00547274408,3.47076188991,5.3,3.0,1,3.75,5.0,400.0
3.1,0.0,2,400.0,22.0,0,1,0.100121974945,1,94.0,1,4,4.82104957538,2.20169956891,5.3,3.0,1,3.75,5.0,400.0
3.1,0.0,2,400.0,22.0,0,-2,0.100175857544,1,94.0,1,13,-2.86539633251,-4.45864372401,5.3,3.0,1,3.75,5.0,400.0
3.1,0.0,1,400.0,22.0,0,-1,0.100131988525,-2,94.0,1,18,-4.82104957538,2.20169956891,5.3,3.0,1,3.75,5.0,400.0
3.1,0.0,2,400.0,22.0,0,0,0.100116014481,0,94.0,1,16,-5.24605364197,-0.754268642848,5.3,3.0,1,3.75,5.0,400.0
3.1,0.0,2,400.0,22.0,0,-2,0.100471973419,1,94.0,1,4,4.82104957538,2.20169956891,5.3,3.0,1,3.75,5.0,400.0
3.1,0.0,2,400.0,22.0,0,0,0.100089073181,-1,94.0,1,17,-5.24605364197,0.754268642848,5.3,3.0,1,3.75,5.0,400.0
3.1,0.0,1,400.0,22.0,0,0,0.100147008896,2,94.0,2,5,5.24605364197,0.754268642848,5.3,3.0,1,3.75,5.0,400.0
3.1,0.0,2,400.0,22.0,0,-2,0.100416898727,-2,94.0,1,21,-1.49318255126,5.08531276016,5.3,3.0,1,3.75,5.0,400.0
3.1,0.0,2,400.0,22.0,0,0,0.100139856339,0,94.0,1,16,-5.24605364197,-0.754268642848,5.3,3.0,1,3.75,5.0,400.0
3.1,0.0,2,400.0,22.0,0,0,0.100088119507,2,94.0,1,9,2.86539633251,-4.45864372401,5.3,3.0,1,3.75,5.0,400.0
3.1,0.0,2,400.0,22.0,0,0,0.100131988525,-1,94.0,1,10,1.49318255126,-5.08531276016,5.3,3.0,1,3.75,5.0,400.0
3.1,0.0,1,400.0,22.0,0,0,0.100089073181,0,94.0,2,21,-1.49318255126,5.08531276016,5.3,3.0,1,3.75,5.0,400.0
3.1,0.0,1,400.0,22.0,0,2,0.100117206573,-2,94.0,1,4,4.82104957538,2.20169956891,5.3,3.0,1,3.75,5.0,400.0
3.1,0.0,2,400.0,22.0,0,-1,0.10014796257,0,94.0,1,20,-2.86539633251,4.45864372401,5.3,3.0,1,3.75,5.0,400.0
3.1,0.0,1,400.0,22.0,0,-1,0.100101947784,-2,94.0,2,9,2.86539633251,-4.45864372401,5.3,3.0,1,3.75,5.0,400.0
3.1,0.0,2,400.0,22.0,0,-1,0.100101947784,0,94.0,2,20,-2.86539633251,4.45864372401,5.3,3.0,1,3.75,5.0,400.0
3.1,0.0,1,400.0,22.0,0,1,0.100136041641,1,94.0,2,8,4.00547274408,-3.47076188991,5.3,3.0,1,3.75,5.0,400.0
3.1,0.0,2,400.0,22.0,0,1,0.100244045258,0,94.0,2,0,0.0,5.3,5.3,3.0,1,3.75,5.0,400.0
3.1,0.0,1,400.0,22.0,0,2,0.100166082382,2,94.0,1,14,-4.00547274408,-3.47076188991,5.3,3.0,1,3.75,5.0,400.0
3.1,0.0,1,400.0,22.0,0,0,0.100155830383,1,94.0,2,9,2.86539633251,-4.45864372401,5.3,3.0,1,3.75,5.0,400.0
3.1,0.0,1,400.0,22.0,0,-1,0.100041151047,2,94.0,2,13,-2.86539633251,-4.45864372401,5.3,3.0,1,3.75,5.0,400.0
3.1,0.0,2,400.0,22.0,0,1,0.100121974945,1,94.0,1,5,5.24605364197,0.754268642848,5.3,3.0,1,3.75,5.0,400.0
3.1,0.0,2,400.0,22.0,0,0,0.100131034851,0,94.0,1,7,4.82104957538,-2.20169956891,5.3,3.0,1,3.75,5.0,400.0
3.1,0.0,2,400.0,22.0,0,0,0.100168943405,-1,94.0,1,16,-5.24605364197,-0.754268642848,5.3,3.0,1,3.75,5.0,400.0
3.1,0.0,2,400.0,22.0,0,0,0.100167036057,-1,94.0,1,18,-4.82104957538,2.20169956891,5.3,3.0,1,3.75,5.0,400.0
3.1,0.0,1,400.0,22.0,0,0,0.100131988525,-2,94.0,1,0,0.0,5.3,5.3,3.0,1,3.75,5.0,400.0
3.1,0.0,2,400.0,22.0,0,1,0.100134134293,-2,94.0,1,1,1.49318255126,5.08531276016,5.3,3.0,1,3.75,5.0,400.0
3.1,0.0,2,400.0,22.0,0,0,0.100102901459,2,94.0,1,1,1.49318255126,5.08531276016,5.3,3.0,1,3.75,5.0,400.0
3.1,0.0,1,400.0,22.0,0,0,0.100120067596,2,94.0,1,17,-5.24605364197,0.754268642848,5.3,3.0,1,3.75,5.0,400.0
3.1,0.0,2,400.0,22.0,0,2,0.10010099411,0,94.0,2,5,5.24605364197,0.754268642848,5.3,3.0,1,3.75,5.0,400.0
3.1,0.0,1,400.0,22.0,0,-1,0.100106954575,1,94.0,1,1,1.49318255126,5.08531276016,5.3,3.0,1,3.75,5.0,400.0
3.1,0.0,2,400.0,22.0,0,1,0.100091934204,0,94.0,1,11,6.49041367526e-16,-5.3,5.3,3.0,1,3.75,5.0,400.0
3.1,0.0,2,400.0,22.0,0,1,0.100108861923,-2,94.0,1,13,-2.86539633251,-4.45864372401,5.3,3.0,1,3.75,5.0,400.0
3.1,0.0,1,400.0,22.0,0,2,0.1001060009,0,94.0,2,16,-5.24605364197,-0.754268642848,5.3,3.0,1,3.75,5.0,400.0
3.1,0.0,2,400.0,22.0,0,0,0.100138902664,0,94.0,1,18,-4.82104957538,2.20169956891,5.3,3.0,1,3.75,5.0,400.0
3.1,0.0,2,400.0,22.0,0,0,0.100096940994,-1,94.0,1,0,0.0,5.3,5.3,3.0,1,3.75,5.0,400.0
3.1,0.0,2,400.0,22.0,0,1,0.100120782852,1,94.0,1,15,-4.82104957538,-2.20169956891,5.3,3.0,1,3.75,5.0,400.0
3.1,0.0,2,400.0,22.0,0,-1,0.100098133087,2,94.0,1,8,4.00547274408,-3.47076188991,5.3,3.0,1,3.75,5.0,400.0
3.1,0.0,2,400.0,22.0,0,2,0.100159883499,1,94.0,2,1,1.49318255126,5.08531276016,5.3,3.0,1,3.75,5.0,400.0
3.1,0.0,2,400.0,22.0,0,-1,0.100144147873,-2,94.0,2,8,4.00547274408,-3.47076188991,5.3,3.0,1,3.75,5.0,400.0
3.1,0.0,1,400.0,22.0,0,0,0.100112915039,-1,94.0,1,7,4.82104957538,-2.20169956891,5.3,3.0,1,3.75,5.0,400.0
3.1,0.0,1,400.0,22.0,0,1,0.100096940994,0,94.0,1,11,6.49041367526e-16,-5.3,5.3,3.0,1,3.75,5.0,400.0
3.1,0.0,2,400.0,22.0,0,-1,0.100052118301,1,94.0,1,8,4.00547274408,-3.47076188991,5.3,3.0,1,3.75,5.0,400.0
3.1,0.0,1,400.0,22.0,0,2,0.100145816803,-1,94.0,2,12,-1.49318255126,-5.08531276016,5.3,3.0,1,3.75,5.0,400.0
3.1,0.0,1,400.0,22.0,0,0,0.100145816803,0,94.0,2,10,1.49318255126,-5.08531276016,5.3,3.0,1,3.75,5.0,400.0
3.1,0.0,1,400.0,22.0,0,0,0.100124835968,0,94.0,2,19,-4.00547274408,3.47076188991,5.3,3.0,1,3.75,5.0,400.0
3.1,0.0,1,400.0,22.0,0,0,0.100120067596,2,94.0,1,11,6.49041367526e-16,-5.3,5.3,3.0,1,3.75,5.0,400.0
3.1,0.0,2,400.0,22.0,0,-1,0.100121974945,0,94.0,1,21,-1.49318255126,5.08531276016,5.3,3.0,1,3.75,5.0,400.0
3.1,0.0,1,400.0,22.0,0,0,0.100149869919,-2,94.0,1,8,4.00547274408,-3.47076188991,5.3,3.0,1,3.75,5.0,400.0
3.1,0.0,1,400.0,22.0,0,1,0.100116968155,1,94.0,1,11,6.49041367526e-16,-5.3,5.3,3.0,1,3.75,5.0,400.0
3.1,0.0,1,400.0,22.0,0,0,0.10005903244,1,94.0,1,12,-1.49318255126,-5.08531276016,5.3,3.0,1,3.75,5.0,400.0
3.1,0.0,2,400.0,22.0,0,1,0.100142002106,-1,94.0,1,3,4.00547274408,3.47076188991,5.3,3.0,1,3.75,5.0,400.0
3.1,0.0,2,400.0,22.0,0,0,0.100069046021,0,94.0,1,15,-4.82104957538,-2.20169956891,5.3,3.0,1,3.75,5.0,400.0
3.1,0.0,2,400.0,22.0,0,-1,0.100134134293,-2,94.0,1,13,-2.86539633251,-4.45864372401,5.3,3.0,1,3.75,5.0,400.0
3.1,0.0,1,400.0,22.0,0,-2,0.100099086761,-2,94.0,1,0,0.0,5.3,5.3,3.0,1,3.75,5.0,400.0
3.1,0.0,1,400.0,22.0,0,1,0.100141048431,0,94.0,1,19,-4.00547274408,3.47076188991,5.3,3.0,1,3.75,5.0,400.0
3.1,0.0,1,400.0,22.0,0,0,0.100099086761,0,94.0,2,11,6.49041367526e-16,-5.3,5.3,3.0,1,3.75,5.0,400.0
3.1,0.0,2,400.0,22.0,0,0,0.100265026093,2,94.0,1,8,4.00547274408,-3.47076188991,5.3,3.0,1,3.75,5.0,400.0
3.1,0.0,2,400.0,22.0,0,0,0.100104808807,-1,94.0,1,20,-2.86539633251,4.45864372401,5.3,3.0,1,3.75,5.0,400.0
3.1,0.0,2,400.0,22.0,0,-2,0.100128889084,2,94.0,1,7,4.82104957538,-2.20169956891,5.3,3.0,1,3.75,5.0,400.0
3.1,0.0,1,400.0,22.0,0,0,0.100214004517,1,94.0,1,3,4.00547274408,3.47076188991,5.3,3.0,1,3.75,5.0,400.0
3.1,0.0,2,400.0,22.0,0,1,0.10014796257,0,94.0,2,16,-5.24605364197,-0.754268642848,5.3,3.0,1,3.75,5.0,400.0
3.1,0.0,2,400.0,22.0,0,1,0.100102901459,2,94.0,2,12,-1.49318255126,-5.08531276016,5.3,3.0,1,3.75,5.0,400.0
3.1,0.0,1,400.0,22.0,0,1,0.100107908249,2,94.0,1,13,-2.86539633251,-4.45864372401,5.3,3.0,1,3.75,5.0,400.0
3.1,0.0,1,400.0,22.0,0,-2,0.100119829178,0,94.0,2,0,0.0,5.3,5.3,3.0,1,3.75,5.0,400.0
3.1,0.0,1,400.0,22.0,0,-1,0.100114822388,-2,94.0,1,11,6.49041367526e-16,-5.3,5.3,3.0,1,3.75,5.0,400.0
3.1,0.0,1,400.0,22.0,0,1,0.100104093552,0,94.0,1,1,1.49318255126,5.08531276016,5.3,3.0,1,3.75,5.0,400.0
3.1,0.0,1,400.0,22.0,0,0,0.100411176682,1,94.0,1,9,2.86539633251,-4.45864372401,5.3,3.0,1,3.75,5.0,400.0
3.1,0.0,2,400.0,22.0,0,1,0.100155115128,-1,94.0,1,11,6.49041367526e-16,-5.3,5.3,3.0,1,3.75,5.0,400.0
3.1,0.0,2,400.0,22.0,0,1,0.100089073181,1,94.0,1,13,-2.86539633251,-4.45864372401,5.3,3.0,1,3.75,5.0,400.0
3.1,0.0,2,400.0,22.0,0,0,0.100139856339,0,94.0,1,4,4.82104957538,2.20169956891,5.3,3.0,1,3.75,5.0,400.0
3.1,0.0,2,400.0,22.0,0,0,0.100133180618,0,94.0,1,11,6.49041367526e-16,-5.3,5.3,3.0,1,3.75,5.0,400.0
3.1,0.0,2,400.0,22.0,0,-1,0.100131034851,1,94.0,2,18,-4.82104957538,2.20169956891,5.3,3.0,1,3.75,5.0,400.0
3.1,0.0,2,400.0,22.0,0,2,0.0997951030731,0,94.0,2,7,4.82104957538,-2.20169956891,5.3,3.0,1,3.75,5.0,400.0
3.1,0.0,1,400.0,22.0,0,0,0.100097179413,2,94.0,2,20,-2.86539633251,4.45864372401,5.3,3.0,1,3.75,5.0,400.0
3.1,0.0,2,400.0,22.0,0,-2,0.100095033646,2,94.0,2,12,-1.49318255126,-5.08531276016,5.3,3.0,1,3.75,5.0,400.0
3.1,0.0,2,400.0,22.0,0,1,0.100124120712,-2,94.0,1,2,2.86539633251,4.45864372401,5.3,3.0,1,3.75,5.0,400.0
3.1,0.0,2,400.0,22.0,0,-1,0.100389957428,-2,94.0,2,8,4.00547274408,-3.47076188991,5.3,3.0,1,3.75,5.0,400.0
3.1,0.0,2,400.0,22.0,0,0,0.100126028061,0,94.0,1,10,1.49318255126,-5.08531276016,5.3,3.0,1,3.75,5.0,400.0
3.1,0.0,2,400.0,22.0,0,-1,0.100134849548,-1,94.0,1,7,4.82104957538,-2.20169956891,5.3,3.0,1,3.75,5.0,400.0
3.1,0.0,2,400.0,22.0,0,0,0.100142002106,1,94.0,1,9,2.86539633251,-4.45864372401,5.3,3.0,1,3.75,5.0,400.0
3.1,0.0,1,400.0,22.0,0,-2,0.100130081177,-1,94.0,2,1,1.49318255126,5.08531276016,5.3,3.0,1,3.75,5.0,400.0
3.1,0.0,1,400.0,22.0,0,-1,0.10014295578,0,94.0,1,20,-2.86539633251,4.45864372401,5.3,3.0,1,3.75,5.0,400.0
3.1,0.0,2,400.0,22.0,0,-1,0.100109100342,-1,94.0,1,20,-2.86539633251,4.45864372401,5.3,3.0,1,3.75,5.0,400.0
3.1,0.0,1,400.0,22.0,0,0,0.100125074387,1,94.0,2,5,5.24605364197,0.754268642848,5.3,3.0,1,3.75,5.0,400.0
3.1,0.0,1,400.0,22.0,0,0,0.100079774857,2,94.0,1,3,4.00547274408,3.47076188991,5.3,3.0,1,3.75,5.0,400.0
3.1,0.0,2,400.0,22.0,0,1,0.10015296936,0,94.0,1,15,-4.82104957538,-2.20169956891,5.3,3.0,1,3.75,5.0,400.0
3.1,0.0,1,400.0,22.0,0,2,0.100081920624,2,94.0,1,13,-2.86539633251,-4.45864372401,5.3,3.0,1,3.75,5.0,400.0
3.1,0.0,2,400.0,22.0,0,-1,0.100149154663,1,94.0,2,4,4.82104957538,2.20169956891,5.3,3.0,1,3.75,5.0,400.0
3.1,0.0,2,400.0,22.0,0,-1,0.100121021271,-1,94.0,1,19,-4.00547274408,3.47076188991,5.3,3.0,1,3.75,5.0,400.0
3.1,0.0,1,400.0,22.0,0,2,0.100138902664,-1,94.0,1,3,4.00547274408,3.47076188991,5.3,3.0,1,3.75,5.0,400.0
3.1,0.0,2,400.0,22.0,0,1,0.100126981735,1,94.0,1,12,-1.49318255126,-5.08531276016,5.3,3.0,1,3.75,5.0,400.0
3.1,0.0,1,400.0,22.0,0,0,0.10003900528,-2,94.0,2,2,2.86539633251,4.45864372401,5.3,3.0,1,3.75,5.0,400.0
3.1,0.0,2,400.0,22.0,0,1,0.100105047226,0,94.0,1,16,-5.24605364197,-0.754268642848,5.3,3.0,1,3.75,5.0,400.0
3.1,0.0,2,400.0,22.0,0,1,0.100400924683,1,94.0,1,14,-4.00547274408,-3.47076188991,5.3,3.0,1,3.75,5.0,400.0
3.1,0.0,2,400.0,22.0,0,-2,0.100227832794,0,94.0,2,11,6.49041367526e-16,-5.3,5.3,3.0,1,3.75,5.0,400.0
3.1,0.0,2,400.0,22.0,0,1,0.100078821182,1,94.0,1,4,4.82104957538,2.20169956891,5.3,3.0,1,3.75,5.0,400.0
3.1,0.0,2,400.0,22.0,0,0,0.100086927414,0,94.0,1,2,2.86539633251,4.45864372401,5.3,3.0,1,3.75,5.0,400.0
3.1,0.0,1,400.0,22.0,0,1,0.100131988525,2,94.0,2,11,6.49041367526e-16,-5.3,5.3,3.0,1,3.75,5.0,400.0
3.1,0.0,2,400.0,22.0,0,1,0.100109100342,1,94.0,1,14,-4.00547274408,-3.47076188991,5.3,3.0,1,3.75,5.0,400.0
3.1,0.0,2,400.0,22.0,0,-1,0.100141048431,-2,94.0,1,8,4.00547274408,-3.47076188991,5.3,3.0,1,3.75,5.0,400.0
3.1,0.0,1,400.0,22.0,0,0,0.100092172623,2,94.0,1,12,-1.49318255126,-5.08531276016,5.3,3.0,1,3.75,5.0,400.0
3.1,0.0,2,400.0,22.0,0,0,0.10005402565,1,94.0,1,3,4.00547274408,3.47076188991,5.3,3.0,1,3.75,5.0,400.0
3.1,0.0,1,400.0,22.0,0,-1,0.100129127502,-2,94.0,1,8,4.00547274408,-3.47076188991,5.3,3.0,1,3.75,5.0,400.0
3.1,0.0,1,400.0,22.0,0,1,0.100076913834,2,94.0,1,3,4.00547274408,3.47076188991,5.3,3.0,1,3.75,5.0,400.0
3.1,0.0,1,400.0,22.0,0,1,0.100123882294,0,94.0,1,8,4.00547274408,-3.47076188991,5.3,3.0,1,3.75,5.0,400.0
3.1,0.0,2,400.0,22.0,0,0,0.10009598732,0,94.0,1,16,-5.24605364197,-0.754268642848,5.3,3.0,1,3.75,5.0,400.0
3.1,0.0,2,400.0,22.0,0,1,0.100250959396,-2,94.0,2,0,0.0,5.3,5.3,3.0,1,3.75,5.0,400.0
3.1,0.0,1,400.0,22.0,0,2,0.100089073181,1,94.0,2,0,0.0,5.3,5.3,3.0,1,3.75,5.0,400.0
3.1,0.0,2,400.0,22.0,0,0,0.100145101547,0,94.0,1,0,0.0,5.3,5.3,3.0,1,3.75,5.0,400.0
3.1,0.0,2,400.0,22.0,0,2,0.100093841553,2,94.0,1,11,6.49041367526e-16,-5.3,5.3,3.0,1,3.75,5.0,400.0
3.1,0.0,2,400.0,22.0,0,0,0.100083112717,0,94.0,1,18,-4.82104957538,2.20169956891,5.3,3.0,1,3.75,5.0,400.0
3.1,0.0,2,400.0,22.0,0,0,0.100140094757,0,94.0,1,5,5.24605364197,0.754268642848,5.3,3.0,1,3.75,5.0,400.0
3.1,0.0,2,400.0,22.0,0,0,0.100152015686,-2,94.0,1,21,-1.49318255126,5.08531276016,5.3,3.0,1,3.75,5.0,400.0
3.1,0.0,2,400.0,22.0,0,2,0.100100040436,2,94.0,1,3,4.00547274408,3.47076188991,5.3,3.0,1,3.75,5.0,400.0
3.1,0.0,2,400.0,22.0,0,0,0.100079059601,1,94.0,1,21,-1.49318255126,5.08531276016,5.3,3.0,1,3.75,5.0,400.0
3.1,0.0,2,400.0,22.0,0,1,0.100080966949,1,94.0,1,1,1.49318255126,5.08531276016,5.3,3.0,1,3.75,5.0,400.0
3.1,0.0,2,400.0,22.0,0,1,0.100095033646,1,94.0,1,16,-5.24605364197,-0.754268642848,5.3,3.0,1,3.75,5.0,400.0
3.1,0.0,1,400.0,22.0,0,-1,0.100153923035,0,94.0,1,6,5.24605364197,-0.754268642848,5.3,3.0,1,3.75,5.0,400.0
3.1,0.0,1,400.0,22.0,0,-1,0.100156068802,1,94.0,1,1,1.49318255126,5.08531276016,5.3,3.0,1,3.75,5.0,400.0
3.1,0.0,2,400.0,22.0,0,1,0.100121974945,1,94.0,1,4,4.82104957538,2.20169956891,5.3,3.0,1,3.75,5.0,400.0
3.1,0.0,2,400.0,22.0,0,0,0.100106954575,0,94.0,1,11,6.49041367526e-16,-5.3,5.3,3.0,1,3.75,5.0,400.0
3.1,0.0,2,400.0,22.0,0,0,0.100069046021,2,94.0,1,16,-5.24605364197,-0.754268642848,5.3,3.0,1,3.75,5.0,400.0
3.1,0.0,2,400.0,22.0,0,0,0.100149869919,-2,94.0,1,8,4.00547274408,-3.47076188991,5.3,3.0,1,3.75,5.0,400.0
3.1,0.0,2,400.0,22.0,0,0,0.100136041641,2,94.0,1,14,-4.00547274408,-3.47076188991,5.3,3.0,1,3.75,5.0,400.0
3.1,0.0,1,400.0,22.0,0,0,0.100143194199,-1,94.0,2,20,-2.86539633251,4.45864372401,5.3,3.0,1,3.75,5.0,400.0
3.1,0.0,2,400.0,22.0,0,1,0.10009598732,0,94.0,2,17,-5.24605364197,0.754268642848,5.3,3.0,1,3.75,5.0,400.0
3.1,0.0,2,400.0,22.0,0,1,0.100075960159,1,94.0,1,14,-4.00547274408,-3.47076188991,5.3,3.0,1,3.75,5.0,400.0
3.1,0.0,1,400.0,22.0,0,1,0.100096940994,0,94.0,2,10,1.49318255126,-5.08531276016,5.3,3.0,1,3.75,5.0,400.0
3.1,0.0,2,400.0,22.0,0,0,0.100086927414,0,94.0,1,6,5.24605364197,-0.754268642848,5.3,3.0,1,3.75,5.0,400.0
3.1,0.0,2,400.0,22.0,0,1,0.100129127502,0,94.0,1,15,-4.82104957538,-2.20169956891,5.3,3.0,1,3.75,5.0,400.0
3.1,0.0,1,400.0,22.0,0,0,0.100075960159,-2,94.0,1,16,-5.24605364197,-0.754268642848,5.3,3.0,1,3.75,5.0,400.0
3.1,0.0,1,400.0,22.0,0,2,0.100065946579,0,94.0,2,7,4.82104957538,-2.20169956891,5.3,3.0,1,3.75,5.0,400.0
3.1,0.0,2,400.0,22.0,0,0,0.100096940994,0,94.0,1,1,1.49318255126,5.08531276016,5.3,3.0,1,3.75,5.0,400.0
3.1,0.0,1,400.0,22.0,0,-1,0.100176095963,0,94.0,2,6,5.24605364197,-0.754268642848,5.3,3.0,1,3.75,5.0,400.0
3.1,0.0,1,400.0,22.0,0,1,0.100131988525,1,94.0,2,3,4.00547274408,3.47076188991,5.3,3.0,1,3.75,5.0,400.0
3.1,0.0,1,400.0,22.0,0,0,0.10010099411,1,94.0,1,14,-4.00547274408,-3.47076188991,5.3,3.0,1,3.75,5.0,400.0
3.1,0.0,2,400.0,22.0,0,0,0.100081920624,0,94.0,1,21,-1.49318255126,5.08531276016,5.3,3.0,1,3.75,5.0,400.0
3.1,0.0,1,400.0,22.0,0,1,0.100126981735,2,94.0,1,3,4.00547274408,3.47076188991,5.3,3.0,1,3.75,5.0,400.0
3.1,0.0,1,400.0,22.0,0,-2,0.100069046021,1,94.0,2,2,2.86539633251,4.45864372401,5.3,3.0,1,3.75,5.0,400.0
3.1,0.0,2,400.0,22.0,0,0,0.100146055222,-1,94.0,2,0,0.0,5.3,5.3,3.0,1,3.75,5.0,400.0
3.1,0.0,2,400.0,22.0,0,0,0.100129842758,0,94.0,1,1,1.49318255126,5.08531276016,5.3,3.0,1,3.75,5.0,400.0
3.1,0.0,1,400.0,22.0,0,0,0.100151062012,-1,94.0,1,17,-5.24605364197,0.754268642848,5.3,3.0,1,3.75,5.0,400.0
3.1,0.0,1,400.0,22.0,0,1,0.100111961365,-2,94.0,2,21,-1.49318255126,5.08531276016,5.3,3.0,1,3.75,5.0,400.0
3.1,0.0,1,400.0,22.0,0,1,0.100162029266,-1,94.0,2,10,1.49318255126,-5.08531276016,5.3,3.0,1,3.75,5.0,400.0
3.1,0.0,1,400.0,22.0,0,2,0.100125074387,1,94.0,2,12,-1.49318255126,-5.08531276016,5.3,3.0,1,3.75,5.0,400.0
3.1,0.0,2,400.0,22.0,0,2,0.100144147873,-1,94.0,1,7,4.82104957538,-2.20169956891,5.3,3.0,1,3.75,5.0,400.0
