cue-length,ms-precue,resp-v-hv,ms-st-cue,nitems,offset2,resp-h-pos,actualStimOn,resp-v-pos,ms-stimon,resp-h-hv,cue-loc-int,cue-loc-x,cue-loc-y,radius,bars-or-spot,version,offset,npractice,ntrials
3.1,0.0,2,400.0,22.0,0,-2,0.0970439910889,0,94.0,1,21,-1.49318255126,5.08531276016,5.3,1,12,0,5.0,300.0
3.1,0.0,1,400.0,22.0,0,-1,0.0971927642822,-1,94.0,1,20,-2.86539633251,4.45864372401,5.3,1,12,0,5.0,300.0
3.1,0.0,2,400.0,22.0,0,0,0.0970129966736,-2,94.0,2,11,6.49041367526e-16,-5.3,5.3,1,12,0,5.0,300.0
3.1,0.0,1,400.0,22.0,0,-1,0.0970060825348,-1,94.0,2,11,6.49041367526e-16,-5.3,5.3,1,12,0,5.0,300.0
3.1,0.0,1,400.0,22.0,0,0,0.0971810817719,0,94.0,1,6,5.24605364197,-0.754268642848,5.3,1,12,0,5.0,300.0
3.1,0.0,1,400.0,22.0,0,1,0.0970020294189,1,94.0,1,21,-1.49318255126,5.08531276016,5.3,1,12,0,5.0,300.0
3.1,0.0,2,400.0,22.0,0,0,0.0970039367676,0,94.0,2,7,4.82104957538,-2.20169956891,5.3,1,12,0,5.0,300.0
3.1,0.0,2,400.0,22.0,0,-1,0.0970079898834,-1,94.0,2,15,-4.82104957538,-2.20169956891,5.3,1,12,0,5.0,300.0
3.1,0.0,2,400.0,22.0,0,0,0.0969998836517,0,94.0,2,21,-1.49318255126,5.08531276016,5.3,1,12,0,5.0,300.0
3.1,0.0,1,400.0,22.0,0,0,0.097011089325,0,94.0,1,18,-4.82104957538,2.20169956891,5.3,1,12,0,5.0,300.0
3.1,0.0,1,400.0,22.0,0,-1,0.0970239639282,-1,94.0,1,17,-5.24605364197,0.754268642848,5.3,1,12,0,5.0,300.0
3.1,0.0,1,400.0,22.0,0,-1,0.0970070362091,-1,94.0,1,2,2.86539633251,4.45864372401,5.3,1,12,0,5.0,300.0
3.1,0.0,2,400.0,22.0,0,1,0.0969998836517,1,94.0,2,2,2.86539633251,4.45864372401,5.3,1,12,0,5.0,300.0
3.1,0.0,1,400.0,22.0,0,0,0.0970101356506,0,94.0,2,21,-1.49318255126,5.08531276016,5.3,1,12,0,5.0,300.0
3.1,0.0,1,400.0,22.0,0,-1,0.097195148468,-1,94.0,1,13,-2.86539633251,-4.45864372401,5.3,1,12,0,5.0,300.0
3.1,0.0,1,400.0,22.0,0,0,0.0970029830933,-1,94.0,1,9,2.86539633251,-4.45864372401,5.3,1,12,0,5.0,300.0
3.1,0.0,1,400.0,22.0,0,-1,0.0970180034637,1,94.0,1,0,0.0,5.3,5.3,1,12,0,5.0,300.0
3.1,0.0,2,400.0,22.0,0,1,0.0970020294189,1,94.0,1,8,4.00547274408,-3.47076188991,5.3,1,12,0,5.0,300.0
3.1,0.0,2,400.0,22.0,0,1,0.0970029830933,2,94.0,1,20,-2.86539633251,4.45864372401,5.3,1,12,0,5.0,300.0
3.1,0.0,2,400.0,22.0,0,0,0.0972089767456,0,94.0,2,11,6.49041367526e-16,-5.3,5.3,1,12,0,5.0,300.0
3.1,0.0,1,400.0,22.0,0,0,0.0972049236298,0,94.0,1,15,-4.82104957538,-2.20169956891,5.3,1,12,0,5.0,300.0
3.1,0.0,2,400.0,22.0,0,-2,0.0972189903259,-1,94.0,2,9,2.86539633251,-4.45864372401,5.3,1,12,0,5.0,300.0
3.1,0.0,1,400.0,22.0,0,1,0.0971930027008,1,94.0,1,6,5.24605364197,-0.754268642848,5.3,1,12,0,5.0,300.0
3.1,0.0,2,400.0,22.0,0,0,0.0972089767456,0,94.0,2,17,-5.24605364197,0.754268642848,5.3,1,12,0,5.0,300.0
3.1,0.0,2,400.0,22.0,0,0,0.0971949100494,0,94.0,1,0,0.0,5.3,5.3,1,12,0,5.0,300.0
3.1,0.0,1,400.0,22.0,0,0,0.0972058773041,-1,94.0,2,0,0.0,5.3,5.3,1,12,0,5.0,300.0
3.1,0.0,2,400.0,22.0,0,1,0.0971930027008,1,94.0,2,11,6.49041367526e-16,-5.3,5.3,1,12,0,5.0,300.0
3.1,0.0,1,400.0,22.0,0,1,0.0970420837402,1,94.0,1,13,-2.86539633251,-4.45864372401,5.3,1,12,0,5.0,300.0
3.1,0.0,1,400.0,22.0,0,0,0.0969989299774,0,94.0,1,7,4.82104957538,-2.20169956891,5.3,1,12,0,5.0,300.0
3.1,0.0,2,400.0,22.0,0,1,0.0970160961151,0,94.0,2,2,2.86539633251,4.45864372401,5.3,1,12,0,5.0,300.0
3.1,0.0,1,400.0,22.0,0,0,0.0972061157227,-2,94.0,2,0,0.0,5.3,5.3,1,12,0,5.0,300.0
3.1,0.0,2,400.0,22.0,0,0,0.0970020294189,0,94.0,2,11,6.49041367526e-16,-5.3,5.3,1,12,0,5.0,300.0
3.1,0.0,2,400.0,22.0,0,0,0.0972180366516,0,94.0,1,9,2.86539633251,-4.45864372401,5.3,1,12,0,5.0,300.0
3.1,0.0,1,400.0,22.0,0,0,0.0972311496735,0,94.0,2,14,-4.00547274408,-3.47076188991,5.3,1,12,0,5.0,300.0
3.1,0.0,1,400.0,22.0,0,0,0.0971789360046,0,94.0,1,7,4.82104957538,-2.20169956891,5.3,1,12,0,5.0,300.0
3.1,0.0,2,400.0,22.0,0,0,0.0971992015839,0,94.0,2,5,5.24605364197,0.754268642848,5.3,1,12,0,5.0,300.0
3.1,0.0,2,400.0,22.0,0,1,0.0969998836517,1,94.0,2,18,-4.82104957538,2.20169956891,5.3,1,12,0,5.0,300.0
3.1,0.0,2,400.0,22.0,0,0,0.0972228050232,0,94.0,2,4,4.82104957538,2.20169956891,5.3,1,12,0,5.0,300.0
3.1,0.0,2,400.0,22.0,0,0,0.0970098972321,0,94.0,2,15,-4.82104957538,-2.20169956891,5.3,1,12,0,5.0,300.0
3.1,0.0,1,400.0,22.0,0,-2,0.0972239971161,-2,94.0,1,8,4.00547274408,-3.47076188991,5.3,1,12,0,5.0,300.0
3.1,0.0,1,400.0,22.0,0,-1,0.0972239971161,-1,94.0,1,8,4.00547274408,-3.47076188991,5.3,1,12,0,5.0,300.0
3.1,0.0,2,400.0,22.0,0,0,0.0972011089325,0,94.0,1,12,-1.49318255126,-5.08531276016,5.3,1,12,0,5.0,300.0
3.1,0.0,2,400.0,22.0,0,1,0.0972239971161,1,94.0,2,19,-4.00547274408,3.47076188991,5.3,1,12,0,5.0,300.0
3.1,0.0,1,400.0,22.0,0,0,0.0970060825348,0,94.0,1,1,1.49318255126,5.08531276016,5.3,1,12,0,5.0,300.0
3.1,0.0,1,400.0,22.0,0,0,0.0971961021423,-1,94.0,2,15,-4.82104957538,-2.20169956891,5.3,1,12,0,5.0,300.0
3.1,0.0,1,400.0,22.0,0,-1,0.0972180366516,-1,94.0,1,17,-5.24605364197,0.754268642848,5.3,1,12,0,5.0,300.0
3.1,0.0,2,400.0,22.0,0,0,0.0972180366516,0,94.0,1,0,0.0,5.3,5.3,1,12,0,5.0,300.0
3.1,0.0,1,400.0,22.0,0,1,0.097216129303,1,94.0,1,10,1.49318255126,-5.08531276016,5.3,1,12,0,5.0,300.0
3.1,0.0,1,400.0,22.0,0,-1,0.097216129303,-1,94.0,1,1,1.49318255126,5.08531276016,5.3,1,12,0,5.0,300.0
3.1,0.0,1,400.0,22.0,0,2,0.0972099304199,0,94.0,2,11,6.49041367526e-16,-5.3,5.3,1,12,0,5.0,300.0
3.1,0.0,1,400.0,22.0,0,2,0.0969989299774,2,94.0,1,4,4.82104957538,2.20169956891,5.3,1,12,0,5.0,300.0
3.1,0.0,2,400.0,22.0,0,2,0.097216129303,2,94.0,2,5,5.24605364197,0.754268642848,5.3,1,12,0,5.0,300.0
3.1,0.0,2,400.0,22.0,0,1,0.0972120761871,1,94.0,2,1,1.49318255126,5.08531276016,5.3,1,12,0,5.0,300.0
3.1,0.0,1,400.0,22.0,0,1,0.0970017910004,1,94.0,1,3,4.00547274408,3.47076188991,5.3,1,12,0,5.0,300.0
3.1,0.0,1,400.0,22.0,0,2,0.0972061157227,2,94.0,1,14,-4.00547274408,-3.47076188991,5.3,1,12,0,5.0,300.0
3.1,0.0,2,400.0,22.0,0,0,0.097186088562,0,94.0,2,21,-1.49318255126,5.08531276016,5.3,1,12,0,5.0,300.0
3.1,0.0,2,400.0,22.0,0,0,0.0970139503479,1,94.0,2,6,5.24605364197,-0.754268642848,5.3,1,12,0,5.0,300.0
3.1,0.0,1,400.0,22.0,0,1,0.0970160961151,1,94.0,1,13,-2.86539633251,-4.45864372401,5.3,1,12,0,5.0,300.0
3.1,0.0,2,400.0,22.0,0,-1,0.0972049236298,-1,94.0,2,0,0.0,5.3,5.3,1,12,0,5.0,300.0
3.1,0.0,1,400.0,22.0,0,2,0.0970020294189,1,94.0,2,6,5.24605364197,-0.754268642848,5.3,1,12,0,5.0,300.0
3.1,0.0,1,400.0,22.0,0,0,0.0972239971161,0,94.0,1,0,0.0,5.3,5.3,1,12,0,5.0,300.0
3.1,0.0,2,400.0,22.0,0,0,0.0972180366516,0,94.0,2,18,-4.82104957538,2.20169956891,5.3,1,12,0,5.0,300.0
3.1,0.0,1,400.0,22.0,0,0,0.0970060825348,0,94.0,1,18,-4.82104957538,2.20169956891,5.3,1,12,0,5.0,300.0
3.1,0.0,2,400.0,22.0,0,0,0.0970079898834,0,94.0,1,11,6.49041367526e-16,-5.3,5.3,1,12,0,5.0,300.0
3.1,0.0,1,400.0,22.0,0,-1,0.0972199440002,-1,94.0,1,15,-4.82104957538,-2.20169956891,5.3,1,12,0,5.0,300.0
3.1,0.0,2,400.0,22.0,0,0,0.0970091819763,0,94.0,2,18,-4.82104957538,2.20169956891,5.3,1,12,0,5.0,300.0
3.1,0.0,2,400.0,22.0,0,0,0.0972099304199,0,94.0,2,21,-1.49318255126,5.08531276016,5.3,1,12,0,5.0,300.0
3.1,0.0,2,400.0,22.0,0,0,0.0972008705139,0,94.0,1,11,6.49041367526e-16,-5.3,5.3,1,12,0,5.0,300.0
3.1,0.0,1,400.0,22.0,0,2,0.0972170829773,2,94.0,1,5,5.24605364197,0.754268642848,5.3,1,12,0,5.0,300.0
3.1,0.0,2,400.0,22.0,0,2,0.0972130298615,2,94.0,2,12,-1.49318255126,-5.08531276016,5.3,1,12,0,5.0,300.0
3.1,0.0,2,400.0,22.0,0,-1,0.0972101688385,-1,94.0,2,10,1.49318255126,-5.08531276016,5.3,1,12,0,5.0,300.0
3.1,0.0,2,400.0,22.0,0,0,0.0972158908844,0,94.0,2,16,-5.24605364197,-0.754268642848,5.3,1,12,0,5.0,300.0
3.1,0.0,1,400.0,22.0,0,0,0.0971930027008,0,94.0,1,21,-1.49318255126,5.08531276016,5.3,1,12,0,5.0,300.0
3.1,0.0,2,400.0,22.0,0,-2,0.0970129966736,0,94.0,1,0,0.0,5.3,5.3,1,12,0,5.0,300.0
3.1,0.0,2,400.0,22.0,0,1,0.0972118377686,0,94.0,2,11,6.49041367526e-16,-5.3,5.3,1,12,0,5.0,300.0
3.1,0.0,2,400.0,22.0,0,0,0.097011089325,0,94.0,1,16,-5.24605364197,-0.754268642848,5.3,1,12,0,5.0,300.0
3.1,0.0,1,400.0,22.0,0,0,0.097030878067,0,94.0,2,11,6.49041367526e-16,-5.3,5.3,1,12,0,5.0,300.0
3.1,0.0,2,400.0,22.0,0,0,0.0970239639282,0,94.0,2,17,-5.24605364197,0.754268642848,5.3,1,12,0,5.0,300.0
3.1,0.0,2,400.0,22.0,0,-2,0.0972030162811,0,94.0,1,13,-2.86539633251,-4.45864372401,5.3,1,12,0,5.0,300.0
3.1,0.0,1,400.0,22.0,0,-2,0.097198009491,-2,94.0,1,5,5.24605364197,0.754268642848,5.3,1,12,0,5.0,300.0
3.1,0.0,2,400.0,22.0,0,0,0.0972108840942,0,94.0,2,14,-4.00547274408,-3.47076188991,5.3,1,12,0,5.0,300.0
3.1,0.0,1,400.0,22.0,0,0,0.0972058773041,0,94.0,1,2,2.86539633251,4.45864372401,5.3,1,12,0,5.0,300.0
3.1,0.0,2,400.0,22.0,0,0,0.0970149040222,1,94.0,2,0,0.0,5.3,5.3,1,12,0,5.0,300.0
3.1,0.0,2,400.0,22.0,0,2,0.0972061157227,2,94.0,2,1,1.49318255126,5.08531276016,5.3,1,12,0,5.0,300.0
3.1,0.0,2,400.0,22.0,0,-1,0.0972020626068,-1,94.0,2,15,-4.82104957538,-2.20169956891,5.3,1,12,0,5.0,300.0
3.1,0.0,1,400.0,22.0,0,-1,0.0972099304199,-1,94.0,1,12,-1.49318255126,-5.08531276016,5.3,1,12,0,5.0,300.0
3.1,0.0,2,400.0,22.0,0,1,0.0972108840942,1,94.0,2,21,-1.49318255126,5.08531276016,5.3,1,12,0,5.0,300.0
3.1,0.0,2,400.0,22.0,0,0,0.0972080230713,0,94.0,2,5,5.24605364197,0.754268642848,5.3,1,12,0,5.0,300.0
3.1,0.0,2,400.0,22.0,0,-1,0.0972158908844,-1,94.0,2,13,-2.86539633251,-4.45864372401,5.3,1,12,0,5.0,300.0
3.1,0.0,1,400.0,22.0,0,0,0.097235918045,0,94.0,1,14,-4.00547274408,-3.47076188991,5.3,1,12,0,5.0,300.0
3.1,0.0,1,400.0,22.0,0,-1,0.0971989631653,-1,94.0,1,3,4.00547274408,3.47076188991,5.3,1,12,0,5.0,300.0
3.1,0.0,1,400.0,22.0,0,1,0.0970571041107,1,94.0,1,9,2.86539633251,-4.45864372401,5.3,1,12,0,5.0,300.0
3.1,0.0,2,400.0,22.0,0,0,0.0972118377686,0,94.0,1,11,6.49041367526e-16,-5.3,5.3,1,12,0,5.0,300.0
3.1,0.0,2,400.0,22.0,0,-2,0.0972139835358,-2,94.0,2,5,5.24605364197,0.754268642848,5.3,1,12,0,5.0,300.0
3.1,0.0,1,400.0,22.0,0,0,0.0970838069916,0,94.0,1,17,-5.24605364197,0.754268642848,5.3,1,12,0,5.0,300.0
3.1,0.0,2,400.0,22.0,0,1,0.0972118377686,1,94.0,2,21,-1.49318255126,5.08531276016,5.3,1,12,0,5.0,300.0
3.1,0.0,2,400.0,22.0,0,0,0.0972249507904,-1,94.0,2,21,-1.49318255126,5.08531276016,5.3,1,12,0,5.0,300.0
3.1,0.0,2,400.0,22.0,0,-1,0.0972158908844,-1,94.0,2,8,4.00547274408,-3.47076188991,5.3,1,12,0,5.0,300.0
3.1,0.0,2,400.0,22.0,0,1,0.0972120761871,1,94.0,2,15,-4.82104957538,-2.20169956891,5.3,1,12,0,5.0,300.0
3.1,0.0,1,400.0,22.0,0,0,0.0972089767456,0,94.0,1,12,-1.49318255126,-5.08531276016,5.3,1,12,0,5.0,300.0
3.1,0.0,2,400.0,22.0,0,-1,0.0971939563751,0,94.0,2,6,5.24605364197,-0.754268642848,5.3,1,12,0,5.0,300.0
3.1,0.0,2,400.0,22.0,0,0,0.0972180366516,0,94.0,2,11,6.49041367526e-16,-5.3,5.3,1,12,0,5.0,300.0
3.1,0.0,1,400.0,22.0,0,0,0.0972189903259,0,94.0,1,2,2.86539633251,4.45864372401,5.3,1,12,0,5.0,300.0
3.1,0.0,2,400.0,22.0,0,1,0.097030878067,0,94.0,2,21,-1.49318255126,5.08531276016,5.3,1,12,0,5.0,300.0
3.1,0.0,2,400.0,22.0,0,0,0.0970339775085,0,94.0,1,21,-1.49318255126,5.08531276016,5.3,1,12,0,5.0,300.0
3.1,0.0,2,400.0,22.0,0,0,0.0972089767456,1,94.0,1,13,-2.86539633251,-4.45864372401,5.3,1,12,0,5.0,300.0
3.1,0.0,1,400.0,22.0,0,-1,0.0972011089325,2,94.0,1,21,-1.49318255126,5.08531276016,5.3,1,12,0,5.0,300.0
3.1,0.0,1,400.0,22.0,0,1,0.0971949100494,1,94.0,1,12,-1.49318255126,-5.08531276016,5.3,1,12,0,5.0,300.0
3.1,0.0,2,400.0,22.0,0,0,0.0972080230713,0,94.0,1,4,4.82104957538,2.20169956891,5.3,1,12,0,5.0,300.0
3.1,0.0,2,400.0,22.0,0,-2,0.0972120761871,-2,94.0,2,12,-1.49318255126,-5.08531276016,5.3,1,12,0,5.0,300.0
3.1,0.0,2,400.0,22.0,0,1,0.0972130298615,1,94.0,2,3,4.00547274408,3.47076188991,5.3,1,12,0,5.0,300.0
3.1,0.0,2,400.0,22.0,0,0,0.0971989631653,0,94.0,1,12,-1.49318255126,-5.08531276016,5.3,1,12,0,5.0,300.0
3.1,0.0,2,400.0,22.0,0,0,0.0972418785095,1,94.0,2,15,-4.82104957538,-2.20169956891,5.3,1,12,0,5.0,300.0
3.1,0.0,1,400.0,22.0,0,0,0.0972149372101,0,94.0,2,13,-2.86539633251,-4.45864372401,5.3,1,12,0,5.0,300.0
3.1,0.0,2,400.0,22.0,0,1,0.0972139835358,2,94.0,2,17,-5.24605364197,0.754268642848,5.3,1,12,0,5.0,300.0
3.1,0.0,1,400.0,22.0,0,0,0.0971729755402,0,94.0,1,7,4.82104957538,-2.20169956891,5.3,1,12,0,5.0,300.0
3.1,0.0,1,400.0,22.0,0,-1,0.0970401763916,-1,94.0,1,2,2.86539633251,4.45864372401,5.3,1,12,0,5.0,300.0
3.1,0.0,1,400.0,22.0,0,-1,0.0970449447632,0,94.0,2,17,-5.24605364197,0.754268642848,5.3,1,12,0,5.0,300.0
3.1,0.0,1,400.0,22.0,0,-1,0.0970571041107,-1,94.0,1,20,-2.86539633251,4.45864372401,5.3,1,12,0,5.0,300.0
3.1,0.0,1,400.0,22.0,0,1,0.0972139835358,1,94.0,1,13,-2.86539633251,-4.45864372401,5.3,1,12,0,5.0,300.0
3.1,0.0,1,400.0,22.0,0,-1,0.0972130298615,-1,94.0,1,9,2.86539633251,-4.45864372401,5.3,1,12,0,5.0,300.0
3.1,0.0,2,400.0,22.0,0,0,0.0970838069916,0,94.0,2,4,4.82104957538,2.20169956891,5.3,1,12,0,5.0,300.0
3.1,0.0,2,400.0,22.0,0,0,0.0970590114594,0,94.0,2,15,-4.82104957538,-2.20169956891,5.3,1,12,0,5.0,300.0
3.1,0.0,2,400.0,22.0,0,0,0.0971999168396,0,94.0,2,21,-1.49318255126,5.08531276016,5.3,1,12,0,5.0,300.0
3.1,0.0,2,400.0,22.0,0,0,0.0970499515533,0,94.0,1,16,-5.24605364197,-0.754268642848,5.3,1,12,0,5.0,300.0
3.1,0.0,1,400.0,22.0,0,1,0.0972399711609,-2,94.0,2,14,-4.00547274408,-3.47076188991,5.3,1,12,0,5.0,300.0
3.1,0.0,1,400.0,22.0,0,1,0.0972259044647,1,94.0,1,11,6.49041367526e-16,-5.3,5.3,1,12,0,5.0,300.0
3.1,0.0,1,400.0,22.0,0,0,0.0972089767456,0,94.0,1,14,-4.00547274408,-3.47076188991,5.3,1,12,0,5.0,300.0
3.1,0.0,1,400.0,22.0,0,-2,0.0972199440002,-2,94.0,1,1,1.49318255126,5.08531276016,5.3,1,12,0,5.0,300.0
3.1,0.0,1,400.0,22.0,0,1,0.0972039699554,1,94.0,1,6,5.24605364197,-0.754268642848,5.3,1,12,0,5.0,300.0
3.1,0.0,1,400.0,22.0,0,2,0.0972049236298,2,94.0,1,3,4.00547274408,3.47076188991,5.3,1,12,0,5.0,300.0
3.1,0.0,1,400.0,22.0,0,0,0.0971698760986,0,94.0,1,6,5.24605364197,-0.754268642848,5.3,1,12,0,5.0,300.0
3.1,0.0,2,400.0,22.0,0,-1,0.0970458984375,-1,94.0,2,21,-1.49318255126,5.08531276016,5.3,1,12,0,5.0,300.0
3.1,0.0,1,400.0,22.0,0,1,0.0970549583435,1,94.0,1,12,-1.49318255126,-5.08531276016,5.3,1,12,0,5.0,300.0
3.1,0.0,2,400.0,22.0,0,0,0.0970668792725,0,94.0,2,5,5.24605364197,0.754268642848,5.3,1,12,0,5.0,300.0
3.1,0.0,2,400.0,22.0,0,0,0.0970551967621,0,94.0,2,13,-2.86539633251,-4.45864372401,5.3,1,12,0,5.0,300.0
3.1,0.0,2,400.0,22.0,0,0,0.0971949100494,0,94.0,2,16,-5.24605364197,-0.754268642848,5.3,1,12,0,5.0,300.0
3.1,0.0,1,400.0,22.0,0,0,0.0971570014954,0,94.0,2,6,5.24605364197,-0.754268642848,5.3,1,12,0,5.0,300.0
3.1,0.0,1,400.0,22.0,0,1,0.0971739292145,1,94.0,1,14,-4.00547274408,-3.47076188991,5.3,1,12,0,5.0,300.0
3.1,0.0,1,400.0,22.0,0,2,0.0971848964691,-2,94.0,2,9,2.86539633251,-4.45864372401,5.3,1,12,0,5.0,300.0
3.1,0.0,2,400.0,22.0,0,-2,0.0972230434418,-2,94.0,2,20,-2.86539633251,4.45864372401,5.3,1,12,0,5.0,300.0
3.1,0.0,2,400.0,22.0,0,0,0.0971758365631,0,94.0,1,15,-4.82104957538,-2.20169956891,5.3,1,12,0,5.0,300.0
3.1,0.0,1,400.0,22.0,0,0,0.0971641540527,0,94.0,1,8,4.00547274408,-3.47076188991,5.3,1,12,0,5.0,300.0
3.1,0.0,2,400.0,22.0,0,0,0.0972149372101,2,94.0,1,15,-4.82104957538,-2.20169956891,5.3,1,12,0,5.0,300.0
3.1,0.0,1,400.0,22.0,0,-2,0.097216129303,-2,94.0,1,12,-1.49318255126,-5.08531276016,5.3,1,12,0,5.0,300.0
3.1,0.0,1,400.0,22.0,0,0,0.0970840454102,0,94.0,1,5,5.24605364197,0.754268642848,5.3,1,12,0,5.0,300.0
3.1,0.0,1,400.0,22.0,0,-1,0.0970628261566,-1,94.0,1,21,-1.49318255126,5.08531276016,5.3,1,12,0,5.0,300.0
3.1,0.0,2,400.0,22.0,0,1,0.0970339775085,1,94.0,2,10,1.49318255126,-5.08531276016,5.3,1,12,0,5.0,300.0
3.1,0.0,2,400.0,22.0,0,0,0.0970339775085,0,94.0,2,11,6.49041367526e-16,-5.3,5.3,1,12,0,5.0,300.0
3.1,0.0,2,400.0,22.0,0,1,0.0970339775085,1,94.0,2,7,4.82104957538,-2.20169956891,5.3,1,12,0,5.0,300.0
3.1,0.0,1,400.0,22.0,0,0,0.0972108840942,0,94.0,1,10,1.49318255126,-5.08531276016,5.3,1,12,0,5.0,300.0
3.1,0.0,2,400.0,22.0,0,-1,0.0971858501434,-1,94.0,2,4,4.82104957538,2.20169956891,5.3,1,12,0,5.0,300.0
3.1,0.0,1,400.0,22.0,0,1,0.0972049236298,1,94.0,1,21,-1.49318255126,5.08531276016,5.3,1,12,0,5.0,300.0
3.1,0.0,2,400.0,22.0,0,1,0.0971620082855,1,94.0,2,15,-4.82104957538,-2.20169956891,5.3,1,12,0,5.0,300.0
3.1,0.0,1,400.0,22.0,0,1,0.0970330238342,1,94.0,1,8,4.00547274408,-3.47076188991,5.3,1,12,0,5.0,300.0
3.1,0.0,1,400.0,22.0,0,1,0.0971841812134,1,94.0,1,8,4.00547274408,-3.47076188991,5.3,1,12,0,5.0,300.0
3.1,0.0,1,400.0,22.0,0,1,0.0971751213074,1,94.0,1,3,4.00547274408,3.47076188991,5.3,1,12,0,5.0,300.0
3.1,0.0,1,400.0,22.0,0,-1,0.0971817970276,-1,94.0,1,21,-1.49318255126,5.08531276016,5.3,1,12,0,5.0,300.0
3.1,0.0,1,400.0,22.0,0,2,0.0972211360931,2,94.0,1,7,4.82104957538,-2.20169956891,5.3,1,12,0,5.0,300.0
3.1,0.0,1,400.0,22.0,0,0,0.0972239971161,0,94.0,1,20,-2.86539633251,4.45864372401,5.3,1,12,0,5.0,300.0
3.1,0.0,2,400.0,22.0,0,1,0.0972020626068,0,94.0,1,15,-4.82104957538,-2.20169956891,5.3,1,12,0,5.0,300.0
3.1,0.0,1,400.0,22.0,0,1,0.0971701145172,1,94.0,1,5,5.24605364197,0.754268642848,5.3,1,12,0,5.0,300.0
3.1,0.0,1,400.0,22.0,0,0,0.0970470905304,0,94.0,1,20,-2.86539633251,4.45864372401,5.3,1,12,0,5.0,300.0
3.1,0.0,2,400.0,22.0,0,0,0.0970377922058,0,94.0,2,20,-2.86539633251,4.45864372401,5.3,1,12,0,5.0,300.0
3.1,0.0,2,400.0,22.0,0,0,0.0971720218658,0,94.0,1,1,1.49318255126,5.08531276016,5.3,1,12,0,5.0,300.0
3.1,0.0,2,400.0,22.0,0,0,0.0970330238342,0,94.0,2,9,2.86539633251,-4.45864372401,5.3,1,12,0,5.0,300.0
3.1,0.0,1,400.0,22.0,0,-1,0.0971910953522,-1,94.0,1,13,-2.86539633251,-4.45864372401,5.3,1,12,0,5.0,300.0
3.1,0.0,1,400.0,22.0,0,-1,0.0971848964691,-1,94.0,1,12,-1.49318255126,-5.08531276016,5.3,1,12,0,5.0,300.0
3.1,0.0,2,400.0,22.0,0,0,0.0971989631653,0,94.0,2,8,4.00547274408,-3.47076188991,5.3,1,12,0,5.0,300.0
3.1,0.0,1,400.0,22.0,0,0,0.0971760749817,0,94.0,1,13,-2.86539633251,-4.45864372401,5.3,1,12,0,5.0,300.0
3.1,0.0,2,400.0,22.0,0,-1,0.0971660614014,-1,94.0,2,3,4.00547274408,3.47076188991,5.3,1,12,0,5.0,300.0
3.1,0.0,1,400.0,22.0,0,-1,0.0971760749817,-1,94.0,1,1,1.49318255126,5.08531276016,5.3,1,12,0,5.0,300.0
3.1,0.0,2,400.0,22.0,0,0,0.0972380638123,0,94.0,2,1,1.49318255126,5.08531276016,5.3,1,12,0,5.0,300.0
3.1,0.0,2,400.0,22.0,0,1,0.0971841812134,1,94.0,1,3,4.00547274408,3.47076188991,5.3,1,12,0,5.0,300.0
3.1,0.0,1,400.0,22.0,0,0,0.0971779823303,0,94.0,1,21,-1.49318255126,5.08531276016,5.3,1,12,0,5.0,300.0
3.1,0.0,2,400.0,22.0,0,0,0.0971839427948,0,94.0,2,13,-2.86539633251,-4.45864372401,5.3,1,12,0,5.0,300.0
3.1,0.0,1,400.0,22.0,0,-1,0.0971879959106,-1,94.0,1,12,-1.49318255126,-5.08531276016,5.3,1,12,0,5.0,300.0
3.1,0.0,1,400.0,22.0,0,-2,0.0970449447632,-2,94.0,1,20,-2.86539633251,4.45864372401,5.3,1,12,0,5.0,300.0
3.1,0.0,2,400.0,22.0,0,-1,0.0970590114594,-1,94.0,2,9,2.86539633251,-4.45864372401,5.3,1,12,0,5.0,300.0
3.1,0.0,1,400.0,22.0,0,0,0.0971901416779,0,94.0,1,18,-4.82104957538,2.20169956891,5.3,1,12,0,5.0,300.0
3.1,0.0,2,400.0,22.0,0,0,0.0970358848572,-1,94.0,1,10,1.49318255126,-5.08531276016,5.3,1,12,0,5.0,300.0
3.1,0.0,2,400.0,22.0,0,1,0.0972111225128,1,94.0,2,20,-2.86539633251,4.45864372401,5.3,1,12,0,5.0,300.0
3.1,0.0,1,400.0,22.0,0,1,0.0972008705139,-2,94.0,2,0,0.0,5.3,5.3,1,12,0,5.0,300.0
3.1,0.0,2,400.0,22.0,0,0,0.0972380638123,0,94.0,1,5,5.24605364197,0.754268642848,5.3,1,12,0,5.0,300.0
3.1,0.0,2,400.0,22.0,0,0,0.0971810817719,1,94.0,1,1,1.49318255126,5.08531276016,5.3,1,12,0,5.0,300.0
3.1,0.0,2,400.0,22.0,0,-1,0.0970358848572,2,94.0,2,15,-4.82104957538,-2.20169956891,5.3,1,12,0,5.0,300.0
3.1,0.0,2,400.0,22.0,0,2,0.0971710681915,1,94.0,2,2,2.86539633251,4.45864372401,5.3,1,12,0,5.0,300.0
3.1,0.0,2,400.0,22.0,0,0,0.097225189209,0,94.0,2,6,5.24605364197,-0.754268642848,5.3,1,12,0,5.0,300.0
3.1,0.0,2,400.0,22.0,0,-1,0.0972030162811,-1,94.0,2,19,-4.00547274408,3.47076188991,5.3,1,12,0,5.0,300.0
3.1,0.0,2,400.0,22.0,0,0,0.0971908569336,0,94.0,2,8,4.00547274408,-3.47076188991,5.3,1,12,0,5.0,300.0
3.1,0.0,2,400.0,22.0,0,-1,0.0973088741302,0,94.0,1,0,0.0,5.3,5.3,1,12,0,5.0,300.0
3.1,0.0,2,400.0,22.0,0,0,0.0971789360046,0,94.0,1,10,1.49318255126,-5.08531276016,5.3,1,12,0,5.0,300.0
3.1,0.0,2,400.0,22.0,0,0,0.0971682071686,0,94.0,1,0,0.0,5.3,5.3,1,12,0,5.0,300.0
3.1,0.0,1,400.0,22.0,0,-1,0.0970389842987,-1,94.0,1,20,-2.86539633251,4.45864372401,5.3,1,12,0,5.0,300.0
3.1,0.0,1,400.0,22.0,0,0,0.0971429347992,-1,94.0,1,17,-5.24605364197,0.754268642848,5.3,1,12,0,5.0,300.0
3.1,0.0,2,400.0,22.0,0,0,0.0970149040222,-1,94.0,1,17,-5.24605364197,0.754268642848,5.3,1,12,0,5.0,300.0
3.1,0.0,2,400.0,22.0,0,-1,0.0970380306244,1,94.0,1,5,5.24605364197,0.754268642848,5.3,1,12,0,5.0,300.0
3.1,0.0,1,400.0,22.0,0,0,0.0970330238342,0,94.0,2,0,0.0,5.3,5.3,1,12,0,5.0,300.0
3.1,0.0,1,400.0,22.0,0,0,0.0970320701599,0,94.0,1,10,1.49318255126,-5.08531276016,5.3,1,12,0,5.0,300.0
3.1,0.0,2,400.0,22.0,0,-2,0.0970389842987,2,94.0,2,21,-1.49318255126,5.08531276016,5.3,1,12,0,5.0,300.0
3.1,0.0,1,400.0,22.0,0,-1,0.0970389842987,-1,94.0,1,14,-4.00547274408,-3.47076188991,5.3,1,12,0,5.0,300.0
3.1,0.0,2,400.0,22.0,0,2,0.0970330238342,2,94.0,2,4,4.82104957538,2.20169956891,5.3,1,12,0,5.0,300.0
3.1,0.0,2,400.0,22.0,0,1,0.0970318317413,1,94.0,2,13,-2.86539633251,-4.45864372401,5.3,1,12,0,5.0,300.0
3.1,0.0,1,400.0,22.0,0,-1,0.0970358848572,0,94.0,2,1,1.49318255126,5.08531276016,5.3,1,12,0,5.0,300.0
3.1,0.0,2,400.0,22.0,0,-1,0.0970261096954,0,94.0,1,11,6.49041367526e-16,-5.3,5.3,1,12,0,5.0,300.0
3.1,0.0,1,400.0,22.0,0,-2,0.0971398353577,1,94.0,2,12,-1.49318255126,-5.08531276016,5.3,1,12,0,5.0,300.0
3.1,0.0,2,400.0,22.0,0,-2,0.0970320701599,-2,94.0,2,5,5.24605364197,0.754268642848,5.3,1,12,0,5.0,300.0
3.1,0.0,2,400.0,22.0,0,1,0.09716796875,1,94.0,2,13,-2.86539633251,-4.45864372401,5.3,1,12,0,5.0,300.0
3.1,0.0,2,400.0,22.0,0,-1,0.0972011089325,-1,94.0,2,11,6.49041367526e-16,-5.3,5.3,1,12,0,5.0,300.0
3.1,0.0,1,400.0,22.0,0,0,0.0971791744232,0,94.0,1,20,-2.86539633251,4.45864372401,5.3,1,12,0,5.0,300.0
3.1,0.0,2,400.0,22.0,0,1,0.0971829891205,1,94.0,2,2,2.86539633251,4.45864372401,5.3,1,12,0,5.0,300.0
3.1,0.0,1,400.0,22.0,0,2,0.097195148468,-1,94.0,1,12,-1.49318255126,-5.08531276016,5.3,1,12,0,5.0,300.0
3.1,0.0,2,400.0,22.0,0,0,0.0972228050232,0,94.0,1,7,4.82104957538,-2.20169956891,5.3,1,12,0,5.0,300.0
3.1,0.0,1,400.0,22.0,0,-1,0.0971870422363,0,94.0,2,17,-5.24605364197,0.754268642848,5.3,1,12,0,5.0,300.0
3.1,0.0,2,400.0,22.0,0,0,0.0971689224243,0,94.0,2,1,1.49318255126,5.08531276016,5.3,1,12,0,5.0,300.0
3.1,0.0,2,400.0,22.0,0,-2,0.0970239639282,-2,94.0,2,18,-4.82104957538,2.20169956891,5.3,1,12,0,5.0,300.0
3.1,0.0,2,400.0,22.0,0,0,0.097058057785,0,94.0,2,16,-5.24605364197,-0.754268642848,5.3,1,12,0,5.0,300.0
3.1,0.0,2,400.0,22.0,0,0,0.0970380306244,0,94.0,2,12,-1.49318255126,-5.08531276016,5.3,1,12,0,5.0,300.0
3.1,0.0,2,400.0,22.0,0,0,0.0970351696014,0,94.0,2,1,1.49318255126,5.08531276016,5.3,1,12,0,5.0,300.0
3.1,0.0,1,400.0,22.0,0,0,0.0971779823303,2,94.0,1,6,5.24605364197,-0.754268642848,5.3,1,12,0,5.0,300.0
3.1,0.0,2,400.0,22.0,0,-2,0.097188949585,0,94.0,1,17,-5.24605364197,0.754268642848,5.3,1,12,0,5.0,300.0
3.1,0.0,2,400.0,22.0,0,1,0.0970349311829,1,94.0,1,14,-4.00547274408,-3.47076188991,5.3,1,12,0,5.0,300.0
3.1,0.0,2,400.0,22.0,0,-1,0.0970211029053,0,94.0,1,16,-5.24605364197,-0.754268642848,5.3,1,12,0,5.0,300.0
3.1,0.0,2,400.0,22.0,0,-1,0.0970139503479,-1,94.0,1,8,4.00547274408,-3.47076188991,5.3,1,12,0,5.0,300.0
3.1,0.0,2,400.0,22.0,0,-2,0.0970249176025,1,94.0,1,7,4.82104957538,-2.20169956891,5.3,1,12,0,5.0,300.0
3.1,0.0,2,400.0,22.0,0,1,0.0970270633698,1,94.0,2,4,4.82104957538,2.20169956891,5.3,1,12,0,5.0,300.0
3.1,0.0,1,400.0,22.0,0,2,0.0970249176025,0,94.0,2,5,5.24605364197,0.754268642848,5.3,1,12,0,5.0,300.0
3.1,0.0,1,400.0,22.0,0,-1,0.0971689224243,-1,94.0,1,17,-5.24605364197,0.754268642848,5.3,1,12,0,5.0,300.0
3.1,0.0,2,400.0,22.0,0,-1,0.0971698760986,-1,94.0,2,21,-1.49318255126,5.08531276016,5.3,1,12,0,5.0,300.0
3.1,0.0,1,400.0,22.0,0,-1,0.097195148468,-1,94.0,1,18,-4.82104957538,2.20169956891,5.3,1,12,0,5.0,300.0
3.1,0.0,2,400.0,22.0,0,0,0.0971760749817,0,94.0,1,10,1.49318255126,-5.08531276016,5.3,1,12,0,5.0,300.0
3.1,0.0,2,400.0,22.0,0,1,0.0970220565796,0,94.0,2,1,1.49318255126,5.08531276016,5.3,1,12,0,5.0,300.0
3.1,0.0,2,400.0,22.0,0,0,0.0971879959106,0,94.0,2,15,-4.82104957538,-2.20169956891,5.3,1,12,0,5.0,300.0
3.1,0.0,2,400.0,22.0,0,0,0.0970380306244,0,94.0,1,15,-4.82104957538,-2.20169956891,5.3,1,12,0,5.0,300.0
3.1,0.0,1,400.0,22.0,0,-1,0.0970239639282,0,94.0,2,14,-4.00547274408,-3.47076188991,5.3,1,12,0,5.0,300.0
3.1,0.0,2,400.0,22.0,0,1,0.0970170497894,1,94.0,2,3,4.00547274408,3.47076188991,5.3,1,12,0,5.0,300.0
3.1,0.0,2,400.0,22.0,0,0,0.0970249176025,0,94.0,2,5,5.24605364197,0.754268642848,5.3,1,12,0,5.0,300.0
3.1,0.0,2,400.0,22.0,0,0,0.0970318317413,-1,94.0,2,2,2.86539633251,4.45864372401,5.3,1,12,0,5.0,300.0
3.1,0.0,1,400.0,22.0,0,-1,0.0971820354462,-1,94.0,2,17,-5.24605364197,0.754268642848,5.3,1,12,0,5.0,300.0
3.1,0.0,2,400.0,22.0,0,1,0.0971741676331,1,94.0,2,8,4.00547274408,-3.47076188991,5.3,1,12,0,5.0,300.0
3.1,0.0,2,400.0,22.0,0,-2,0.0971879959106,-2,94.0,2,2,2.86539633251,4.45864372401,5.3,1,12,0,5.0,300.0
3.1,0.0,1,400.0,22.0,0,0,0.0970230102539,0,94.0,1,5,5.24605364197,0.754268642848,5.3,1,12,0,5.0,300.0
3.1,0.0,2,400.0,22.0,0,0,0.0970239639282,0,94.0,2,8,4.00547274408,-3.47076188991,5.3,1,12,0,5.0,300.0
3.1,0.0,1,400.0,22.0,0,0,0.0971710681915,0,94.0,1,3,4.00547274408,3.47076188991,5.3,1,12,0,5.0,300.0
3.1,0.0,1,400.0,22.0,0,1,0.0971949100494,1,94.0,1,7,4.82104957538,-2.20169956891,5.3,1,12,0,5.0,300.0
3.1,0.0,2,400.0,22.0,0,-1,0.0971848964691,-1,94.0,1,8,4.00547274408,-3.47076188991,5.3,1,12,0,5.0,300.0
3.1,0.0,2,400.0,22.0,0,0,0.0971779823303,0,94.0,2,14,-4.00547274408,-3.47076188991,5.3,1,12,0,5.0,300.0
3.1,0.0,2,400.0,22.0,0,-1,0.0971660614014,-1,94.0,2,4,4.82104957538,2.20169956891,5.3,1,12,0,5.0,300.0
3.1,0.0,1,400.0,22.0,0,0,0.0971779823303,-1,94.0,1,7,4.82104957538,-2.20169956891,5.3,1,12,0,5.0,300.0
3.1,0.0,1,400.0,22.0,0,-2,0.0971789360046,-1,94.0,2,14,-4.00547274408,-3.47076188991,5.3,1,12,0,5.0,300.0
3.1,0.0,2,400.0,22.0,0,1,0.0970289707184,0,94.0,2,20,-2.86539633251,4.45864372401,5.3,1,12,0,5.0,300.0
3.1,0.0,2,400.0,22.0,0,1,0.0970239639282,-1,94.0,2,11,6.49041367526e-16,-5.3,5.3,1,12,0,5.0,300.0
3.1,0.0,2,400.0,22.0,0,-2,0.0970301628113,-1,94.0,1,5,5.24605364197,0.754268642848,5.3,1,12,0,5.0,300.0
3.1,0.0,2,400.0,22.0,0,-1,0.0970268249512,-1,94.0,2,18,-4.82104957538,2.20169956891,5.3,1,12,0,5.0,300.0
3.1,0.0,1,400.0,22.0,0,-1,0.0970230102539,-1,94.0,1,17,-5.24605364197,0.754268642848,5.3,1,12,0,5.0,300.0
3.1,0.0,2,400.0,22.0,0,0,0.0971879959106,0,94.0,1,17,-5.24605364197,0.754268642848,5.3,1,12,0,5.0,300.0
3.1,0.0,1,400.0,22.0,0,0,0.0970270633698,0,94.0,1,19,-4.00547274408,3.47076188991,5.3,1,12,0,5.0,300.0
3.1,0.0,1,400.0,22.0,0,0,0.0970199108124,0,94.0,1,0,0.0,5.3,5.3,1,12,0,5.0,300.0
3.1,0.0,1,400.0,22.0,0,0,0.0971870422363,0,94.0,1,6,5.24605364197,-0.754268642848,5.3,1,12,0,5.0,300.0
3.1,0.0,1,400.0,22.0,0,-2,0.0971939563751,0,94.0,1,19,-4.00547274408,3.47076188991,5.3,1,12,0,5.0,300.0
3.1,0.0,1,400.0,22.0,0,0,0.0970180034637,0,94.0,1,16,-5.24605364197,-0.754268642848,5.3,1,12,0,5.0,300.0
3.1,0.0,2,400.0,22.0,0,0,0.0970139503479,0,94.0,2,19,-4.00547274408,3.47076188991,5.3,1,12,0,5.0,300.0
3.1,0.0,1,400.0,22.0,0,0,0.0971930027008,0,94.0,2,0,0.0,5.3,5.3,1,12,0,5.0,300.0
3.1,0.0,1,400.0,22.0,0,-2,0.0971848964691,2,94.0,1,4,4.82104957538,2.20169956891,5.3,1,12,0,5.0,300.0
3.1,0.0,2,400.0,22.0,0,0,0.0970258712769,0,94.0,1,4,4.82104957538,2.20169956891,5.3,1,12,0,5.0,300.0
3.1,0.0,1,400.0,22.0,0,2,0.0971720218658,-1,94.0,1,11,6.49041367526e-16,-5.3,5.3,1,12,0,5.0,300.0
3.1,0.0,1,400.0,22.0,0,-1,0.097195148468,-1,94.0,1,14,-4.00547274408,-3.47076188991,5.3,1,12,0,5.0,300.0
3.1,0.0,1,400.0,22.0,0,0,0.0970289707184,0,94.0,2,16,-5.24605364197,-0.754268642848,5.3,1,12,0,5.0,300.0
3.1,0.0,1,400.0,22.0,0,1,0.0971810817719,1,94.0,1,20,-2.86539633251,4.45864372401,5.3,1,12,0,5.0,300.0
3.1,0.0,2,400.0,22.0,0,1,0.0972099304199,1,94.0,2,14,-4.00547274408,-3.47076188991,5.3,1,12,0,5.0,300.0
3.1,0.0,2,400.0,22.0,0,1,0.0971901416779,1,94.0,2,4,4.82104957538,2.20169956891,5.3,1,12,0,5.0,300.0
3.1,0.0,2,400.0,22.0,0,-2,0.097186088562,-2,94.0,2,21,-1.49318255126,5.08531276016,5.3,1,12,0,5.0,300.0
3.1,0.0,2,400.0,22.0,0,0,0.0970239639282,-2,94.0,1,11,6.49041367526e-16,-5.3,5.3,1,12,0,5.0,300.0
3.1,0.0,1,400.0,22.0,0,-2,0.09716796875,-2,94.0,1,19,-4.00547274408,3.47076188991,5.3,1,12,0,5.0,300.0
3.1,0.0,2,400.0,22.0,0,0,0.0971779823303,0,94.0,1,0,0.0,5.3,5.3,1,12,0,5.0,300.0
3.1,0.0,1,400.0,22.0,0,1,0.0971930027008,1,94.0,2,5,5.24605364197,0.754268642848,5.3,1,12,0,5.0,300.0
3.1,0.0,1,400.0,22.0,0,0,0.0970261096954,0,94.0,1,11,6.49041367526e-16,-5.3,5.3,1,12,0,5.0,300.0
3.1,0.0,1,400.0,22.0,0,1,0.097177028656,1,94.0,1,11,6.49041367526e-16,-5.3,5.3,1,12,0,5.0,300.0
3.1,0.0,2,400.0,22.0,0,-1,0.097067117691,0,94.0,1,0,0.0,5.3,5.3,1,12,0,5.0,300.0
3.1,0.0,2,400.0,22.0,0,1,0.0970258712769,1,94.0,2,6,5.24605364197,-0.754268642848,5.3,1,12,0,5.0,300.0
3.1,0.0,2,400.0,22.0,0,0,0.0970189571381,0,94.0,2,18,-4.82104957538,2.20169956891,5.3,1,12,0,5.0,300.0
3.1,0.0,2,400.0,22.0,0,1,0.0970151424408,1,94.0,2,14,-4.00547274408,-3.47076188991,5.3,1,12,0,5.0,300.0
3.1,0.0,1,400.0,22.0,0,-1,0.097020149231,-1,94.0,1,14,-4.00547274408,-3.47076188991,5.3,1,12,0,5.0,300.0
3.1,0.0,2,400.0,22.0,0,0,0.0970380306244,1,94.0,1,4,4.82104957538,2.20169956891,5.3,1,12,0,5.0,300.0
3.1,0.0,1,400.0,22.0,0,0,0.0970001220703,0,94.0,1,21,-1.49318255126,5.08531276016,5.3,1,12,0,5.0,300.0
3.1,0.0,2,400.0,22.0,0,0,0.0970199108124,0,94.0,2,1,1.49318255126,5.08531276016,5.3,1,12,0,5.0,300.0
3.1,0.0,2,400.0,22.0,0,0,0.0970079898834,0,94.0,2,7,4.82104957538,-2.20169956891,5.3,1,12,0,5.0,300.0
3.1,0.0,1,400.0,22.0,0,0,0.0970020294189,0,94.0,1,20,-2.86539633251,4.45864372401,5.3,1,12,0,5.0,300.0
3.1,0.0,2,400.0,22.0,0,2,0.0970411300659,2,94.0,2,12,-1.49318255126,-5.08531276016,5.3,1,12,0,5.0,300.0
3.1,0.0,2,400.0,22.0,0,0,0.0970320701599,0,94.0,2,13,-2.86539633251,-4.45864372401,5.3,1,12,0,5.0,300.0
3.1,0.0,1,400.0,22.0,0,0,0.0970151424408,0,94.0,1,18,-4.82104957538,2.20169956891,5.3,1,12,0,5.0,300.0
3.1,0.0,2,400.0,22.0,0,0,0.0970249176025,0,94.0,2,0,0.0,5.3,5.3,1,12,0,5.0,300.0
3.1,0.0,2,400.0,22.0,0,0,0.0970070362091,0,94.0,2,7,4.82104957538,-2.20169956891,5.3,1,12,0,5.0,300.0
3.1,0.0,2,400.0,22.0,0,0,0.0971989631653,0,94.0,2,14,-4.00547274408,-3.47076188991,5.3,1,12,0,5.0,300.0
3.1,0.0,1,400.0,22.0,0,0,0.0970089435577,0,94.0,1,6,5.24605364197,-0.754268642848,5.3,1,12,0,5.0,300.0
3.1,0.0,2,400.0,22.0,0,0,0.0970079898834,0,94.0,2,18,-4.82104957538,2.20169956891,5.3,1,12,0,5.0,300.0
3.1,0.0,2,400.0,22.0,0,1,0.0970330238342,1,94.0,2,0,0.0,5.3,5.3,1,12,0,5.0,300.0
3.1,0.0,1,400.0,22.0,0,1,0.0970549583435,1,94.0,1,16,-5.24605364197,-0.754268642848,5.3,1,12,0,5.0,300.0
3.1,0.0,2,400.0,22.0,0,0,0.0970129966736,0,94.0,2,20,-2.86539633251,4.45864372401,5.3,1,12,0,5.0,300.0
3.1,0.0,2,400.0,22.0,0,1,0.0971829891205,1,94.0,2,9,2.86539633251,-4.45864372401,5.3,1,12,0,5.0,300.0
