cue-length,ms-precue,resp-v-hv,ms-st-cue,nitems,offset2,resp-h-pos,actualStimOn,resp-v-pos,ms-stimon,resp-h-hv,cue-loc-int,cue-loc-x,cue-loc-y,radius,bars-or-spot,version,offset,npractice,ntrials
3.1,0.0,1,400.0,22.0,0,-1,0.0999419689178,0,94.0,1,1,1.49318255126,5.08531276016,5.3,0,9,-10.5,5.0,400.0
3.1,0.0,1,400.0,22.0,0,1,0.100126981735,-2,94.0,2,0,0.0,5.3,5.3,0,9,-10.5,5.0,400.0
3.1,0.0,2,400.0,22.0,0,2,0.100092887878,0,94.0,1,3,4.00547274408,3.47076188991,5.3,0,9,-10.5,5.0,400.0
3.1,0.0,1,400.0,22.0,0,1,0.100148916245,1,94.0,1,3,4.00547274408,3.47076188991,5.3,0,9,-10.5,5.0,400.0
3.1,0.0,2,400.0,22.0,0,0,0.0999419689178,-2,94.0,2,12,-1.49318255126,-5.08531276016,5.3,0,9,-10.5,5.0,400.0
3.1,0.0,1,400.0,22.0,0,0,0.100349903107,0,94.0,1,7,4.82104957538,-2.20169956891,5.3,0,9,-10.5,5.0,400.0
3.1,0.0,1,400.0,22.0,0,-2,0.100130081177,-2,94.0,1,19,-4.00547274408,3.47076188991,5.3,0,9,-10.5,5.0,400.0
3.1,0.0,1,400.0,22.0,0,-1,0.100174188614,-2,94.0,2,10,1.49318255126,-5.08531276016,5.3,0,9,-10.5,5.0,400.0
3.1,0.0,1,400.0,22.0,0,-1,0.100140810013,-1,94.0,1,18,-4.82104957538,2.20169956891,5.3,0,9,-10.5,5.0,400.0
3.1,0.0,1,400.0,22.0,0,0,0.100180149078,0,94.0,1,7,4.82104957538,-2.20169956891,5.3,0,9,-10.5,5.0,400.0
3.1,0.0,2,400.0,22.0,0,1,0.100066900253,1,94.0,2,4,4.82104957538,2.20169956891,5.3,0,9,-10.5,5.0,400.0
3.1,0.0,2,400.0,22.0,0,0,0.100104093552,0,94.0,2,16,-5.24605364197,-0.754268642848,5.3,0,9,-10.5,5.0,400.0
3.1,0.0,2,400.0,22.0,0,-2,0.0999820232391,-2,94.0,2,16,-5.24605364197,-0.754268642848,5.3,0,9,-10.5,5.0,400.0
3.1,0.0,1,400.0,22.0,0,-1,0.100104093552,-1,94.0,1,3,4.00547274408,3.47076188991,5.3,0,9,-10.5,5.0,400.0
3.1,0.0,2,400.0,22.0,0,-1,0.100152015686,-1,94.0,2,11,6.49041367526e-16,-5.3,5.3,0,9,-10.5,5.0,400.0
3.1,0.0,1,400.0,22.0,0,1,0.0999569892883,1,94.0,1,7,4.82104957538,-2.20169956891,5.3,0,9,-10.5,5.0,400.0
3.1,0.0,1,400.0,22.0,0,-1,0.100080966949,-1,94.0,1,4,4.82104957538,2.20169956891,5.3,0,9,-10.5,5.0,400.0
3.1,0.0,2,400.0,22.0,0,-2,0.0995798110962,-2,94.0,2,8,4.00547274408,-3.47076188991,5.3,0,9,-10.5,5.0,400.0
3.1,0.0,2,400.0,22.0,0,-1,0.10011100769,-1,94.0,2,20,-2.86539633251,4.45864372401,5.3,0,9,-10.5,5.0,400.0
3.1,0.0,1,400.0,22.0,0,1,0.100098133087,1,94.0,1,9,2.86539633251,-4.45864372401,5.3,0,9,-10.5,5.0,400.0
3.1,0.0,2,400.0,22.0,0,1,0.100088119507,1,94.0,2,14,-4.00547274408,-3.47076188991,5.3,0,9,-10.5,5.0,400.0
3.1,0.0,1,400.0,22.0,0,-2,0.100116968155,-2,94.0,1,14,-4.00547274408,-3.47076188991,5.3,0,9,-10.5,5.0,400.0
3.1,0.0,1,400.0,22.0,0,-1,0.0998620986938,-1,94.0,1,14,-4.00547274408,-3.47076188991,5.3,0,9,-10.5,5.0,400.0
3.1,0.0,2,400.0,22.0,0,0,0.0998759269714,0,94.0,2,12,-1.49318255126,-5.08531276016,5.3,0,9,-10.5,5.0,400.0
3.1,0.0,1,400.0,22.0,0,2,0.100173950195,2,94.0,1,21,-1.49318255126,5.08531276016,5.3,0,9,-10.5,5.0,400.0
3.1,0.0,2,400.0,22.0,0,-2,0.100166082382,-2,94.0,2,11,6.49041367526e-16,-5.3,5.3,0,9,-10.5,5.0,400.0
3.1,0.0,2,400.0,22.0,0,-1,0.100130796432,-1,94.0,2,0,0.0,5.3,5.3,0,9,-10.5,5.0,400.0
3.1,0.0,2,400.0,22.0,0,0,0.100167989731,0,94.0,2,10,1.49318255126,-5.08531276016,5.3,0,9,-10.5,5.0,400.0
3.1,0.0,2,400.0,22.0,0,2,0.100093841553,2,94.0,2,14,-4.00547274408,-3.47076188991,5.3,0,9,-10.5,5.0,400.0
3.1,0.0,2,400.0,22.0,0,0,0.100098848343,0,94.0,2,10,1.49318255126,-5.08531276016,5.3,0,9,-10.5,5.0,400.0
3.1,0.0,1,400.0,22.0,0,-1,0.100162982941,-1,94.0,1,14,-4.00547274408,-3.47076188991,5.3,0,9,-10.5,5.0,400.0
3.1,0.0,1,400.0,22.0,0,0,0.10009098053,0,94.0,1,16,-5.24605364197,-0.754268642848,5.3,0,9,-10.5,5.0,400.0
3.1,0.0,2,400.0,22.0,0,0,0.100120067596,0,94.0,2,15,-4.82104957538,-2.20169956891,5.3,0,9,-10.5,5.0,400.0
3.1,0.0,1,400.0,22.0,0,0,0.0999128818512,0,94.0,1,4,4.82104957538,2.20169956891,5.3,0,9,-10.5,5.0,400.0
3.1,0.0,2,400.0,22.0,0,-1,0.100075960159,-1,94.0,2,10,1.49318255126,-5.08531276016,5.3,0,9,-10.5,5.0,400.0
3.1,0.0,1,400.0,22.0,0,-1,0.10002207756,-1,94.0,1,7,4.82104957538,-2.20169956891,5.3,0,9,-10.5,5.0,400.0
3.1,0.0,2,400.0,22.0,0,0,0.100131988525,0,94.0,2,7,4.82104957538,-2.20169956891,5.3,0,9,-10.5,5.0,400.0
3.1,0.0,1,400.0,22.0,0,-2,0.100409984589,-2,94.0,1,2,2.86539633251,4.45864372401,5.3,0,9,-10.5,5.0,400.0
3.1,0.0,2,400.0,22.0,0,0,0.0998930931091,0,94.0,2,15,-4.82104957538,-2.20169956891,5.3,0,9,-10.5,5.0,400.0
3.1,0.0,1,400.0,22.0,0,2,0.100095033646,2,94.0,1,14,-4.00547274408,-3.47076188991,5.3,0,9,-10.5,5.0,400.0
3.1,0.0,1,400.0,22.0,0,-1,0.100091934204,-1,94.0,1,10,1.49318255126,-5.08531276016,5.3,0,9,-10.5,5.0,400.0
3.1,0.0,1,400.0,22.0,0,1,0.100111961365,1,94.0,1,20,-2.86539633251,4.45864372401,5.3,0,9,-10.5,5.0,400.0
3.1,0.0,1,400.0,22.0,0,2,0.100076913834,2,94.0,1,12,-1.49318255126,-5.08531276016,5.3,0,9,-10.5,5.0,400.0
3.1,0.0,1,400.0,22.0,0,1,0.100123167038,1,94.0,1,3,4.00547274408,3.47076188991,5.3,0,9,-10.5,5.0,400.0
3.1,0.0,2,400.0,22.0,0,0,0.100114107132,0,94.0,2,3,4.00547274408,3.47076188991,5.3,0,9,-10.5,5.0,400.0
3.1,0.0,1,400.0,22.0,0,1,0.0999011993408,1,94.0,1,2,2.86539633251,4.45864372401,5.3,0,9,-10.5,5.0,400.0
3.1,0.0,1,400.0,22.0,0,-2,0.100188970566,-2,94.0,1,15,-4.82104957538,-2.20169956891,5.3,0,9,-10.5,5.0,400.0
3.1,0.0,2,400.0,22.0,0,1,0.100077867508,1,94.0,2,2,2.86539633251,4.45864372401,5.3,0,9,-10.5,5.0,400.0
3.1,0.0,1,400.0,22.0,0,0,0.100110054016,0,94.0,1,5,5.24605364197,0.754268642848,5.3,0,9,-10.5,5.0,400.0
3.1,0.0,2,400.0,22.0,0,0,0.0999529361725,0,94.0,2,7,4.82104957538,-2.20169956891,5.3,0,9,-10.5,5.0,400.0
3.1,0.0,1,400.0,22.0,0,2,0.100066900253,2,94.0,1,7,4.82104957538,-2.20169956891,5.3,0,9,-10.5,5.0,400.0
3.1,0.0,2,400.0,22.0,0,1,0.100115060806,1,94.0,2,0,0.0,5.3,5.3,0,9,-10.5,5.0,400.0
3.1,0.0,1,400.0,22.0,0,1,0.10012793541,1,94.0,1,11,6.49041367526e-16,-5.3,5.3,0,9,-10.5,5.0,400.0
3.1,0.0,2,400.0,22.0,0,-1,0.100160121918,-1,94.0,2,1,1.49318255126,5.08531276016,5.3,0,9,-10.5,5.0,400.0
3.1,0.0,2,400.0,22.0,0,0,0.100144863129,0,94.0,2,16,-5.24605364197,-0.754268642848,5.3,0,9,-10.5,5.0,400.0
3.1,0.0,2,400.0,22.0,0,0,0.100125074387,0,94.0,2,16,-5.24605364197,-0.754268642848,5.3,0,9,-10.5,5.0,400.0
3.1,0.0,1,400.0,22.0,0,2,0.100131988525,2,94.0,1,12,-1.49318255126,-5.08531276016,5.3,0,9,-10.5,5.0,400.0
3.1,0.0,2,400.0,22.0,0,-2,0.100147008896,-2,94.0,2,8,4.00547274408,-3.47076188991,5.3,0,9,-10.5,5.0,400.0
3.1,0.0,2,400.0,22.0,0,0,0.100108861923,0,94.0,2,8,4.00547274408,-3.47076188991,5.3,0,9,-10.5,5.0,400.0
3.1,0.0,2,400.0,22.0,0,0,0.10005402565,0,94.0,2,16,-5.24605364197,-0.754268642848,5.3,0,9,-10.5,5.0,400.0
3.1,0.0,1,400.0,22.0,0,0,0.0996329784393,0,94.0,1,16,-5.24605364197,-0.754268642848,5.3,0,9,-10.5,5.0,400.0
3.1,0.0,2,400.0,22.0,0,0,0.100085020065,0,94.0,2,0,0.0,5.3,5.3,0,9,-10.5,5.0,400.0
3.1,0.0,2,400.0,22.0,0,-1,0.10010099411,-1,94.0,2,12,-1.49318255126,-5.08531276016,5.3,0,9,-10.5,5.0,400.0
3.1,0.0,2,400.0,22.0,0,0,0.100172996521,0,94.0,2,5,5.24605364197,0.754268642848,5.3,0,9,-10.5,5.0,400.0
3.1,0.0,2,400.0,22.0,0,1,0.10015296936,1,94.0,2,2,2.86539633251,4.45864372401,5.3,0,9,-10.5,5.0,400.0
3.1,0.0,1,400.0,22.0,0,0,0.100145816803,0,94.0,1,18,-4.82104957538,2.20169956891,5.3,0,9,-10.5,5.0,400.0
3.1,0.0,1,400.0,22.0,0,0,0.100150108337,0,94.0,1,20,-2.86539633251,4.45864372401,5.3,0,9,-10.5,5.0,400.0
3.1,0.0,2,400.0,22.0,0,-2,0.0999171733856,-2,94.0,2,14,-4.00547274408,-3.47076188991,5.3,0,9,-10.5,5.0,400.0
3.1,0.0,2,400.0,22.0,0,2,0.100200891495,2,94.0,2,17,-5.24605364197,0.754268642848,5.3,0,9,-10.5,5.0,400.0
3.1,0.0,1,400.0,22.0,0,0,0.100131988525,0,94.0,1,14,-4.00547274408,-3.47076188991,5.3,0,9,-10.5,5.0,400.0
3.1,0.0,1,400.0,22.0,0,0,0.100140810013,0,94.0,1,17,-5.24605364197,0.754268642848,5.3,0,9,-10.5,5.0,400.0
3.1,0.0,1,400.0,22.0,0,-1,0.100049972534,-1,94.0,1,12,-1.49318255126,-5.08531276016,5.3,0,9,-10.5,5.0,400.0
3.1,0.0,1,400.0,22.0,0,0,0.100141048431,0,94.0,1,5,5.24605364197,0.754268642848,5.3,0,9,-10.5,5.0,400.0
3.1,0.0,1,400.0,22.0,0,-2,0.100154876709,-2,94.0,1,20,-2.86539633251,4.45864372401,5.3,0,9,-10.5,5.0,400.0
3.1,0.0,2,400.0,22.0,0,0,0.100080013275,0,94.0,2,10,1.49318255126,-5.08531276016,5.3,0,9,-10.5,5.0,400.0
3.1,0.0,1,400.0,22.0,0,0,0.10012793541,0,94.0,1,10,1.49318255126,-5.08531276016,5.3,0,9,-10.5,5.0,400.0
3.1,0.0,1,400.0,22.0,0,0,0.100285053253,0,94.0,1,4,4.82104957538,2.20169956891,5.3,0,9,-10.5,5.0,400.0
3.1,0.0,1,400.0,22.0,0,0,0.100150108337,0,94.0,1,11,6.49041367526e-16,-5.3,5.3,0,9,-10.5,5.0,400.0
3.1,0.0,2,400.0,22.0,0,2,0.0997941493988,2,94.0,2,14,-4.00547274408,-3.47076188991,5.3,0,9,-10.5,5.0,400.0
3.1,0.0,2,400.0,22.0,0,1,0.100096940994,1,94.0,2,12,-1.49318255126,-5.08531276016,5.3,0,9,-10.5,5.0,400.0
3.1,0.0,2,400.0,22.0,0,0,0.0999920368195,0,94.0,2,5,5.24605364197,0.754268642848,5.3,0,9,-10.5,5.0,400.0
3.1,0.0,1,400.0,22.0,0,-1,0.100066900253,-1,94.0,1,6,5.24605364197,-0.754268642848,5.3,0,9,-10.5,5.0,400.0
3.1,0.0,2,400.0,22.0,0,2,0.100164175034,2,94.0,2,21,-1.49318255126,5.08531276016,5.3,0,9,-10.5,5.0,400.0
3.1,0.0,1,400.0,22.0,0,-1,0.100116014481,-1,94.0,1,3,4.00547274408,3.47076188991,5.3,0,9,-10.5,5.0,400.0
3.1,0.0,1,400.0,22.0,0,0,0.100042819977,0,94.0,1,18,-4.82104957538,2.20169956891,5.3,0,9,-10.5,5.0,400.0
3.1,0.0,1,400.0,22.0,0,0,0.100077152252,0,94.0,1,3,4.00547274408,3.47076188991,5.3,0,9,-10.5,5.0,400.0
3.1,0.0,1,400.0,22.0,0,2,0.10012793541,2,94.0,1,10,1.49318255126,-5.08531276016,5.3,0,9,-10.5,5.0,400.0
3.1,0.0,2,400.0,22.0,0,0,0.100063085556,0,94.0,2,18,-4.82104957538,2.20169956891,5.3,0,9,-10.5,5.0,400.0
3.1,0.0,2,400.0,22.0,0,1,0.100114107132,1,94.0,2,8,4.00547274408,-3.47076188991,5.3,0,9,-10.5,5.0,400.0
3.1,0.0,1,400.0,22.0,0,0,0.0999419689178,0,94.0,1,3,4.00547274408,3.47076188991,5.3,0,9,-10.5,5.0,400.0
3.1,0.0,1,400.0,22.0,0,0,0.10005903244,0,94.0,1,5,5.24605364197,0.754268642848,5.3,0,9,-10.5,5.0,400.0
3.1,0.0,2,400.0,22.0,0,0,0.100112915039,0,94.0,2,4,4.82104957538,2.20169956891,5.3,0,9,-10.5,5.0,400.0
3.1,0.0,2,400.0,22.0,0,-1,0.100157022476,-1,94.0,2,3,4.00547274408,3.47076188991,5.3,0,9,-10.5,5.0,400.0
3.1,0.0,2,400.0,22.0,0,1,0.0998458862305,1,94.0,2,4,4.82104957538,2.20169956891,5.3,0,9,-10.5,5.0,400.0
3.1,0.0,1,400.0,22.0,0,0,0.0999019145966,0,94.0,1,20,-2.86539633251,4.45864372401,5.3,0,9,-10.5,5.0,400.0
3.1,0.0,2,400.0,22.0,0,2,0.100085020065,2,94.0,2,13,-2.86539633251,-4.45864372401,5.3,0,9,-10.5,5.0,400.0
3.1,0.0,2,400.0,22.0,0,-1,0.1001329422,-1,94.0,2,19,-4.00547274408,3.47076188991,5.3,0,9,-10.5,5.0,400.0
3.1,0.0,1,400.0,22.0,0,2,0.100152015686,2,94.0,1,17,-5.24605364197,0.754268642848,5.3,0,9,-10.5,5.0,400.0
3.1,0.0,2,400.0,22.0,0,-1,0.100102901459,-1,94.0,2,1,1.49318255126,5.08531276016,5.3,0,9,-10.5,5.0,400.0
3.1,0.0,1,400.0,22.0,0,0,0.0999879837036,0,94.0,1,17,-5.24605364197,0.754268642848,5.3,0,9,-10.5,5.0,400.0
3.1,0.0,1,400.0,22.0,0,0,0.100064992905,0,94.0,1,20,-2.86539633251,4.45864372401,5.3,0,9,-10.5,5.0,400.0
3.1,0.0,1,400.0,22.0,0,0,0.10015296936,2,94.0,1,16,-5.24605364197,-0.754268642848,5.3,0,9,-10.5,5.0,400.0
3.1,0.0,2,400.0,22.0,0,1,0.100126028061,1,94.0,2,5,5.24605364197,0.754268642848,5.3,0,9,-10.5,5.0,400.0
3.1,0.0,2,400.0,22.0,0,-1,0.100091934204,-1,94.0,2,19,-4.00547274408,3.47076188991,5.3,0,9,-10.5,5.0,400.0
3.1,0.0,2,400.0,22.0,0,1,0.100140094757,1,94.0,2,4,4.82104957538,2.20169956891,5.3,0,9,-10.5,5.0,400.0
3.1,0.0,1,400.0,22.0,0,1,0.10014796257,1,94.0,1,14,-4.00547274408,-3.47076188991,5.3,0,9,-10.5,5.0,400.0
3.1,0.0,2,400.0,22.0,0,-1,0.0997941493988,-1,94.0,2,6,5.24605364197,-0.754268642848,5.3,0,9,-10.5,5.0,400.0
3.1,0.0,2,400.0,22.0,0,1,0.100144863129,1,94.0,2,12,-1.49318255126,-5.08531276016,5.3,0,9,-10.5,5.0,400.0
3.1,0.0,2,400.0,22.0,0,0,0.0998888015747,0,94.0,2,16,-5.24605364197,-0.754268642848,5.3,0,9,-10.5,5.0,400.0
3.1,0.0,1,400.0,22.0,0,0,0.100117921829,0,94.0,1,10,1.49318255126,-5.08531276016,5.3,0,9,-10.5,5.0,400.0
3.1,0.0,1,400.0,22.0,0,2,0.100094795227,2,94.0,1,15,-4.82104957538,-2.20169956891,5.3,0,9,-10.5,5.0,400.0
3.1,0.0,2,400.0,22.0,0,2,0.100082874298,2,94.0,2,10,1.49318255126,-5.08531276016,5.3,0,9,-10.5,5.0,400.0
3.1,0.0,2,400.0,22.0,0,0,0.100099086761,0,94.0,2,6,5.24605364197,-0.754268642848,5.3,0,9,-10.5,5.0,400.0
3.1,0.0,2,400.0,22.0,0,-1,0.100105047226,-1,94.0,2,20,-2.86539633251,4.45864372401,5.3,0,9,-10.5,5.0,400.0
3.1,0.0,2,400.0,22.0,0,1,0.100136041641,1,94.0,2,18,-4.82104957538,2.20169956891,5.3,0,9,-10.5,5.0,400.0
3.1,0.0,1,400.0,22.0,0,-1,0.100088119507,-1,94.0,1,3,4.00547274408,3.47076188991,5.3,0,9,-10.5,5.0,400.0
3.1,0.0,1,400.0,22.0,0,1,0.0999870300293,1,94.0,1,2,2.86539633251,4.45864372401,5.3,0,9,-10.5,5.0,400.0
3.1,0.0,2,400.0,22.0,0,0,0.100100040436,0,94.0,2,2,2.86539633251,4.45864372401,5.3,0,9,-10.5,5.0,400.0
3.1,0.0,1,400.0,22.0,0,1,0.0999071598053,1,94.0,1,12,-1.49318255126,-5.08531276016,5.3,0,9,-10.5,5.0,400.0
3.1,0.0,2,400.0,22.0,0,2,0.10009598732,2,94.0,2,3,4.00547274408,3.47076188991,5.3,0,9,-10.5,5.0,400.0
3.1,0.0,1,400.0,22.0,0,2,0.0999488830566,2,94.0,1,5,5.24605364197,0.754268642848,5.3,0,9,-10.5,5.0,400.0
3.1,0.0,1,400.0,22.0,0,2,0.100121974945,2,94.0,1,2,2.86539633251,4.45864372401,5.3,0,9,-10.5,5.0,400.0
3.1,0.0,1,400.0,22.0,0,-1,0.100167036057,-1,94.0,1,8,4.00547274408,-3.47076188991,5.3,0,9,-10.5,5.0,400.0
3.1,0.0,2,400.0,22.0,0,0,0.0999360084534,0,94.0,2,7,4.82104957538,-2.20169956891,5.3,0,9,-10.5,5.0,400.0
3.1,0.0,1,400.0,22.0,0,0,0.100088834763,0,94.0,1,6,5.24605364197,-0.754268642848,5.3,0,9,-10.5,5.0,400.0
3.1,0.0,2,400.0,22.0,0,1,0.0997960567474,1,94.0,2,12,-1.49318255126,-5.08531276016,5.3,0,9,-10.5,5.0,400.0
3.1,0.0,1,400.0,22.0,0,0,0.100049972534,0,94.0,1,5,5.24605364197,0.754268642848,5.3,0,9,-10.5,5.0,400.0
3.1,0.0,1,400.0,22.0,0,-1,0.100283145905,-1,94.0,1,18,-4.82104957538,2.20169956891,5.3,0,9,-10.5,5.0,400.0
3.1,0.0,2,400.0,22.0,0,0,0.100151062012,0,94.0,2,6,5.24605364197,-0.754268642848,5.3,0,9,-10.5,5.0,400.0
3.1,0.0,2,400.0,22.0,0,2,0.100131034851,2,94.0,2,21,-1.49318255126,5.08531276016,5.3,0,9,-10.5,5.0,400.0
3.1,0.0,1,400.0,22.0,0,0,0.1001329422,0,94.0,1,0,0.0,5.3,5.3,0,9,-10.5,5.0,400.0
3.1,0.0,1,400.0,22.0,0,-2,0.100085020065,-2,94.0,1,5,5.24605364197,0.754268642848,5.3,0,9,-10.5,5.0,400.0
3.1,0.0,1,400.0,22.0,0,-2,0.0999171733856,-2,94.0,1,11,6.49041367526e-16,-5.3,5.3,0,9,-10.5,5.0,400.0
3.1,0.0,2,400.0,22.0,0,0,0.100223064423,0,94.0,2,13,-2.86539633251,-4.45864372401,5.3,0,9,-10.5,5.0,400.0
3.1,0.0,2,400.0,22.0,0,0,0.100092172623,0,94.0,2,3,4.00547274408,3.47076188991,5.3,0,9,-10.5,5.0,400.0
3.1,0.0,1,400.0,22.0,0,-1,0.0998351573944,-1,94.0,1,20,-2.86539633251,4.45864372401,5.3,0,9,-10.5,5.0,400.0
3.1,0.0,1,400.0,22.0,0,-1,0.100113868713,-1,94.0,1,15,-4.82104957538,-2.20169956891,5.3,0,9,-10.5,5.0,400.0
3.1,0.0,1,400.0,22.0,0,-2,0.100149154663,-2,94.0,1,19,-4.00547274408,3.47076188991,5.3,0,9,-10.5,5.0,400.0
3.1,0.0,2,400.0,22.0,0,0,0.100087165833,0,94.0,2,14,-4.00547274408,-3.47076188991,5.3,0,9,-10.5,5.0,400.0
3.1,0.0,2,400.0,22.0,0,0,0.100116014481,0,94.0,2,14,-4.00547274408,-3.47076188991,5.3,0,9,-10.5,5.0,400.0
3.1,0.0,2,400.0,22.0,0,-1,0.100146055222,-1,94.0,2,18,-4.82104957538,2.20169956891,5.3,0,9,-10.5,5.0,400.0
3.1,0.0,2,400.0,22.0,0,0,0.100123882294,0,94.0,2,16,-5.24605364197,-0.754268642848,5.3,0,9,-10.5,5.0,400.0
3.1,0.0,1,400.0,22.0,0,0,0.100084066391,0,94.0,1,11,6.49041367526e-16,-5.3,5.3,0,9,-10.5,5.0,400.0
3.1,0.0,2,400.0,22.0,0,2,0.10017490387,2,94.0,2,11,6.49041367526e-16,-5.3,5.3,0,9,-10.5,5.0,400.0
3.1,0.0,1,400.0,22.0,0,-1,0.099760055542,-1,94.0,1,10,1.49318255126,-5.08531276016,5.3,0,9,-10.5,5.0,400.0
3.1,0.0,1,400.0,22.0,0,-2,0.10010099411,-2,94.0,1,2,2.86539633251,4.45864372401,5.3,0,9,-10.5,5.0,400.0
3.1,0.0,2,400.0,22.0,0,2,0.100136041641,2,94.0,2,8,4.00547274408,-3.47076188991,5.3,0,9,-10.5,5.0,400.0
3.1,0.0,2,400.0,22.0,0,-1,0.100129127502,-1,94.0,2,21,-1.49318255126,5.08531276016,5.3,0,9,-10.5,5.0,400.0
3.1,0.0,1,400.0,22.0,0,-1,0.100117921829,-1,94.0,1,9,2.86539633251,-4.45864372401,5.3,0,9,-10.5,5.0,400.0
3.1,0.0,2,400.0,22.0,0,0,0.10013794899,0,94.0,2,10,1.49318255126,-5.08531276016,5.3,0,9,-10.5,5.0,400.0
3.1,0.0,2,400.0,22.0,0,1,0.100071907043,1,94.0,2,8,4.00547274408,-3.47076188991,5.3,0,9,-10.5,5.0,400.0
3.1,0.0,1,400.0,22.0,0,0,0.100143909454,0,94.0,1,18,-4.82104957538,2.20169956891,5.3,0,9,-10.5,5.0,400.0
3.1,0.0,2,400.0,22.0,0,1,0.0997650623322,1,94.0,2,21,-1.49318255126,5.08531276016,5.3,0,9,-10.5,5.0,400.0
3.1,0.0,1,400.0,22.0,0,0,0.100157976151,0,94.0,1,13,-2.86539633251,-4.45864372401,5.3,0,9,-10.5,5.0,400.0
3.1,0.0,1,400.0,22.0,0,-2,0.100032806396,-2,94.0,1,4,4.82104957538,2.20169956891,5.3,0,9,-10.5,5.0,400.0
3.1,0.0,1,400.0,22.0,0,0,0.100033044815,0,94.0,1,3,4.00547274408,3.47076188991,5.3,0,9,-10.5,5.0,400.0
3.1,0.0,1,400.0,22.0,0,0,0.100134134293,0,94.0,1,21,-1.49318255126,5.08531276016,5.3,0,9,-10.5,5.0,400.0
3.1,0.0,1,400.0,22.0,0,0,0.1001060009,0,94.0,1,19,-4.00547274408,3.47076188991,5.3,0,9,-10.5,5.0,400.0
3.1,0.0,1,400.0,22.0,0,0,0.100112915039,0,94.0,1,0,0.0,5.3,5.3,0,9,-10.5,5.0,400.0
3.1,0.0,1,400.0,22.0,0,1,0.100164890289,1,94.0,1,3,4.00547274408,3.47076188991,5.3,0,9,-10.5,5.0,400.0
3.1,0.0,1,400.0,22.0,0,2,0.100161075592,2,94.0,1,19,-4.00547274408,3.47076188991,5.3,0,9,-10.5,5.0,400.0
3.1,0.0,1,400.0,22.0,0,1,0.100160121918,1,94.0,1,2,2.86539633251,4.45864372401,5.3,0,9,-10.5,5.0,400.0
3.1,0.0,2,400.0,22.0,0,0,0.100150108337,0,94.0,2,6,5.24605364197,-0.754268642848,5.3,0,9,-10.5,5.0,400.0
3.1,0.0,1,400.0,22.0,0,0,0.100142002106,0,94.0,1,0,0.0,5.3,5.3,0,9,-10.5,5.0,400.0
3.1,0.0,2,400.0,22.0,0,0,0.10019993782,0,94.0,2,17,-5.24605364197,0.754268642848,5.3,0,9,-10.5,5.0,400.0
3.1,0.0,2,400.0,22.0,0,0,0.0999209880829,0,94.0,2,20,-2.86539633251,4.45864372401,5.3,0,9,-10.5,5.0,400.0
3.1,0.0,2,400.0,22.0,0,0,0.100080966949,0,94.0,2,3,4.00547274408,3.47076188991,5.3,0,9,-10.5,5.0,400.0
3.1,0.0,2,400.0,22.0,0,2,0.100090026855,2,94.0,2,10,1.49318255126,-5.08531276016,5.3,0,9,-10.5,5.0,400.0
3.1,0.0,2,400.0,22.0,0,2,0.100218057632,2,94.0,2,9,2.86539633251,-4.45864372401,5.3,0,9,-10.5,5.0,400.0
3.1,0.0,2,400.0,22.0,0,1,0.0997831821442,1,94.0,2,1,1.49318255126,5.08531276016,5.3,0,9,-10.5,5.0,400.0
3.1,0.0,1,400.0,22.0,0,1,0.100101947784,1,94.0,1,19,-4.00547274408,3.47076188991,5.3,0,9,-10.5,5.0,400.0
3.1,0.0,1,400.0,22.0,0,-1,0.100150823593,-1,94.0,1,8,4.00547274408,-3.47076188991,5.3,0,9,-10.5,5.0,400.0
3.1,0.0,2,400.0,22.0,0,1,0.0999109745026,1,94.0,2,7,4.82104957538,-2.20169956891,5.3,0,9,-10.5,5.0,400.0
3.1,0.0,2,400.0,22.0,0,0,0.100076198578,0,94.0,2,15,-4.82104957538,-2.20169956891,5.3,0,9,-10.5,5.0,400.0
3.1,0.0,2,400.0,22.0,0,0,0.100072860718,0,94.0,2,12,-1.49318255126,-5.08531276016,5.3,0,9,-10.5,5.0,400.0
3.1,0.0,2,400.0,22.0,0,0,0.0998411178589,0,94.0,2,2,2.86539633251,4.45864372401,5.3,0,9,-10.5,5.0,400.0
3.1,0.0,2,400.0,22.0,0,2,0.100076913834,2,94.0,2,13,-2.86539633251,-4.45864372401,5.3,0,9,-10.5,5.0,400.0
3.1,0.0,1,400.0,22.0,0,1,0.100038051605,1,94.0,1,20,-2.86539633251,4.45864372401,5.3,0,9,-10.5,5.0,400.0
3.1,0.0,2,400.0,22.0,0,0,0.0999310016632,0,94.0,2,21,-1.49318255126,5.08531276016,5.3,0,9,-10.5,5.0,400.0
3.1,0.0,1,400.0,22.0,0,1,0.10009598732,1,94.0,1,16,-5.24605364197,-0.754268642848,5.3,0,9,-10.5,5.0,400.0
3.1,0.0,2,400.0,22.0,0,1,0.099946975708,1,94.0,2,17,-5.24605364197,0.754268642848,5.3,0,9,-10.5,5.0,400.0
3.1,0.0,2,400.0,22.0,0,0,0.100089073181,0,94.0,2,12,-1.49318255126,-5.08531276016,5.3,0,9,-10.5,5.0,400.0
3.1,0.0,1,400.0,22.0,0,0,0.0999019145966,0,94.0,1,21,-1.49318255126,5.08531276016,5.3,0,9,-10.5,5.0,400.0
3.1,0.0,1,400.0,22.0,0,2,0.100322008133,2,94.0,1,0,0.0,5.3,5.3,0,9,-10.5,5.0,400.0
3.1,0.0,1,400.0,22.0,0,0,0.100131988525,0,94.0,1,20,-2.86539633251,4.45864372401,5.3,0,9,-10.5,5.0,400.0
3.1,0.0,1,400.0,22.0,0,-1,0.100157976151,-1,94.0,1,14,-4.00547274408,-3.47076188991,5.3,0,9,-10.5,5.0,400.0
3.1,0.0,1,400.0,22.0,0,-1,0.0995721817017,-1,94.0,1,7,4.82104957538,-2.20169956891,5.3,0,9,-10.5,5.0,400.0
3.1,0.0,2,400.0,22.0,0,-1,0.10005903244,-1,94.0,2,0,0.0,5.3,5.3,0,9,-10.5,5.0,400.0
3.1,0.0,2,400.0,22.0,0,0,0.100175142288,0,94.0,2,16,-5.24605364197,-0.754268642848,5.3,0,9,-10.5,5.0,400.0
3.1,0.0,2,400.0,22.0,0,0,0.0999689102173,0,94.0,2,15,-4.82104957538,-2.20169956891,5.3,0,9,-10.5,5.0,400.0
3.1,0.0,2,400.0,22.0,0,0,0.100082159042,0,94.0,2,13,-2.86539633251,-4.45864372401,5.3,0,9,-10.5,5.0,400.0
3.1,0.0,1,400.0,22.0,0,-2,0.100088834763,-2,94.0,1,10,1.49318255126,-5.08531276016,5.3,0,9,-10.5,5.0,400.0
3.1,0.0,2,400.0,22.0,0,0,0.100124835968,0,94.0,2,0,0.0,5.3,5.3,0,9,-10.5,5.0,400.0
3.1,0.0,1,400.0,22.0,0,2,0.100121021271,2,94.0,1,0,0.0,5.3,5.3,0,9,-10.5,5.0,400.0
3.1,0.0,2,400.0,22.0,0,-1,0.100140094757,-1,94.0,2,17,-5.24605364197,0.754268642848,5.3,0,9,-10.5,5.0,400.0
3.1,0.0,1,400.0,22.0,0,1,0.10008597374,1,94.0,1,9,2.86539633251,-4.45864372401,5.3,0,9,-10.5,5.0,400.0
3.1,0.0,1,400.0,22.0,0,2,0.100255966187,2,94.0,1,10,1.49318255126,-5.08531276016,5.3,0,9,-10.5,5.0,400.0
3.1,0.0,1,400.0,22.0,0,2,0.100125074387,2,94.0,1,14,-4.00547274408,-3.47076188991,5.3,0,9,-10.5,5.0,400.0
3.1,0.0,1,400.0,22.0,0,0,0.100088119507,0,94.0,1,19,-4.00547274408,3.47076188991,5.3,0,9,-10.5,5.0,400.0
3.1,0.0,1,400.0,22.0,0,0,0.100131988525,0,94.0,1,20,-2.86539633251,4.45864372401,5.3,0,9,-10.5,5.0,400.0
3.1,0.0,1,400.0,22.0,0,0,0.100152015686,0,94.0,1,2,2.86539633251,4.45864372401,5.3,0,9,-10.5,5.0,400.0
3.1,0.0,1,400.0,22.0,0,-2,0.100154876709,-2,94.0,1,15,-4.82104957538,-2.20169956891,5.3,0,9,-10.5,5.0,400.0
3.1,0.0,2,400.0,22.0,0,2,0.100140094757,2,94.0,2,13,-2.86539633251,-4.45864372401,5.3,0,9,-10.5,5.0,400.0
3.1,0.0,2,400.0,22.0,0,0,0.100016832352,0,94.0,2,15,-4.82104957538,-2.20169956891,5.3,0,9,-10.5,5.0,400.0
3.1,0.0,1,400.0,22.0,0,-2,0.100347042084,-2,94.0,1,12,-1.49318255126,-5.08531276016,5.3,0,9,-10.5,5.0,400.0
3.1,0.0,1,400.0,22.0,0,0,0.100101947784,0,94.0,1,6,5.24605364197,-0.754268642848,5.3,0,9,-10.5,5.0,400.0
3.1,0.0,1,400.0,22.0,0,0,0.100103855133,0,94.0,1,11,6.49041367526e-16,-5.3,5.3,0,9,-10.5,5.0,400.0
3.1,0.0,1,400.0,22.0,0,0,0.0999279022217,0,94.0,1,19,-4.00547274408,3.47076188991,5.3,0,9,-10.5,5.0,400.0
3.1,0.0,1,400.0,22.0,0,0,0.100133180618,0,94.0,1,1,1.49318255126,5.08531276016,5.3,0,9,-10.5,5.0,400.0
3.1,0.0,2,400.0,22.0,0,0,0.100054979324,0,94.0,2,19,-4.00547274408,3.47076188991,5.3,0,9,-10.5,5.0,400.0
3.1,0.0,1,400.0,22.0,0,0,0.100140094757,0,94.0,1,0,0.0,5.3,5.3,0,9,-10.5,5.0,400.0
3.1,0.0,1,400.0,22.0,0,0,0.0995438098907,0,94.0,1,3,4.00547274408,3.47076188991,5.3,0,9,-10.5,5.0,400.0
3.1,0.0,1,400.0,22.0,0,0,0.100083112717,0,94.0,1,18,-4.82104957538,2.20169956891,5.3,0,9,-10.5,5.0,400.0
3.1,0.0,2,400.0,22.0,0,-1,0.100105047226,-1,94.0,2,8,4.00547274408,-3.47076188991,5.3,0,9,-10.5,5.0,400.0
3.1,0.0,2,400.0,22.0,0,2,0.0995831489563,2,94.0,2,4,4.82104957538,2.20169956891,5.3,0,9,-10.5,5.0,400.0
3.1,0.0,2,400.0,22.0,0,-1,0.100129127502,-1,94.0,2,17,-5.24605364197,0.754268642848,5.3,0,9,-10.5,5.0,400.0
3.1,0.0,1,400.0,22.0,0,0,0.100075960159,0,94.0,1,3,4.00547274408,3.47076188991,5.3,0,9,-10.5,5.0,400.0
3.1,0.0,1,400.0,22.0,0,0,0.100082159042,-1,94.0,1,0,0.0,5.3,5.3,0,9,-10.5,5.0,400.0
3.1,0.0,2,400.0,22.0,0,0,0.100147008896,0,94.0,1,4,4.82104957538,2.20169956891,5.3,0,9,-10.5,5.0,400.0
3.1,0.0,2,400.0,22.0,0,2,0.100103139877,-2,94.0,2,2,2.86539633251,4.45864372401,5.3,0,9,-10.5,5.0,400.0
3.1,0.0,2,400.0,22.0,0,2,0.100079774857,2,94.0,2,18,-4.82104957538,2.20169956891,5.3,0,9,-10.5,5.0,400.0
3.1,0.0,1,400.0,22.0,0,-2,0.10015296936,-2,94.0,1,1,1.49318255126,5.08531276016,5.3,0,9,-10.5,5.0,400.0
3.1,0.0,2,400.0,22.0,0,-1,0.100120067596,-1,94.0,2,13,-2.86539633251,-4.45864372401,5.3,0,9,-10.5,5.0,400.0
3.1,0.0,2,400.0,22.0,0,-1,0.100162982941,-1,94.0,2,9,2.86539633251,-4.45864372401,5.3,0,9,-10.5,5.0,400.0
3.1,0.0,2,400.0,22.0,0,-2,0.100000143051,-2,94.0,2,12,-1.49318255126,-5.08531276016,5.3,0,9,-10.5,5.0,400.0
3.1,0.0,2,400.0,22.0,0,-2,0.100121974945,-2,94.0,2,11,6.49041367526e-16,-5.3,5.3,0,9,-10.5,5.0,400.0
3.1,0.0,1,400.0,22.0,0,0,0.100104093552,-2,94.0,1,4,4.82104957538,2.20169956891,5.3,0,9,-10.5,5.0,400.0
3.1,0.0,1,400.0,22.0,0,0,0.100085020065,0,94.0,1,20,-2.86539633251,4.45864372401,5.3,0,9,-10.5,5.0,400.0
3.1,0.0,1,400.0,22.0,0,1,0.100141048431,1,94.0,2,4,4.82104957538,2.20169956891,5.3,0,9,-10.5,5.0,400.0
3.1,0.0,1,400.0,22.0,0,-2,0.100107908249,-2,94.0,1,9,2.86539633251,-4.45864372401,5.3,0,9,-10.5,5.0,400.0
3.1,0.0,2,400.0,22.0,0,0,0.0998430252075,0,94.0,2,8,4.00547274408,-3.47076188991,5.3,0,9,-10.5,5.0,400.0
3.1,0.0,2,400.0,22.0,0,1,0.10012793541,1,94.0,2,20,-2.86539633251,4.45864372401,5.3,0,9,-10.5,5.0,400.0
3.1,0.0,1,400.0,22.0,0,-1,0.100078821182,-1,94.0,2,1,1.49318255126,5.08531276016,5.3,0,9,-10.5,5.0,400.0
3.1,0.0,2,400.0,22.0,0,1,0.1002202034,1,94.0,2,12,-1.49318255126,-5.08531276016,5.3,0,9,-10.5,5.0,400.0
3.1,0.0,1,400.0,22.0,0,-1,0.100082874298,-1,94.0,1,14,-4.00547274408,-3.47076188991,5.3,0,9,-10.5,5.0,400.0
3.1,0.0,2,400.0,22.0,0,-2,0.100145101547,-2,94.0,2,3,4.00547274408,3.47076188991,5.3,0,9,-10.5,5.0,400.0
3.1,0.0,2,400.0,22.0,0,0,0.100006103516,0,94.0,2,16,-5.24605364197,-0.754268642848,5.3,0,9,-10.5,5.0,400.0
3.1,0.0,1,400.0,22.0,0,-1,0.100178003311,-1,94.0,1,12,-1.49318255126,-5.08531276016,5.3,0,9,-10.5,5.0,400.0
3.1,0.0,2,400.0,22.0,0,-1,0.100296974182,-1,94.0,2,8,4.00547274408,-3.47076188991,5.3,0,9,-10.5,5.0,400.0
3.1,0.0,1,400.0,22.0,0,1,0.100184202194,1,94.0,1,7,4.82104957538,-2.20169956891,5.3,0,9,-10.5,5.0,400.0
3.1,0.0,1,400.0,22.0,0,1,0.10019493103,1,94.0,1,2,2.86539633251,4.45864372401,5.3,0,9,-10.5,5.0,400.0
3.1,0.0,2,400.0,22.0,0,-1,0.100135087967,-1,94.0,2,7,4.82104957538,-2.20169956891,5.3,0,9,-10.5,5.0,400.0
3.1,0.0,2,400.0,22.0,0,-1,0.100126028061,-1,94.0,2,8,4.00547274408,-3.47076188991,5.3,0,9,-10.5,5.0,400.0
3.1,0.0,2,400.0,22.0,0,0,0.100136041641,0,94.0,2,6,5.24605364197,-0.754268642848,5.3,0,9,-10.5,5.0,400.0
3.1,0.0,2,400.0,22.0,0,0,0.100069999695,0,94.0,2,14,-4.00547274408,-3.47076188991,5.3,0,9,-10.5,5.0,400.0
3.1,0.0,1,400.0,22.0,0,1,0.100118875504,1,94.0,1,18,-4.82104957538,2.20169956891,5.3,0,9,-10.5,5.0,400.0
3.1,0.0,1,400.0,22.0,0,-1,0.100095033646,-1,94.0,1,6,5.24605364197,-0.754268642848,5.3,0,9,-10.5,5.0,400.0
3.1,0.0,1,400.0,22.0,0,0,0.100121974945,0,94.0,1,0,0.0,5.3,5.3,0,9,-10.5,5.0,400.0
3.1,0.0,1,400.0,22.0,0,-1,0.100167989731,-1,94.0,1,8,4.00547274408,-3.47076188991,5.3,0,9,-10.5,5.0,400.0
3.1,0.0,2,400.0,22.0,0,1,0.0998408794403,1,94.0,2,2,2.86539633251,4.45864372401,5.3,0,9,-10.5,5.0,400.0
3.1,0.0,2,400.0,22.0,0,-1,0.100101947784,-1,94.0,2,8,4.00547274408,-3.47076188991,5.3,0,9,-10.5,5.0,400.0
3.1,0.0,2,400.0,22.0,0,0,0.0998091697693,0,94.0,2,6,5.24605364197,-0.754268642848,5.3,0,9,-10.5,5.0,400.0
3.1,0.0,2,400.0,22.0,0,-1,0.0997951030731,-1,94.0,2,10,1.49318255126,-5.08531276016,5.3,0,9,-10.5,5.0,400.0
3.1,0.0,2,400.0,22.0,0,-2,0.100128889084,-2,94.0,2,15,-4.82104957538,-2.20169956891,5.3,0,9,-10.5,5.0,400.0
3.1,0.0,2,400.0,22.0,0,0,0.100093126297,0,94.0,2,7,4.82104957538,-2.20169956891,5.3,0,9,-10.5,5.0,400.0
3.1,0.0,2,400.0,22.0,0,0,0.0999958515167,0,94.0,2,9,2.86539633251,-4.45864372401,5.3,0,9,-10.5,5.0,400.0
3.1,0.0,2,400.0,22.0,0,0,0.100082159042,0,94.0,2,20,-2.86539633251,4.45864372401,5.3,0,9,-10.5,5.0,400.0
3.1,0.0,1,400.0,22.0,0,-1,0.100140094757,-1,94.0,1,7,4.82104957538,-2.20169956891,5.3,0,9,-10.5,5.0,400.0
3.1,0.0,1,400.0,22.0,0,0,0.100104808807,0,94.0,1,1,1.49318255126,5.08531276016,5.3,0,9,-10.5,5.0,400.0
3.1,0.0,1,400.0,22.0,0,-1,0.100161075592,-1,94.0,2,9,2.86539633251,-4.45864372401,5.3,0,9,-10.5,5.0,400.0
3.1,0.0,1,400.0,22.0,0,0,0.100097179413,0,94.0,2,4,4.82104957538,2.20169956891,5.3,0,9,-10.5,5.0,400.0
3.1,0.0,2,400.0,22.0,0,0,0.10028386116,1,94.0,1,20,-2.86539633251,4.45864372401,5.3,0,9,-10.5,5.0,400.0
3.1,0.0,2,400.0,22.0,0,0,0.100145816803,0,94.0,1,0,0.0,5.3,5.3,0,9,-10.5,5.0,400.0
3.1,0.0,2,400.0,22.0,0,-1,0.100123882294,0,94.0,1,1,1.49318255126,5.08531276016,5.3,0,9,-10.5,5.0,400.0
3.1,0.0,2,400.0,22.0,0,2,0.100017786026,2,94.0,2,15,-4.82104957538,-2.20169956891,5.3,0,9,-10.5,5.0,400.0
3.1,0.0,2,400.0,22.0,0,-2,0.100147008896,-2,94.0,2,10,1.49318255126,-5.08531276016,5.3,0,9,-10.5,5.0,400.0
3.1,0.0,2,400.0,22.0,0,0,0.100110054016,0,94.0,1,19,-4.00547274408,3.47076188991,5.3,0,9,-10.5,5.0,400.0
3.1,0.0,2,400.0,22.0,0,2,0.100163936615,2,94.0,2,9,2.86539633251,-4.45864372401,5.3,0,9,-10.5,5.0,400.0
3.1,0.0,2,400.0,22.0,0,0,0.100154876709,-2,94.0,2,20,-2.86539633251,4.45864372401,5.3,0,9,-10.5,5.0,400.0
3.1,0.0,2,400.0,22.0,0,-2,0.100150108337,-2,94.0,2,14,-4.00547274408,-3.47076188991,5.3,0,9,-10.5,5.0,400.0
3.1,0.0,1,400.0,22.0,0,0,0.100163936615,0,94.0,1,2,2.86539633251,4.45864372401,5.3,0,9,-10.5,5.0,400.0
3.1,0.0,1,400.0,22.0,0,2,0.100072860718,2,94.0,1,18,-4.82104957538,2.20169956891,5.3,0,9,-10.5,5.0,400.0
3.1,0.0,1,400.0,22.0,0,-1,0.100136995316,-1,94.0,1,6,5.24605364197,-0.754268642848,5.3,0,9,-10.5,5.0,400.0
3.1,0.0,1,400.0,22.0,0,-1,0.10009598732,-1,94.0,1,0,0.0,5.3,5.3,0,9,-10.5,5.0,400.0
3.1,0.0,2,400.0,22.0,0,-2,0.100169897079,-2,94.0,2,2,2.86539633251,4.45864372401,5.3,0,9,-10.5,5.0,400.0
3.1,0.0,1,400.0,22.0,0,1,0.100178003311,1,94.0,1,3,4.00547274408,3.47076188991,5.3,0,9,-10.5,5.0,400.0
3.1,0.0,2,400.0,22.0,0,-2,0.100142002106,-2,94.0,2,11,6.49041367526e-16,-5.3,5.3,0,9,-10.5,5.0,400.0
3.1,0.0,2,400.0,22.0,0,0,0.100130081177,0,94.0,2,2,2.86539633251,4.45864372401,5.3,0,9,-10.5,5.0,400.0
3.1,0.0,2,400.0,22.0,0,1,0.100148200989,1,94.0,2,3,4.00547274408,3.47076188991,5.3,0,9,-10.5,5.0,400.0
3.1,0.0,1,400.0,22.0,0,-1,0.100116968155,-1,94.0,1,20,-2.86539633251,4.45864372401,5.3,0,9,-10.5,5.0,400.0
3.1,0.0,2,400.0,22.0,0,-2,0.0998871326447,-2,94.0,2,9,2.86539633251,-4.45864372401,5.3,0,9,-10.5,5.0,400.0
3.1,0.0,1,400.0,22.0,0,-2,0.0996279716492,1,94.0,1,10,1.49318255126,-5.08531276016,5.3,0,9,-10.5,5.0,400.0
3.1,0.0,1,400.0,22.0,0,-2,0.10009598732,2,94.0,1,13,-2.86539633251,-4.45864372401,5.3,0,9,-10.5,5.0,400.0
3.1,0.0,1,400.0,22.0,0,2,0.100095033646,-1,94.0,2,0,0.0,5.3,5.3,0,9,-10.5,5.0,400.0
3.1,0.0,2,400.0,22.0,0,1,0.100175857544,-2,94.0,2,14,-4.00547274408,-3.47076188991,5.3,0,9,-10.5,5.0,400.0
3.1,0.0,1,400.0,22.0,0,2,0.100064992905,0,94.0,1,17,-5.24605364197,0.754268642848,5.3,0,9,-10.5,5.0,400.0
3.1,0.0,1,400.0,22.0,0,1,0.10005402565,1,94.0,1,3,4.00547274408,3.47076188991,5.3,0,9,-10.5,5.0,400.0
3.1,0.0,1,400.0,22.0,0,1,0.10009098053,1,94.0,1,15,-4.82104957538,-2.20169956891,5.3,0,9,-10.5,5.0,400.0
3.1,0.0,1,400.0,22.0,0,1,0.0998208522797,1,94.0,2,4,4.82104957538,2.20169956891,5.3,0,9,-10.5,5.0,400.0
3.1,0.0,2,400.0,22.0,0,0,0.0999398231506,0,94.0,2,2,2.86539633251,4.45864372401,5.3,0,9,-10.5,5.0,400.0
3.1,0.0,1,400.0,22.0,0,1,0.100112915039,1,94.0,1,3,4.00547274408,3.47076188991,5.3,0,9,-10.5,5.0,400.0
3.1,0.0,2,400.0,22.0,0,0,0.100135087967,0,94.0,2,21,-1.49318255126,5.08531276016,5.3,0,9,-10.5,5.0,400.0
3.1,0.0,2,400.0,22.0,0,0,0.0997829437256,1,94.0,1,4,4.82104957538,2.20169956891,5.3,0,9,-10.5,5.0,400.0
3.1,0.0,2,400.0,22.0,0,1,0.100073099136,1,94.0,2,3,4.00547274408,3.47076188991,5.3,0,9,-10.5,5.0,400.0
3.1,0.0,1,400.0,22.0,0,1,0.100156068802,-1,94.0,1,15,-4.82104957538,-2.20169956891,5.3,0,9,-10.5,5.0,400.0
3.1,0.0,1,400.0,22.0,0,0,0.100136041641,0,94.0,1,17,-5.24605364197,0.754268642848,5.3,0,9,-10.5,5.0,400.0
3.1,0.0,1,400.0,22.0,0,-1,0.100114107132,-1,94.0,1,17,-5.24605364197,0.754268642848,5.3,0,9,-10.5,5.0,400.0
3.1,0.0,1,400.0,22.0,0,0,0.100118875504,0,94.0,1,17,-5.24605364197,0.754268642848,5.3,0,9,-10.5,5.0,400.0
3.1,0.0,2,400.0,22.0,0,0,0.100064992905,0,94.0,2,5,5.24605364197,0.754268642848,5.3,0,9,-10.5,5.0,400.0
3.1,0.0,2,400.0,22.0,0,2,0.10010099411,1,94.0,1,17,-5.24605364197,0.754268642848,5.3,0,9,-10.5,5.0,400.0
3.1,0.0,2,400.0,22.0,0,-2,0.0999338626862,-2,94.0,2,10,1.49318255126,-5.08531276016,5.3,0,9,-10.5,5.0,400.0
3.1,0.0,1,400.0,22.0,0,1,0.0999190807343,2,94.0,2,14,-4.00547274408,-3.47076188991,5.3,0,9,-10.5,5.0,400.0
3.1,0.0,2,400.0,22.0,0,-1,0.100100040436,-1,94.0,2,3,4.00547274408,3.47076188991,5.3,0,9,-10.5,5.0,400.0
3.1,0.0,1,400.0,22.0,0,0,0.0998840332031,2,94.0,2,8,4.00547274408,-3.47076188991,5.3,0,9,-10.5,5.0,400.0
3.1,0.0,1,400.0,22.0,0,1,0.100071907043,1,94.0,1,16,-5.24605364197,-0.754268642848,5.3,0,9,-10.5,5.0,400.0
3.1,0.0,1,400.0,22.0,0,-1,0.100118875504,1,94.0,1,2,2.86539633251,4.45864372401,5.3,0,9,-10.5,5.0,400.0
3.1,0.0,2,400.0,22.0,0,1,0.100126028061,1,94.0,2,13,-2.86539633251,-4.45864372401,5.3,0,9,-10.5,5.0,400.0
3.1,0.0,2,400.0,22.0,0,1,0.100006818771,1,94.0,2,3,4.00547274408,3.47076188991,5.3,0,9,-10.5,5.0,400.0
3.1,0.0,2,400.0,22.0,0,0,0.100123882294,0,94.0,2,7,4.82104957538,-2.20169956891,5.3,0,9,-10.5,5.0,400.0
3.1,0.0,2,400.0,22.0,0,0,0.10012793541,0,94.0,2,20,-2.86539633251,4.45864372401,5.3,0,9,-10.5,5.0,400.0
3.1,0.0,1,400.0,22.0,0,0,0.100082874298,0,94.0,1,5,5.24605364197,0.754268642848,5.3,0,9,-10.5,5.0,400.0
3.1,0.0,1,400.0,22.0,0,-1,0.099916934967,-1,94.0,1,9,2.86539633251,-4.45864372401,5.3,0,9,-10.5,5.0,400.0
3.1,0.0,2,400.0,22.0,0,0,0.0998752117157,0,94.0,2,13,-2.86539633251,-4.45864372401,5.3,0,9,-10.5,5.0,400.0
3.1,0.0,2,400.0,22.0,0,0,0.10014295578,0,94.0,2,15,-4.82104957538,-2.20169956891,5.3,0,9,-10.5,5.0,400.0
3.1,0.0,1,400.0,22.0,0,-2,0.100143909454,0,94.0,1,19,-4.00547274408,3.47076188991,5.3,0,9,-10.5,5.0,400.0
3.1,0.0,2,400.0,22.0,0,0,0.100148916245,0,94.0,2,7,4.82104957538,-2.20169956891,5.3,0,9,-10.5,5.0,400.0
3.1,0.0,1,400.0,22.0,0,-1,0.100068092346,-1,94.0,1,20,-2.86539633251,4.45864372401,5.3,0,9,-10.5,5.0,400.0
3.1,0.0,1,400.0,22.0,0,0,0.100152015686,0,94.0,1,13,-2.86539633251,-4.45864372401,5.3,0,9,-10.5,5.0,400.0
3.1,0.0,2,400.0,22.0,0,0,0.100126981735,0,94.0,2,8,4.00547274408,-3.47076188991,5.3,0,9,-10.5,5.0,400.0
3.1,0.0,2,400.0,22.0,0,1,0.100156068802,1,94.0,2,21,-1.49318255126,5.08531276016,5.3,0,9,-10.5,5.0,400.0
3.1,0.0,2,400.0,22.0,0,0,0.100149869919,0,94.0,1,5,5.24605364197,0.754268642848,5.3,0,9,-10.5,5.0,400.0
3.1,0.0,1,400.0,22.0,0,1,0.100090026855,0,94.0,1,6,5.24605364197,-0.754268642848,5.3,0,9,-10.5,5.0,400.0
3.1,0.0,2,400.0,22.0,0,0,0.100243091583,0,94.0,1,5,5.24605364197,0.754268642848,5.3,0,9,-10.5,5.0,400.0
3.1,0.0,2,400.0,22.0,0,0,0.10014295578,1,94.0,1,5,5.24605364197,0.754268642848,5.3,0,9,-10.5,5.0,400.0
3.1,0.0,1,400.0,22.0,0,0,0.100021123886,-1,94.0,1,0,0.0,5.3,5.3,0,9,-10.5,5.0,400.0
3.1,0.0,1,400.0,22.0,0,-2,0.100087165833,1,94.0,2,19,-4.00547274408,3.47076188991,5.3,0,9,-10.5,5.0,400.0
3.1,0.0,1,400.0,22.0,0,1,0.100103139877,1,94.0,1,19,-4.00547274408,3.47076188991,5.3,0,9,-10.5,5.0,400.0
3.1,0.0,2,400.0,22.0,0,0,0.100060939789,0,94.0,2,1,1.49318255126,5.08531276016,5.3,0,9,-10.5,5.0,400.0
3.1,0.0,2,400.0,22.0,0,0,0.0998899936676,0,94.0,2,2,2.86539633251,4.45864372401,5.3,0,9,-10.5,5.0,400.0
3.1,0.0,1,400.0,22.0,0,-1,0.100131988525,-1,94.0,1,7,4.82104957538,-2.20169956891,5.3,0,9,-10.5,5.0,400.0
3.1,0.0,1,400.0,22.0,0,-2,0.09983086586,0,94.0,1,17,-5.24605364197,0.754268642848,5.3,0,9,-10.5,5.0,400.0
3.1,0.0,1,400.0,22.0,0,-2,0.100112915039,-2,94.0,1,12,-1.49318255126,-5.08531276016,5.3,0,9,-10.5,5.0,400.0
3.1,0.0,1,400.0,22.0,0,2,0.100030899048,2,94.0,1,9,2.86539633251,-4.45864372401,5.3,0,9,-10.5,5.0,400.0
3.1,0.0,2,400.0,22.0,0,-2,0.100121021271,-2,94.0,2,2,2.86539633251,4.45864372401,5.3,0,9,-10.5,5.0,400.0
3.1,0.0,1,400.0,22.0,0,-2,0.100080966949,0,94.0,1,2,2.86539633251,4.45864372401,5.3,0,9,-10.5,5.0,400.0
3.1,0.0,1,400.0,22.0,0,-1,0.100018024445,-1,94.0,1,5,5.24605364197,0.754268642848,5.3,0,9,-10.5,5.0,400.0
3.1,0.0,2,400.0,22.0,0,1,0.100136995316,1,94.0,1,7,4.82104957538,-2.20169956891,5.3,0,9,-10.5,5.0,400.0
3.1,0.0,1,400.0,22.0,0,-2,0.100176811218,1,94.0,1,3,4.00547274408,3.47076188991,5.3,0,9,-10.5,5.0,400.0
3.1,0.0,1,400.0,22.0,0,-1,0.100167036057,-1,94.0,1,14,-4.00547274408,-3.47076188991,5.3,0,9,-10.5,5.0,400.0
3.1,0.0,2,400.0,22.0,0,2,0.100143909454,2,94.0,2,20,-2.86539633251,4.45864372401,5.3,0,9,-10.5,5.0,400.0
3.1,0.0,2,400.0,22.0,0,0,0.0998101234436,0,94.0,2,11,6.49041367526e-16,-5.3,5.3,0,9,-10.5,5.0,400.0
3.1,0.0,1,400.0,22.0,0,-2,0.100115060806,-2,94.0,1,2,2.86539633251,4.45864372401,5.3,0,9,-10.5,5.0,400.0
3.1,0.0,2,400.0,22.0,0,-1,0.100178003311,0,94.0,1,5,5.24605364197,0.754268642848,5.3,0,9,-10.5,5.0,400.0
3.1,0.0,1,400.0,22.0,0,-2,0.100150823593,1,94.0,1,12,-1.49318255126,-5.08531276016,5.3,0,9,-10.5,5.0,400.0
3.1,0.0,1,400.0,22.0,0,-2,0.100065946579,0,94.0,2,1,1.49318255126,5.08531276016,5.3,0,9,-10.5,5.0,400.0
3.1,0.0,1,400.0,22.0,0,1,0.0999751091003,1,94.0,2,13,-2.86539633251,-4.45864372401,5.3,0,9,-10.5,5.0,400.0
3.1,0.0,2,400.0,22.0,0,1,0.0999279022217,-1,94.0,1,9,2.86539633251,-4.45864372401,5.3,0,9,-10.5,5.0,400.0
3.1,0.0,2,400.0,22.0,0,1,0.100043058395,1,94.0,2,2,2.86539633251,4.45864372401,5.3,0,9,-10.5,5.0,400.0
3.1,0.0,2,400.0,22.0,0,1,0.100112915039,1,94.0,2,17,-5.24605364197,0.754268642848,5.3,0,9,-10.5,5.0,400.0
3.1,0.0,1,400.0,22.0,0,1,0.100171089172,1,94.0,2,16,-5.24605364197,-0.754268642848,5.3,0,9,-10.5,5.0,400.0
3.1,0.0,1,400.0,22.0,0,1,0.100136041641,1,94.0,1,9,2.86539633251,-4.45864372401,5.3,0,9,-10.5,5.0,400.0
3.1,0.0,1,400.0,22.0,0,0,0.100156068802,-1,94.0,1,17,-5.24605364197,0.754268642848,5.3,0,9,-10.5,5.0,400.0
3.1,0.0,2,400.0,22.0,0,0,0.100114822388,1,94.0,1,4,4.82104957538,2.20169956891,5.3,0,9,-10.5,5.0,400.0
3.1,0.0,1,400.0,22.0,0,-1,0.0995700359344,2,94.0,2,11,6.49041367526e-16,-5.3,5.3,0,9,-10.5,5.0,400.0
3.1,0.0,1,400.0,22.0,0,0,0.100108861923,0,94.0,2,21,-1.49318255126,5.08531276016,5.3,0,9,-10.5,5.0,400.0
3.1,0.0,2,400.0,22.0,0,-2,0.10009098053,-2,94.0,1,16,-5.24605364197,-0.754268642848,5.3,0,9,-10.5,5.0,400.0
3.1,0.0,1,400.0,22.0,0,0,0.100105047226,-1,94.0,1,3,4.00547274408,3.47076188991,5.3,0,9,-10.5,5.0,400.0
3.1,0.0,2,400.0,22.0,0,-1,0.100141048431,-1,94.0,2,8,4.00547274408,-3.47076188991,5.3,0,9,-10.5,5.0,400.0
3.1,0.0,2,400.0,22.0,0,2,0.100118875504,-1,94.0,2,20,-2.86539633251,4.45864372401,5.3,0,9,-10.5,5.0,400.0
3.1,0.0,2,400.0,22.0,0,1,0.100155115128,0,94.0,2,13,-2.86539633251,-4.45864372401,5.3,0,9,-10.5,5.0,400.0
3.1,0.0,2,400.0,22.0,0,-2,0.100102186203,0,94.0,2,15,-4.82104957538,-2.20169956891,5.3,0,9,-10.5,5.0,400.0
3.1,0.0,1,400.0,22.0,0,-1,0.100123167038,-1,94.0,1,8,4.00547274408,-3.47076188991,5.3,0,9,-10.5,5.0,400.0
3.1,0.0,1,400.0,22.0,0,1,0.100101947784,-2,94.0,2,1,1.49318255126,5.08531276016,5.3,0,9,-10.5,5.0,400.0
3.1,0.0,2,400.0,22.0,0,0,0.100146055222,0,94.0,2,5,5.24605364197,0.754268642848,5.3,0,9,-10.5,5.0,400.0
3.1,0.0,1,400.0,22.0,0,-1,0.100172996521,0,94.0,1,2,2.86539633251,4.45864372401,5.3,0,9,-10.5,5.0,400.0
3.1,0.0,2,400.0,22.0,0,-1,0.100098133087,-1,94.0,2,15,-4.82104957538,-2.20169956891,5.3,0,9,-10.5,5.0,400.0
3.1,0.0,1,400.0,22.0,0,-1,0.100134134293,2,94.0,1,5,5.24605364197,0.754268642848,5.3,0,9,-10.5,5.0,400.0
3.1,0.0,1,400.0,22.0,0,1,0.0997800827026,2,94.0,1,17,-5.24605364197,0.754268642848,5.3,0,9,-10.5,5.0,400.0
3.1,0.0,2,400.0,22.0,0,0,0.100038051605,0,94.0,1,3,4.00547274408,3.47076188991,5.3,0,9,-10.5,5.0,400.0
3.1,0.0,2,400.0,22.0,0,-2,0.100111961365,-1,94.0,2,16,-5.24605364197,-0.754268642848,5.3,0,9,-10.5,5.0,400.0
3.1,0.0,2,400.0,22.0,0,0,0.100090026855,0,94.0,2,3,4.00547274408,3.47076188991,5.3,0,9,-10.5,5.0,400.0
3.1,0.0,2,400.0,22.0,0,0,0.100124835968,0,94.0,2,12,-1.49318255126,-5.08531276016,5.3,0,9,-10.5,5.0,400.0
3.1,0.0,1,400.0,22.0,0,0,0.100121974945,0,94.0,1,5,5.24605364197,0.754268642848,5.3,0,9,-10.5,5.0,400.0
3.1,0.0,1,400.0,22.0,0,-2,0.100163936615,-1,94.0,1,16,-5.24605364197,-0.754268642848,5.3,0,9,-10.5,5.0,400.0
3.1,0.0,1,400.0,22.0,0,0,0.100152015686,0,94.0,1,4,4.82104957538,2.20169956891,5.3,0,9,-10.5,5.0,400.0
3.1,0.0,2,400.0,22.0,0,-1,0.100096940994,2,94.0,2,3,4.00547274408,3.47076188991,5.3,0,9,-10.5,5.0,400.0
3.1,0.0,1,400.0,22.0,0,-1,0.100155115128,0,94.0,1,5,5.24605364197,0.754268642848,5.3,0,9,-10.5,5.0,400.0
3.1,0.0,1,400.0,22.0,0,0,0.100191831589,-2,94.0,2,10,1.49318255126,-5.08531276016,5.3,0,9,-10.5,5.0,400.0
3.1,0.0,1,400.0,22.0,0,2,0.100128889084,2,94.0,1,15,-4.82104957538,-2.20169956891,5.3,0,9,-10.5,5.0,400.0
3.1,0.0,2,400.0,22.0,0,2,0.100091934204,2,94.0,2,0,0.0,5.3,5.3,0,9,-10.5,5.0,400.0
3.1,0.0,2,400.0,22.0,0,0,0.100081920624,1,94.0,2,18,-4.82104957538,2.20169956891,5.3,0,9,-10.5,5.0,400.0
3.1,0.0,1,400.0,22.0,0,0,0.10010099411,-2,94.0,2,5,5.24605364197,0.754268642848,5.3,0,9,-10.5,5.0,400.0
3.1,0.0,2,400.0,22.0,0,2,0.100020170212,1,94.0,1,20,-2.86539633251,4.45864372401,5.3,0,9,-10.5,5.0,400.0
3.1,0.0,2,400.0,22.0,0,0,0.0996949672699,0,94.0,2,11,6.49041367526e-16,-5.3,5.3,0,9,-10.5,5.0,400.0
3.1,0.0,1,400.0,22.0,0,2,0.100112915039,-1,94.0,1,2,2.86539633251,4.45864372401,5.3,0,9,-10.5,5.0,400.0
3.1,0.0,2,400.0,22.0,0,1,0.100233078003,2,94.0,1,13,-2.86539633251,-4.45864372401,5.3,0,9,-10.5,5.0,400.0
3.1,0.0,1,400.0,22.0,0,1,0.100191116333,-1,94.0,1,20,-2.86539633251,4.45864372401,5.3,0,9,-10.5,5.0,400.0
3.1,0.0,2,400.0,22.0,0,0,0.100095033646,0,94.0,1,5,5.24605364197,0.754268642848,5.3,0,9,-10.5,5.0,400.0
3.1,0.0,1,400.0,22.0,0,2,0.0999460220337,0,94.0,2,16,-5.24605364197,-0.754268642848,5.3,0,9,-10.5,5.0,400.0
3.1,0.0,2,400.0,22.0,0,-2,0.100114822388,-1,94.0,2,10,1.49318255126,-5.08531276016,5.3,0,9,-10.5,5.0,400.0
3.1,0.0,2,400.0,22.0,0,1,0.100101947784,-2,94.0,2,4,4.82104957538,2.20169956891,5.3,0,9,-10.5,5.0,400.0
3.1,0.0,1,400.0,22.0,0,2,0.100140094757,2,94.0,1,11,6.49041367526e-16,-5.3,5.3,0,9,-10.5,5.0,400.0
3.1,0.0,2,400.0,22.0,0,2,0.100183963776,0,94.0,2,2,2.86539633251,4.45864372401,5.3,0,9,-10.5,5.0,400.0
3.1,0.0,1,400.0,22.0,0,2,0.100167036057,0,94.0,1,16,-5.24605364197,-0.754268642848,5.3,0,9,-10.5,5.0,400.0
3.1,0.0,1,400.0,22.0,0,0,0.100155830383,0,94.0,1,5,5.24605364197,0.754268642848,5.3,0,9,-10.5,5.0,400.0
3.1,0.0,1,400.0,22.0,0,-2,0.100128889084,1,94.0,2,7,4.82104957538,-2.20169956891,5.3,0,9,-10.5,5.0,400.0
3.1,0.0,1,400.0,22.0,0,0,0.100105047226,-2,94.0,1,15,-4.82104957538,-2.20169956891,5.3,0,9,-10.5,5.0,400.0
3.1,0.0,1,400.0,22.0,0,2,0.100105047226,-1,94.0,2,9,2.86539633251,-4.45864372401,5.3,0,9,-10.5,5.0,400.0
3.1,0.0,2,400.0,22.0,0,-2,0.0999488830566,0,94.0,1,11,6.49041367526e-16,-5.3,5.3,0,9,-10.5,5.0,400.0
3.1,0.0,1,400.0,22.0,0,0,0.100301980972,-1,94.0,2,20,-2.86539633251,4.45864372401,5.3,0,9,-10.5,5.0,400.0
