cue-length,ms-precue,resp-v-hv,ms-st-cue,nitems,offset2,resp-h-pos,actualStimOn,resp-v-pos,ms-stimon,resp-h-hv,cue-loc-int,cue-loc-x,cue-loc-y,radius,bars-or-spot,version,offset,npractice,ntrials
3.1,0.0,2,400.0,22.0,10,-1,0.0971229076385,-2,94.0,1,0,0.0,5.3,5.3,5,8,8,5.0,400.0
3.1,0.0,2,400.0,22.0,10,0,0.0971698760986,2,94.0,1,16,-5.24605364197,-0.754268642848,5.3,5,8,8,5.0,400.0
3.1,0.0,2,400.0,22.0,10,-1,0.0970249176025,0,94.0,2,0,0.0,5.3,5.3,5,8,8,5.0,400.0
3.1,0.0,1,400.0,22.0,10,-2,0.097188949585,1,94.0,2,17,-5.24605364197,0.754268642848,5.3,5,8,8,5.0,400.0
3.1,0.0,1,400.0,22.0,10,-1,0.0974359512329,2,94.0,1,19,-4.00547274408,3.47076188991,5.3,5,8,8,5.0,400.0
3.1,0.0,1,400.0,22.0,10,-1,0.0970120429993,-1,94.0,1,3,4.00547274408,3.47076188991,5.3,5,8,8,5.0,400.0
3.1,0.0,2,400.0,22.0,10,1,0.0970211029053,0,94.0,2,16,-5.24605364197,-0.754268642848,5.3,5,8,8,5.0,400.0
3.1,0.0,2,400.0,22.0,10,-1,0.0969951152802,-1,94.0,2,15,-4.82104957538,-2.20169956891,5.3,5,8,8,5.0,400.0
3.1,0.0,2,400.0,22.0,10,0,0.0971729755402,0,94.0,2,7,4.82104957538,-2.20169956891,5.3,5,8,8,5.0,400.0
3.1,0.0,2,400.0,22.0,10,0,0.097186088562,0,94.0,2,10,1.49318255126,-5.08531276016,5.3,5,8,8,5.0,400.0
3.1,0.0,1,400.0,22.0,10,0,0.097198009491,0,94.0,1,8,4.00547274408,-3.47076188991,5.3,5,8,8,5.0,400.0
3.1,0.0,1,400.0,22.0,10,1,0.0969998836517,1,94.0,1,1,1.49318255126,5.08531276016,5.3,5,8,8,5.0,400.0
3.1,0.0,1,400.0,22.0,10,1,0.0969998836517,1,94.0,1,5,5.24605364197,0.754268642848,5.3,5,8,8,5.0,400.0
3.1,0.0,2,400.0,22.0,10,0,0.0969970226288,0,94.0,2,12,-1.49318255126,-5.08531276016,5.3,5,8,8,5.0,400.0
3.1,0.0,1,400.0,22.0,10,0,0.097207069397,0,94.0,1,16,-5.24605364197,-0.754268642848,5.3,5,8,8,5.0,400.0
3.1,0.0,1,400.0,22.0,10,1,0.0972049236298,1,94.0,1,21,-1.49318255126,5.08531276016,5.3,5,8,8,5.0,400.0
3.1,0.0,1,400.0,22.0,10,0,0.0971970558167,0,94.0,1,11,6.49041367526e-16,-5.3,5.3,5,8,8,5.0,400.0
3.1,0.0,1,400.0,22.0,10,2,0.0972068309784,2,94.0,1,18,-4.82104957538,2.20169956891,5.3,5,8,8,5.0,400.0
3.1,0.0,2,400.0,22.0,10,1,0.0971989631653,1,94.0,2,19,-4.00547274408,3.47076188991,5.3,5,8,8,5.0,400.0
3.1,0.0,2,400.0,22.0,10,1,0.0971870422363,1,94.0,2,3,4.00547274408,3.47076188991,5.3,5,8,8,5.0,400.0
3.1,0.0,1,400.0,22.0,10,1,0.0972020626068,1,94.0,1,3,4.00547274408,3.47076188991,5.3,5,8,8,5.0,400.0
3.1,0.0,1,400.0,22.0,10,1,0.0972080230713,1,94.0,1,15,-4.82104957538,-2.20169956891,5.3,5,8,8,5.0,400.0
3.1,0.0,2,400.0,22.0,10,2,0.0972080230713,2,94.0,2,8,4.00547274408,-3.47076188991,5.3,5,8,8,5.0,400.0
3.1,0.0,1,400.0,22.0,10,0,0.09716796875,0,94.0,1,7,4.82104957538,-2.20169956891,5.3,5,8,8,5.0,400.0
3.1,0.0,2,400.0,22.0,10,-1,0.0970339775085,-1,94.0,2,13,-2.86539633251,-4.45864372401,5.3,5,8,8,5.0,400.0
3.1,0.0,1,400.0,22.0,10,-1,0.0970320701599,-1,94.0,1,8,4.00547274408,-3.47076188991,5.3,5,8,8,5.0,400.0
3.1,0.0,1,400.0,22.0,10,0,0.0970420837402,0,94.0,1,2,2.86539633251,4.45864372401,5.3,5,8,8,5.0,400.0
3.1,0.0,1,400.0,22.0,10,-1,0.0970649719238,-1,94.0,1,21,-1.49318255126,5.08531276016,5.3,5,8,8,5.0,400.0
3.1,0.0,2,400.0,22.0,10,0,0.0970289707184,0,94.0,2,1,1.49318255126,5.08531276016,5.3,5,8,8,5.0,400.0
3.1,0.0,2,400.0,22.0,10,-2,0.0971968173981,-2,94.0,2,13,-2.86539633251,-4.45864372401,5.3,5,8,8,5.0,400.0
3.1,0.0,1,400.0,22.0,10,0,0.0971789360046,0,94.0,1,17,-5.24605364197,0.754268642848,5.3,5,8,8,5.0,400.0
3.1,0.0,2,400.0,22.0,10,2,0.0971791744232,0,94.0,2,5,5.24605364197,0.754268642848,5.3,5,8,8,5.0,400.0
3.1,0.0,2,400.0,22.0,10,-2,0.0972170829773,-2,94.0,2,20,-2.86539633251,4.45864372401,5.3,5,8,8,5.0,400.0
3.1,0.0,1,400.0,22.0,10,0,0.0971820354462,0,94.0,1,5,5.24605364197,0.754268642848,5.3,5,8,8,5.0,400.0
3.1,0.0,1,400.0,22.0,10,0,0.0971992015839,0,94.0,1,2,2.86539633251,4.45864372401,5.3,5,8,8,5.0,400.0
3.1,0.0,1,400.0,22.0,10,0,0.0971920490265,0,94.0,1,0,0.0,5.3,5.3,5,8,8,5.0,400.0
3.1,0.0,1,400.0,22.0,10,-1,0.0971710681915,-1,94.0,1,11,6.49041367526e-16,-5.3,5.3,5,8,8,5.0,400.0
3.1,0.0,2,400.0,22.0,10,2,0.0971879959106,2,94.0,2,9,2.86539633251,-4.45864372401,5.3,5,8,8,5.0,400.0
3.1,0.0,1,400.0,22.0,10,-2,0.0971841812134,-2,94.0,1,21,-1.49318255126,5.08531276016,5.3,5,8,8,5.0,400.0
3.1,0.0,2,400.0,22.0,10,0,0.0971789360046,0,94.0,2,0,0.0,5.3,5.3,5,8,8,5.0,400.0
3.1,0.0,1,400.0,22.0,10,1,0.0970089435577,1,94.0,1,21,-1.49318255126,5.08531276016,5.3,5,8,8,5.0,400.0
3.1,0.0,2,400.0,22.0,10,-1,0.0970230102539,-1,94.0,2,1,1.49318255126,5.08531276016,5.3,5,8,8,5.0,400.0
3.1,0.0,1,400.0,22.0,10,0,0.0972039699554,0,94.0,1,21,-1.49318255126,5.08531276016,5.3,5,8,8,5.0,400.0
3.1,0.0,1,400.0,22.0,10,1,0.0971879959106,1,94.0,1,17,-5.24605364197,0.754268642848,5.3,5,8,8,5.0,400.0
3.1,0.0,1,400.0,22.0,10,0,0.0971829891205,0,94.0,1,10,1.49318255126,-5.08531276016,5.3,5,8,8,5.0,400.0
3.1,0.0,2,400.0,22.0,10,-2,0.0970940589905,1,94.0,2,7,4.82104957538,-2.20169956891,5.3,5,8,8,5.0,400.0
3.1,0.0,1,400.0,22.0,10,1,0.0970029830933,1,94.0,1,20,-2.86539633251,4.45864372401,5.3,5,8,8,5.0,400.0
3.1,0.0,1,400.0,22.0,10,0,0.0972089767456,0,94.0,1,13,-2.86539633251,-4.45864372401,5.3,5,8,8,5.0,400.0
3.1,0.0,2,400.0,22.0,10,0,0.0969960689545,1,94.0,1,2,2.86539633251,4.45864372401,5.3,5,8,8,5.0,400.0
3.1,0.0,2,400.0,22.0,10,-2,0.0969920158386,-1,94.0,2,10,1.49318255126,-5.08531276016,5.3,5,8,8,5.0,400.0
3.1,0.0,2,400.0,22.0,10,2,0.0970010757446,2,94.0,2,8,4.00547274408,-3.47076188991,5.3,5,8,8,5.0,400.0
3.1,0.0,2,400.0,22.0,10,1,0.0970020294189,0,94.0,1,16,-5.24605364197,-0.754268642848,5.3,5,8,8,5.0,400.0
3.1,0.0,1,400.0,22.0,10,1,0.0972049236298,1,94.0,1,5,5.24605364197,0.754268642848,5.3,5,8,8,5.0,400.0
3.1,0.0,2,400.0,22.0,10,1,0.0972039699554,1,94.0,2,0,0.0,5.3,5.3,5,8,8,5.0,400.0
3.1,0.0,1,400.0,22.0,10,0,0.0972280502319,0,94.0,1,3,4.00547274408,3.47076188991,5.3,5,8,8,5.0,400.0
3.1,0.0,2,400.0,22.0,10,0,0.0970280170441,0,94.0,2,15,-4.82104957538,-2.20169956891,5.3,5,8,8,5.0,400.0
3.1,0.0,2,400.0,22.0,10,1,0.0970530509949,1,94.0,2,7,4.82104957538,-2.20169956891,5.3,5,8,8,5.0,400.0
3.1,0.0,2,400.0,22.0,10,0,0.0970330238342,0,94.0,2,14,-4.00547274408,-3.47076188991,5.3,5,8,8,5.0,400.0
3.1,0.0,1,400.0,22.0,10,0,0.0970439910889,0,94.0,1,9,2.86539633251,-4.45864372401,5.3,5,8,8,5.0,400.0
3.1,0.0,1,400.0,22.0,10,0,0.0970470905304,0,94.0,1,17,-5.24605364197,0.754268642848,5.3,5,8,8,5.0,400.0
3.1,0.0,1,400.0,22.0,10,0,0.0970439910889,0,94.0,1,15,-4.82104957538,-2.20169956891,5.3,5,8,8,5.0,400.0
3.1,0.0,2,400.0,22.0,10,0,0.0970351696014,0,94.0,2,0,0.0,5.3,5.3,5,8,8,5.0,400.0
3.1,0.0,1,400.0,22.0,10,1,0.0970430374146,0,94.0,1,12,-1.49318255126,-5.08531276016,5.3,5,8,8,5.0,400.0
3.1,0.0,2,400.0,22.0,10,-2,0.0970191955566,-2,94.0,2,1,1.49318255126,5.08531276016,5.3,5,8,8,5.0,400.0
3.1,0.0,2,400.0,22.0,10,0,0.0970220565796,0,94.0,2,0,0.0,5.3,5.3,5,8,8,5.0,400.0
3.1,0.0,2,400.0,22.0,10,0,0.097042798996,0,94.0,2,5,5.24605364197,0.754268642848,5.3,5,8,8,5.0,400.0
3.1,0.0,2,400.0,22.0,10,-2,0.0971739292145,1,94.0,1,2,2.86539633251,4.45864372401,5.3,5,8,8,5.0,400.0
3.1,0.0,2,400.0,22.0,10,-2,0.0971741676331,-2,94.0,2,18,-4.82104957538,2.20169956891,5.3,5,8,8,5.0,400.0
3.1,0.0,2,400.0,22.0,10,0,0.0971910953522,0,94.0,2,6,5.24605364197,-0.754268642848,5.3,5,8,8,5.0,400.0
3.1,0.0,1,400.0,22.0,10,1,0.0971808433533,1,94.0,1,1,1.49318255126,5.08531276016,5.3,5,8,8,5.0,400.0
3.1,0.0,1,400.0,22.0,10,0,0.0971748828888,-1,94.0,1,3,4.00547274408,3.47076188991,5.3,5,8,8,5.0,400.0
3.1,0.0,1,400.0,22.0,10,0,0.0971899032593,0,94.0,1,7,4.82104957538,-2.20169956891,5.3,5,8,8,5.0,400.0
3.1,0.0,1,400.0,22.0,10,0,0.0971629619598,1,94.0,1,9,2.86539633251,-4.45864372401,5.3,5,8,8,5.0,400.0
3.1,0.0,2,400.0,22.0,10,-1,0.0970180034637,-1,94.0,2,13,-2.86539633251,-4.45864372401,5.3,5,8,8,5.0,400.0
3.1,0.0,1,400.0,22.0,10,0,0.0970158576965,2,94.0,2,21,-1.49318255126,5.08531276016,5.3,5,8,8,5.0,400.0
3.1,0.0,1,400.0,22.0,10,0,0.0970430374146,0,94.0,1,4,4.82104957538,2.20169956891,5.3,5,8,8,5.0,400.0
3.1,0.0,2,400.0,22.0,10,-2,0.0970230102539,-2,94.0,2,10,1.49318255126,-5.08531276016,5.3,5,8,8,5.0,400.0
3.1,0.0,2,400.0,22.0,10,0,0.0971939563751,0,94.0,2,11,6.49041367526e-16,-5.3,5.3,5,8,8,5.0,400.0
3.1,0.0,2,400.0,22.0,10,2,0.0971751213074,1,94.0,1,19,-4.00547274408,3.47076188991,5.3,5,8,8,5.0,400.0
3.1,0.0,2,400.0,22.0,10,0,0.0971789360046,2,94.0,2,20,-2.86539633251,4.45864372401,5.3,5,8,8,5.0,400.0
3.1,0.0,1,400.0,22.0,10,-1,0.0970079898834,-1,94.0,1,11,6.49041367526e-16,-5.3,5.3,5,8,8,5.0,400.0
3.1,0.0,1,400.0,22.0,10,0,0.0970520973206,0,94.0,1,14,-4.00547274408,-3.47076188991,5.3,5,8,8,5.0,400.0
3.1,0.0,2,400.0,22.0,10,0,0.0972051620483,0,94.0,2,3,4.00547274408,3.47076188991,5.3,5,8,8,5.0,400.0
3.1,0.0,2,400.0,22.0,10,2,0.0971901416779,1,94.0,1,17,-5.24605364197,0.754268642848,5.3,5,8,8,5.0,400.0
3.1,0.0,2,400.0,22.0,10,1,0.0972099304199,1,94.0,2,2,2.86539633251,4.45864372401,5.3,5,8,8,5.0,400.0
3.1,0.0,2,400.0,22.0,10,1,0.0972039699554,1,94.0,2,17,-5.24605364197,0.754268642848,5.3,5,8,8,5.0,400.0
3.1,0.0,2,400.0,22.0,10,0,0.0972099304199,0,94.0,2,1,1.49318255126,5.08531276016,5.3,5,8,8,5.0,400.0
3.1,0.0,1,400.0,22.0,10,1,0.0972092151642,1,94.0,1,16,-5.24605364197,-0.754268642848,5.3,5,8,8,5.0,400.0
3.1,0.0,1,400.0,22.0,10,0,0.097042798996,0,94.0,1,3,4.00547274408,3.47076188991,5.3,5,8,8,5.0,400.0
3.1,0.0,2,400.0,22.0,10,0,0.0972061157227,0,94.0,1,17,-5.24605364197,0.754268642848,5.3,5,8,8,5.0,400.0
3.1,0.0,2,400.0,22.0,10,0,0.0971820354462,-2,94.0,2,10,1.49318255126,-5.08531276016,5.3,5,8,8,5.0,400.0
3.1,0.0,2,400.0,22.0,10,-1,0.0972020626068,-1,94.0,2,19,-4.00547274408,3.47076188991,5.3,5,8,8,5.0,400.0
3.1,0.0,1,400.0,22.0,10,0,0.0972068309784,2,94.0,2,7,4.82104957538,-2.20169956891,5.3,5,8,8,5.0,400.0
3.1,0.0,1,400.0,22.0,10,0,0.0972011089325,-1,94.0,1,21,-1.49318255126,5.08531276016,5.3,5,8,8,5.0,400.0
3.1,0.0,1,400.0,22.0,10,1,0.0972080230713,1,94.0,2,17,-5.24605364197,0.754268642848,5.3,5,8,8,5.0,400.0
3.1,0.0,1,400.0,22.0,10,0,0.0971651077271,0,94.0,1,4,4.82104957538,2.20169956891,5.3,5,8,8,5.0,400.0
3.1,0.0,2,400.0,22.0,10,-2,0.0971851348877,0,94.0,2,14,-4.00547274408,-3.47076188991,5.3,5,8,8,5.0,400.0
3.1,0.0,2,400.0,22.0,10,2,0.097207069397,2,94.0,2,15,-4.82104957538,-2.20169956891,5.3,5,8,8,5.0,400.0
3.1,0.0,2,400.0,22.0,10,0,0.0971801280975,0,94.0,2,10,1.49318255126,-5.08531276016,5.3,5,8,8,5.0,400.0
3.1,0.0,2,400.0,22.0,10,0,0.0972020626068,-1,94.0,2,16,-5.24605364197,-0.754268642848,5.3,5,8,8,5.0,400.0
3.1,0.0,2,400.0,22.0,10,-2,0.097198009491,-2,94.0,2,4,4.82104957538,2.20169956891,5.3,5,8,8,5.0,400.0
3.1,0.0,2,400.0,22.0,10,0,0.0971970558167,2,94.0,2,8,4.00547274408,-3.47076188991,5.3,5,8,8,5.0,400.0
3.1,0.0,2,400.0,22.0,10,0,0.0971899032593,0,94.0,1,17,-5.24605364197,0.754268642848,5.3,5,8,8,5.0,400.0
3.1,0.0,1,400.0,22.0,10,0,0.0971701145172,0,94.0,2,16,-5.24605364197,-0.754268642848,5.3,5,8,8,5.0,400.0
3.1,0.0,2,400.0,22.0,10,-1,0.097177028656,-1,94.0,1,0,0.0,5.3,5.3,5,8,8,5.0,400.0
3.1,0.0,2,400.0,22.0,10,0,0.0971641540527,0,94.0,2,17,-5.24605364197,0.754268642848,5.3,5,8,8,5.0,400.0
3.1,0.0,2,400.0,22.0,10,0,0.0971989631653,0,94.0,2,10,1.49318255126,-5.08531276016,5.3,5,8,8,5.0,400.0
3.1,0.0,1,400.0,22.0,10,-2,0.0971767902374,-2,94.0,2,18,-4.82104957538,2.20169956891,5.3,5,8,8,5.0,400.0
3.1,0.0,1,400.0,22.0,10,-1,0.0971641540527,-1,94.0,1,17,-5.24605364197,0.754268642848,5.3,5,8,8,5.0,400.0
3.1,0.0,2,400.0,22.0,10,1,0.0971660614014,0,94.0,2,12,-1.49318255126,-5.08531276016,5.3,5,8,8,5.0,400.0
3.1,0.0,2,400.0,22.0,10,-1,0.0971729755402,0,94.0,2,19,-4.00547274408,3.47076188991,5.3,5,8,8,5.0,400.0
3.1,0.0,2,400.0,22.0,10,0,0.0971851348877,0,94.0,2,11,6.49041367526e-16,-5.3,5.3,5,8,8,5.0,400.0
3.1,0.0,1,400.0,22.0,10,0,0.0971739292145,0,94.0,1,19,-4.00547274408,3.47076188991,5.3,5,8,8,5.0,400.0
3.1,0.0,1,400.0,22.0,10,0,0.0971791744232,1,94.0,2,11,6.49041367526e-16,-5.3,5.3,5,8,8,5.0,400.0
3.1,0.0,2,400.0,22.0,10,0,0.0971829891205,2,94.0,1,0,0.0,5.3,5.3,5,8,8,5.0,400.0
3.1,0.0,1,400.0,22.0,10,0,0.0971791744232,2,94.0,2,15,-4.82104957538,-2.20169956891,5.3,5,8,8,5.0,400.0
3.1,0.0,1,400.0,22.0,10,-1,0.0971739292145,2,94.0,2,16,-5.24605364197,-0.754268642848,5.3,5,8,8,5.0,400.0
3.1,0.0,2,400.0,22.0,10,0,0.0971870422363,0,94.0,2,13,-2.86539633251,-4.45864372401,5.3,5,8,8,5.0,400.0
3.1,0.0,1,400.0,22.0,10,0,0.0972008705139,0,94.0,2,11,6.49041367526e-16,-5.3,5.3,5,8,8,5.0,400.0
3.1,0.0,2,400.0,22.0,10,0,0.0971758365631,0,94.0,2,14,-4.00547274408,-3.47076188991,5.3,5,8,8,5.0,400.0
3.1,0.0,1,400.0,22.0,10,-1,0.0972139835358,2,94.0,1,6,5.24605364197,-0.754268642848,5.3,5,8,8,5.0,400.0
3.1,0.0,2,400.0,22.0,10,0,0.0971829891205,0,94.0,2,7,4.82104957538,-2.20169956891,5.3,5,8,8,5.0,400.0
3.1,0.0,1,400.0,22.0,10,-1,0.0972130298615,-1,94.0,1,9,2.86539633251,-4.45864372401,5.3,5,8,8,5.0,400.0
3.1,0.0,2,400.0,22.0,10,0,0.0972170829773,1,94.0,2,15,-4.82104957538,-2.20169956891,5.3,5,8,8,5.0,400.0
3.1,0.0,1,400.0,22.0,10,2,0.0971829891205,1,94.0,2,2,2.86539633251,4.45864372401,5.3,5,8,8,5.0,400.0
3.1,0.0,1,400.0,22.0,10,2,0.0971949100494,1,94.0,1,6,5.24605364197,-0.754268642848,5.3,5,8,8,5.0,400.0
3.1,0.0,2,400.0,22.0,10,0,0.0971829891205,0,94.0,2,15,-4.82104957538,-2.20169956891,5.3,5,8,8,5.0,400.0
3.1,0.0,1,400.0,22.0,10,2,0.0970010757446,-1,94.0,1,3,4.00547274408,3.47076188991,5.3,5,8,8,5.0,400.0
3.1,0.0,1,400.0,22.0,10,-1,0.097186088562,-2,94.0,1,19,-4.00547274408,3.47076188991,5.3,5,8,8,5.0,400.0
3.1,0.0,2,400.0,22.0,10,2,0.0971989631653,1,94.0,2,1,1.49318255126,5.08531276016,5.3,5,8,8,5.0,400.0
3.1,0.0,1,400.0,22.0,10,0,0.0972011089325,-1,94.0,2,8,4.00547274408,-3.47076188991,5.3,5,8,8,5.0,400.0
3.1,0.0,1,400.0,22.0,10,0,0.0971970558167,1,94.0,1,4,4.82104957538,2.20169956891,5.3,5,8,8,5.0,400.0
3.1,0.0,1,400.0,22.0,10,-2,0.0971930027008,-2,94.0,2,7,4.82104957538,-2.20169956891,5.3,5,8,8,5.0,400.0
3.1,0.0,2,400.0,22.0,10,-2,0.0972008705139,0,94.0,1,3,4.00547274408,3.47076188991,5.3,5,8,8,5.0,400.0
3.1,0.0,1,400.0,22.0,10,2,0.0971879959106,-1,94.0,2,3,4.00547274408,3.47076188991,5.3,5,8,8,5.0,400.0
3.1,0.0,1,400.0,22.0,10,1,0.0972039699554,1,94.0,1,9,2.86539633251,-4.45864372401,5.3,5,8,8,5.0,400.0
3.1,0.0,1,400.0,22.0,10,1,0.0971949100494,-1,94.0,2,7,4.82104957538,-2.20169956891,5.3,5,8,8,5.0,400.0
3.1,0.0,2,400.0,22.0,10,2,0.0971691608429,0,94.0,2,14,-4.00547274408,-3.47076188991,5.3,5,8,8,5.0,400.0
3.1,0.0,1,400.0,22.0,10,0,0.0972120761871,0,94.0,1,1,1.49318255126,5.08531276016,5.3,5,8,8,5.0,400.0
3.1,0.0,1,400.0,22.0,10,1,0.0971939563751,-2,94.0,2,9,2.86539633251,-4.45864372401,5.3,5,8,8,5.0,400.0
3.1,0.0,1,400.0,22.0,10,0,0.0972049236298,0,94.0,1,14,-4.00547274408,-3.47076188991,5.3,5,8,8,5.0,400.0
3.1,0.0,2,400.0,22.0,10,0,0.0970978736877,-2,94.0,2,6,5.24605364197,-0.754268642848,5.3,5,8,8,5.0,400.0
3.1,0.0,2,400.0,22.0,10,0,0.0970818996429,1,94.0,2,10,1.49318255126,-5.08531276016,5.3,5,8,8,5.0,400.0
3.1,0.0,2,400.0,22.0,10,1,0.0971720218658,-2,94.0,2,18,-4.82104957538,2.20169956891,5.3,5,8,8,5.0,400.0
3.1,0.0,2,400.0,22.0,10,1,0.0971651077271,2,94.0,1,2,2.86539633251,4.45864372401,5.3,5,8,8,5.0,400.0
3.1,0.0,2,400.0,22.0,10,0,0.0971760749817,1,94.0,1,7,4.82104957538,-2.20169956891,5.3,5,8,8,5.0,400.0
3.1,0.0,1,400.0,22.0,10,0,0.0971930027008,0,94.0,2,10,1.49318255126,-5.08531276016,5.3,5,8,8,5.0,400.0
3.1,0.0,1,400.0,22.0,10,0,0.0971608161926,0,94.0,1,9,2.86539633251,-4.45864372401,5.3,5,8,8,5.0,400.0
3.1,0.0,2,400.0,22.0,10,0,0.097286939621,0,94.0,1,9,2.86539633251,-4.45864372401,5.3,5,8,8,5.0,400.0
3.1,0.0,2,400.0,22.0,10,2,0.0971729755402,-1,94.0,1,13,-2.86539633251,-4.45864372401,5.3,5,8,8,5.0,400.0
3.1,0.0,1,400.0,22.0,10,-1,0.0970139503479,-2,94.0,1,2,2.86539633251,4.45864372401,5.3,5,8,8,5.0,400.0
3.1,0.0,1,400.0,22.0,10,-1,0.0970208644867,-1,94.0,2,8,4.00547274408,-3.47076188991,5.3,5,8,8,5.0,400.0
3.1,0.0,1,400.0,22.0,10,0,0.0970180034637,1,94.0,2,7,4.82104957538,-2.20169956891,5.3,5,8,8,5.0,400.0
3.1,0.0,2,400.0,22.0,10,0,0.0970239639282,-2,94.0,2,0,0.0,5.3,5.3,5,8,8,5.0,400.0
3.1,0.0,1,400.0,22.0,10,-2,0.0971689224243,-1,94.0,2,0,0.0,5.3,5.3,5,8,8,5.0,400.0
3.1,0.0,2,400.0,22.0,10,-2,0.0971789360046,1,94.0,1,19,-4.00547274408,3.47076188991,5.3,5,8,8,5.0,400.0
3.1,0.0,1,400.0,22.0,10,2,0.097186088562,2,94.0,1,20,-2.86539633251,4.45864372401,5.3,5,8,8,5.0,400.0
3.1,0.0,1,400.0,22.0,10,-2,0.0971789360046,0,94.0,2,13,-2.86539633251,-4.45864372401,5.3,5,8,8,5.0,400.0
3.1,0.0,2,400.0,22.0,10,0,0.0971930027008,0,94.0,1,6,5.24605364197,-0.754268642848,5.3,5,8,8,5.0,400.0
3.1,0.0,2,400.0,22.0,10,-1,0.097179889679,-2,94.0,1,10,1.49318255126,-5.08531276016,5.3,5,8,8,5.0,400.0
3.1,0.0,1,400.0,22.0,10,2,0.0972139835358,-1,94.0,1,18,-4.82104957538,2.20169956891,5.3,5,8,8,5.0,400.0
3.1,0.0,2,400.0,22.0,10,-2,0.0971779823303,-1,94.0,2,4,4.82104957538,2.20169956891,5.3,5,8,8,5.0,400.0
3.1,0.0,2,400.0,22.0,10,0,0.0971729755402,1,94.0,1,3,4.00547274408,3.47076188991,5.3,5,8,8,5.0,400.0
3.1,0.0,1,400.0,22.0,10,2,0.0970060825348,2,94.0,1,2,2.86539633251,4.45864372401,5.3,5,8,8,5.0,400.0
3.1,0.0,2,400.0,22.0,10,-2,0.0971939563751,0,94.0,2,7,4.82104957538,-2.20169956891,5.3,5,8,8,5.0,400.0
3.1,0.0,1,400.0,22.0,10,0,0.0972001552582,0,94.0,2,8,4.00547274408,-3.47076188991,5.3,5,8,8,5.0,400.0
3.1,0.0,2,400.0,22.0,10,-1,0.0971958637238,-1,94.0,1,14,-4.00547274408,-3.47076188991,5.3,5,8,8,5.0,400.0
3.1,0.0,1,400.0,22.0,10,2,0.0972051620483,1,94.0,2,4,4.82104957538,2.20169956891,5.3,5,8,8,5.0,400.0
3.1,0.0,2,400.0,22.0,10,0,0.0972030162811,1,94.0,1,4,4.82104957538,2.20169956891,5.3,5,8,8,5.0,400.0
3.1,0.0,1,400.0,22.0,10,0,0.097198009491,0,94.0,1,17,-5.24605364197,0.754268642848,5.3,5,8,8,5.0,400.0
3.1,0.0,1,400.0,22.0,10,1,0.097088098526,0,94.0,1,11,6.49041367526e-16,-5.3,5.3,5,8,8,5.0,400.0
3.1,0.0,2,400.0,22.0,10,1,0.0972001552582,2,94.0,1,21,-1.49318255126,5.08531276016,5.3,5,8,8,5.0,400.0
3.1,0.0,1,400.0,22.0,10,0,0.0972039699554,-1,94.0,2,16,-5.24605364197,-0.754268642848,5.3,5,8,8,5.0,400.0
3.1,0.0,2,400.0,22.0,10,-2,0.0972039699554,1,94.0,2,6,5.24605364197,-0.754268642848,5.3,5,8,8,5.0,400.0
3.1,0.0,1,400.0,22.0,10,0,0.0972008705139,0,94.0,2,6,5.24605364197,-0.754268642848,5.3,5,8,8,5.0,400.0
3.1,0.0,2,400.0,22.0,10,-1,0.0972061157227,-2,94.0,2,16,-5.24605364197,-0.754268642848,5.3,5,8,8,5.0,400.0
3.1,0.0,1,400.0,22.0,10,2,0.0971868038177,-2,94.0,2,21,-1.49318255126,5.08531276016,5.3,5,8,8,5.0,400.0
3.1,0.0,2,400.0,22.0,10,-1,0.0971579551697,-1,94.0,2,18,-4.82104957538,2.20169956891,5.3,5,8,8,5.0,400.0
3.1,0.0,2,400.0,22.0,10,0,0.0971970558167,0,94.0,2,11,6.49041367526e-16,-5.3,5.3,5,8,8,5.0,400.0
3.1,0.0,1,400.0,22.0,10,2,0.0971870422363,-2,94.0,1,17,-5.24605364197,0.754268642848,5.3,5,8,8,5.0,400.0
3.1,0.0,2,400.0,22.0,10,0,0.0972330570221,0,94.0,1,6,5.24605364197,-0.754268642848,5.3,5,8,8,5.0,400.0
3.1,0.0,2,400.0,22.0,10,2,0.0972089767456,0,94.0,1,18,-4.82104957538,2.20169956891,5.3,5,8,8,5.0,400.0
3.1,0.0,2,400.0,22.0,10,0,0.0970339775085,1,94.0,2,2,2.86539633251,4.45864372401,5.3,5,8,8,5.0,400.0
3.1,0.0,1,400.0,22.0,10,0,0.0970728397369,1,94.0,2,21,-1.49318255126,5.08531276016,5.3,5,8,8,5.0,400.0
3.1,0.0,1,400.0,22.0,10,0,0.0971720218658,0,94.0,2,14,-4.00547274408,-3.47076188991,5.3,5,8,8,5.0,400.0
3.1,0.0,1,400.0,22.0,10,-1,0.0972020626068,1,94.0,2,2,2.86539633251,4.45864372401,5.3,5,8,8,5.0,400.0
3.1,0.0,2,400.0,22.0,10,2,0.0970289707184,-2,94.0,2,16,-5.24605364197,-0.754268642848,5.3,5,8,8,5.0,400.0
3.1,0.0,1,400.0,22.0,10,-2,0.0971729755402,0,94.0,1,12,-1.49318255126,-5.08531276016,5.3,5,8,8,5.0,400.0
3.1,0.0,2,400.0,22.0,10,-2,0.0970180034637,1,94.0,2,17,-5.24605364197,0.754268642848,5.3,5,8,8,5.0,400.0
3.1,0.0,1,400.0,22.0,10,2,0.0970339775085,1,94.0,2,12,-1.49318255126,-5.08531276016,5.3,5,8,8,5.0,400.0
3.1,0.0,1,400.0,22.0,10,0,0.0970220565796,2,94.0,2,1,1.49318255126,5.08531276016,5.3,5,8,8,5.0,400.0
3.1,0.0,2,400.0,22.0,10,1,0.0970149040222,1,94.0,2,6,5.24605364197,-0.754268642848,5.3,5,8,8,5.0,400.0
3.1,0.0,1,400.0,22.0,10,0,0.0971620082855,0,94.0,2,3,4.00547274408,3.47076188991,5.3,5,8,8,5.0,400.0
3.1,0.0,1,400.0,22.0,10,-1,0.0970311164856,0,94.0,1,17,-5.24605364197,0.754268642848,5.3,5,8,8,5.0,400.0
3.1,0.0,2,400.0,22.0,10,1,0.097020149231,1,94.0,1,18,-4.82104957538,2.20169956891,5.3,5,8,8,5.0,400.0
3.1,0.0,1,400.0,22.0,10,2,0.0970098972321,0,94.0,2,3,4.00547274408,3.47076188991,5.3,5,8,8,5.0,400.0
3.1,0.0,1,400.0,22.0,10,0,0.097177028656,-2,94.0,1,1,1.49318255126,5.08531276016,5.3,5,8,8,5.0,400.0
3.1,0.0,1,400.0,22.0,10,-2,0.0971848964691,0,94.0,1,4,4.82104957538,2.20169956891,5.3,5,8,8,5.0,400.0
3.1,0.0,1,400.0,22.0,10,-1,0.0971868038177,-1,94.0,2,16,-5.24605364197,-0.754268642848,5.3,5,8,8,5.0,400.0
3.1,0.0,1,400.0,22.0,10,2,0.0970017910004,0,94.0,1,20,-2.86539633251,4.45864372401,5.3,5,8,8,5.0,400.0
3.1,0.0,2,400.0,22.0,10,0,0.0971961021423,-1,94.0,1,21,-1.49318255126,5.08531276016,5.3,5,8,8,5.0,400.0
3.1,0.0,1,400.0,22.0,10,0,0.0971779823303,1,94.0,1,1,1.49318255126,5.08531276016,5.3,5,8,8,5.0,400.0
3.1,0.0,1,400.0,22.0,10,0,0.0971729755402,-2,94.0,2,11,6.49041367526e-16,-5.3,5.3,5,8,8,5.0,400.0
3.1,0.0,1,400.0,22.0,10,0,0.0969951152802,0,94.0,1,5,5.24605364197,0.754268642848,5.3,5,8,8,5.0,400.0
3.1,0.0,2,400.0,22.0,10,-1,0.0973429679871,1,94.0,1,15,-4.82104957538,-2.20169956891,5.3,5,8,8,5.0,400.0
3.1,0.0,1,400.0,22.0,10,-1,0.0972909927368,-1,94.0,1,8,4.00547274408,-3.47076188991,5.3,5,8,8,5.0,400.0
3.1,0.0,2,400.0,22.0,10,1,0.0970058441162,0,94.0,2,20,-2.86539633251,4.45864372401,5.3,5,8,8,5.0,400.0
3.1,0.0,2,400.0,22.0,10,-1,0.0970149040222,-1,94.0,2,16,-5.24605364197,-0.754268642848,5.3,5,8,8,5.0,400.0
3.1,0.0,2,400.0,22.0,10,0,0.0970330238342,1,94.0,2,13,-2.86539633251,-4.45864372401,5.3,5,8,8,5.0,400.0
3.1,0.0,1,400.0,22.0,10,1,0.0971870422363,1,94.0,2,19,-4.00547274408,3.47076188991,5.3,5,8,8,5.0,400.0
3.1,0.0,1,400.0,22.0,10,-1,0.0971939563751,0,94.0,1,5,5.24605364197,0.754268642848,5.3,5,8,8,5.0,400.0
3.1,0.0,2,400.0,22.0,10,0,0.097216129303,0,94.0,2,9,2.86539633251,-4.45864372401,5.3,5,8,8,5.0,400.0
3.1,0.0,2,400.0,22.0,10,0,0.0971989631653,0,94.0,2,8,4.00547274408,-3.47076188991,5.3,5,8,8,5.0,400.0
3.1,0.0,1,400.0,22.0,10,0,0.0972049236298,0,94.0,1,14,-4.00547274408,-3.47076188991,5.3,5,8,8,5.0,400.0
3.1,0.0,2,400.0,22.0,10,0,0.0971901416779,0,94.0,2,1,1.49318255126,5.08531276016,5.3,5,8,8,5.0,400.0
3.1,0.0,2,400.0,22.0,10,1,0.0971910953522,1,94.0,2,6,5.24605364197,-0.754268642848,5.3,5,8,8,5.0,400.0
3.1,0.0,1,400.0,22.0,10,0,0.0971958637238,0,94.0,1,4,4.82104957538,2.20169956891,5.3,5,8,8,5.0,400.0
3.1,0.0,1,400.0,22.0,10,1,0.0971939563751,1,94.0,1,5,5.24605364197,0.754268642848,5.3,5,8,8,5.0,400.0
3.1,0.0,1,400.0,22.0,10,0,0.0972080230713,2,94.0,1,5,5.24605364197,0.754268642848,5.3,5,8,8,5.0,400.0
3.1,0.0,2,400.0,22.0,10,1,0.0972049236298,-1,94.0,2,10,1.49318255126,-5.08531276016,5.3,5,8,8,5.0,400.0
3.1,0.0,2,400.0,22.0,10,2,0.0972030162811,2,94.0,2,17,-5.24605364197,0.754268642848,5.3,5,8,8,5.0,400.0
3.1,0.0,2,400.0,22.0,10,-1,0.0971801280975,-2,94.0,1,18,-4.82104957538,2.20169956891,5.3,5,8,8,5.0,400.0
3.1,0.0,2,400.0,22.0,10,-1,0.0971839427948,0,94.0,2,17,-5.24605364197,0.754268642848,5.3,5,8,8,5.0,400.0
3.1,0.0,2,400.0,22.0,10,0,0.0971820354462,1,94.0,1,9,2.86539633251,-4.45864372401,5.3,5,8,8,5.0,400.0
3.1,0.0,2,400.0,22.0,10,-1,0.0972108840942,-2,94.0,1,12,-1.49318255126,-5.08531276016,5.3,5,8,8,5.0,400.0
3.1,0.0,2,400.0,22.0,10,0,0.0971260070801,0,94.0,2,19,-4.00547274408,3.47076188991,5.3,5,8,8,5.0,400.0
3.1,0.0,2,400.0,22.0,10,-1,0.0970208644867,1,94.0,1,21,-1.49318255126,5.08531276016,5.3,5,8,8,5.0,400.0
3.1,0.0,2,400.0,22.0,10,0,0.0970270633698,-1,94.0,1,6,5.24605364197,-0.754268642848,5.3,5,8,8,5.0,400.0
3.1,0.0,2,400.0,22.0,10,1,0.0972049236298,1,94.0,2,18,-4.82104957538,2.20169956891,5.3,5,8,8,5.0,400.0
3.1,0.0,2,400.0,22.0,10,-2,0.0972008705139,2,94.0,2,15,-4.82104957538,-2.20169956891,5.3,5,8,8,5.0,400.0
3.1,0.0,1,400.0,22.0,10,0,0.0971851348877,0,94.0,2,5,5.24605364197,0.754268642848,5.3,5,8,8,5.0,400.0
3.1,0.0,2,400.0,22.0,10,0,0.0970089435577,0,94.0,2,2,2.86539633251,4.45864372401,5.3,5,8,8,5.0,400.0
3.1,0.0,2,400.0,22.0,10,1,0.0971851348877,1,94.0,2,3,4.00547274408,3.47076188991,5.3,5,8,8,5.0,400.0
3.1,0.0,2,400.0,22.0,10,2,0.097039937973,0,94.0,2,19,-4.00547274408,3.47076188991,5.3,5,8,8,5.0,400.0
3.1,0.0,2,400.0,22.0,10,1,0.0971732139587,1,94.0,2,7,4.82104957538,-2.20169956891,5.3,5,8,8,5.0,400.0
3.1,0.0,1,400.0,22.0,10,1,0.0972650051117,1,94.0,1,3,4.00547274408,3.47076188991,5.3,5,8,8,5.0,400.0
3.1,0.0,2,400.0,22.0,10,-1,0.0971899032593,-1,94.0,2,10,1.49318255126,-5.08531276016,5.3,5,8,8,5.0,400.0
3.1,0.0,2,400.0,22.0,10,-2,0.0971779823303,-1,94.0,1,15,-4.82104957538,-2.20169956891,5.3,5,8,8,5.0,400.0
3.1,0.0,2,400.0,22.0,10,-1,0.0970430374146,-2,94.0,2,21,-1.49318255126,5.08531276016,5.3,5,8,8,5.0,400.0
3.1,0.0,1,400.0,22.0,10,0,0.097179889679,0,94.0,1,4,4.82104957538,2.20169956891,5.3,5,8,8,5.0,400.0
3.1,0.0,1,400.0,22.0,10,-2,0.0972559452057,-2,94.0,1,19,-4.00547274408,3.47076188991,5.3,5,8,8,5.0,400.0
3.1,0.0,2,400.0,22.0,10,1,0.0970020294189,1,94.0,2,10,1.49318255126,-5.08531276016,5.3,5,8,8,5.0,400.0
3.1,0.0,1,400.0,22.0,10,-2,0.0971949100494,-2,94.0,1,21,-1.49318255126,5.08531276016,5.3,5,8,8,5.0,400.0
3.1,0.0,1,400.0,22.0,10,0,0.0972170829773,1,94.0,1,21,-1.49318255126,5.08531276016,5.3,5,8,8,5.0,400.0
3.1,0.0,1,400.0,22.0,10,2,0.0972030162811,-2,94.0,2,7,4.82104957538,-2.20169956891,5.3,5,8,8,5.0,400.0
3.1,0.0,2,400.0,22.0,10,0,0.0972030162811,0,94.0,1,10,1.49318255126,-5.08531276016,5.3,5,8,8,5.0,400.0
3.1,0.0,1,400.0,22.0,10,0,0.0972089767456,0,94.0,2,1,1.49318255126,5.08531276016,5.3,5,8,8,5.0,400.0
3.1,0.0,2,400.0,22.0,10,-2,0.0971999168396,-2,94.0,1,18,-4.82104957538,2.20169956891,5.3,5,8,8,5.0,400.0
3.1,0.0,2,400.0,22.0,10,-1,0.0970220565796,0,94.0,2,11,6.49041367526e-16,-5.3,5.3,5,8,8,5.0,400.0
3.1,0.0,2,400.0,22.0,10,2,0.0970659255981,-1,94.0,2,21,-1.49318255126,5.08531276016,5.3,5,8,8,5.0,400.0
3.1,0.0,1,400.0,22.0,10,0,0.0971939563751,2,94.0,1,1,1.49318255126,5.08531276016,5.3,5,8,8,5.0,400.0
3.1,0.0,1,400.0,22.0,10,0,0.0972068309784,0,94.0,1,17,-5.24605364197,0.754268642848,5.3,5,8,8,5.0,400.0
3.1,0.0,1,400.0,22.0,10,0,0.0971758365631,0,94.0,1,0,0.0,5.3,5.3,5,8,8,5.0,400.0
3.1,0.0,2,400.0,22.0,10,-2,0.0970270633698,0,94.0,2,8,4.00547274408,-3.47076188991,5.3,5,8,8,5.0,400.0
3.1,0.0,2,400.0,22.0,10,-2,0.0971298217773,2,94.0,1,12,-1.49318255126,-5.08531276016,5.3,5,8,8,5.0,400.0
3.1,0.0,2,400.0,22.0,10,0,0.0970230102539,1,94.0,2,19,-4.00547274408,3.47076188991,5.3,5,8,8,5.0,400.0
3.1,0.0,1,400.0,22.0,10,1,0.0970759391785,1,94.0,1,8,4.00547274408,-3.47076188991,5.3,5,8,8,5.0,400.0
3.1,0.0,2,400.0,22.0,10,0,0.097029209137,0,94.0,2,9,2.86539633251,-4.45864372401,5.3,5,8,8,5.0,400.0
3.1,0.0,2,400.0,22.0,10,0,0.0970749855042,0,94.0,2,7,4.82104957538,-2.20169956891,5.3,5,8,8,5.0,400.0
3.1,0.0,2,400.0,22.0,10,0,0.0972030162811,0,94.0,1,11,6.49041367526e-16,-5.3,5.3,5,8,8,5.0,400.0
3.1,0.0,1,400.0,22.0,10,2,0.0972089767456,0,94.0,2,9,2.86539633251,-4.45864372401,5.3,5,8,8,5.0,400.0
3.1,0.0,1,400.0,22.0,10,2,0.0970788002014,0,94.0,2,14,-4.00547274408,-3.47076188991,5.3,5,8,8,5.0,400.0
3.1,0.0,2,400.0,22.0,10,2,0.0970289707184,-1,94.0,1,4,4.82104957538,2.20169956891,5.3,5,8,8,5.0,400.0
3.1,0.0,1,400.0,22.0,10,2,0.0972089767456,1,94.0,2,4,4.82104957538,2.20169956891,5.3,5,8,8,5.0,400.0
3.1,0.0,1,400.0,22.0,10,-2,0.0970611572266,-2,94.0,1,11,6.49041367526e-16,-5.3,5.3,5,8,8,5.0,400.0
3.1,0.0,1,400.0,22.0,10,2,0.0972011089325,1,94.0,2,1,1.49318255126,5.08531276016,5.3,5,8,8,5.0,400.0
3.1,0.0,2,400.0,22.0,10,2,0.0971670150757,2,94.0,2,11,6.49041367526e-16,-5.3,5.3,5,8,8,5.0,400.0
3.1,0.0,2,400.0,22.0,10,0,0.0971739292145,0,94.0,2,10,1.49318255126,-5.08531276016,5.3,5,8,8,5.0,400.0
3.1,0.0,2,400.0,22.0,10,1,0.097030878067,-1,94.0,2,1,1.49318255126,5.08531276016,5.3,5,8,8,5.0,400.0
3.1,0.0,2,400.0,22.0,10,2,0.0972089767456,-2,94.0,1,14,-4.00547274408,-3.47076188991,5.3,5,8,8,5.0,400.0
3.1,0.0,2,400.0,22.0,10,2,0.0970361232758,-2,94.0,1,16,-5.24605364197,-0.754268642848,5.3,5,8,8,5.0,400.0
3.1,0.0,1,400.0,22.0,10,0,0.0971789360046,1,94.0,1,7,4.82104957538,-2.20169956891,5.3,5,8,8,5.0,400.0
3.1,0.0,1,400.0,22.0,10,0,0.0971660614014,0,94.0,1,14,-4.00547274408,-3.47076188991,5.3,5,8,8,5.0,400.0
3.1,0.0,2,400.0,22.0,10,-1,0.0971808433533,0,94.0,2,11,6.49041367526e-16,-5.3,5.3,5,8,8,5.0,400.0
3.1,0.0,2,400.0,22.0,10,0,0.0971808433533,0,94.0,2,13,-2.86539633251,-4.45864372401,5.3,5,8,8,5.0,400.0
3.1,0.0,2,400.0,22.0,10,1,0.0972020626068,1,94.0,2,3,4.00547274408,3.47076188991,5.3,5,8,8,5.0,400.0
3.1,0.0,2,400.0,22.0,10,0,0.0972058773041,0,94.0,1,1,1.49318255126,5.08531276016,5.3,5,8,8,5.0,400.0
3.1,0.0,2,400.0,22.0,10,-1,0.097179889679,-2,94.0,1,10,1.49318255126,-5.08531276016,5.3,5,8,8,5.0,400.0
3.1,0.0,1,400.0,22.0,10,0,0.097207069397,0,94.0,2,20,-2.86539633251,4.45864372401,5.3,5,8,8,5.0,400.0
3.1,0.0,1,400.0,22.0,10,0,0.0971958637238,-1,94.0,1,3,4.00547274408,3.47076188991,5.3,5,8,8,5.0,400.0
3.1,0.0,2,400.0,22.0,10,1,0.0970709323883,1,94.0,2,0,0.0,5.3,5.3,5,8,8,5.0,400.0
3.1,0.0,1,400.0,22.0,10,2,0.0972039699554,0,94.0,1,7,4.82104957538,-2.20169956891,5.3,5,8,8,5.0,400.0
3.1,0.0,1,400.0,22.0,10,-2,0.097207069397,-2,94.0,1,2,2.86539633251,4.45864372401,5.3,5,8,8,5.0,400.0
3.1,0.0,1,400.0,22.0,10,0,0.0971910953522,0,94.0,1,6,5.24605364197,-0.754268642848,5.3,5,8,8,5.0,400.0
3.1,0.0,2,400.0,22.0,10,-2,0.0972058773041,-2,94.0,2,7,4.82104957538,-2.20169956891,5.3,5,8,8,5.0,400.0
3.1,0.0,1,400.0,22.0,10,0,0.0972018241882,0,94.0,2,8,4.00547274408,-3.47076188991,5.3,5,8,8,5.0,400.0
3.1,0.0,1,400.0,22.0,10,-1,0.0972151756287,-1,94.0,1,8,4.00547274408,-3.47076188991,5.3,5,8,8,5.0,400.0
3.1,0.0,2,400.0,22.0,10,2,0.0972859859467,-1,94.0,2,21,-1.49318255126,5.08531276016,5.3,5,8,8,5.0,400.0
3.1,0.0,1,400.0,22.0,10,0,0.0971949100494,0,94.0,1,1,1.49318255126,5.08531276016,5.3,5,8,8,5.0,400.0
3.1,0.0,1,400.0,22.0,10,1,0.0971779823303,1,94.0,1,6,5.24605364197,-0.754268642848,5.3,5,8,8,5.0,400.0
3.1,0.0,1,400.0,22.0,10,0,0.0971660614014,0,94.0,2,10,1.49318255126,-5.08531276016,5.3,5,8,8,5.0,400.0
3.1,0.0,1,400.0,22.0,10,2,0.0971779823303,2,94.0,1,21,-1.49318255126,5.08531276016,5.3,5,8,8,5.0,400.0
3.1,0.0,1,400.0,22.0,10,0,0.0972108840942,0,94.0,1,14,-4.00547274408,-3.47076188991,5.3,5,8,8,5.0,400.0
3.1,0.0,2,400.0,22.0,10,1,0.0971829891205,1,94.0,2,21,-1.49318255126,5.08531276016,5.3,5,8,8,5.0,400.0
3.1,0.0,2,400.0,22.0,10,-1,0.0972261428833,-1,94.0,2,16,-5.24605364197,-0.754268642848,5.3,5,8,8,5.0,400.0
3.1,0.0,2,400.0,22.0,10,-2,0.0971829891205,-2,94.0,1,13,-2.86539633251,-4.45864372401,5.3,5,8,8,5.0,400.0
3.1,0.0,2,400.0,22.0,10,-1,0.0972051620483,-1,94.0,2,21,-1.49318255126,5.08531276016,5.3,5,8,8,5.0,400.0
3.1,0.0,2,400.0,22.0,10,2,0.0971870422363,2,94.0,2,8,4.00547274408,-3.47076188991,5.3,5,8,8,5.0,400.0
3.1,0.0,1,400.0,22.0,10,0,0.0972318649292,1,94.0,2,11,6.49041367526e-16,-5.3,5.3,5,8,8,5.0,400.0
3.1,0.0,1,400.0,22.0,10,1,0.0971710681915,1,94.0,1,7,4.82104957538,-2.20169956891,5.3,5,8,8,5.0,400.0
3.1,0.0,2,400.0,22.0,10,2,0.0971839427948,2,94.0,2,6,5.24605364197,-0.754268642848,5.3,5,8,8,5.0,400.0
3.1,0.0,1,400.0,22.0,10,2,0.0970199108124,2,94.0,1,1,1.49318255126,5.08531276016,5.3,5,8,8,5.0,400.0
3.1,0.0,1,400.0,22.0,10,1,0.0971879959106,-1,94.0,2,10,1.49318255126,-5.08531276016,5.3,5,8,8,5.0,400.0
3.1,0.0,1,400.0,22.0,10,0,0.0970599651337,0,94.0,1,9,2.86539633251,-4.45864372401,5.3,5,8,8,5.0,400.0
3.1,0.0,1,400.0,22.0,10,-2,0.0971829891205,2,94.0,1,13,-2.86539633251,-4.45864372401,5.3,5,8,8,5.0,400.0
3.1,0.0,1,400.0,22.0,10,0,0.0971529483795,0,94.0,1,4,4.82104957538,2.20169956891,5.3,5,8,8,5.0,400.0
3.1,0.0,2,400.0,22.0,10,0,0.0971820354462,0,94.0,2,13,-2.86539633251,-4.45864372401,5.3,5,8,8,5.0,400.0
3.1,0.0,1,400.0,22.0,10,0,0.0971739292145,0,94.0,1,0,0.0,5.3,5.3,5,8,8,5.0,400.0
3.1,0.0,2,400.0,22.0,10,-2,0.0971779823303,-2,94.0,2,17,-5.24605364197,0.754268642848,5.3,5,8,8,5.0,400.0
3.1,0.0,1,400.0,22.0,10,1,0.0971989631653,1,94.0,1,21,-1.49318255126,5.08531276016,5.3,5,8,8,5.0,400.0
3.1,0.0,1,400.0,22.0,10,0,0.0971779823303,0,94.0,1,12,-1.49318255126,-5.08531276016,5.3,5,8,8,5.0,400.0
3.1,0.0,2,400.0,22.0,10,-2,0.0972039699554,2,94.0,2,15,-4.82104957538,-2.20169956891,5.3,5,8,8,5.0,400.0
3.1,0.0,2,400.0,22.0,10,1,0.0971848964691,1,94.0,2,9,2.86539633251,-4.45864372401,5.3,5,8,8,5.0,400.0
3.1,0.0,1,400.0,22.0,10,-1,0.0971810817719,-1,94.0,1,17,-5.24605364197,0.754268642848,5.3,5,8,8,5.0,400.0
3.1,0.0,1,400.0,22.0,10,0,0.0970618724823,0,94.0,1,21,-1.49318255126,5.08531276016,5.3,5,8,8,5.0,400.0
3.1,0.0,2,400.0,22.0,10,-2,0.0972080230713,0,94.0,2,13,-2.86539633251,-4.45864372401,5.3,5,8,8,5.0,400.0
3.1,0.0,2,400.0,22.0,10,-2,0.0970060825348,-1,94.0,2,16,-5.24605364197,-0.754268642848,5.3,5,8,8,5.0,400.0
3.1,0.0,2,400.0,22.0,10,0,0.097198009491,1,94.0,2,7,4.82104957538,-2.20169956891,5.3,5,8,8,5.0,400.0
3.1,0.0,2,400.0,22.0,10,0,0.0970361232758,1,94.0,2,17,-5.24605364197,0.754268642848,5.3,5,8,8,5.0,400.0
3.1,0.0,1,400.0,22.0,10,0,0.0972120761871,0,94.0,2,1,1.49318255126,5.08531276016,5.3,5,8,8,5.0,400.0
3.1,0.0,2,400.0,22.0,10,0,0.097188949585,0,94.0,2,2,2.86539633251,4.45864372401,5.3,5,8,8,5.0,400.0
3.1,0.0,1,400.0,22.0,10,-1,0.0972158908844,-1,94.0,1,18,-4.82104957538,2.20169956891,5.3,5,8,8,5.0,400.0
3.1,0.0,1,400.0,22.0,10,1,0.0972158908844,1,94.0,2,7,4.82104957538,-2.20169956891,5.3,5,8,8,5.0,400.0
3.1,0.0,2,400.0,22.0,10,-2,0.0972111225128,-2,94.0,1,20,-2.86539633251,4.45864372401,5.3,5,8,8,5.0,400.0
3.1,0.0,1,400.0,22.0,10,2,0.0971820354462,0,94.0,2,19,-4.00547274408,3.47076188991,5.3,5,8,8,5.0,400.0
3.1,0.0,2,400.0,22.0,10,0,0.0971930027008,0,94.0,2,16,-5.24605364197,-0.754268642848,5.3,5,8,8,5.0,400.0
3.1,0.0,2,400.0,22.0,10,0,0.0971970558167,0,94.0,2,4,4.82104957538,2.20169956891,5.3,5,8,8,5.0,400.0
3.1,0.0,1,400.0,22.0,10,0,0.0972981452942,0,94.0,1,10,1.49318255126,-5.08531276016,5.3,5,8,8,5.0,400.0
3.1,0.0,1,400.0,22.0,10,-1,0.0972180366516,-1,94.0,1,18,-4.82104957538,2.20169956891,5.3,5,8,8,5.0,400.0
3.1,0.0,2,400.0,22.0,10,0,0.097198009491,0,94.0,2,13,-2.86539633251,-4.45864372401,5.3,5,8,8,5.0,400.0
3.1,0.0,1,400.0,22.0,10,-2,0.0972039699554,0,94.0,2,9,2.86539633251,-4.45864372401,5.3,5,8,8,5.0,400.0
3.1,0.0,2,400.0,22.0,10,0,0.0972089767456,0,94.0,2,1,1.49318255126,5.08531276016,5.3,5,8,8,5.0,400.0
3.1,0.0,1,400.0,22.0,10,-2,0.097195148468,-2,94.0,1,12,-1.49318255126,-5.08531276016,5.3,5,8,8,5.0,400.0
3.1,0.0,1,400.0,22.0,10,1,0.097198009491,1,94.0,1,20,-2.86539633251,4.45864372401,5.3,5,8,8,5.0,400.0
3.1,0.0,2,400.0,22.0,10,1,0.0971961021423,1,94.0,2,10,1.49318255126,-5.08531276016,5.3,5,8,8,5.0,400.0
3.1,0.0,2,400.0,22.0,10,-1,0.0971779823303,-1,94.0,2,12,-1.49318255126,-5.08531276016,5.3,5,8,8,5.0,400.0
3.1,0.0,1,400.0,22.0,10,2,0.0971598625183,2,94.0,1,21,-1.49318255126,5.08531276016,5.3,5,8,8,5.0,400.0
3.1,0.0,1,400.0,22.0,10,2,0.0971839427948,0,94.0,1,7,4.82104957538,-2.20169956891,5.3,5,8,8,5.0,400.0
3.1,0.0,1,400.0,22.0,10,1,0.0971758365631,0,94.0,2,9,2.86539633251,-4.45864372401,5.3,5,8,8,5.0,400.0
3.1,0.0,2,400.0,22.0,10,1,0.097198009491,1,94.0,2,0,0.0,5.3,5.3,5,8,8,5.0,400.0
3.1,0.0,1,400.0,22.0,10,0,0.0970258712769,0,94.0,1,20,-2.86539633251,4.45864372401,5.3,5,8,8,5.0,400.0
3.1,0.0,2,400.0,22.0,10,0,0.0971868038177,0,94.0,2,16,-5.24605364197,-0.754268642848,5.3,5,8,8,5.0,400.0
3.1,0.0,2,400.0,22.0,10,0,0.0972058773041,0,94.0,2,16,-5.24605364197,-0.754268642848,5.3,5,8,8,5.0,400.0
3.1,0.0,1,400.0,22.0,10,1,0.0970339775085,0,94.0,2,6,5.24605364197,-0.754268642848,5.3,5,8,8,5.0,400.0
3.1,0.0,2,400.0,22.0,10,-1,0.0970251560211,2,94.0,2,16,-5.24605364197,-0.754268642848,5.3,5,8,8,5.0,400.0
3.1,0.0,1,400.0,22.0,10,-1,0.0970280170441,-1,94.0,1,17,-5.24605364197,0.754268642848,5.3,5,8,8,5.0,400.0
3.1,0.0,2,400.0,22.0,10,1,0.0971808433533,1,94.0,2,1,1.49318255126,5.08531276016,5.3,5,8,8,5.0,400.0
3.1,0.0,1,400.0,22.0,10,0,0.0971760749817,0,94.0,1,6,5.24605364197,-0.754268642848,5.3,5,8,8,5.0,400.0
3.1,0.0,2,400.0,22.0,10,-1,0.0971839427948,-1,94.0,2,2,2.86539633251,4.45864372401,5.3,5,8,8,5.0,400.0
3.1,0.0,2,400.0,22.0,10,0,0.0972549915314,0,94.0,2,20,-2.86539633251,4.45864372401,5.3,5,8,8,5.0,400.0
3.1,0.0,2,400.0,22.0,10,1,0.0971820354462,1,94.0,2,12,-1.49318255126,-5.08531276016,5.3,5,8,8,5.0,400.0
3.1,0.0,1,400.0,22.0,10,0,0.0972130298615,-2,94.0,2,13,-2.86539633251,-4.45864372401,5.3,5,8,8,5.0,400.0
3.1,0.0,2,400.0,22.0,10,2,0.0970289707184,1,94.0,1,17,-5.24605364197,0.754268642848,5.3,5,8,8,5.0,400.0
3.1,0.0,2,400.0,22.0,10,-1,0.0972118377686,-1,94.0,2,13,-2.86539633251,-4.45864372401,5.3,5,8,8,5.0,400.0
3.1,0.0,1,400.0,22.0,10,0,0.0971879959106,-1,94.0,2,10,1.49318255126,-5.08531276016,5.3,5,8,8,5.0,400.0
3.1,0.0,1,400.0,22.0,10,2,0.0971558094025,2,94.0,1,20,-2.86539633251,4.45864372401,5.3,5,8,8,5.0,400.0
3.1,0.0,1,400.0,22.0,10,-1,0.0971710681915,-1,94.0,1,17,-5.24605364197,0.754268642848,5.3,5,8,8,5.0,400.0
3.1,0.0,1,400.0,22.0,10,1,0.0972249507904,1,94.0,1,9,2.86539633251,-4.45864372401,5.3,5,8,8,5.0,400.0
3.1,0.0,2,400.0,22.0,10,0,0.0972068309784,0,94.0,2,9,2.86539633251,-4.45864372401,5.3,5,8,8,5.0,400.0
3.1,0.0,1,400.0,22.0,10,-2,0.0971999168396,-2,94.0,1,1,1.49318255126,5.08531276016,5.3,5,8,8,5.0,400.0
3.1,0.0,1,400.0,22.0,10,0,0.0972099304199,0,94.0,1,8,4.00547274408,-3.47076188991,5.3,5,8,8,5.0,400.0
3.1,0.0,1,400.0,22.0,10,0,0.0972218513489,0,94.0,2,10,1.49318255126,-5.08531276016,5.3,5,8,8,5.0,400.0
3.1,0.0,2,400.0,22.0,10,0,0.0969150066376,0,94.0,2,9,2.86539633251,-4.45864372401,5.3,5,8,8,5.0,400.0
3.1,0.0,2,400.0,22.0,10,-1,0.0970468521118,-1,94.0,2,14,-4.00547274408,-3.47076188991,5.3,5,8,8,5.0,400.0
3.1,0.0,1,400.0,22.0,10,0,0.0972218513489,0,94.0,1,6,5.24605364197,-0.754268642848,5.3,5,8,8,5.0,400.0
3.1,0.0,1,400.0,22.0,10,0,0.0972089767456,0,94.0,1,0,0.0,5.3,5.3,5,8,8,5.0,400.0
3.1,0.0,2,400.0,22.0,10,2,0.0972068309784,2,94.0,2,2,2.86539633251,4.45864372401,5.3,5,8,8,5.0,400.0
3.1,0.0,2,400.0,22.0,10,0,0.0972130298615,0,94.0,2,11,6.49041367526e-16,-5.3,5.3,5,8,8,5.0,400.0
3.1,0.0,1,400.0,22.0,10,-2,0.0972001552582,-2,94.0,1,21,-1.49318255126,5.08531276016,5.3,5,8,8,5.0,400.0
3.1,0.0,1,400.0,22.0,10,1,0.0972020626068,1,94.0,1,11,6.49041367526e-16,-5.3,5.3,5,8,8,5.0,400.0
3.1,0.0,1,400.0,22.0,10,-1,0.0972039699554,-1,94.0,1,18,-4.82104957538,2.20169956891,5.3,5,8,8,5.0,400.0
3.1,0.0,2,400.0,22.0,10,0,0.0972118377686,0,94.0,2,14,-4.00547274408,-3.47076188991,5.3,5,8,8,5.0,400.0
3.1,0.0,2,400.0,22.0,10,0,0.0972039699554,0,94.0,2,9,2.86539633251,-4.45864372401,5.3,5,8,8,5.0,400.0
3.1,0.0,1,400.0,22.0,10,-2,0.0972080230713,-2,94.0,1,5,5.24605364197,0.754268642848,5.3,5,8,8,5.0,400.0
3.1,0.0,2,400.0,22.0,10,-1,0.0970618724823,-1,94.0,2,20,-2.86539633251,4.45864372401,5.3,5,8,8,5.0,400.0
3.1,0.0,1,400.0,22.0,10,0,0.0972189903259,-2,94.0,2,10,1.49318255126,-5.08531276016,5.3,5,8,8,5.0,400.0
3.1,0.0,2,400.0,22.0,10,0,0.0972030162811,1,94.0,2,12,-1.49318255126,-5.08531276016,5.3,5,8,8,5.0,400.0
3.1,0.0,1,400.0,22.0,10,-1,0.0972051620483,-1,94.0,1,2,2.86539633251,4.45864372401,5.3,5,8,8,5.0,400.0
3.1,0.0,2,400.0,22.0,10,0,0.09716796875,0,94.0,2,16,-5.24605364197,-0.754268642848,5.3,5,8,8,5.0,400.0
3.1,0.0,2,400.0,22.0,10,1,0.0972139835358,1,94.0,2,7,4.82104957538,-2.20169956891,5.3,5,8,8,5.0,400.0
3.1,0.0,1,400.0,22.0,10,-1,0.0971930027008,-1,94.0,1,7,4.82104957538,-2.20169956891,5.3,5,8,8,5.0,400.0
3.1,0.0,1,400.0,22.0,10,-1,0.0972089767456,-1,94.0,1,20,-2.86539633251,4.45864372401,5.3,5,8,8,5.0,400.0
3.1,0.0,1,400.0,22.0,10,1,0.0972080230713,1,94.0,1,0,0.0,5.3,5.3,5,8,8,5.0,400.0
3.1,0.0,2,400.0,22.0,10,0,0.0971829891205,-1,94.0,1,3,4.00547274408,3.47076188991,5.3,5,8,8,5.0,400.0
3.1,0.0,1,400.0,22.0,10,0,0.097198009491,0,94.0,1,6,5.24605364197,-0.754268642848,5.3,5,8,8,5.0,400.0
3.1,0.0,1,400.0,22.0,10,-1,0.097179889679,-1,94.0,1,11,6.49041367526e-16,-5.3,5.3,5,8,8,5.0,400.0
3.1,0.0,2,400.0,22.0,10,0,0.097177028656,0,94.0,2,14,-4.00547274408,-3.47076188991,5.3,5,8,8,5.0,400.0
3.1,0.0,2,400.0,22.0,10,-2,0.0972151756287,-2,94.0,2,5,5.24605364197,0.754268642848,5.3,5,8,8,5.0,400.0
3.1,0.0,1,400.0,22.0,10,-2,0.0972080230713,-2,94.0,1,16,-5.24605364197,-0.754268642848,5.3,5,8,8,5.0,400.0
3.1,0.0,1,400.0,22.0,10,-2,0.0971820354462,-2,94.0,1,1,1.49318255126,5.08531276016,5.3,5,8,8,5.0,400.0
3.1,0.0,1,400.0,22.0,10,0,0.0971970558167,0,94.0,1,20,-2.86539633251,4.45864372401,5.3,5,8,8,5.0,400.0
3.1,0.0,2,400.0,22.0,10,0,0.0971829891205,0,94.0,2,5,5.24605364197,0.754268642848,5.3,5,8,8,5.0,400.0
3.1,0.0,2,400.0,22.0,10,1,0.0971879959106,1,94.0,2,0,0.0,5.3,5.3,5,8,8,5.0,400.0
3.1,0.0,2,400.0,22.0,10,2,0.097198009491,2,94.0,2,19,-4.00547274408,3.47076188991,5.3,5,8,8,5.0,400.0
3.1,0.0,2,400.0,22.0,10,0,0.097188949585,0,94.0,2,7,4.82104957538,-2.20169956891,5.3,5,8,8,5.0,400.0
3.1,0.0,2,400.0,22.0,10,-2,0.0971639156342,-2,94.0,2,16,-5.24605364197,-0.754268642848,5.3,5,8,8,5.0,400.0
3.1,0.0,1,400.0,22.0,10,0,0.0971720218658,0,94.0,1,5,5.24605364197,0.754268642848,5.3,5,8,8,5.0,400.0
3.1,0.0,2,400.0,22.0,10,-1,0.0970029830933,-1,94.0,2,19,-4.00547274408,3.47076188991,5.3,5,8,8,5.0,400.0
3.1,0.0,2,400.0,22.0,10,-1,0.0970358848572,-1,94.0,2,2,2.86539633251,4.45864372401,5.3,5,8,8,5.0,400.0
3.1,0.0,1,400.0,22.0,10,0,0.0971958637238,0,94.0,1,1,1.49318255126,5.08531276016,5.3,5,8,8,5.0,400.0
