cue-length,ms-precue,resp-v-hv,ms-st-cue,nitems,resp-h-pos,actualStimOn,resp-v-pos,ms-stimon,resp-h-hv,cue-loc-int,cue-loc-x,cue-loc-y,radius,bars-or-spot,npractice,ntrials,offsett
3.1,0.0,1,400.0,22.0,2,0.100101947784,-1,94.0,2,18,-4.82104957538,2.20169956891,5.3,3.0,5.0,500.0,3.75
3.1,0.0,1,400.0,22.0,0,0.100104093552,0,94.0,2,6,5.24605364197,-0.754268642848,5.3,3.0,5.0,500.0,3.75
3.1,0.0,1,400.0,22.0,-2,0.100025177002,-1,94.0,1,8,4.00547274408,-3.47076188991,5.3,3.0,5.0,500.0,3.75
3.1,0.0,2,400.0,22.0,0,0.100111961365,0,94.0,1,7,4.82104957538,-2.20169956891,5.3,3.0,5.0,500.0,3.75
3.1,0.0,2,400.0,22.0,0,0.100178956985,0,94.0,1,6,5.24605364197,-0.754268642848,5.3,3.0,5.0,500.0,3.75
3.1,0.0,1,400.0,22.0,0,0.100102901459,-2,94.0,1,10,1.49318255126,-5.08531276016,5.3,3.0,5.0,500.0,3.75
3.1,0.0,2,400.0,22.0,0,0.100047111511,0,94.0,1,6,5.24605364197,-0.754268642848,5.3,3.0,5.0,500.0,3.75
3.1,0.0,1,400.0,22.0,1,0.100101947784,1,94.0,2,3,4.00547274408,3.47076188991,5.3,3.0,5.0,500.0,3.75
3.1,0.0,2,400.0,22.0,1,0.100102901459,-2,94.0,2,18,-4.82104957538,2.20169956891,5.3,3.0,5.0,500.0,3.75
3.1,0.0,2,400.0,22.0,0,0.100090026855,0,94.0,1,5,5.24605364197,0.754268642848,5.3,3.0,5.0,500.0,3.75
3.1,0.0,2,400.0,22.0,0,0.100113868713,1,94.0,1,18,-4.82104957538,2.20169956891,5.3,3.0,5.0,500.0,3.75
3.1,0.0,1,400.0,22.0,2,0.100038051605,-1,94.0,2,11,6.49041367526e-16,-5.3,5.3,3.0,5.0,500.0,3.75
3.1,0.0,2,400.0,22.0,0,0.100253105164,0,94.0,1,5,5.24605364197,0.754268642848,5.3,3.0,5.0,500.0,3.75
3.1,0.0,2,400.0,22.0,-1,0.100121974945,0,94.0,1,3,4.00547274408,3.47076188991,5.3,3.0,5.0,500.0,3.75
3.1,0.0,1,400.0,22.0,1,0.100124835968,0,94.0,1,19,-4.00547274408,3.47076188991,5.3,3.0,5.0,500.0,3.75
3.1,0.0,2,400.0,22.0,2,0.100130796432,2,94.0,1,1,1.49318255126,5.08531276016,5.3,3.0,5.0,500.0,3.75
3.1,0.0,2,400.0,22.0,1,0.100089073181,0,94.0,1,20,-2.86539633251,4.45864372401,5.3,3.0,5.0,500.0,3.75
3.1,0.0,2,400.0,22.0,0,0.100110054016,-2,94.0,1,17,-5.24605364197,0.754268642848,5.3,3.0,5.0,500.0,3.75
3.1,0.0,2,400.0,22.0,-1,0.100098848343,1,94.0,2,14,-4.00547274408,-3.47076188991,5.3,3.0,5.0,500.0,3.75
3.1,0.0,2,400.0,22.0,0,0.100054979324,0,94.0,1,6,5.24605364197,-0.754268642848,5.3,3.0,5.0,500.0,3.75
3.1,0.0,1,400.0,22.0,-1,0.100116014481,0,94.0,1,10,1.49318255126,-5.08531276016,5.3,3.0,5.0,500.0,3.75
3.1,0.0,1,400.0,22.0,-2,0.100131034851,2,94.0,2,13,-2.86539633251,-4.45864372401,5.3,3.0,5.0,500.0,3.75
3.1,0.0,2,400.0,22.0,0,0.100110054016,0,94.0,1,14,-4.00547274408,-3.47076188991,5.3,3.0,5.0,500.0,3.75
3.1,0.0,2,400.0,22.0,0,0.100070953369,0,94.0,1,11,6.49041367526e-16,-5.3,5.3,3.0,5.0,500.0,3.75
3.1,0.0,2,400.0,22.0,0,0.100116968155,0,94.0,1,15,-4.82104957538,-2.20169956891,5.3,3.0,5.0,500.0,3.75
3.1,0.0,1,400.0,22.0,0,0.100069999695,-2,94.0,1,18,-4.82104957538,2.20169956891,5.3,3.0,5.0,500.0,3.75
3.1,0.0,2,400.0,22.0,0,0.100073099136,0,94.0,1,11,6.49041367526e-16,-5.3,5.3,3.0,5.0,500.0,3.75
3.1,0.0,2,400.0,22.0,2,0.100104808807,-1,94.0,1,19,-4.00547274408,3.47076188991,5.3,3.0,5.0,500.0,3.75
3.1,0.0,2,400.0,22.0,-1,0.100110054016,0,94.0,1,6,5.24605364197,-0.754268642848,5.3,3.0,5.0,500.0,3.75
3.1,0.0,2,400.0,22.0,-1,0.10008597374,0,94.0,1,15,-4.82104957538,-2.20169956891,5.3,3.0,5.0,500.0,3.75
3.1,0.0,2,400.0,22.0,0,0.099739074707,0,94.0,1,13,-2.86539633251,-4.45864372401,5.3,3.0,5.0,500.0,3.75
3.1,0.0,2,400.0,22.0,0,0.0999360084534,0,94.0,1,10,1.49318255126,-5.08531276016,5.3,3.0,5.0,500.0,3.75
3.1,0.0,2,400.0,22.0,0,0.100106954575,-1,94.0,1,0,0.0,5.3,5.3,3.0,5.0,500.0,3.75
3.1,0.0,2,400.0,22.0,0,0.100119829178,0,94.0,1,16,-5.24605364197,-0.754268642848,5.3,3.0,5.0,500.0,3.75
3.1,0.0,2,400.0,22.0,0,0.100094079971,1,94.0,1,7,4.82104957538,-2.20169956891,5.3,3.0,5.0,500.0,3.75
3.1,0.0,2,400.0,22.0,0,0.100114822388,0,94.0,1,12,-1.49318255126,-5.08531276016,5.3,3.0,5.0,500.0,3.75
3.1,0.0,2,400.0,22.0,-1,0.100048065186,0,94.0,1,18,-4.82104957538,2.20169956891,5.3,3.0,5.0,500.0,3.75
3.1,0.0,2,400.0,22.0,-2,0.100131988525,1,94.0,2,21,-1.49318255126,5.08531276016,5.3,3.0,5.0,500.0,3.75
3.1,0.0,2,400.0,22.0,1,0.100035905838,1,94.0,1,3,4.00547274408,3.47076188991,5.3,3.0,5.0,500.0,3.75
3.1,0.0,1,400.0,22.0,0,0.100110054016,-1,94.0,1,8,4.00547274408,-3.47076188991,5.3,3.0,5.0,500.0,3.75
3.1,0.0,2,400.0,22.0,1,0.10011100769,0,94.0,1,12,-1.49318255126,-5.08531276016,5.3,3.0,5.0,500.0,3.75
3.1,0.0,2,400.0,22.0,0,0.100171089172,0,94.0,2,21,-1.49318255126,5.08531276016,5.3,3.0,5.0,500.0,3.75
3.1,0.0,1,400.0,22.0,1,0.100100040436,-2,94.0,1,19,-4.00547274408,3.47076188991,5.3,3.0,5.0,500.0,3.75
3.1,0.0,2,400.0,22.0,0,0.100126028061,0,94.0,1,11,6.49041367526e-16,-5.3,5.3,3.0,5.0,500.0,3.75
3.1,0.0,2,400.0,22.0,0,0.100158929825,0,94.0,1,0,0.0,5.3,5.3,3.0,5.0,500.0,3.75
3.1,0.0,1,400.0,22.0,2,0.100164175034,-2,94.0,2,20,-2.86539633251,4.45864372401,5.3,3.0,5.0,500.0,3.75
3.1,0.0,1,400.0,22.0,0,0.100286960602,-1,94.0,2,5,5.24605364197,0.754268642848,5.3,3.0,5.0,500.0,3.75
3.1,0.0,2,400.0,22.0,0,0.100067853928,0,94.0,1,8,4.00547274408,-3.47076188991,5.3,3.0,5.0,500.0,3.75
3.1,0.0,2,400.0,22.0,1,0.100093841553,-1,94.0,1,9,2.86539633251,-4.45864372401,5.3,3.0,5.0,500.0,3.75
3.1,0.0,2,400.0,22.0,0,0.10009098053,0,94.0,1,8,4.00547274408,-3.47076188991,5.3,3.0,5.0,500.0,3.75
3.1,0.0,2,400.0,22.0,0,0.100089073181,-1,94.0,1,18,-4.82104957538,2.20169956891,5.3,3.0,5.0,500.0,3.75
3.1,0.0,2,400.0,22.0,-1,0.100114107132,0,94.0,1,18,-4.82104957538,2.20169956891,5.3,3.0,5.0,500.0,3.75
3.1,0.0,2,400.0,22.0,0,0.100042819977,1,94.0,2,1,1.49318255126,5.08531276016,5.3,3.0,5.0,500.0,3.75
3.1,0.0,2,400.0,22.0,2,0.100049972534,-1,94.0,1,0,0.0,5.3,5.3,3.0,5.0,500.0,3.75
3.1,0.0,1,400.0,22.0,2,0.100016117096,-1,94.0,1,9,2.86539633251,-4.45864372401,5.3,3.0,5.0,500.0,3.75
3.1,0.0,2,400.0,22.0,0,0.100124120712,0,94.0,1,15,-4.82104957538,-2.20169956891,5.3,3.0,5.0,500.0,3.75
3.1,0.0,2,400.0,22.0,0,0.100125074387,-1,94.0,1,10,1.49318255126,-5.08531276016,5.3,3.0,5.0,500.0,3.75
3.1,0.0,2,400.0,22.0,-2,0.100073099136,0,94.0,2,19,-4.00547274408,3.47076188991,5.3,3.0,5.0,500.0,3.75
3.1,0.0,1,400.0,22.0,2,0.100121021271,0,94.0,2,3,4.00547274408,3.47076188991,5.3,3.0,5.0,500.0,3.75
3.1,0.0,2,400.0,22.0,0,0.100084066391,-2,94.0,1,9,2.86539633251,-4.45864372401,5.3,3.0,5.0,500.0,3.75
3.1,0.0,2,400.0,22.0,0,0.100122928619,0,94.0,1,11,6.49041367526e-16,-5.3,5.3,3.0,5.0,500.0,3.75
3.1,0.0,2,400.0,22.0,0,0.100109100342,0,94.0,1,8,4.00547274408,-3.47076188991,5.3,3.0,5.0,500.0,3.75
3.1,0.0,1,400.0,22.0,0,0.10011100769,0,94.0,1,11,6.49041367526e-16,-5.3,5.3,3.0,5.0,500.0,3.75
3.1,0.0,1,400.0,22.0,0,0.100109815598,-2,94.0,2,0,0.0,5.3,5.3,3.0,5.0,500.0,3.75
3.1,0.0,2,400.0,22.0,-1,0.100157976151,-1,94.0,1,10,1.49318255126,-5.08531276016,5.3,3.0,5.0,500.0,3.75
3.1,0.0,2,400.0,22.0,0,0.100016117096,-2,94.0,1,15,-4.82104957538,-2.20169956891,5.3,3.0,5.0,500.0,3.75
3.1,0.0,2,400.0,22.0,0,0.100110054016,0,94.0,1,1,1.49318255126,5.08531276016,5.3,3.0,5.0,500.0,3.75
3.1,0.0,1,400.0,22.0,-2,0.100064992905,2,94.0,1,4,4.82104957538,2.20169956891,5.3,3.0,5.0,500.0,3.75
3.1,0.0,2,400.0,22.0,1,0.1001329422,1,94.0,1,1,1.49318255126,5.08531276016,5.3,3.0,5.0,500.0,3.75
3.1,0.0,2,400.0,22.0,0,0.100123882294,0,94.0,1,8,4.00547274408,-3.47076188991,5.3,3.0,5.0,500.0,3.75
3.1,0.0,2,400.0,22.0,0,0.100105047226,0,94.0,1,6,5.24605364197,-0.754268642848,5.3,3.0,5.0,500.0,3.75
3.1,0.0,2,400.0,22.0,-2,0.100128173828,-1,94.0,1,19,-4.00547274408,3.47076188991,5.3,3.0,5.0,500.0,3.75
3.1,0.0,2,400.0,22.0,0,0.100109100342,-2,94.0,1,8,4.00547274408,-3.47076188991,5.3,3.0,5.0,500.0,3.75
3.1,0.0,2,400.0,22.0,0,0.100141048431,0,94.0,1,12,-1.49318255126,-5.08531276016,5.3,3.0,5.0,500.0,3.75
3.1,0.0,1,400.0,22.0,0,0.100148916245,0,94.0,1,7,4.82104957538,-2.20169956891,5.3,3.0,5.0,500.0,3.75
3.1,0.0,2,400.0,22.0,0,0.099730014801,0,94.0,1,16,-5.24605364197,-0.754268642848,5.3,3.0,5.0,500.0,3.75
3.1,0.0,2,400.0,22.0,-1,0.100112915039,2,94.0,1,3,4.00547274408,3.47076188991,5.3,3.0,5.0,500.0,3.75
3.1,0.0,2,400.0,22.0,1,0.100134849548,-2,94.0,1,13,-2.86539633251,-4.45864372401,5.3,3.0,5.0,500.0,3.75
3.1,0.0,2,400.0,22.0,0,0.100150108337,0,94.0,1,11,6.49041367526e-16,-5.3,5.3,3.0,5.0,500.0,3.75
3.1,0.0,2,400.0,22.0,0,0.100116968155,-1,94.0,1,9,2.86539633251,-4.45864372401,5.3,3.0,5.0,500.0,3.75
3.1,0.0,2,400.0,22.0,-1,0.100112915039,-1,94.0,1,8,4.00547274408,-3.47076188991,5.3,3.0,5.0,500.0,3.75
3.1,0.0,2,400.0,22.0,0,0.100088119507,0,94.0,1,8,4.00547274408,-3.47076188991,5.3,3.0,5.0,500.0,3.75
3.1,0.0,1,400.0,22.0,1,0.100085020065,1,94.0,1,17,-5.24605364197,0.754268642848,5.3,3.0,5.0,500.0,3.75
3.1,0.0,2,400.0,22.0,0,0.100106954575,0,94.0,1,18,-4.82104957538,2.20169956891,5.3,3.0,5.0,500.0,3.75
3.1,0.0,1,400.0,22.0,1,0.100150108337,-1,94.0,1,1,1.49318255126,5.08531276016,5.3,3.0,5.0,500.0,3.75
3.1,0.0,2,400.0,22.0,1,0.100089073181,1,94.0,1,1,1.49318255126,5.08531276016,5.3,3.0,5.0,500.0,3.75
3.1,0.0,2,400.0,22.0,0,0.100120067596,2,94.0,1,6,5.24605364197,-0.754268642848,5.3,3.0,5.0,500.0,3.75
3.1,0.0,2,400.0,22.0,1,0.100168943405,1,94.0,1,1,1.49318255126,5.08531276016,5.3,3.0,5.0,500.0,3.75
3.1,0.0,2,400.0,22.0,0,0.100033998489,0,94.0,1,14,-4.00547274408,-3.47076188991,5.3,3.0,5.0,500.0,3.75
3.1,0.0,2,400.0,22.0,0,0.100076913834,0,94.0,2,16,-5.24605364197,-0.754268642848,5.3,3.0,5.0,500.0,3.75
3.1,0.0,2,400.0,22.0,0,0.100139141083,2,94.0,2,19,-4.00547274408,3.47076188991,5.3,3.0,5.0,500.0,3.75
3.1,0.0,2,400.0,22.0,0,0.100074052811,0,94.0,1,11,6.49041367526e-16,-5.3,5.3,3.0,5.0,500.0,3.75
3.1,0.0,2,400.0,22.0,0,0.100023031235,0,94.0,1,5,5.24605364197,0.754268642848,5.3,3.0,5.0,500.0,3.75
3.1,0.0,2,400.0,22.0,0,0.100121974945,0,94.0,1,11,6.49041367526e-16,-5.3,5.3,3.0,5.0,500.0,3.75
3.1,0.0,2,400.0,22.0,0,0.100078105927,-1,94.0,1,19,-4.00547274408,3.47076188991,5.3,3.0,5.0,500.0,3.75
3.1,0.0,2,400.0,22.0,0,0.100144863129,0,94.0,1,17,-5.24605364197,0.754268642848,5.3,3.0,5.0,500.0,3.75
3.1,0.0,2,400.0,22.0,0,0.100144863129,0,94.0,1,9,2.86539633251,-4.45864372401,5.3,3.0,5.0,500.0,3.75
3.1,0.0,2,400.0,22.0,0,0.100074052811,0,94.0,1,6,5.24605364197,-0.754268642848,5.3,3.0,5.0,500.0,3.75
3.1,0.0,2,400.0,22.0,0,0.0999910831451,0,94.0,1,5,5.24605364197,0.754268642848,5.3,3.0,5.0,500.0,3.75
3.1,0.0,2,400.0,22.0,1,0.100115060806,1,94.0,1,0,0.0,5.3,5.3,3.0,5.0,500.0,3.75
3.1,0.0,2,400.0,22.0,0,0.100136995316,0,94.0,1,6,5.24605364197,-0.754268642848,5.3,3.0,5.0,500.0,3.75
3.1,0.0,2,400.0,22.0,1,0.100086927414,-2,94.0,1,4,4.82104957538,2.20169956891,5.3,3.0,5.0,500.0,3.75
3.1,0.0,1,400.0,22.0,2,0.100130796432,2,94.0,2,12,-1.49318255126,-5.08531276016,5.3,3.0,5.0,500.0,3.75
3.1,0.0,1,400.0,22.0,1,0.100116014481,0,94.0,1,2,2.86539633251,4.45864372401,5.3,3.0,5.0,500.0,3.75
3.1,0.0,2,400.0,22.0,-1,0.100121974945,-1,94.0,1,17,-5.24605364197,0.754268642848,5.3,3.0,5.0,500.0,3.75
3.1,0.0,2,400.0,22.0,0,0.100024938583,-2,94.0,1,0,0.0,5.3,5.3,3.0,5.0,500.0,3.75
3.1,0.0,1,400.0,22.0,-2,0.100075960159,-2,94.0,1,20,-2.86539633251,4.45864372401,5.3,3.0,5.0,500.0,3.75
3.1,0.0,2,400.0,22.0,0,0.100095033646,0,94.0,1,6,5.24605364197,-0.754268642848,5.3,3.0,5.0,500.0,3.75
3.1,0.0,2,400.0,22.0,0,0.100115060806,0,94.0,1,10,1.49318255126,-5.08531276016,5.3,3.0,5.0,500.0,3.75
3.1,0.0,2,400.0,22.0,2,0.100101947784,0,94.0,1,16,-5.24605364197,-0.754268642848,5.3,3.0,5.0,500.0,3.75
3.1,0.0,2,400.0,22.0,0,0.100138187408,0,94.0,1,15,-4.82104957538,-2.20169956891,5.3,3.0,5.0,500.0,3.75
3.1,0.0,2,400.0,22.0,0,0.100106954575,0,94.0,1,10,1.49318255126,-5.08531276016,5.3,3.0,5.0,500.0,3.75
3.1,0.0,2,400.0,22.0,1,0.100028038025,1,94.0,2,13,-2.86539633251,-4.45864372401,5.3,3.0,5.0,500.0,3.75
3.1,0.0,2,400.0,22.0,0,0.100133895874,0,94.0,1,5,5.24605364197,0.754268642848,5.3,3.0,5.0,500.0,3.75
3.1,0.0,2,400.0,22.0,0,0.100134134293,0,94.0,1,6,5.24605364197,-0.754268642848,5.3,3.0,5.0,500.0,3.75
3.1,0.0,2,400.0,22.0,0,0.100104093552,-1,94.0,1,10,1.49318255126,-5.08531276016,5.3,3.0,5.0,500.0,3.75
3.1,0.0,2,400.0,22.0,0,0.100081920624,-1,94.0,1,7,4.82104957538,-2.20169956891,5.3,3.0,5.0,500.0,3.75
3.1,0.0,1,400.0,22.0,0,0.100062131882,0,94.0,1,0,0.0,5.3,5.3,3.0,5.0,500.0,3.75
3.1,0.0,2,400.0,22.0,0,0.100101947784,2,94.0,1,8,4.00547274408,-3.47076188991,5.3,3.0,5.0,500.0,3.75
3.1,0.0,2,400.0,22.0,0,0.10010099411,0,94.0,1,8,4.00547274408,-3.47076188991,5.3,3.0,5.0,500.0,3.75
3.1,0.0,2,400.0,22.0,0,0.100100040436,0,94.0,2,4,4.82104957538,2.20169956891,5.3,3.0,5.0,500.0,3.75
3.1,0.0,2,400.0,22.0,0,0.100102901459,0,94.0,2,15,-4.82104957538,-2.20169956891,5.3,3.0,5.0,500.0,3.75
3.1,0.0,1,400.0,22.0,0,0.10004901886,0,94.0,1,19,-4.00547274408,3.47076188991,5.3,3.0,5.0,500.0,3.75
3.1,0.0,2,400.0,22.0,-1,0.0999999046326,-1,94.0,1,9,2.86539633251,-4.45864372401,5.3,3.0,5.0,500.0,3.75
3.1,0.0,2,400.0,22.0,0,0.100044965744,0,94.0,1,8,4.00547274408,-3.47076188991,5.3,3.0,5.0,500.0,3.75
3.1,0.0,2,400.0,22.0,2,0.100131988525,-1,94.0,2,2,2.86539633251,4.45864372401,5.3,3.0,5.0,500.0,3.75
3.1,0.0,1,400.0,22.0,-1,0.100067853928,-1,94.0,2,10,1.49318255126,-5.08531276016,5.3,3.0,5.0,500.0,3.75
3.1,0.0,2,400.0,22.0,0,0.100052833557,0,94.0,1,6,5.24605364197,-0.754268642848,5.3,3.0,5.0,500.0,3.75
3.1,0.0,1,400.0,22.0,1,0.100099086761,-1,94.0,1,21,-1.49318255126,5.08531276016,5.3,3.0,5.0,500.0,3.75
3.1,0.0,1,400.0,22.0,0,0.0997979640961,0,94.0,1,8,4.00547274408,-3.47076188991,5.3,3.0,5.0,500.0,3.75
3.1,0.0,2,400.0,22.0,1,0.100042819977,2,94.0,2,19,-4.00547274408,3.47076188991,5.3,3.0,5.0,500.0,3.75
3.1,0.0,2,400.0,22.0,0,0.100100040436,0,94.0,1,15,-4.82104957538,-2.20169956891,5.3,3.0,5.0,500.0,3.75
3.1,0.0,2,400.0,22.0,0,0.100100040436,-2,94.0,1,19,-4.00547274408,3.47076188991,5.3,3.0,5.0,500.0,3.75
3.1,0.0,2,400.0,22.0,1,0.100126981735,1,94.0,1,0,0.0,5.3,5.3,3.0,5.0,500.0,3.75
3.1,0.0,1,400.0,22.0,0,0.100110054016,-2,94.0,1,9,2.86539633251,-4.45864372401,5.3,3.0,5.0,500.0,3.75
3.1,0.0,1,400.0,22.0,-1,0.100142002106,1,94.0,1,17,-5.24605364197,0.754268642848,5.3,3.0,5.0,500.0,3.75
3.1,0.0,2,400.0,22.0,0,0.100105047226,0,94.0,1,12,-1.49318255126,-5.08531276016,5.3,3.0,5.0,500.0,3.75
3.1,0.0,2,400.0,22.0,-1,0.100090026855,1,94.0,2,7,4.82104957538,-2.20169956891,5.3,3.0,5.0,500.0,3.75
3.1,0.0,2,400.0,22.0,-1,0.100066900253,-1,94.0,1,17,-5.24605364197,0.754268642848,5.3,3.0,5.0,500.0,3.75
3.1,0.0,2,400.0,22.0,2,0.100083827972,0,94.0,2,17,-5.24605364197,0.754268642848,5.3,3.0,5.0,500.0,3.75
3.1,0.0,1,400.0,22.0,0,0.100060939789,-1,94.0,1,7,4.82104957538,-2.20169956891,5.3,3.0,5.0,500.0,3.75
3.1,0.0,2,400.0,22.0,1,0.100084066391,1,94.0,1,4,4.82104957538,2.20169956891,5.3,3.0,5.0,500.0,3.75
3.1,0.0,2,400.0,22.0,0,0.100086927414,0,94.0,1,12,-1.49318255126,-5.08531276016,5.3,3.0,5.0,500.0,3.75
3.1,0.0,2,400.0,22.0,0,0.100117206573,0,94.0,1,11,6.49041367526e-16,-5.3,5.3,3.0,5.0,500.0,3.75
3.1,0.0,1,400.0,22.0,1,0.100080013275,2,94.0,1,1,1.49318255126,5.08531276016,5.3,3.0,5.0,500.0,3.75
3.1,0.0,2,400.0,22.0,-2,0.1001060009,0,94.0,1,11,6.49041367526e-16,-5.3,5.3,3.0,5.0,500.0,3.75
3.1,0.0,2,400.0,22.0,-2,0.100127220154,2,94.0,2,16,-5.24605364197,-0.754268642848,5.3,3.0,5.0,500.0,3.75
3.1,0.0,2,400.0,22.0,0,0.100146055222,-1,94.0,1,7,4.82104957538,-2.20169956891,5.3,3.0,5.0,500.0,3.75
3.1,0.0,2,400.0,22.0,0,0.100135087967,0,94.0,1,8,4.00547274408,-3.47076188991,5.3,3.0,5.0,500.0,3.75
3.1,0.0,2,400.0,22.0,2,0.100119113922,-1,94.0,2,19,-4.00547274408,3.47076188991,5.3,3.0,5.0,500.0,3.75
3.1,0.0,1,400.0,22.0,0,0.100081920624,-2,94.0,2,0,0.0,5.3,5.3,3.0,5.0,500.0,3.75
3.1,0.0,2,400.0,22.0,-2,0.100116014481,0,94.0,2,14,-4.00547274408,-3.47076188991,5.3,3.0,5.0,500.0,3.75
3.1,0.0,2,400.0,22.0,2,0.100143909454,0,94.0,2,9,2.86539633251,-4.45864372401,5.3,3.0,5.0,500.0,3.75
3.1,0.0,2,400.0,22.0,1,0.100044965744,0,94.0,2,3,4.00547274408,3.47076188991,5.3,3.0,5.0,500.0,3.75
3.1,0.0,2,400.0,22.0,0,0.100033044815,0,94.0,1,16,-5.24605364197,-0.754268642848,5.3,3.0,5.0,500.0,3.75
3.1,0.0,2,400.0,22.0,0,0.100077867508,-1,94.0,2,7,4.82104957538,-2.20169956891,5.3,3.0,5.0,500.0,3.75
3.1,0.0,1,400.0,22.0,0,0.100113153458,1,94.0,1,21,-1.49318255126,5.08531276016,5.3,3.0,5.0,500.0,3.75
3.1,0.0,2,400.0,22.0,0,0.10013794899,0,94.0,1,15,-4.82104957538,-2.20169956891,5.3,3.0,5.0,500.0,3.75
3.1,0.0,1,400.0,22.0,0,0.100321054459,-2,94.0,1,6,5.24605364197,-0.754268642848,5.3,3.0,5.0,500.0,3.75
3.1,0.0,2,400.0,22.0,1,0.100106954575,1,94.0,1,3,4.00547274408,3.47076188991,5.3,3.0,5.0,500.0,3.75
3.1,0.0,1,400.0,22.0,0,0.0999751091003,0,94.0,2,12,-1.49318255126,-5.08531276016,5.3,3.0,5.0,500.0,3.75
3.1,0.0,2,400.0,22.0,0,0.100016117096,0,94.0,1,13,-2.86539633251,-4.45864372401,5.3,3.0,5.0,500.0,3.75
3.1,0.0,1,400.0,22.0,1,0.10019493103,-1,94.0,1,16,-5.24605364197,-0.754268642848,5.3,3.0,5.0,500.0,3.75
3.1,0.0,1,400.0,22.0,-1,0.10004901886,2,94.0,1,12,-1.49318255126,-5.08531276016,5.3,3.0,5.0,500.0,3.75
3.1,0.0,2,400.0,22.0,0,0.1001060009,0,94.0,1,14,-4.00547274408,-3.47076188991,5.3,3.0,5.0,500.0,3.75
3.1,0.0,2,400.0,22.0,0,0.100087881088,0,94.0,1,6,5.24605364197,-0.754268642848,5.3,3.0,5.0,500.0,3.75
3.1,0.0,2,400.0,22.0,1,0.100077867508,2,94.0,1,2,2.86539633251,4.45864372401,5.3,3.0,5.0,500.0,3.75
3.1,0.0,2,400.0,22.0,0,0.10011100769,-1,94.0,1,18,-4.82104957538,2.20169956891,5.3,3.0,5.0,500.0,3.75
3.1,0.0,2,400.0,22.0,-1,0.100070953369,-1,94.0,1,17,-5.24605364197,0.754268642848,5.3,3.0,5.0,500.0,3.75
3.1,0.0,2,400.0,22.0,0,0.100273132324,0,94.0,1,9,2.86539633251,-4.45864372401,5.3,3.0,5.0,500.0,3.75
3.1,0.0,1,400.0,22.0,0,0.100108146667,2,94.0,1,8,4.00547274408,-3.47076188991,5.3,3.0,5.0,500.0,3.75
3.1,0.0,2,400.0,22.0,0,0.100115060806,0,94.0,1,12,-1.49318255126,-5.08531276016,5.3,3.0,5.0,500.0,3.75
3.1,0.0,2,400.0,22.0,0,0.100152015686,0,94.0,1,7,4.82104957538,-2.20169956891,5.3,3.0,5.0,500.0,3.75
3.1,0.0,1,400.0,22.0,1,0.100109815598,0,94.0,1,4,4.82104957538,2.20169956891,5.3,3.0,5.0,500.0,3.75
3.1,0.0,2,400.0,22.0,0,0.0999970436096,0,94.0,1,9,2.86539633251,-4.45864372401,5.3,3.0,5.0,500.0,3.75
3.1,0.0,2,400.0,22.0,0,0.100013017654,-1,94.0,1,16,-5.24605364197,-0.754268642848,5.3,3.0,5.0,500.0,3.75
3.1,0.0,2,400.0,22.0,0,0.100126028061,2,94.0,1,21,-1.49318255126,5.08531276016,5.3,3.0,5.0,500.0,3.75
3.1,0.0,1,400.0,22.0,0,0.0999538898468,-1,94.0,1,0,0.0,5.3,5.3,3.0,5.0,500.0,3.75
3.1,0.0,2,400.0,22.0,0,0.100080013275,0,94.0,2,0,0.0,5.3,5.3,3.0,5.0,500.0,3.75
3.1,0.0,2,400.0,22.0,0,0.100074052811,0,94.0,1,15,-4.82104957538,-2.20169956891,5.3,3.0,5.0,500.0,3.75
3.1,0.0,1,400.0,22.0,1,0.100134134293,-1,94.0,1,5,5.24605364197,0.754268642848,5.3,3.0,5.0,500.0,3.75
3.1,0.0,2,400.0,22.0,0,0.100130081177,0,94.0,1,5,5.24605364197,0.754268642848,5.3,3.0,5.0,500.0,3.75
3.1,0.0,2,400.0,22.0,0,0.100119113922,0,94.0,1,10,1.49318255126,-5.08531276016,5.3,3.0,5.0,500.0,3.75
3.1,0.0,2,400.0,22.0,1,0.100117921829,0,94.0,2,20,-2.86539633251,4.45864372401,5.3,3.0,5.0,500.0,3.75
3.1,0.0,2,400.0,22.0,1,0.100080013275,0,94.0,1,17,-5.24605364197,0.754268642848,5.3,3.0,5.0,500.0,3.75
3.1,0.0,2,400.0,22.0,0,0.100103139877,0,94.0,1,8,4.00547274408,-3.47076188991,5.3,3.0,5.0,500.0,3.75
3.1,0.0,2,400.0,22.0,2,0.10010099411,1,94.0,1,1,1.49318255126,5.08531276016,5.3,3.0,5.0,500.0,3.75
3.1,0.0,2,400.0,22.0,0,0.10013794899,0,94.0,1,11,6.49041367526e-16,-5.3,5.3,3.0,5.0,500.0,3.75
3.1,0.0,2,400.0,22.0,1,0.100125074387,0,94.0,1,11,6.49041367526e-16,-5.3,5.3,3.0,5.0,500.0,3.75
3.1,0.0,2,400.0,22.0,-2,0.100085020065,1,94.0,2,14,-4.00547274408,-3.47076188991,5.3,3.0,5.0,500.0,3.75
3.1,0.0,1,400.0,22.0,0,0.10010099411,-1,94.0,1,20,-2.86539633251,4.45864372401,5.3,3.0,5.0,500.0,3.75
3.1,0.0,2,400.0,22.0,0,0.100085020065,0,94.0,1,10,1.49318255126,-5.08531276016,5.3,3.0,5.0,500.0,3.75
3.1,0.0,1,400.0,22.0,-1,0.100072145462,-1,94.0,1,16,-5.24605364197,-0.754268642848,5.3,3.0,5.0,500.0,3.75
3.1,0.0,2,400.0,22.0,0,0.100069999695,0,94.0,1,8,4.00547274408,-3.47076188991,5.3,3.0,5.0,500.0,3.75
3.1,0.0,2,400.0,22.0,1,0.100116968155,-2,94.0,1,20,-2.86539633251,4.45864372401,5.3,3.0,5.0,500.0,3.75
3.1,0.0,2,400.0,22.0,2,0.100033044815,-2,94.0,1,1,1.49318255126,5.08531276016,5.3,3.0,5.0,500.0,3.75
3.1,0.0,2,400.0,22.0,0,0.100116968155,0,94.0,2,12,-1.49318255126,-5.08531276016,5.3,3.0,5.0,500.0,3.75
3.1,0.0,1,400.0,22.0,-1,0.1001060009,0,94.0,1,21,-1.49318255126,5.08531276016,5.3,3.0,5.0,500.0,3.75
3.1,0.0,2,400.0,22.0,2,0.10008597374,0,94.0,1,15,-4.82104957538,-2.20169956891,5.3,3.0,5.0,500.0,3.75
3.1,0.0,2,400.0,22.0,0,0.100075960159,0,94.0,1,7,4.82104957538,-2.20169956891,5.3,3.0,5.0,500.0,3.75
3.1,0.0,1,400.0,22.0,0,0.100080966949,0,94.0,1,15,-4.82104957538,-2.20169956891,5.3,3.0,5.0,500.0,3.75
3.1,0.0,2,400.0,22.0,0,0.0999798774719,2,94.0,1,16,-5.24605364197,-0.754268642848,5.3,3.0,5.0,500.0,3.75
3.1,0.0,1,400.0,22.0,0,0.100085020065,2,94.0,1,1,1.49318255126,5.08531276016,5.3,3.0,5.0,500.0,3.75
3.1,0.0,2,400.0,22.0,0,0.100013971329,0,94.0,1,10,1.49318255126,-5.08531276016,5.3,3.0,5.0,500.0,3.75
3.1,0.0,2,400.0,22.0,-2,0.100101947784,1,94.0,2,6,5.24605364197,-0.754268642848,5.3,3.0,5.0,500.0,3.75
3.1,0.0,1,400.0,22.0,0,0.100131988525,1,94.0,1,6,5.24605364197,-0.754268642848,5.3,3.0,5.0,500.0,3.75
3.1,0.0,2,400.0,22.0,1,0.1001060009,1,94.0,1,2,2.86539633251,4.45864372401,5.3,3.0,5.0,500.0,3.75
3.1,0.0,1,400.0,22.0,-1,0.10011100769,-1,94.0,1,18,-4.82104957538,2.20169956891,5.3,3.0,5.0,500.0,3.75
3.1,0.0,2,400.0,22.0,2,0.100102901459,-1,94.0,2,17,-5.24605364197,0.754268642848,5.3,3.0,5.0,500.0,3.75
3.1,0.0,2,400.0,22.0,0,0.100047111511,0,94.0,1,7,4.82104957538,-2.20169956891,5.3,3.0,5.0,500.0,3.75
3.1,0.0,2,400.0,22.0,1,0.100097894669,2,94.0,1,0,0.0,5.3,5.3,3.0,5.0,500.0,3.75
3.1,0.0,2,400.0,22.0,0,0.100110054016,0,94.0,1,9,2.86539633251,-4.45864372401,5.3,3.0,5.0,500.0,3.75
3.1,0.0,2,400.0,22.0,2,0.100106954575,1,94.0,2,3,4.00547274408,3.47076188991,5.3,3.0,5.0,500.0,3.75
3.1,0.0,2,400.0,22.0,0,0.100136995316,0,94.0,1,9,2.86539633251,-4.45864372401,5.3,3.0,5.0,500.0,3.75
3.1,0.0,1,400.0,22.0,0,0.100136041641,-2,94.0,1,18,-4.82104957538,2.20169956891,5.3,3.0,5.0,500.0,3.75
3.1,0.0,1,400.0,22.0,0,0.100134134293,-1,94.0,1,10,1.49318255126,-5.08531276016,5.3,3.0,5.0,500.0,3.75
3.1,0.0,2,400.0,22.0,0,0.100159168243,-2,94.0,1,14,-4.00547274408,-3.47076188991,5.3,3.0,5.0,500.0,3.75
3.1,0.0,1,400.0,22.0,0,0.100076913834,-1,94.0,1,18,-4.82104957538,2.20169956891,5.3,3.0,5.0,500.0,3.75
3.1,0.0,2,400.0,22.0,-1,0.100134134293,-1,94.0,1,17,-5.24605364197,0.754268642848,5.3,3.0,5.0,500.0,3.75
3.1,0.0,2,400.0,22.0,0,0.10050201416,0,94.0,1,16,-5.24605364197,-0.754268642848,5.3,3.0,5.0,500.0,3.75
3.1,0.0,2,400.0,22.0,0,0.100118875504,0,94.0,1,17,-5.24605364197,0.754268642848,5.3,3.0,5.0,500.0,3.75
3.1,0.0,2,400.0,22.0,0,0.100101947784,1,94.0,1,7,4.82104957538,-2.20169956891,5.3,3.0,5.0,500.0,3.75
3.1,0.0,2,400.0,22.0,2,0.100048065186,0,94.0,2,11,6.49041367526e-16,-5.3,5.3,3.0,5.0,500.0,3.75
3.1,0.0,2,400.0,22.0,0,0.100084781647,0,94.0,1,8,4.00547274408,-3.47076188991,5.3,3.0,5.0,500.0,3.75
3.1,0.0,2,400.0,22.0,0,0.100100040436,0,94.0,1,10,1.49318255126,-5.08531276016,5.3,3.0,5.0,500.0,3.75
3.1,0.0,2,400.0,22.0,1,0.100250959396,-2,94.0,2,20,-2.86539633251,4.45864372401,5.3,3.0,5.0,500.0,3.75
3.1,0.0,2,400.0,22.0,0,0.100088119507,0,94.0,1,11,6.49041367526e-16,-5.3,5.3,3.0,5.0,500.0,3.75
3.1,0.0,1,400.0,22.0,0,0.100145101547,2,94.0,1,12,-1.49318255126,-5.08531276016,5.3,3.0,5.0,500.0,3.75
3.1,0.0,2,400.0,22.0,0,0.100102901459,0,94.0,1,6,5.24605364197,-0.754268642848,5.3,3.0,5.0,500.0,3.75
3.1,0.0,1,400.0,22.0,1,0.100116968155,-1,94.0,1,4,4.82104957538,2.20169956891,5.3,3.0,5.0,500.0,3.75
3.1,0.0,2,400.0,22.0,0,0.100126028061,0,94.0,1,4,4.82104957538,2.20169956891,5.3,3.0,5.0,500.0,3.75
3.1,0.0,2,400.0,22.0,0,0.100104093552,0,94.0,1,16,-5.24605364197,-0.754268642848,5.3,3.0,5.0,500.0,3.75
3.1,0.0,2,400.0,22.0,1,0.100573062897,0,94.0,1,3,4.00547274408,3.47076188991,5.3,3.0,5.0,500.0,3.75
3.1,0.0,1,400.0,22.0,0,0.100105047226,2,94.0,1,13,-2.86539633251,-4.45864372401,5.3,3.0,5.0,500.0,3.75
3.1,0.0,2,400.0,22.0,2,0.100115060806,1,94.0,2,2,2.86539633251,4.45864372401,5.3,3.0,5.0,500.0,3.75
3.1,0.0,2,400.0,22.0,0,0.100107908249,0,94.0,1,16,-5.24605364197,-0.754268642848,5.3,3.0,5.0,500.0,3.75
3.1,0.0,1,400.0,22.0,0,0.100038051605,-2,94.0,1,20,-2.86539633251,4.45864372401,5.3,3.0,5.0,500.0,3.75
3.1,0.0,2,400.0,22.0,0,0.100146055222,0,94.0,1,13,-2.86539633251,-4.45864372401,5.3,3.0,5.0,500.0,3.75
3.1,0.0,2,400.0,22.0,0,0.100095033646,0,94.0,1,8,4.00547274408,-3.47076188991,5.3,3.0,5.0,500.0,3.75
3.1,0.0,1,400.0,22.0,-2,0.1001060009,0,94.0,2,6,5.24605364197,-0.754268642848,5.3,3.0,5.0,500.0,3.75
3.1,0.0,2,400.0,22.0,-2,0.100128889084,-2,94.0,1,20,-2.86539633251,4.45864372401,5.3,3.0,5.0,500.0,3.75
3.1,0.0,2,400.0,22.0,0,0.100162029266,0,94.0,1,10,1.49318255126,-5.08531276016,5.3,3.0,5.0,500.0,3.75
3.1,0.0,2,400.0,22.0,0,0.100145101547,0,94.0,1,11,6.49041367526e-16,-5.3,5.3,3.0,5.0,500.0,3.75
3.1,0.0,1,400.0,22.0,0,0.0999522209167,2,94.0,1,3,4.00547274408,3.47076188991,5.3,3.0,5.0,500.0,3.75
3.1,0.0,2,400.0,22.0,-2,0.100124120712,-2,94.0,1,19,-4.00547274408,3.47076188991,5.3,3.0,5.0,500.0,3.75
3.1,0.0,2,400.0,22.0,2,0.100123167038,1,94.0,1,5,5.24605364197,0.754268642848,5.3,3.0,5.0,500.0,3.75
3.1,0.0,2,400.0,22.0,0,0.100111961365,0,94.0,1,6,5.24605364197,-0.754268642848,5.3,3.0,5.0,500.0,3.75
3.1,0.0,2,400.0,22.0,-1,0.100067138672,0,94.0,1,15,-4.82104957538,-2.20169956891,5.3,3.0,5.0,500.0,3.75
3.1,0.0,2,400.0,22.0,1,0.100103855133,2,94.0,1,3,4.00547274408,3.47076188991,5.3,3.0,5.0,500.0,3.75
3.1,0.0,2,400.0,22.0,0,0.100118875504,-1,94.0,1,13,-2.86539633251,-4.45864372401,5.3,3.0,5.0,500.0,3.75
3.1,0.0,2,400.0,22.0,-2,0.100146055222,-1,94.0,1,21,-1.49318255126,5.08531276016,5.3,3.0,5.0,500.0,3.75
3.1,0.0,2,400.0,22.0,-1,0.100028991699,-1,94.0,1,21,-1.49318255126,5.08531276016,5.3,3.0,5.0,500.0,3.75
3.1,0.0,2,400.0,22.0,0,0.100107192993,0,94.0,1,16,-5.24605364197,-0.754268642848,5.3,3.0,5.0,500.0,3.75
3.1,0.0,1,400.0,22.0,0,0.100126981735,0,94.0,1,4,4.82104957538,2.20169956891,5.3,3.0,5.0,500.0,3.75
3.1,0.0,2,400.0,22.0,-1,0.0997869968414,-1,94.0,1,17,-5.24605364197,0.754268642848,5.3,3.0,5.0,500.0,3.75
3.1,0.0,1,400.0,22.0,-2,0.1001060009,0,94.0,1,13,-2.86539633251,-4.45864372401,5.3,3.0,5.0,500.0,3.75
3.1,0.0,1,400.0,22.0,1,0.100105047226,2,94.0,1,0,0.0,5.3,5.3,3.0,5.0,500.0,3.75
3.1,0.0,2,400.0,22.0,-1,0.100111961365,-1,94.0,2,1,1.49318255126,5.08531276016,5.3,3.0,5.0,500.0,3.75
3.1,0.0,2,400.0,22.0,0,0.100141048431,-1,94.0,1,17,-5.24605364197,0.754268642848,5.3,3.0,5.0,500.0,3.75
3.1,0.0,2,400.0,22.0,0,0.100030899048,0,94.0,1,13,-2.86539633251,-4.45864372401,5.3,3.0,5.0,500.0,3.75
3.1,0.0,2,400.0,22.0,0,0.100089788437,0,94.0,1,7,4.82104957538,-2.20169956891,5.3,3.0,5.0,500.0,3.75
3.1,0.0,2,400.0,22.0,1,0.100131034851,1,94.0,1,0,0.0,5.3,5.3,3.0,5.0,500.0,3.75
3.1,0.0,2,400.0,22.0,0,0.100110054016,0,94.0,1,5,5.24605364197,0.754268642848,5.3,3.0,5.0,500.0,3.75
3.1,0.0,2,400.0,22.0,0,0.0998179912567,0,94.0,1,16,-5.24605364197,-0.754268642848,5.3,3.0,5.0,500.0,3.75
3.1,0.0,1,400.0,22.0,0,0.100101947784,2,94.0,1,18,-4.82104957538,2.20169956891,5.3,3.0,5.0,500.0,3.75
3.1,0.0,1,400.0,22.0,0,0.100089788437,-1,94.0,1,20,-2.86539633251,4.45864372401,5.3,3.0,5.0,500.0,3.75
3.1,0.0,2,400.0,22.0,1,0.0998041629791,0,94.0,1,14,-4.00547274408,-3.47076188991,5.3,3.0,5.0,500.0,3.75
3.1,0.0,2,400.0,22.0,-1,0.100159883499,0,94.0,1,17,-5.24605364197,0.754268642848,5.3,3.0,5.0,500.0,3.75
3.1,0.0,2,400.0,22.0,0,0.100133895874,0,94.0,1,6,5.24605364197,-0.754268642848,5.3,3.0,5.0,500.0,3.75
3.1,0.0,2,400.0,22.0,0,0.100110054016,0,94.0,1,5,5.24605364197,0.754268642848,5.3,3.0,5.0,500.0,3.75
3.1,0.0,2,400.0,22.0,0,0.100165843964,0,94.0,1,6,5.24605364197,-0.754268642848,5.3,3.0,5.0,500.0,3.75
3.1,0.0,2,400.0,22.0,0,0.100031852722,0,94.0,1,13,-2.86539633251,-4.45864372401,5.3,3.0,5.0,500.0,3.75
3.1,0.0,2,400.0,22.0,0,0.100121974945,0,94.0,1,9,2.86539633251,-4.45864372401,5.3,3.0,5.0,500.0,3.75
3.1,0.0,2,400.0,22.0,-1,0.100050926208,-1,94.0,2,8,4.00547274408,-3.47076188991,5.3,3.0,5.0,500.0,3.75
3.1,0.0,2,400.0,22.0,0,0.100117921829,0,94.0,1,9,2.86539633251,-4.45864372401,5.3,3.0,5.0,500.0,3.75
3.1,0.0,1,400.0,22.0,1,0.100112915039,1,94.0,1,5,5.24605364197,0.754268642848,5.3,3.0,5.0,500.0,3.75
3.1,0.0,2,400.0,22.0,0,0.100092172623,0,94.0,1,7,4.82104957538,-2.20169956891,5.3,3.0,5.0,500.0,3.75
3.1,0.0,2,400.0,22.0,1,0.100079059601,1,94.0,2,20,-2.86539633251,4.45864372401,5.3,3.0,5.0,500.0,3.75
3.1,0.0,2,400.0,22.0,-1,0.100087881088,2,94.0,1,0,0.0,5.3,5.3,3.0,5.0,500.0,3.75
3.1,0.0,2,400.0,22.0,0,0.0999901294708,0,94.0,1,12,-1.49318255126,-5.08531276016,5.3,3.0,5.0,500.0,3.75
3.1,0.0,1,400.0,22.0,-1,0.1001060009,0,94.0,2,13,-2.86539633251,-4.45864372401,5.3,3.0,5.0,500.0,3.75
3.1,0.0,2,400.0,22.0,0,0.100128889084,0,94.0,1,7,4.82104957538,-2.20169956891,5.3,3.0,5.0,500.0,3.75
3.1,0.0,2,400.0,22.0,-1,0.100105047226,0,94.0,1,14,-4.00547274408,-3.47076188991,5.3,3.0,5.0,500.0,3.75
3.1,0.0,2,400.0,22.0,0,0.10013794899,0,94.0,1,6,5.24605364197,-0.754268642848,5.3,3.0,5.0,500.0,3.75
3.1,0.0,2,400.0,22.0,0,0.100000143051,-1,94.0,1,12,-1.49318255126,-5.08531276016,5.3,3.0,5.0,500.0,3.75
3.1,0.0,1,400.0,22.0,1,0.100114107132,-1,94.0,2,18,-4.82104957538,2.20169956891,5.3,3.0,5.0,500.0,3.75
3.1,0.0,2,400.0,22.0,0,0.100110054016,0,94.0,1,2,2.86539633251,4.45864372401,5.3,3.0,5.0,500.0,3.75
3.1,0.0,1,400.0,22.0,0,0.100089073181,0,94.0,2,0,0.0,5.3,5.3,3.0,5.0,500.0,3.75
3.1,0.0,2,400.0,22.0,0,0.10009598732,0,94.0,1,14,-4.00547274408,-3.47076188991,5.3,3.0,5.0,500.0,3.75
3.1,0.0,1,400.0,22.0,2,0.100013971329,2,94.0,1,12,-1.49318255126,-5.08531276016,5.3,3.0,5.0,500.0,3.75
3.1,0.0,2,400.0,22.0,-2,0.100116968155,-1,94.0,1,8,4.00547274408,-3.47076188991,5.3,3.0,5.0,500.0,3.75
3.1,0.0,2,400.0,22.0,0,0.100121021271,0,94.0,1,16,-5.24605364197,-0.754268642848,5.3,3.0,5.0,500.0,3.75
3.1,0.0,2,400.0,22.0,1,0.0998361110687,-1,94.0,2,18,-4.82104957538,2.20169956891,5.3,3.0,5.0,500.0,3.75
3.1,0.0,2,400.0,22.0,0,0.100111961365,0,94.0,1,5,5.24605364197,0.754268642848,5.3,3.0,5.0,500.0,3.75
3.1,0.0,2,400.0,22.0,0,0.100131034851,2,94.0,1,6,5.24605364197,-0.754268642848,5.3,3.0,5.0,500.0,3.75
3.1,0.0,1,400.0,22.0,-1,0.100131034851,-1,94.0,1,19,-4.00547274408,3.47076188991,5.3,3.0,5.0,500.0,3.75
3.1,0.0,2,400.0,22.0,0,0.100209951401,0,94.0,1,20,-2.86539633251,4.45864372401,5.3,3.0,5.0,500.0,3.75
3.1,0.0,1,400.0,22.0,0,0.10012793541,0,94.0,1,8,4.00547274408,-3.47076188991,5.3,3.0,5.0,500.0,3.75
3.1,0.0,2,400.0,22.0,0,0.100123882294,0,94.0,1,10,1.49318255126,-5.08531276016,5.3,3.0,5.0,500.0,3.75
3.1,0.0,1,400.0,22.0,2,0.100098133087,2,94.0,2,5,5.24605364197,0.754268642848,5.3,3.0,5.0,500.0,3.75
3.1,0.0,2,400.0,22.0,-1,0.100071191788,-1,94.0,1,8,4.00547274408,-3.47076188991,5.3,3.0,5.0,500.0,3.75
3.1,0.0,2,400.0,22.0,0,0.10012793541,0,94.0,1,19,-4.00547274408,3.47076188991,5.3,3.0,5.0,500.0,3.75
3.1,0.0,2,400.0,22.0,-1,0.10008597374,-1,94.0,1,21,-1.49318255126,5.08531276016,5.3,3.0,5.0,500.0,3.75
3.1,0.0,1,400.0,22.0,0,0.100106954575,0,94.0,1,19,-4.00547274408,3.47076188991,5.3,3.0,5.0,500.0,3.75
3.1,0.0,2,400.0,22.0,-1,0.100033044815,-1,94.0,1,21,-1.49318255126,5.08531276016,5.3,3.0,5.0,500.0,3.75
3.1,0.0,2,400.0,22.0,1,0.100004911423,1,94.0,1,10,1.49318255126,-5.08531276016,5.3,3.0,5.0,500.0,3.75
3.1,0.0,2,400.0,22.0,0,0.100125074387,0,94.0,1,9,2.86539633251,-4.45864372401,5.3,3.0,5.0,500.0,3.75
3.1,0.0,2,400.0,22.0,0,0.100100040436,0,94.0,1,9,2.86539633251,-4.45864372401,5.3,3.0,5.0,500.0,3.75
3.1,0.0,2,400.0,22.0,0,0.100139856339,0,94.0,1,1,1.49318255126,5.08531276016,5.3,3.0,5.0,500.0,3.75
3.1,0.0,1,400.0,22.0,-1,0.100098848343,1,94.0,2,1,1.49318255126,5.08531276016,5.3,3.0,5.0,500.0,3.75
3.1,0.0,2,400.0,22.0,0,0.100172996521,0,94.0,1,10,1.49318255126,-5.08531276016,5.3,3.0,5.0,500.0,3.75
3.1,0.0,2,400.0,22.0,0,0.100018024445,0,94.0,1,12,-1.49318255126,-5.08531276016,5.3,3.0,5.0,500.0,3.75
3.1,0.0,2,400.0,22.0,2,0.10014295578,2,94.0,1,5,5.24605364197,0.754268642848,5.3,3.0,5.0,500.0,3.75
3.1,0.0,2,400.0,22.0,0,0.100016832352,0,94.0,1,13,-2.86539633251,-4.45864372401,5.3,3.0,5.0,500.0,3.75
3.1,0.0,2,400.0,22.0,1,0.100126981735,0,94.0,2,0,0.0,5.3,5.3,3.0,5.0,500.0,3.75
3.1,0.0,2,400.0,22.0,0,0.100067138672,0,94.0,1,11,6.49041367526e-16,-5.3,5.3,3.0,5.0,500.0,3.75
3.1,0.0,2,400.0,22.0,0,0.100070953369,0,94.0,1,11,6.49041367526e-16,-5.3,5.3,3.0,5.0,500.0,3.75
3.1,0.0,2,400.0,22.0,0,0.100103855133,0,94.0,1,16,-5.24605364197,-0.754268642848,5.3,3.0,5.0,500.0,3.75
3.1,0.0,1,400.0,22.0,0,0.100051879883,2,94.0,1,0,0.0,5.3,5.3,3.0,5.0,500.0,3.75
3.1,0.0,2,400.0,22.0,0,0.100033998489,0,94.0,1,9,2.86539633251,-4.45864372401,5.3,3.0,5.0,500.0,3.75
3.1,0.0,1,400.0,22.0,1,0.10011100769,-2,94.0,1,4,4.82104957538,2.20169956891,5.3,3.0,5.0,500.0,3.75
3.1,0.0,2,400.0,22.0,0,0.100097179413,0,94.0,1,10,1.49318255126,-5.08531276016,5.3,3.0,5.0,500.0,3.75
3.1,0.0,2,400.0,22.0,0,0.100100040436,1,94.0,1,8,4.00547274408,-3.47076188991,5.3,3.0,5.0,500.0,3.75
3.1,0.0,1,400.0,22.0,2,0.100123882294,-2,94.0,1,20,-2.86539633251,4.45864372401,5.3,3.0,5.0,500.0,3.75
3.1,0.0,1,400.0,22.0,1,0.100146055222,1,94.0,1,1,1.49318255126,5.08531276016,5.3,3.0,5.0,500.0,3.75
3.1,0.0,2,400.0,22.0,0,0.100101947784,0,94.0,1,1,1.49318255126,5.08531276016,5.3,3.0,5.0,500.0,3.75
3.1,0.0,2,400.0,22.0,-1,0.100126981735,-1,94.0,1,14,-4.00547274408,-3.47076188991,5.3,3.0,5.0,500.0,3.75
3.1,0.0,2,400.0,22.0,0,0.100125074387,0,94.0,1,4,4.82104957538,2.20169956891,5.3,3.0,5.0,500.0,3.75
3.1,0.0,2,400.0,22.0,0,0.10011100769,0,94.0,1,20,-2.86539633251,4.45864372401,5.3,3.0,5.0,500.0,3.75
3.1,0.0,1,400.0,22.0,-1,0.100113868713,2,94.0,2,4,4.82104957538,2.20169956891,5.3,3.0,5.0,500.0,3.75
3.1,0.0,2,400.0,22.0,1,0.100129127502,1,94.0,1,3,4.00547274408,3.47076188991,5.3,3.0,5.0,500.0,3.75
3.1,0.0,2,400.0,22.0,0,0.100034952164,0,94.0,2,15,-4.82104957538,-2.20169956891,5.3,3.0,5.0,500.0,3.75
3.1,0.0,1,400.0,22.0,0,0.100091218948,0,94.0,1,8,4.00547274408,-3.47076188991,5.3,3.0,5.0,500.0,3.75
3.1,0.0,1,400.0,22.0,0,0.100041151047,0,94.0,2,8,4.00547274408,-3.47076188991,5.3,3.0,5.0,500.0,3.75
3.1,0.0,2,400.0,22.0,2,0.100125074387,1,94.0,1,13,-2.86539633251,-4.45864372401,5.3,3.0,5.0,500.0,3.75
3.1,0.0,2,400.0,22.0,-1,0.100093841553,0,94.0,2,18,-4.82104957538,2.20169956891,5.3,3.0,5.0,500.0,3.75
3.1,0.0,1,400.0,22.0,1,0.100087881088,2,94.0,1,1,1.49318255126,5.08531276016,5.3,3.0,5.0,500.0,3.75
3.1,0.0,1,400.0,22.0,1,0.100086927414,1,94.0,1,8,4.00547274408,-3.47076188991,5.3,3.0,5.0,500.0,3.75
3.1,0.0,1,400.0,22.0,1,0.100154161453,-2,94.0,1,1,1.49318255126,5.08531276016,5.3,3.0,5.0,500.0,3.75
3.1,0.0,2,400.0,22.0,1,0.100109100342,1,94.0,1,13,-2.86539633251,-4.45864372401,5.3,3.0,5.0,500.0,3.75
3.1,0.0,2,400.0,22.0,0,0.100146055222,0,94.0,1,11,6.49041367526e-16,-5.3,5.3,3.0,5.0,500.0,3.75
3.1,0.0,1,400.0,22.0,1,0.100175857544,0,94.0,2,12,-1.49318255126,-5.08531276016,5.3,3.0,5.0,500.0,3.75
3.1,0.0,1,400.0,22.0,2,0.100144147873,2,94.0,1,2,2.86539633251,4.45864372401,5.3,3.0,5.0,500.0,3.75
3.1,0.0,2,400.0,22.0,0,0.10009598732,0,94.0,1,8,4.00547274408,-3.47076188991,5.3,3.0,5.0,500.0,3.75
3.1,0.0,2,400.0,22.0,0,0.100060939789,0,94.0,1,21,-1.49318255126,5.08531276016,5.3,3.0,5.0,500.0,3.75
3.1,0.0,2,400.0,22.0,0,0.100103139877,0,94.0,1,20,-2.86539633251,4.45864372401,5.3,3.0,5.0,500.0,3.75
3.1,0.0,2,400.0,22.0,0,0.100084781647,2,94.0,1,21,-1.49318255126,5.08531276016,5.3,3.0,5.0,500.0,3.75
3.1,0.0,2,400.0,22.0,0,0.100126981735,1,94.0,1,19,-4.00547274408,3.47076188991,5.3,3.0,5.0,500.0,3.75
3.1,0.0,2,400.0,22.0,0,0.0998101234436,0,94.0,1,16,-5.24605364197,-0.754268642848,5.3,3.0,5.0,500.0,3.75
3.1,0.0,2,400.0,22.0,0,0.100075960159,0,94.0,1,16,-5.24605364197,-0.754268642848,5.3,3.0,5.0,500.0,3.75
3.1,0.0,1,400.0,22.0,0,0.100098848343,1,94.0,1,3,4.00547274408,3.47076188991,5.3,3.0,5.0,500.0,3.75
3.1,0.0,2,400.0,22.0,0,0.10014796257,0,94.0,1,10,1.49318255126,-5.08531276016,5.3,3.0,5.0,500.0,3.75
3.1,0.0,2,400.0,22.0,0,0.1001060009,0,94.0,1,9,2.86539633251,-4.45864372401,5.3,3.0,5.0,500.0,3.75
3.1,0.0,2,400.0,22.0,0,0.100106954575,-2,94.0,1,16,-5.24605364197,-0.754268642848,5.3,3.0,5.0,500.0,3.75
3.1,0.0,2,400.0,22.0,1,0.100133895874,1,94.0,1,2,2.86539633251,4.45864372401,5.3,3.0,5.0,500.0,3.75
3.1,0.0,2,400.0,22.0,2,0.100130081177,1,94.0,2,3,4.00547274408,3.47076188991,5.3,3.0,5.0,500.0,3.75
3.1,0.0,1,400.0,22.0,1,0.10010099411,1,94.0,1,2,2.86539633251,4.45864372401,5.3,3.0,5.0,500.0,3.75
3.1,0.0,2,400.0,22.0,0,0.100110769272,0,94.0,1,17,-5.24605364197,0.754268642848,5.3,3.0,5.0,500.0,3.75
3.1,0.0,1,400.0,22.0,1,0.100052118301,-1,94.0,2,14,-4.00547274408,-3.47076188991,5.3,3.0,5.0,500.0,3.75
3.1,0.0,2,400.0,22.0,1,0.100142002106,0,94.0,2,9,2.86539633251,-4.45864372401,5.3,3.0,5.0,500.0,3.75
3.1,0.0,2,400.0,22.0,0,0.100061178207,0,94.0,2,20,-2.86539633251,4.45864372401,5.3,3.0,5.0,500.0,3.75
3.1,0.0,2,400.0,22.0,1,0.100076913834,2,94.0,2,8,4.00547274408,-3.47076188991,5.3,3.0,5.0,500.0,3.75
3.1,0.0,2,400.0,22.0,1,0.100069046021,0,94.0,1,5,5.24605364197,0.754268642848,5.3,3.0,5.0,500.0,3.75
3.1,0.0,2,400.0,22.0,0,0.100045919418,-1,94.0,2,3,4.00547274408,3.47076188991,5.3,3.0,5.0,500.0,3.75
3.1,0.0,2,400.0,22.0,-2,0.100121021271,1,94.0,1,18,-4.82104957538,2.20169956891,5.3,3.0,5.0,500.0,3.75
3.1,0.0,1,400.0,22.0,0,0.100077152252,0,94.0,2,0,0.0,5.3,5.3,3.0,5.0,500.0,3.75
3.1,0.0,1,400.0,22.0,1,0.100109100342,-2,94.0,1,1,1.49318255126,5.08531276016,5.3,3.0,5.0,500.0,3.75
3.1,0.0,2,400.0,22.0,0,0.100121021271,2,94.0,1,8,4.00547274408,-3.47076188991,5.3,3.0,5.0,500.0,3.75
3.1,0.0,2,400.0,22.0,1,0.100146055222,-2,94.0,1,1,1.49318255126,5.08531276016,5.3,3.0,5.0,500.0,3.75
3.1,0.0,2,400.0,22.0,0,0.100143194199,0,94.0,1,7,4.82104957538,-2.20169956891,5.3,3.0,5.0,500.0,3.75
3.1,0.0,2,400.0,22.0,0,0.100202083588,1,94.0,1,10,1.49318255126,-5.08531276016,5.3,3.0,5.0,500.0,3.75
3.1,0.0,2,400.0,22.0,1,0.100098848343,-2,94.0,1,21,-1.49318255126,5.08531276016,5.3,3.0,5.0,500.0,3.75
3.1,0.0,2,400.0,22.0,-2,0.100135087967,1,94.0,2,3,4.00547274408,3.47076188991,5.3,3.0,5.0,500.0,3.75
3.1,0.0,1,400.0,22.0,1,0.100072860718,0,94.0,2,4,4.82104957538,2.20169956891,5.3,3.0,5.0,500.0,3.75
3.1,0.0,2,400.0,22.0,0,0.100126028061,0,94.0,1,4,4.82104957538,2.20169956891,5.3,3.0,5.0,500.0,3.75
3.1,0.0,1,400.0,22.0,0,0.100119113922,1,94.0,1,6,5.24605364197,-0.754268642848,5.3,3.0,5.0,500.0,3.75
3.1,0.0,2,400.0,22.0,0,0.100075960159,0,94.0,1,5,5.24605364197,0.754268642848,5.3,3.0,5.0,500.0,3.75
3.1,0.0,2,400.0,22.0,1,0.10006403923,-1,94.0,2,18,-4.82104957538,2.20169956891,5.3,3.0,5.0,500.0,3.75
3.1,0.0,1,400.0,22.0,1,0.100252866745,-2,94.0,1,2,2.86539633251,4.45864372401,5.3,3.0,5.0,500.0,3.75
3.1,0.0,2,400.0,22.0,-1,0.100116968155,0,94.0,1,12,-1.49318255126,-5.08531276016,5.3,3.0,5.0,500.0,3.75
3.1,0.0,2,400.0,22.0,1,0.100124835968,0,94.0,1,12,-1.49318255126,-5.08531276016,5.3,3.0,5.0,500.0,3.75
3.1,0.0,2,400.0,22.0,1,0.100136995316,0,94.0,1,15,-4.82104957538,-2.20169956891,5.3,3.0,5.0,500.0,3.75
3.1,0.0,1,400.0,22.0,0,0.10010099411,-2,94.0,1,18,-4.82104957538,2.20169956891,5.3,3.0,5.0,500.0,3.75
3.1,0.0,2,400.0,22.0,0,0.0999839305878,2,94.0,2,15,-4.82104957538,-2.20169956891,5.3,3.0,5.0,500.0,3.75
3.1,0.0,1,400.0,22.0,1,0.100126028061,-1,94.0,1,4,4.82104957538,2.20169956891,5.3,3.0,5.0,500.0,3.75
3.1,0.0,1,400.0,22.0,2,0.100144147873,1,94.0,2,2,2.86539633251,4.45864372401,5.3,3.0,5.0,500.0,3.75
3.1,0.0,2,400.0,22.0,0,0.100146055222,0,94.0,2,6,5.24605364197,-0.754268642848,5.3,3.0,5.0,500.0,3.75
3.1,0.0,1,400.0,22.0,-1,0.100112915039,2,94.0,1,13,-2.86539633251,-4.45864372401,5.3,3.0,5.0,500.0,3.75
3.1,0.0,2,400.0,22.0,-1,0.100106954575,-1,94.0,1,9,2.86539633251,-4.45864372401,5.3,3.0,5.0,500.0,3.75
3.1,0.0,2,400.0,22.0,1,0.100090026855,1,94.0,2,1,1.49318255126,5.08531276016,5.3,3.0,5.0,500.0,3.75
3.1,0.0,2,400.0,22.0,0,0.100128173828,0,94.0,1,7,4.82104957538,-2.20169956891,5.3,3.0,5.0,500.0,3.75
3.1,0.0,2,400.0,22.0,-1,0.100078105927,0,94.0,1,0,0.0,5.3,5.3,3.0,5.0,500.0,3.75
3.1,0.0,2,400.0,22.0,2,0.10009098053,0,94.0,2,21,-1.49318255126,5.08531276016,5.3,3.0,5.0,500.0,3.75
3.1,0.0,2,400.0,22.0,1,0.100101947784,1,94.0,1,4,4.82104957538,2.20169956891,5.3,3.0,5.0,500.0,3.75
3.1,0.0,2,400.0,22.0,-2,0.100341081619,0,94.0,2,8,4.00547274408,-3.47076188991,5.3,3.0,5.0,500.0,3.75
3.1,0.0,2,400.0,22.0,0,0.100121974945,0,94.0,1,7,4.82104957538,-2.20169956891,5.3,3.0,5.0,500.0,3.75
3.1,0.0,1,400.0,22.0,-1,0.100117921829,0,94.0,1,20,-2.86539633251,4.45864372401,5.3,3.0,5.0,500.0,3.75
3.1,0.0,2,400.0,22.0,0,0.100133180618,-2,94.0,1,6,5.24605364197,-0.754268642848,5.3,3.0,5.0,500.0,3.75
3.1,0.0,2,400.0,22.0,0,0.100109100342,1,94.0,2,5,5.24605364197,0.754268642848,5.3,3.0,5.0,500.0,3.75
3.1,0.0,1,400.0,22.0,-2,0.100125074387,2,94.0,1,21,-1.49318255126,5.08531276016,5.3,3.0,5.0,500.0,3.75
3.1,0.0,1,400.0,22.0,0,0.100057125092,2,94.0,1,1,1.49318255126,5.08531276016,5.3,3.0,5.0,500.0,3.75
3.1,0.0,2,400.0,22.0,0,0.100147008896,0,94.0,1,7,4.82104957538,-2.20169956891,5.3,3.0,5.0,500.0,3.75
3.1,0.0,2,400.0,22.0,-1,0.10006403923,0,94.0,1,5,5.24605364197,0.754268642848,5.3,3.0,5.0,500.0,3.75
3.1,0.0,1,400.0,22.0,1,0.100115060806,0,94.0,1,4,4.82104957538,2.20169956891,5.3,3.0,5.0,500.0,3.75
3.1,0.0,1,400.0,22.0,0,0.100033998489,-2,94.0,1,10,1.49318255126,-5.08531276016,5.3,3.0,5.0,500.0,3.75
3.1,0.0,2,400.0,22.0,-2,0.10012793541,0,94.0,1,0,0.0,5.3,5.3,3.0,5.0,500.0,3.75
3.1,0.0,2,400.0,22.0,1,0.100121021271,0,94.0,1,7,4.82104957538,-2.20169956891,5.3,3.0,5.0,500.0,3.75
3.1,0.0,1,400.0,22.0,-1,0.100077867508,2,94.0,1,17,-5.24605364197,0.754268642848,5.3,3.0,5.0,500.0,3.75
3.1,0.0,1,400.0,22.0,0,0.100090026855,0,94.0,1,2,2.86539633251,4.45864372401,5.3,3.0,5.0,500.0,3.75
3.1,0.0,2,400.0,22.0,-2,0.100123882294,-1,94.0,2,1,1.49318255126,5.08531276016,5.3,3.0,5.0,500.0,3.75
3.1,0.0,2,400.0,22.0,1,0.100115060806,1,94.0,1,4,4.82104957538,2.20169956891,5.3,3.0,5.0,500.0,3.75
3.1,0.0,1,400.0,22.0,0,0.100111961365,-1,94.0,1,1,1.49318255126,5.08531276016,5.3,3.0,5.0,500.0,3.75
3.1,0.0,2,400.0,22.0,2,0.100160837173,0,94.0,1,10,1.49318255126,-5.08531276016,5.3,3.0,5.0,500.0,3.75
3.1,0.0,2,400.0,22.0,-1,0.100110054016,-1,94.0,1,9,2.86539633251,-4.45864372401,5.3,3.0,5.0,500.0,3.75
3.1,0.0,2,400.0,22.0,0,0.100139856339,0,94.0,1,13,-2.86539633251,-4.45864372401,5.3,3.0,5.0,500.0,3.75
3.1,0.0,1,400.0,22.0,0,0.100142002106,0,94.0,1,18,-4.82104957538,2.20169956891,5.3,3.0,5.0,500.0,3.75
3.1,0.0,1,400.0,22.0,-2,0.100093841553,1,94.0,2,1,1.49318255126,5.08531276016,5.3,3.0,5.0,500.0,3.75
3.1,0.0,2,400.0,22.0,0,0.100080966949,0,94.0,1,2,2.86539633251,4.45864372401,5.3,3.0,5.0,500.0,3.75
3.1,0.0,2,400.0,22.0,0,0.100083112717,0,94.0,1,11,6.49041367526e-16,-5.3,5.3,3.0,5.0,500.0,3.75
3.1,0.0,2,400.0,22.0,1,0.100080013275,1,94.0,1,3,4.00547274408,3.47076188991,5.3,3.0,5.0,500.0,3.75
3.1,0.0,1,400.0,22.0,0,0.100075006485,0,94.0,1,13,-2.86539633251,-4.45864372401,5.3,3.0,5.0,500.0,3.75
3.1,0.0,1,400.0,22.0,-1,0.100118160248,0,94.0,1,20,-2.86539633251,4.45864372401,5.3,3.0,5.0,500.0,3.75
3.1,0.0,2,400.0,22.0,2,0.100106954575,0,94.0,2,13,-2.86539633251,-4.45864372401,5.3,3.0,5.0,500.0,3.75
3.1,0.0,2,400.0,22.0,0,0.100170135498,1,94.0,1,1,1.49318255126,5.08531276016,5.3,3.0,5.0,500.0,3.75
3.1,0.0,2,400.0,22.0,0,0.100142002106,0,94.0,1,10,1.49318255126,-5.08531276016,5.3,3.0,5.0,500.0,3.75
3.1,0.0,2,400.0,22.0,0,0.100133895874,-2,94.0,1,15,-4.82104957538,-2.20169956891,5.3,3.0,5.0,500.0,3.75
3.1,0.0,2,400.0,22.0,0,0.0999870300293,0,94.0,1,5,5.24605364197,0.754268642848,5.3,3.0,5.0,500.0,3.75
3.1,0.0,2,400.0,22.0,-2,0.100243091583,1,94.0,1,10,1.49318255126,-5.08531276016,5.3,3.0,5.0,500.0,3.75
3.1,0.0,2,400.0,22.0,1,0.100129127502,-2,94.0,1,4,4.82104957538,2.20169956891,5.3,3.0,5.0,500.0,3.75
3.1,0.0,1,400.0,22.0,0,0.100103139877,-1,94.0,1,0,0.0,5.3,5.3,3.0,5.0,500.0,3.75
3.1,0.0,2,400.0,22.0,1,0.100069999695,-1,94.0,2,2,2.86539633251,4.45864372401,5.3,3.0,5.0,500.0,3.75
3.1,0.0,2,400.0,22.0,0,0.100087165833,0,94.0,1,19,-4.00547274408,3.47076188991,5.3,3.0,5.0,500.0,3.75
3.1,0.0,2,400.0,22.0,-2,0.100136995316,0,94.0,2,0,0.0,5.3,5.3,3.0,5.0,500.0,3.75
3.1,0.0,2,400.0,22.0,0,0.100151062012,0,94.0,1,7,4.82104957538,-2.20169956891,5.3,3.0,5.0,500.0,3.75
3.1,0.0,2,400.0,22.0,0,0.100093126297,0,94.0,1,15,-4.82104957538,-2.20169956891,5.3,3.0,5.0,500.0,3.75
3.1,0.0,2,400.0,22.0,0,0.10009598732,0,94.0,1,7,4.82104957538,-2.20169956891,5.3,3.0,5.0,500.0,3.75
3.1,0.0,2,400.0,22.0,-1,0.100108146667,0,94.0,1,10,1.49318255126,-5.08531276016,5.3,3.0,5.0,500.0,3.75
3.1,0.0,2,400.0,22.0,1,0.100083112717,-2,94.0,2,20,-2.86539633251,4.45864372401,5.3,3.0,5.0,500.0,3.75
3.1,0.0,2,400.0,22.0,-1,0.100104093552,-1,94.0,1,8,4.00547274408,-3.47076188991,5.3,3.0,5.0,500.0,3.75
3.1,0.0,2,400.0,22.0,-2,0.100111961365,-2,94.0,2,11,6.49041367526e-16,-5.3,5.3,3.0,5.0,500.0,3.75
3.1,0.0,2,400.0,22.0,2,0.100120067596,0,94.0,2,14,-4.00547274408,-3.47076188991,5.3,3.0,5.0,500.0,3.75
3.1,0.0,2,400.0,22.0,0,0.100121974945,0,94.0,1,7,4.82104957538,-2.20169956891,5.3,3.0,5.0,500.0,3.75
3.1,0.0,2,400.0,22.0,0,0.100147008896,0,94.0,1,13,-2.86539633251,-4.45864372401,5.3,3.0,5.0,500.0,3.75
3.1,0.0,2,400.0,22.0,0,0.10015296936,0,94.0,1,13,-2.86539633251,-4.45864372401,5.3,3.0,5.0,500.0,3.75
3.1,0.0,2,400.0,22.0,-1,0.1001329422,0,94.0,1,8,4.00547274408,-3.47076188991,5.3,3.0,5.0,500.0,3.75
3.1,0.0,2,400.0,22.0,-1,0.100121974945,1,94.0,2,19,-4.00547274408,3.47076188991,5.3,3.0,5.0,500.0,3.75
3.1,0.0,1,400.0,22.0,0,0.100092887878,0,94.0,2,0,0.0,5.3,5.3,3.0,5.0,500.0,3.75
3.1,0.0,2,400.0,22.0,0,0.10005903244,0,94.0,2,12,-1.49318255126,-5.08531276016,5.3,3.0,5.0,500.0,3.75
3.1,0.0,2,400.0,22.0,0,0.100069046021,0,94.0,1,14,-4.00547274408,-3.47076188991,5.3,3.0,5.0,500.0,3.75
3.1,0.0,1,400.0,22.0,-1,0.100033998489,1,94.0,1,6,5.24605364197,-0.754268642848,5.3,3.0,5.0,500.0,3.75
3.1,0.0,2,400.0,22.0,1,0.100073099136,-1,94.0,2,20,-2.86539633251,4.45864372401,5.3,3.0,5.0,500.0,3.75
3.1,0.0,2,400.0,22.0,0,0.100099086761,-1,94.0,2,16,-5.24605364197,-0.754268642848,5.3,3.0,5.0,500.0,3.75
3.1,0.0,2,400.0,22.0,1,0.10012793541,1,94.0,1,1,1.49318255126,5.08531276016,5.3,3.0,5.0,500.0,3.75
3.1,0.0,2,400.0,22.0,0,0.100118160248,0,94.0,1,6,5.24605364197,-0.754268642848,5.3,3.0,5.0,500.0,3.75
3.1,0.0,2,400.0,22.0,-1,0.100116014481,0,94.0,2,9,2.86539633251,-4.45864372401,5.3,3.0,5.0,500.0,3.75
3.1,0.0,2,400.0,22.0,0,0.10011100769,0,94.0,1,21,-1.49318255126,5.08531276016,5.3,3.0,5.0,500.0,3.75
3.1,0.0,2,400.0,22.0,0,0.100121021271,0,94.0,2,9,2.86539633251,-4.45864372401,5.3,3.0,5.0,500.0,3.75
3.1,0.0,2,400.0,22.0,0,0.100110769272,0,94.0,1,6,5.24605364197,-0.754268642848,5.3,3.0,5.0,500.0,3.75
3.1,0.0,2,400.0,22.0,1,0.100122928619,0,94.0,2,1,1.49318255126,5.08531276016,5.3,3.0,5.0,500.0,3.75
3.1,0.0,2,400.0,22.0,0,0.100091934204,0,94.0,1,19,-4.00547274408,3.47076188991,5.3,3.0,5.0,500.0,3.75
3.1,0.0,2,400.0,22.0,-1,0.100136995316,0,94.0,1,18,-4.82104957538,2.20169956891,5.3,3.0,5.0,500.0,3.75
3.1,0.0,1,400.0,22.0,0,0.100330114365,-2,94.0,1,7,4.82104957538,-2.20169956891,5.3,3.0,5.0,500.0,3.75
3.1,0.0,2,400.0,22.0,-1,0.100085020065,0,94.0,2,14,-4.00547274408,-3.47076188991,5.3,3.0,5.0,500.0,3.75
3.1,0.0,2,400.0,22.0,0,0.100090026855,0,94.0,1,11,6.49041367526e-16,-5.3,5.3,3.0,5.0,500.0,3.75
3.1,0.0,2,400.0,22.0,0,0.100117921829,0,94.0,1,11,6.49041367526e-16,-5.3,5.3,3.0,5.0,500.0,3.75
3.1,0.0,2,400.0,22.0,0,0.100118160248,0,94.0,2,20,-2.86539633251,4.45864372401,5.3,3.0,5.0,500.0,3.75
3.1,0.0,2,400.0,22.0,0,0.100037097931,0,94.0,1,7,4.82104957538,-2.20169956891,5.3,3.0,5.0,500.0,3.75
3.1,0.0,2,400.0,22.0,0,0.100075006485,0,94.0,1,7,4.82104957538,-2.20169956891,5.3,3.0,5.0,500.0,3.75
3.1,0.0,1,400.0,22.0,0,0.10009098053,-1,94.0,1,11,6.49041367526e-16,-5.3,5.3,3.0,5.0,500.0,3.75
3.1,0.0,2,400.0,22.0,-1,0.1001060009,-1,94.0,2,17,-5.24605364197,0.754268642848,5.3,3.0,5.0,500.0,3.75
3.1,0.0,1,400.0,22.0,0,0.0997469425201,0,94.0,1,18,-4.82104957538,2.20169956891,5.3,3.0,5.0,500.0,3.75
3.1,0.0,2,400.0,22.0,0,0.100102901459,0,94.0,1,19,-4.00547274408,3.47076188991,5.3,3.0,5.0,500.0,3.75
3.1,0.0,2,400.0,22.0,0,0.100147008896,0,94.0,1,19,-4.00547274408,3.47076188991,5.3,3.0,5.0,500.0,3.75
3.1,0.0,2,400.0,22.0,0,0.100119829178,0,94.0,1,0,0.0,5.3,5.3,3.0,5.0,500.0,3.75
3.1,0.0,2,400.0,22.0,0,0.100128173828,0,94.0,1,6,5.24605364197,-0.754268642848,5.3,3.0,5.0,500.0,3.75
3.1,0.0,1,400.0,22.0,2,0.1001329422,1,94.0,1,4,4.82104957538,2.20169956891,5.3,3.0,5.0,500.0,3.75
3.1,0.0,2,400.0,22.0,2,0.10009098053,0,94.0,1,20,-2.86539633251,4.45864372401,5.3,3.0,5.0,500.0,3.75
3.1,0.0,2,400.0,22.0,0,0.100115060806,1,94.0,1,5,5.24605364197,0.754268642848,5.3,3.0,5.0,500.0,3.75
3.1,0.0,1,400.0,22.0,-1,0.100198030472,1,94.0,2,2,2.86539633251,4.45864372401,5.3,3.0,5.0,500.0,3.75
3.1,0.0,2,400.0,22.0,0,0.10013794899,0,94.0,1,14,-4.00547274408,-3.47076188991,5.3,3.0,5.0,500.0,3.75
3.1,0.0,1,400.0,22.0,1,0.100027084351,-2,94.0,1,5,5.24605364197,0.754268642848,5.3,3.0,5.0,500.0,3.75
3.1,0.0,1,400.0,22.0,-1,0.0998449325562,-1,94.0,1,19,-4.00547274408,3.47076188991,5.3,3.0,5.0,500.0,3.75
3.1,0.0,2,400.0,22.0,0,0.100131034851,0,94.0,1,16,-5.24605364197,-0.754268642848,5.3,3.0,5.0,500.0,3.75
3.1,0.0,1,400.0,22.0,1,0.100136995316,0,94.0,2,0,0.0,5.3,5.3,3.0,5.0,500.0,3.75
3.1,0.0,1,400.0,22.0,-2,0.100111961365,-2,94.0,1,16,-5.24605364197,-0.754268642848,5.3,3.0,5.0,500.0,3.75
3.1,0.0,2,400.0,22.0,0,0.100144863129,-1,94.0,1,12,-1.49318255126,-5.08531276016,5.3,3.0,5.0,500.0,3.75
3.1,0.0,2,400.0,22.0,-1,0.100094079971,0,94.0,2,16,-5.24605364197,-0.754268642848,5.3,3.0,5.0,500.0,3.75
3.1,0.0,1,400.0,22.0,1,0.100097894669,1,94.0,1,10,1.49318255126,-5.08531276016,5.3,3.0,5.0,500.0,3.75
3.1,0.0,2,400.0,22.0,-1,0.100080013275,0,94.0,2,9,2.86539633251,-4.45864372401,5.3,3.0,5.0,500.0,3.75
3.1,0.0,2,400.0,22.0,0,0.100061893463,0,94.0,1,11,6.49041367526e-16,-5.3,5.3,3.0,5.0,500.0,3.75
3.1,0.0,1,400.0,22.0,0,0.100129842758,0,94.0,1,14,-4.00547274408,-3.47076188991,5.3,3.0,5.0,500.0,3.75
3.1,0.0,2,400.0,22.0,0,0.100089073181,0,94.0,1,11,6.49041367526e-16,-5.3,5.3,3.0,5.0,500.0,3.75
3.1,0.0,2,400.0,22.0,1,0.100072860718,1,94.0,2,2,2.86539633251,4.45864372401,5.3,3.0,5.0,500.0,3.75
3.1,0.0,2,400.0,22.0,-1,0.100028991699,-1,94.0,1,12,-1.49318255126,-5.08531276016,5.3,3.0,5.0,500.0,3.75
3.1,0.0,2,400.0,22.0,0,0.100119113922,0,94.0,1,18,-4.82104957538,2.20169956891,5.3,3.0,5.0,500.0,3.75
3.1,0.0,1,400.0,22.0,1,0.100090026855,-2,94.0,1,21,-1.49318255126,5.08531276016,5.3,3.0,5.0,500.0,3.75
3.1,0.0,2,400.0,22.0,0,0.100072860718,-2,94.0,1,11,6.49041367526e-16,-5.3,5.3,3.0,5.0,500.0,3.75
3.1,0.0,1,400.0,22.0,0,0.100100040436,2,94.0,2,18,-4.82104957538,2.20169956891,5.3,3.0,5.0,500.0,3.75
3.1,0.0,2,400.0,22.0,0,0.10018491745,1,94.0,1,6,5.24605364197,-0.754268642848,5.3,3.0,5.0,500.0,3.75
3.1,0.0,2,400.0,22.0,-1,0.100106954575,-1,94.0,1,9,2.86539633251,-4.45864372401,5.3,3.0,5.0,500.0,3.75
