cue-length,ms-precue,resp-v-hv,ms-st-cue,nitems,offset2,resp-h-pos,actualStimOn,resp-v-pos,ms-stimon,resp-h-hv,cue-loc-int,cue-loc-x,cue-loc-y,radius,bars-or-spot,version,offset,npractice,ntrials
3.1,0.0,1,400.0,22.0,0,1,0.0971820354462,1,94.0,1,20,-2.86539633251,4.45864372401,5.3,1,13,0,5.0,300.0
3.1,0.0,2,400.0,22.0,0,0,0.0971841812134,1,94.0,2,4,4.82104957538,2.20169956891,5.3,1,13,0,5.0,300.0
3.1,0.0,2,400.0,22.0,0,0,0.0971801280975,2,94.0,2,2,2.86539633251,4.45864372401,5.3,1,13,0,5.0,300.0
3.1,0.0,1,400.0,22.0,0,0,0.0971791744232,0,94.0,1,20,-2.86539633251,4.45864372401,5.3,1,13,0,5.0,300.0
3.1,0.0,1,400.0,22.0,0,0,0.0971820354462,0,94.0,2,16,-5.24605364197,-0.754268642848,5.3,1,13,0,5.0,300.0
3.1,0.0,2,400.0,22.0,0,0,0.0970120429993,0,94.0,1,1,1.49318255126,5.08531276016,5.3,1,13,0,5.0,300.0
3.1,0.0,2,400.0,22.0,0,1,0.0971848964691,1,94.0,2,19,-4.00547274408,3.47076188991,5.3,1,13,0,5.0,300.0
3.1,0.0,2,400.0,22.0,0,0,0.097177028656,0,94.0,2,4,4.82104957538,2.20169956891,5.3,1,13,0,5.0,300.0
3.1,0.0,1,400.0,22.0,0,0,0.0971918106079,0,94.0,1,17,-5.24605364197,0.754268642848,5.3,1,13,0,5.0,300.0
3.1,0.0,1,400.0,22.0,0,0,0.0970349311829,0,94.0,1,14,-4.00547274408,-3.47076188991,5.3,1,13,0,5.0,300.0
3.1,0.0,1,400.0,22.0,0,-2,0.0970189571381,1,94.0,1,21,-1.49318255126,5.08531276016,5.3,1,13,0,5.0,300.0
3.1,0.0,2,400.0,22.0,0,-1,0.0970220565796,-1,94.0,2,17,-5.24605364197,0.754268642848,5.3,1,13,0,5.0,300.0
3.1,0.0,2,400.0,22.0,0,-1,0.097188949585,-1,94.0,2,4,4.82104957538,2.20169956891,5.3,1,13,0,5.0,300.0
3.1,0.0,2,400.0,22.0,0,1,0.0971748828888,1,94.0,2,10,1.49318255126,-5.08531276016,5.3,1,13,0,5.0,300.0
3.1,0.0,2,400.0,22.0,0,-1,0.0971939563751,2,94.0,2,13,-2.86539633251,-4.45864372401,5.3,1,13,0,5.0,300.0
3.1,0.0,2,400.0,22.0,0,2,0.0971901416779,2,94.0,2,19,-4.00547274408,3.47076188991,5.3,1,13,0,5.0,300.0
3.1,0.0,2,400.0,22.0,0,-2,0.0970070362091,2,94.0,2,14,-4.00547274408,-3.47076188991,5.3,1,13,0,5.0,300.0
3.1,0.0,1,400.0,22.0,0,0,0.0971961021423,0,94.0,1,12,-1.49318255126,-5.08531276016,5.3,1,13,0,5.0,300.0
3.1,0.0,2,400.0,22.0,0,0,0.0970239639282,2,94.0,1,15,-4.82104957538,-2.20169956891,5.3,1,13,0,5.0,300.0
3.1,0.0,2,400.0,22.0,0,-1,0.0971879959106,-1,94.0,2,3,4.00547274408,3.47076188991,5.3,1,13,0,5.0,300.0
3.1,0.0,2,400.0,22.0,0,1,0.0972049236298,0,94.0,2,3,4.00547274408,3.47076188991,5.3,1,13,0,5.0,300.0
3.1,0.0,2,400.0,22.0,0,0,0.0971829891205,0,94.0,2,21,-1.49318255126,5.08531276016,5.3,1,13,0,5.0,300.0
3.1,0.0,1,400.0,22.0,0,-2,0.0971961021423,-2,94.0,1,3,4.00547274408,3.47076188991,5.3,1,13,0,5.0,300.0
3.1,0.0,2,400.0,22.0,0,0,0.0970058441162,0,94.0,2,4,4.82104957538,2.20169956891,5.3,1,13,0,5.0,300.0
3.1,0.0,1,400.0,22.0,0,1,0.096999168396,1,94.0,1,4,4.82104957538,2.20169956891,5.3,1,13,0,5.0,300.0
3.1,0.0,2,400.0,22.0,0,2,0.0972080230713,2,94.0,2,9,2.86539633251,-4.45864372401,5.3,1,13,0,5.0,300.0
3.1,0.0,2,400.0,22.0,0,-1,0.0970108509064,-1,94.0,2,3,4.00547274408,3.47076188991,5.3,1,13,0,5.0,300.0
3.1,0.0,1,400.0,22.0,0,1,0.0972099304199,1,94.0,1,14,-4.00547274408,-3.47076188991,5.3,1,13,0,5.0,300.0
3.1,0.0,1,400.0,22.0,0,0,0.0972180366516,2,94.0,1,15,-4.82104957538,-2.20169956891,5.3,1,13,0,5.0,300.0
3.1,0.0,2,400.0,22.0,0,-2,0.097000837326,-1,94.0,2,13,-2.86539633251,-4.45864372401,5.3,1,13,0,5.0,300.0
3.1,0.0,1,400.0,22.0,0,0,0.0970079898834,-2,94.0,2,6,5.24605364197,-0.754268642848,5.3,1,13,0,5.0,300.0
3.1,0.0,2,400.0,22.0,0,1,0.0972118377686,0,94.0,1,3,4.00547274408,3.47076188991,5.3,1,13,0,5.0,300.0
3.1,0.0,1,400.0,22.0,0,-1,0.0972030162811,-1,94.0,1,11,6.49041367526e-16,-5.3,5.3,1,13,0,5.0,300.0
3.1,0.0,2,400.0,22.0,0,1,0.0971961021423,0,94.0,2,6,5.24605364197,-0.754268642848,5.3,1,13,0,5.0,300.0
3.1,0.0,1,400.0,22.0,0,0,0.0970590114594,-1,94.0,1,6,5.24605364197,-0.754268642848,5.3,1,13,0,5.0,300.0
3.1,0.0,2,400.0,22.0,0,-1,0.0972421169281,-1,94.0,2,3,4.00547274408,3.47076188991,5.3,1,13,0,5.0,300.0
3.1,0.0,1,400.0,22.0,0,1,0.0970258712769,0,94.0,1,17,-5.24605364197,0.754268642848,5.3,1,13,0,5.0,300.0
3.1,0.0,1,400.0,22.0,0,2,0.0972168445587,2,94.0,1,17,-5.24605364197,0.754268642848,5.3,1,13,0,5.0,300.0
3.1,0.0,2,400.0,22.0,0,2,0.0972139835358,2,94.0,1,0,0.0,5.3,5.3,1,13,0,5.0,300.0
3.1,0.0,1,400.0,22.0,0,-1,0.0972111225128,-1,94.0,1,13,-2.86539633251,-4.45864372401,5.3,1,13,0,5.0,300.0
3.1,0.0,2,400.0,22.0,0,0,0.0972180366516,1,94.0,1,5,5.24605364197,0.754268642848,5.3,1,13,0,5.0,300.0
3.1,0.0,1,400.0,22.0,0,-1,0.0972180366516,0,94.0,1,12,-1.49318255126,-5.08531276016,5.3,1,13,0,5.0,300.0
3.1,0.0,2,400.0,22.0,0,1,0.097216129303,1,94.0,2,7,4.82104957538,-2.20169956891,5.3,1,13,0,5.0,300.0
3.1,0.0,2,400.0,22.0,0,1,0.0972111225128,1,94.0,2,3,4.00547274408,3.47076188991,5.3,1,13,0,5.0,300.0
3.1,0.0,1,400.0,22.0,0,0,0.0972008705139,0,94.0,1,15,-4.82104957538,-2.20169956891,5.3,1,13,0,5.0,300.0
3.1,0.0,2,400.0,22.0,0,2,0.0972108840942,2,94.0,2,19,-4.00547274408,3.47076188991,5.3,1,13,0,5.0,300.0
3.1,0.0,1,400.0,22.0,0,-2,0.0971930027008,-2,94.0,1,6,5.24605364197,-0.754268642848,5.3,1,13,0,5.0,300.0
3.1,0.0,1,400.0,22.0,0,2,0.0971651077271,2,94.0,1,16,-5.24605364197,-0.754268642848,5.3,1,13,0,5.0,300.0
3.1,0.0,2,400.0,22.0,0,2,0.0972409248352,2,94.0,2,4,4.82104957538,2.20169956891,5.3,1,13,0,5.0,300.0
3.1,0.0,1,400.0,22.0,0,2,0.0971810817719,2,94.0,1,10,1.49318255126,-5.08531276016,5.3,1,13,0,5.0,300.0
3.1,0.0,1,400.0,22.0,0,-1,0.0972118377686,-1,94.0,1,0,0.0,5.3,5.3,1,13,0,5.0,300.0
3.1,0.0,1,400.0,22.0,0,0,0.0971720218658,0,94.0,1,20,-2.86539633251,4.45864372401,5.3,1,13,0,5.0,300.0
3.1,0.0,2,400.0,22.0,0,1,0.0971720218658,1,94.0,2,9,2.86539633251,-4.45864372401,5.3,1,13,0,5.0,300.0
3.1,0.0,1,400.0,22.0,0,-1,0.0970480442047,-1,94.0,1,11,6.49041367526e-16,-5.3,5.3,1,13,0,5.0,300.0
3.1,0.0,1,400.0,22.0,0,0,0.0971381664276,0,94.0,1,1,1.49318255126,5.08531276016,5.3,1,13,0,5.0,300.0
3.1,0.0,2,400.0,22.0,0,-1,0.0970339775085,-1,94.0,2,9,2.86539633251,-4.45864372401,5.3,1,13,0,5.0,300.0
3.1,0.0,2,400.0,22.0,0,0,0.0971839427948,1,94.0,1,7,4.82104957538,-2.20169956891,5.3,1,13,0,5.0,300.0
3.1,0.0,1,400.0,22.0,0,0,0.0971820354462,0,94.0,1,6,5.24605364197,-0.754268642848,5.3,1,13,0,5.0,300.0
3.1,0.0,1,400.0,22.0,0,2,0.0972061157227,2,94.0,1,0,0.0,5.3,5.3,1,13,0,5.0,300.0
3.1,0.0,2,400.0,22.0,0,2,0.0971841812134,2,94.0,2,14,-4.00547274408,-3.47076188991,5.3,1,13,0,5.0,300.0
3.1,0.0,1,400.0,22.0,0,0,0.097039937973,0,94.0,1,2,2.86539633251,4.45864372401,5.3,1,13,0,5.0,300.0
3.1,0.0,2,400.0,22.0,0,2,0.0970349311829,1,94.0,2,18,-4.82104957538,2.20169956891,5.3,1,13,0,5.0,300.0
3.1,0.0,1,400.0,22.0,0,0,0.0972049236298,0,94.0,1,3,4.00547274408,3.47076188991,5.3,1,13,0,5.0,300.0
3.1,0.0,1,400.0,22.0,0,0,0.0971941947937,0,94.0,1,7,4.82104957538,-2.20169956891,5.3,1,13,0,5.0,300.0
3.1,0.0,1,400.0,22.0,0,-1,0.0971689224243,-1,94.0,1,10,1.49318255126,-5.08531276016,5.3,1,13,0,5.0,300.0
3.1,0.0,2,400.0,22.0,0,1,0.097048997879,-2,94.0,1,0,0.0,5.3,5.3,1,13,0,5.0,300.0
3.1,0.0,2,400.0,22.0,0,0,0.0970242023468,0,94.0,2,21,-1.49318255126,5.08531276016,5.3,1,13,0,5.0,300.0
3.1,0.0,1,400.0,22.0,0,0,0.0972158908844,-1,94.0,1,5,5.24605364197,0.754268642848,5.3,1,13,0,5.0,300.0
3.1,0.0,2,400.0,22.0,0,0,0.0971729755402,0,94.0,2,14,-4.00547274408,-3.47076188991,5.3,1,13,0,5.0,300.0
3.1,0.0,1,400.0,22.0,0,2,0.0970871448517,2,94.0,1,21,-1.49318255126,5.08531276016,5.3,1,13,0,5.0,300.0
3.1,0.0,1,400.0,22.0,0,0,0.0970380306244,1,94.0,1,2,2.86539633251,4.45864372401,5.3,1,13,0,5.0,300.0
3.1,0.0,1,400.0,22.0,0,1,0.0970211029053,1,94.0,1,15,-4.82104957538,-2.20169956891,5.3,1,13,0,5.0,300.0
3.1,0.0,1,400.0,22.0,0,0,0.0972349643707,0,94.0,1,15,-4.82104957538,-2.20169956891,5.3,1,13,0,5.0,300.0
3.1,0.0,2,400.0,22.0,0,0,0.0972108840942,-1,94.0,1,1,1.49318255126,5.08531276016,5.3,1,13,0,5.0,300.0
3.1,0.0,2,400.0,22.0,0,0,0.0971810817719,0,94.0,2,16,-5.24605364197,-0.754268642848,5.3,1,13,0,5.0,300.0
3.1,0.0,2,400.0,22.0,0,-1,0.0970280170441,-1,94.0,2,21,-1.49318255126,5.08531276016,5.3,1,13,0,5.0,300.0
3.1,0.0,1,400.0,22.0,0,-1,0.0970158576965,0,94.0,1,11,6.49041367526e-16,-5.3,5.3,1,13,0,5.0,300.0
3.1,0.0,1,400.0,22.0,0,0,0.0970180034637,0,94.0,1,6,5.24605364197,-0.754268642848,5.3,1,13,0,5.0,300.0
3.1,0.0,1,400.0,22.0,0,-2,0.0972120761871,-2,94.0,1,16,-5.24605364197,-0.754268642848,5.3,1,13,0,5.0,300.0
3.1,0.0,2,400.0,22.0,0,1,0.097195148468,0,94.0,1,6,5.24605364197,-0.754268642848,5.3,1,13,0,5.0,300.0
3.1,0.0,2,400.0,22.0,0,0,0.0972018241882,0,94.0,2,17,-5.24605364197,0.754268642848,5.3,1,13,0,5.0,300.0
3.1,0.0,2,400.0,22.0,0,-1,0.0970120429993,0,94.0,2,6,5.24605364197,-0.754268642848,5.3,1,13,0,5.0,300.0
3.1,0.0,1,400.0,22.0,0,0,0.0972120761871,0,94.0,1,15,-4.82104957538,-2.20169956891,5.3,1,13,0,5.0,300.0
3.1,0.0,2,400.0,22.0,0,1,0.097188949585,1,94.0,2,0,0.0,5.3,5.3,1,13,0,5.0,300.0
3.1,0.0,1,400.0,22.0,0,1,0.0970239639282,0,94.0,1,6,5.24605364197,-0.754268642848,5.3,1,13,0,5.0,300.0
3.1,0.0,2,400.0,22.0,0,0,0.097195148468,-1,94.0,1,6,5.24605364197,-0.754268642848,5.3,1,13,0,5.0,300.0
3.1,0.0,2,400.0,22.0,0,1,0.0970051288605,1,94.0,2,17,-5.24605364197,0.754268642848,5.3,1,13,0,5.0,300.0
3.1,0.0,1,400.0,22.0,0,1,0.0971961021423,1,94.0,1,2,2.86539633251,4.45864372401,5.3,1,13,0,5.0,300.0
3.1,0.0,2,400.0,22.0,0,-1,0.0971851348877,-1,94.0,2,11,6.49041367526e-16,-5.3,5.3,1,13,0,5.0,300.0
3.1,0.0,2,400.0,22.0,0,2,0.0970160961151,2,94.0,2,21,-1.49318255126,5.08531276016,5.3,1,13,0,5.0,300.0
3.1,0.0,1,400.0,22.0,0,-1,0.0970070362091,0,94.0,1,9,2.86539633251,-4.45864372401,5.3,1,13,0,5.0,300.0
3.1,0.0,1,400.0,22.0,0,1,0.0970180034637,1,94.0,1,3,4.00547274408,3.47076188991,5.3,1,13,0,5.0,300.0
3.1,0.0,1,400.0,22.0,0,0,0.0970180034637,0,94.0,1,15,-4.82104957538,-2.20169956891,5.3,1,13,0,5.0,300.0
3.1,0.0,2,400.0,22.0,0,0,0.0969967842102,0,94.0,2,6,5.24605364197,-0.754268642848,5.3,1,13,0,5.0,300.0
3.1,0.0,1,400.0,22.0,0,-1,0.0971791744232,-1,94.0,1,4,4.82104957538,2.20169956891,5.3,1,13,0,5.0,300.0
3.1,0.0,1,400.0,22.0,0,0,0.0972011089325,-1,94.0,2,13,-2.86539633251,-4.45864372401,5.3,1,13,0,5.0,300.0
3.1,0.0,1,400.0,22.0,0,0,0.0971961021423,-1,94.0,1,14,-4.00547274408,-3.47076188991,5.3,1,13,0,5.0,300.0
3.1,0.0,2,400.0,22.0,0,0,0.0972139835358,0,94.0,2,18,-4.82104957538,2.20169956891,5.3,1,13,0,5.0,300.0
3.1,0.0,1,400.0,22.0,0,1,0.0972239971161,-1,94.0,1,2,2.86539633251,4.45864372401,5.3,1,13,0,5.0,300.0
3.1,0.0,2,400.0,22.0,0,1,0.0972058773041,1,94.0,2,16,-5.24605364197,-0.754268642848,5.3,1,13,0,5.0,300.0
3.1,0.0,2,400.0,22.0,0,0,0.0972080230713,0,94.0,2,17,-5.24605364197,0.754268642848,5.3,1,13,0,5.0,300.0
3.1,0.0,1,400.0,22.0,0,0,0.0972061157227,0,94.0,1,14,-4.00547274408,-3.47076188991,5.3,1,13,0,5.0,300.0
3.1,0.0,1,400.0,22.0,0,0,0.0972049236298,0,94.0,1,14,-4.00547274408,-3.47076188991,5.3,1,13,0,5.0,300.0
3.1,0.0,2,400.0,22.0,0,-1,0.097216129303,-1,94.0,2,17,-5.24605364197,0.754268642848,5.3,1,13,0,5.0,300.0
3.1,0.0,2,400.0,22.0,0,0,0.097225189209,0,94.0,2,11,6.49041367526e-16,-5.3,5.3,1,13,0,5.0,300.0
3.1,0.0,1,400.0,22.0,0,0,0.0972080230713,0,94.0,1,10,1.49318255126,-5.08531276016,5.3,1,13,0,5.0,300.0
3.1,0.0,1,400.0,22.0,0,1,0.0972099304199,1,94.0,1,14,-4.00547274408,-3.47076188991,5.3,1,13,0,5.0,300.0
3.1,0.0,1,400.0,22.0,0,-2,0.0972058773041,0,94.0,1,17,-5.24605364197,0.754268642848,5.3,1,13,0,5.0,300.0
3.1,0.0,1,400.0,22.0,0,-2,0.0972142219543,-1,94.0,1,3,4.00547274408,3.47076188991,5.3,1,13,0,5.0,300.0
3.1,0.0,2,400.0,22.0,0,0,0.097204208374,0,94.0,1,20,-2.86539633251,4.45864372401,5.3,1,13,0,5.0,300.0
3.1,0.0,2,400.0,22.0,0,-1,0.0972130298615,-1,94.0,2,15,-4.82104957538,-2.20169956891,5.3,1,13,0,5.0,300.0
3.1,0.0,2,400.0,22.0,0,1,0.097207069397,1,94.0,1,3,4.00547274408,3.47076188991,5.3,1,13,0,5.0,300.0
3.1,0.0,1,400.0,22.0,0,0,0.0972390174866,-1,94.0,1,21,-1.49318255126,5.08531276016,5.3,1,13,0,5.0,300.0
3.1,0.0,2,400.0,22.0,0,1,0.0972158908844,0,94.0,2,17,-5.24605364197,0.754268642848,5.3,1,13,0,5.0,300.0
3.1,0.0,2,400.0,22.0,0,-1,0.0972011089325,-1,94.0,2,20,-2.86539633251,4.45864372401,5.3,1,13,0,5.0,300.0
3.1,0.0,1,400.0,22.0,0,0,0.0970809459686,0,94.0,1,10,1.49318255126,-5.08531276016,5.3,1,13,0,5.0,300.0
3.1,0.0,1,400.0,22.0,0,0,0.0970380306244,0,94.0,1,13,-2.86539633251,-4.45864372401,5.3,1,13,0,5.0,300.0
3.1,0.0,2,400.0,22.0,0,0,0.0972330570221,0,94.0,2,12,-1.49318255126,-5.08531276016,5.3,1,13,0,5.0,300.0
3.1,0.0,1,400.0,22.0,0,0,0.0971939563751,0,94.0,1,20,-2.86539633251,4.45864372401,5.3,1,13,0,5.0,300.0
3.1,0.0,1,400.0,22.0,0,0,0.0972061157227,0,94.0,1,18,-4.82104957538,2.20169956891,5.3,1,13,0,5.0,300.0
3.1,0.0,2,400.0,22.0,0,-1,0.0972311496735,-1,94.0,2,16,-5.24605364197,-0.754268642848,5.3,1,13,0,5.0,300.0
3.1,0.0,2,400.0,22.0,0,1,0.0971989631653,1,94.0,2,3,4.00547274408,3.47076188991,5.3,1,13,0,5.0,300.0
3.1,0.0,1,400.0,22.0,0,-1,0.0971970558167,-1,94.0,1,16,-5.24605364197,-0.754268642848,5.3,1,13,0,5.0,300.0
3.1,0.0,2,400.0,22.0,0,0,0.0971949100494,0,94.0,1,0,0.0,5.3,5.3,1,13,0,5.0,300.0
3.1,0.0,2,400.0,22.0,0,-1,0.097156047821,-1,94.0,2,10,1.49318255126,-5.08531276016,5.3,1,13,0,5.0,300.0
3.1,0.0,1,400.0,22.0,0,2,0.0971939563751,0,94.0,2,7,4.82104957538,-2.20169956891,5.3,1,13,0,5.0,300.0
3.1,0.0,2,400.0,22.0,0,0,0.0972189903259,0,94.0,2,9,2.86539633251,-4.45864372401,5.3,1,13,0,5.0,300.0
3.1,0.0,2,400.0,22.0,0,-1,0.0972311496735,-1,94.0,1,8,4.00547274408,-3.47076188991,5.3,1,13,0,5.0,300.0
3.1,0.0,1,400.0,22.0,0,0,0.0972058773041,-1,94.0,2,9,2.86539633251,-4.45864372401,5.3,1,13,0,5.0,300.0
3.1,0.0,1,400.0,22.0,0,1,0.0972151756287,1,94.0,1,16,-5.24605364197,-0.754268642848,5.3,1,13,0,5.0,300.0
3.1,0.0,2,400.0,22.0,0,0,0.0972080230713,2,94.0,1,5,5.24605364197,0.754268642848,5.3,1,13,0,5.0,300.0
3.1,0.0,2,400.0,22.0,0,-2,0.0971670150757,0,94.0,1,1,1.49318255126,5.08531276016,5.3,1,13,0,5.0,300.0
3.1,0.0,1,400.0,22.0,0,0,0.0972089767456,0,94.0,1,20,-2.86539633251,4.45864372401,5.3,1,13,0,5.0,300.0
3.1,0.0,1,400.0,22.0,0,1,0.0972130298615,1,94.0,1,19,-4.00547274408,3.47076188991,5.3,1,13,0,5.0,300.0
3.1,0.0,1,400.0,22.0,0,-1,0.097076177597,-1,94.0,1,17,-5.24605364197,0.754268642848,5.3,1,13,0,5.0,300.0
3.1,0.0,1,400.0,22.0,0,0,0.0971689224243,0,94.0,1,0,0.0,5.3,5.3,1,13,0,5.0,300.0
3.1,0.0,1,400.0,22.0,0,1,0.0971670150757,1,94.0,1,20,-2.86539633251,4.45864372401,5.3,1,13,0,5.0,300.0
3.1,0.0,2,400.0,22.0,0,0,0.0972211360931,0,94.0,2,14,-4.00547274408,-3.47076188991,5.3,1,13,0,5.0,300.0
3.1,0.0,2,400.0,22.0,0,2,0.0970809459686,0,94.0,1,5,5.24605364197,0.754268642848,5.3,1,13,0,5.0,300.0
3.1,0.0,1,400.0,22.0,0,-1,0.0971920490265,-1,94.0,1,14,-4.00547274408,-3.47076188991,5.3,1,13,0,5.0,300.0
3.1,0.0,2,400.0,22.0,0,-1,0.0971999168396,-1,94.0,2,15,-4.82104957538,-2.20169956891,5.3,1,13,0,5.0,300.0
3.1,0.0,2,400.0,22.0,0,0,0.0971789360046,0,94.0,2,4,4.82104957538,2.20169956891,5.3,1,13,0,5.0,300.0
3.1,0.0,2,400.0,22.0,0,1,0.0972101688385,1,94.0,2,8,4.00547274408,-3.47076188991,5.3,1,13,0,5.0,300.0
3.1,0.0,2,400.0,22.0,0,0,0.0972108840942,0,94.0,1,13,-2.86539633251,-4.45864372401,5.3,1,13,0,5.0,300.0
3.1,0.0,2,400.0,22.0,0,-2,0.0971767902374,-2,94.0,2,18,-4.82104957538,2.20169956891,5.3,1,13,0,5.0,300.0
3.1,0.0,2,400.0,22.0,0,0,0.0971989631653,2,94.0,2,15,-4.82104957538,-2.20169956891,5.3,1,13,0,5.0,300.0
3.1,0.0,2,400.0,22.0,0,1,0.0972039699554,1,94.0,2,6,5.24605364197,-0.754268642848,5.3,1,13,0,5.0,300.0
3.1,0.0,2,400.0,22.0,0,1,0.0972080230713,0,94.0,2,1,1.49318255126,5.08531276016,5.3,1,13,0,5.0,300.0
3.1,0.0,2,400.0,22.0,0,0,0.0971801280975,0,94.0,2,20,-2.86539633251,4.45864372401,5.3,1,13,0,5.0,300.0
3.1,0.0,2,400.0,22.0,0,2,0.0970768928528,2,94.0,2,13,-2.86539633251,-4.45864372401,5.3,1,13,0,5.0,300.0
3.1,0.0,1,400.0,22.0,0,1,0.0971868038177,1,94.0,1,18,-4.82104957538,2.20169956891,5.3,1,13,0,5.0,300.0
3.1,0.0,2,400.0,22.0,0,1,0.0970611572266,0,94.0,2,5,5.24605364197,0.754268642848,5.3,1,13,0,5.0,300.0
3.1,0.0,1,400.0,22.0,0,0,0.0970461368561,2,94.0,2,9,2.86539633251,-4.45864372401,5.3,1,13,0,5.0,300.0
3.1,0.0,1,400.0,22.0,0,-1,0.0971791744232,-1,94.0,1,3,4.00547274408,3.47076188991,5.3,1,13,0,5.0,300.0
3.1,0.0,1,400.0,22.0,0,0,0.0970501899719,0,94.0,1,17,-5.24605364197,0.754268642848,5.3,1,13,0,5.0,300.0
3.1,0.0,1,400.0,22.0,0,0,0.0972368717194,0,94.0,2,1,1.49318255126,5.08531276016,5.3,1,13,0,5.0,300.0
3.1,0.0,2,400.0,22.0,0,0,0.0971841812134,-1,94.0,1,16,-5.24605364197,-0.754268642848,5.3,1,13,0,5.0,300.0
3.1,0.0,1,400.0,22.0,0,1,0.097128868103,0,94.0,1,21,-1.49318255126,5.08531276016,5.3,1,13,0,5.0,300.0
3.1,0.0,2,400.0,22.0,0,0,0.0974202156067,0,94.0,1,19,-4.00547274408,3.47076188991,5.3,1,13,0,5.0,300.0
3.1,0.0,1,400.0,22.0,0,0,0.0972249507904,-1,94.0,1,21,-1.49318255126,5.08531276016,5.3,1,13,0,5.0,300.0
3.1,0.0,2,400.0,22.0,0,-1,0.0971949100494,-1,94.0,1,17,-5.24605364197,0.754268642848,5.3,1,13,0,5.0,300.0
3.1,0.0,2,400.0,22.0,0,2,0.0972259044647,2,94.0,2,11,6.49041367526e-16,-5.3,5.3,1,13,0,5.0,300.0
3.1,0.0,1,400.0,22.0,0,0,0.0971739292145,0,94.0,1,5,5.24605364197,0.754268642848,5.3,1,13,0,5.0,300.0
3.1,0.0,2,400.0,22.0,0,0,0.0970189571381,2,94.0,1,11,6.49041367526e-16,-5.3,5.3,1,13,0,5.0,300.0
3.1,0.0,2,400.0,22.0,0,2,0.0971720218658,2,94.0,2,16,-5.24605364197,-0.754268642848,5.3,1,13,0,5.0,300.0
3.1,0.0,2,400.0,22.0,0,-1,0.0972158908844,-1,94.0,2,18,-4.82104957538,2.20169956891,5.3,1,13,0,5.0,300.0
3.1,0.0,2,400.0,22.0,0,0,0.0971939563751,0,94.0,1,5,5.24605364197,0.754268642848,5.3,1,13,0,5.0,300.0
3.1,0.0,1,400.0,22.0,0,-2,0.0971848964691,0,94.0,1,12,-1.49318255126,-5.08531276016,5.3,1,13,0,5.0,300.0
3.1,0.0,2,400.0,22.0,0,2,0.097177028656,2,94.0,2,19,-4.00547274408,3.47076188991,5.3,1,13,0,5.0,300.0
3.1,0.0,1,400.0,22.0,0,0,0.0971930027008,0,94.0,1,1,1.49318255126,5.08531276016,5.3,1,13,0,5.0,300.0
3.1,0.0,2,400.0,22.0,0,-1,0.0970220565796,-1,94.0,1,1,1.49318255126,5.08531276016,5.3,1,13,0,5.0,300.0
3.1,0.0,1,400.0,22.0,0,-1,0.0970180034637,-1,94.0,1,15,-4.82104957538,-2.20169956891,5.3,1,13,0,5.0,300.0
3.1,0.0,2,400.0,22.0,0,1,0.0970189571381,1,94.0,2,18,-4.82104957538,2.20169956891,5.3,1,13,0,5.0,300.0
3.1,0.0,1,400.0,22.0,0,2,0.0971879959106,2,94.0,1,10,1.49318255126,-5.08531276016,5.3,1,13,0,5.0,300.0
3.1,0.0,2,400.0,22.0,0,1,0.0971868038177,1,94.0,2,7,4.82104957538,-2.20169956891,5.3,1,13,0,5.0,300.0
3.1,0.0,2,400.0,22.0,0,1,0.0971870422363,1,94.0,2,3,4.00547274408,3.47076188991,5.3,1,13,0,5.0,300.0
3.1,0.0,1,400.0,22.0,0,1,0.0971908569336,1,94.0,1,11,6.49041367526e-16,-5.3,5.3,1,13,0,5.0,300.0
3.1,0.0,1,400.0,22.0,0,-1,0.0971939563751,-1,94.0,1,19,-4.00547274408,3.47076188991,5.3,1,13,0,5.0,300.0
3.1,0.0,1,400.0,22.0,0,-2,0.0971858501434,-1,94.0,2,7,4.82104957538,-2.20169956891,5.3,1,13,0,5.0,300.0
3.1,0.0,1,400.0,22.0,0,0,0.097020149231,0,94.0,1,2,2.86539633251,4.45864372401,5.3,1,13,0,5.0,300.0
3.1,0.0,2,400.0,22.0,0,0,0.0971808433533,0,94.0,2,19,-4.00547274408,3.47076188991,5.3,1,13,0,5.0,300.0
3.1,0.0,1,400.0,22.0,0,1,0.09752202034,1,94.0,1,19,-4.00547274408,3.47076188991,5.3,1,13,0,5.0,300.0
3.1,0.0,2,400.0,22.0,0,-1,0.097198009491,-1,94.0,1,9,2.86539633251,-4.45864372401,5.3,1,13,0,5.0,300.0
3.1,0.0,1,400.0,22.0,0,1,0.0971879959106,-2,94.0,2,3,4.00547274408,3.47076188991,5.3,1,13,0,5.0,300.0
3.1,0.0,2,400.0,22.0,0,0,0.0971879959106,-1,94.0,2,10,1.49318255126,-5.08531276016,5.3,1,13,0,5.0,300.0
3.1,0.0,2,400.0,22.0,0,-1,0.0971839427948,-1,94.0,2,1,1.49318255126,5.08531276016,5.3,1,13,0,5.0,300.0
3.1,0.0,1,400.0,22.0,0,0,0.0971801280975,1,94.0,2,8,4.00547274408,-3.47076188991,5.3,1,13,0,5.0,300.0
3.1,0.0,2,400.0,22.0,0,1,0.0971839427948,1,94.0,1,14,-4.00547274408,-3.47076188991,5.3,1,13,0,5.0,300.0
3.1,0.0,1,400.0,22.0,0,1,0.0971851348877,1,94.0,1,1,1.49318255126,5.08531276016,5.3,1,13,0,5.0,300.0
3.1,0.0,2,400.0,22.0,0,0,0.0971789360046,0,94.0,1,17,-5.24605364197,0.754268642848,5.3,1,13,0,5.0,300.0
3.1,0.0,2,400.0,22.0,0,2,0.0971949100494,2,94.0,2,19,-4.00547274408,3.47076188991,5.3,1,13,0,5.0,300.0
3.1,0.0,2,400.0,22.0,0,-1,0.0970520973206,-1,94.0,2,9,2.86539633251,-4.45864372401,5.3,1,13,0,5.0,300.0
3.1,0.0,1,400.0,22.0,0,0,0.0972058773041,0,94.0,1,18,-4.82104957538,2.20169956891,5.3,1,13,0,5.0,300.0
3.1,0.0,2,400.0,22.0,0,0,0.0972280502319,0,94.0,1,17,-5.24605364197,0.754268642848,5.3,1,13,0,5.0,300.0
3.1,0.0,2,400.0,22.0,0,0,0.0971930027008,1,94.0,2,20,-2.86539633251,4.45864372401,5.3,1,13,0,5.0,300.0
3.1,0.0,1,400.0,22.0,0,0,0.0972220897675,0,94.0,1,17,-5.24605364197,0.754268642848,5.3,1,13,0,5.0,300.0
3.1,0.0,1,400.0,22.0,0,0,0.0971989631653,0,94.0,1,11,6.49041367526e-16,-5.3,5.3,1,13,0,5.0,300.0
3.1,0.0,1,400.0,22.0,0,0,0.0971779823303,0,94.0,1,19,-4.00547274408,3.47076188991,5.3,1,13,0,5.0,300.0
3.1,0.0,2,400.0,22.0,0,1,0.0970520973206,1,94.0,2,13,-2.86539633251,-4.45864372401,5.3,1,13,0,5.0,300.0
3.1,0.0,1,400.0,22.0,0,0,0.0972049236298,1,94.0,1,6,5.24605364197,-0.754268642848,5.3,1,13,0,5.0,300.0
3.1,0.0,1,400.0,22.0,0,1,0.0970141887665,1,94.0,1,1,1.49318255126,5.08531276016,5.3,1,13,0,5.0,300.0
3.1,0.0,2,400.0,22.0,0,1,0.0970079898834,1,94.0,2,15,-4.82104957538,-2.20169956891,5.3,1,13,0,5.0,300.0
3.1,0.0,2,400.0,22.0,0,0,0.0970139503479,0,94.0,1,6,5.24605364197,-0.754268642848,5.3,1,13,0,5.0,300.0
3.1,0.0,2,400.0,22.0,0,0,0.0972089767456,0,94.0,1,4,4.82104957538,2.20169956891,5.3,1,13,0,5.0,300.0
3.1,0.0,1,400.0,22.0,0,1,0.0972089767456,1,94.0,1,4,4.82104957538,2.20169956891,5.3,1,13,0,5.0,300.0
3.1,0.0,1,400.0,22.0,0,-2,0.097195148468,1,94.0,2,13,-2.86539633251,-4.45864372401,5.3,1,13,0,5.0,300.0
3.1,0.0,1,400.0,22.0,0,0,0.0971939563751,2,94.0,2,7,4.82104957538,-2.20169956891,5.3,1,13,0,5.0,300.0
3.1,0.0,1,400.0,22.0,0,0,0.0971989631653,0,94.0,1,13,-2.86539633251,-4.45864372401,5.3,1,13,0,5.0,300.0
3.1,0.0,1,400.0,22.0,0,1,0.0972039699554,1,94.0,1,3,4.00547274408,3.47076188991,5.3,1,13,0,5.0,300.0
3.1,0.0,1,400.0,22.0,0,-1,0.0972139835358,-1,94.0,1,8,4.00547274408,-3.47076188991,5.3,1,13,0,5.0,300.0
3.1,0.0,1,400.0,22.0,0,0,0.0972418785095,0,94.0,1,21,-1.49318255126,5.08531276016,5.3,1,13,0,5.0,300.0
3.1,0.0,1,400.0,22.0,0,1,0.0972151756287,-2,94.0,1,13,-2.86539633251,-4.45864372401,5.3,1,13,0,5.0,300.0
3.1,0.0,1,400.0,22.0,0,-1,0.0972249507904,0,94.0,1,13,-2.86539633251,-4.45864372401,5.3,1,13,0,5.0,300.0
3.1,0.0,1,400.0,22.0,0,0,0.0972211360931,0,94.0,1,0,0.0,5.3,5.3,1,13,0,5.0,300.0
3.1,0.0,2,400.0,22.0,0,-2,0.0970270633698,-2,94.0,2,18,-4.82104957538,2.20169956891,5.3,1,13,0,5.0,300.0
3.1,0.0,1,400.0,22.0,0,0,0.0972290039062,0,94.0,2,15,-4.82104957538,-2.20169956891,5.3,1,13,0,5.0,300.0
3.1,0.0,1,400.0,22.0,0,0,0.0972149372101,0,94.0,1,19,-4.00547274408,3.47076188991,5.3,1,13,0,5.0,300.0
3.1,0.0,1,400.0,22.0,0,0,0.0972170829773,0,94.0,1,9,2.86539633251,-4.45864372401,5.3,1,13,0,5.0,300.0
3.1,0.0,1,400.0,22.0,0,1,0.0971961021423,1,94.0,1,19,-4.00547274408,3.47076188991,5.3,1,13,0,5.0,300.0
3.1,0.0,2,400.0,22.0,0,1,0.0972080230713,1,94.0,2,12,-1.49318255126,-5.08531276016,5.3,1,13,0,5.0,300.0
3.1,0.0,2,400.0,22.0,0,0,0.097216129303,0,94.0,2,2,2.86539633251,4.45864372401,5.3,1,13,0,5.0,300.0
3.1,0.0,2,400.0,22.0,0,0,0.0971689224243,1,94.0,1,12,-1.49318255126,-5.08531276016,5.3,1,13,0,5.0,300.0
3.1,0.0,1,400.0,22.0,0,-1,0.0972089767456,-1,94.0,1,16,-5.24605364197,-0.754268642848,5.3,1,13,0,5.0,300.0
3.1,0.0,1,400.0,22.0,0,0,0.0972189903259,0,94.0,2,0,0.0,5.3,5.3,1,13,0,5.0,300.0
3.1,0.0,1,400.0,22.0,0,2,0.0972099304199,2,94.0,1,6,5.24605364197,-0.754268642848,5.3,1,13,0,5.0,300.0
3.1,0.0,2,400.0,22.0,0,0,0.0971949100494,-1,94.0,1,15,-4.82104957538,-2.20169956891,5.3,1,13,0,5.0,300.0
3.1,0.0,1,400.0,22.0,0,0,0.0971789360046,0,94.0,2,0,0.0,5.3,5.3,1,13,0,5.0,300.0
3.1,0.0,1,400.0,22.0,0,0,0.0972230434418,0,94.0,2,5,5.24605364197,0.754268642848,5.3,1,13,0,5.0,300.0
3.1,0.0,1,400.0,22.0,0,0,0.0971729755402,-1,94.0,1,17,-5.24605364197,0.754268642848,5.3,1,13,0,5.0,300.0
3.1,0.0,2,400.0,22.0,0,0,0.0972120761871,0,94.0,1,0,0.0,5.3,5.3,1,13,0,5.0,300.0
3.1,0.0,2,400.0,22.0,0,0,0.0971641540527,-2,94.0,2,18,-4.82104957538,2.20169956891,5.3,1,13,0,5.0,300.0
3.1,0.0,1,400.0,22.0,0,0,0.0972371101379,0,94.0,2,21,-1.49318255126,5.08531276016,5.3,1,13,0,5.0,300.0
3.1,0.0,1,400.0,22.0,0,-1,0.0971751213074,0,94.0,2,11,6.49041367526e-16,-5.3,5.3,1,13,0,5.0,300.0
3.1,0.0,1,400.0,22.0,0,0,0.0971720218658,0,94.0,1,4,4.82104957538,2.20169956891,5.3,1,13,0,5.0,300.0
3.1,0.0,2,400.0,22.0,0,2,0.0971729755402,2,94.0,2,11,6.49041367526e-16,-5.3,5.3,1,13,0,5.0,300.0
3.1,0.0,2,400.0,22.0,0,0,0.0971739292145,0,94.0,1,5,5.24605364197,0.754268642848,5.3,1,13,0,5.0,300.0
3.1,0.0,1,400.0,22.0,0,-1,0.0970709323883,-1,94.0,1,9,2.86539633251,-4.45864372401,5.3,1,13,0,5.0,300.0
3.1,0.0,2,400.0,22.0,0,2,0.0971729755402,2,94.0,2,18,-4.82104957538,2.20169956891,5.3,1,13,0,5.0,300.0
3.1,0.0,2,400.0,22.0,0,0,0.0971729755402,0,94.0,2,10,1.49318255126,-5.08531276016,5.3,1,13,0,5.0,300.0
3.1,0.0,2,400.0,22.0,0,-1,0.0971748828888,-1,94.0,1,10,1.49318255126,-5.08531276016,5.3,1,13,0,5.0,300.0
3.1,0.0,1,400.0,22.0,0,1,0.0971701145172,2,94.0,2,0,0.0,5.3,5.3,1,13,0,5.0,300.0
3.1,0.0,2,400.0,22.0,0,0,0.0970959663391,-1,94.0,1,18,-4.82104957538,2.20169956891,5.3,1,13,0,5.0,300.0
3.1,0.0,2,400.0,22.0,0,-2,0.097188949585,-1,94.0,2,16,-5.24605364197,-0.754268642848,5.3,1,13,0,5.0,300.0
3.1,0.0,1,400.0,22.0,0,-1,0.0971801280975,-1,94.0,1,20,-2.86539633251,4.45864372401,5.3,1,13,0,5.0,300.0
3.1,0.0,2,400.0,22.0,0,0,0.0970540046692,0,94.0,2,8,4.00547274408,-3.47076188991,5.3,1,13,0,5.0,300.0
3.1,0.0,2,400.0,22.0,0,-2,0.097207069397,-2,94.0,2,14,-4.00547274408,-3.47076188991,5.3,1,13,0,5.0,300.0
3.1,0.0,1,400.0,22.0,0,0,0.097039937973,0,94.0,1,13,-2.86539633251,-4.45864372401,5.3,1,13,0,5.0,300.0
3.1,0.0,1,400.0,22.0,0,-2,0.0971791744232,-2,94.0,1,17,-5.24605364197,0.754268642848,5.3,1,13,0,5.0,300.0
3.1,0.0,2,400.0,22.0,0,0,0.0970599651337,2,94.0,1,6,5.24605364197,-0.754268642848,5.3,1,13,0,5.0,300.0
3.1,0.0,2,400.0,22.0,0,1,0.0970330238342,1,94.0,2,19,-4.00547274408,3.47076188991,5.3,1,13,0,5.0,300.0
3.1,0.0,2,400.0,22.0,0,2,0.0971710681915,2,94.0,2,19,-4.00547274408,3.47076188991,5.3,1,13,0,5.0,300.0
3.1,0.0,2,400.0,22.0,0,2,0.0970551967621,2,94.0,2,4,4.82104957538,2.20169956891,5.3,1,13,0,5.0,300.0
3.1,0.0,1,400.0,22.0,0,-2,0.097021818161,0,94.0,2,20,-2.86539633251,4.45864372401,5.3,1,13,0,5.0,300.0
3.1,0.0,1,400.0,22.0,0,1,0.0972061157227,-1,94.0,1,9,2.86539633251,-4.45864372401,5.3,1,13,0,5.0,300.0
3.1,0.0,2,400.0,22.0,0,2,0.0970509052277,1,94.0,2,6,5.24605364197,-0.754268642848,5.3,1,13,0,5.0,300.0
3.1,0.0,2,400.0,22.0,0,2,0.0970349311829,1,94.0,2,1,1.49318255126,5.08531276016,5.3,1,13,0,5.0,300.0
3.1,0.0,1,400.0,22.0,0,0,0.0971710681915,0,94.0,1,10,1.49318255126,-5.08531276016,5.3,1,13,0,5.0,300.0
3.1,0.0,1,400.0,22.0,0,0,0.0971789360046,0,94.0,1,12,-1.49318255126,-5.08531276016,5.3,1,13,0,5.0,300.0
3.1,0.0,2,400.0,22.0,0,0,0.0972101688385,0,94.0,2,1,1.49318255126,5.08531276016,5.3,1,13,0,5.0,300.0
3.1,0.0,1,400.0,22.0,0,1,0.0972061157227,1,94.0,1,21,-1.49318255126,5.08531276016,5.3,1,13,0,5.0,300.0
3.1,0.0,1,400.0,22.0,0,2,0.0972020626068,2,94.0,1,2,2.86539633251,4.45864372401,5.3,1,13,0,5.0,300.0
3.1,0.0,2,400.0,22.0,0,1,0.0971879959106,1,94.0,2,13,-2.86539633251,-4.45864372401,5.3,1,13,0,5.0,300.0
3.1,0.0,2,400.0,22.0,0,2,0.0971858501434,-1,94.0,1,5,5.24605364197,0.754268642848,5.3,1,13,0,5.0,300.0
3.1,0.0,1,400.0,22.0,0,1,0.0972290039062,2,94.0,2,3,4.00547274408,3.47076188991,5.3,1,13,0,5.0,300.0
3.1,0.0,2,400.0,22.0,0,0,0.0971930027008,0,94.0,2,7,4.82104957538,-2.20169956891,5.3,1,13,0,5.0,300.0
3.1,0.0,2,400.0,22.0,0,0,0.0971791744232,1,94.0,2,4,4.82104957538,2.20169956891,5.3,1,13,0,5.0,300.0
3.1,0.0,1,400.0,22.0,0,0,0.0971829891205,1,94.0,1,18,-4.82104957538,2.20169956891,5.3,1,13,0,5.0,300.0
3.1,0.0,1,400.0,22.0,0,0,0.097216129303,0,94.0,2,17,-5.24605364197,0.754268642848,5.3,1,13,0,5.0,300.0
3.1,0.0,1,400.0,22.0,0,0,0.0971989631653,1,94.0,2,19,-4.00547274408,3.47076188991,5.3,1,13,0,5.0,300.0
3.1,0.0,2,400.0,22.0,0,0,0.0972180366516,0,94.0,1,19,-4.00547274408,3.47076188991,5.3,1,13,0,5.0,300.0
3.1,0.0,1,400.0,22.0,0,0,0.097177028656,0,94.0,1,14,-4.00547274408,-3.47076188991,5.3,1,13,0,5.0,300.0
3.1,0.0,2,400.0,22.0,0,0,0.0971999168396,0,94.0,1,5,5.24605364197,0.754268642848,5.3,1,13,0,5.0,300.0
3.1,0.0,2,400.0,22.0,0,0,0.0972101688385,1,94.0,1,6,5.24605364197,-0.754268642848,5.3,1,13,0,5.0,300.0
3.1,0.0,2,400.0,22.0,0,-1,0.0972061157227,-2,94.0,2,14,-4.00547274408,-3.47076188991,5.3,1,13,0,5.0,300.0
3.1,0.0,1,400.0,22.0,0,-1,0.097195148468,0,94.0,1,7,4.82104957538,-2.20169956891,5.3,1,13,0,5.0,300.0
3.1,0.0,1,400.0,22.0,0,0,0.097198009491,0,94.0,1,6,5.24605364197,-0.754268642848,5.3,1,13,0,5.0,300.0
3.1,0.0,2,400.0,22.0,0,0,0.0971851348877,0,94.0,2,11,6.49041367526e-16,-5.3,5.3,1,13,0,5.0,300.0
3.1,0.0,2,400.0,22.0,0,0,0.097179889679,0,94.0,1,21,-1.49318255126,5.08531276016,5.3,1,13,0,5.0,300.0
3.1,0.0,2,400.0,22.0,0,1,0.0971930027008,0,94.0,2,19,-4.00547274408,3.47076188991,5.3,1,13,0,5.0,300.0
3.1,0.0,2,400.0,22.0,0,0,0.0971779823303,0,94.0,2,9,2.86539633251,-4.45864372401,5.3,1,13,0,5.0,300.0
3.1,0.0,1,400.0,22.0,0,0,0.097216129303,0,94.0,1,13,-2.86539633251,-4.45864372401,5.3,1,13,0,5.0,300.0
3.1,0.0,2,400.0,22.0,0,1,0.0971839427948,0,94.0,2,1,1.49318255126,5.08531276016,5.3,1,13,0,5.0,300.0
3.1,0.0,2,400.0,22.0,0,2,0.0971891880035,2,94.0,2,16,-5.24605364197,-0.754268642848,5.3,1,13,0,5.0,300.0
3.1,0.0,1,400.0,22.0,0,1,0.0971767902374,1,94.0,1,11,6.49041367526e-16,-5.3,5.3,1,13,0,5.0,300.0
3.1,0.0,1,400.0,22.0,0,-2,0.0970041751862,-2,94.0,1,14,-4.00547274408,-3.47076188991,5.3,1,13,0,5.0,300.0
3.1,0.0,2,400.0,22.0,0,-1,0.0971939563751,-1,94.0,2,13,-2.86539633251,-4.45864372401,5.3,1,13,0,5.0,300.0
3.1,0.0,2,400.0,22.0,0,0,0.097177028656,2,94.0,1,15,-4.82104957538,-2.20169956891,5.3,1,13,0,5.0,300.0
3.1,0.0,2,400.0,22.0,0,-2,0.0972149372101,1,94.0,1,3,4.00547274408,3.47076188991,5.3,1,13,0,5.0,300.0
3.1,0.0,1,400.0,22.0,0,0,0.0972280502319,0,94.0,2,3,4.00547274408,3.47076188991,5.3,1,13,0,5.0,300.0
3.1,0.0,2,400.0,22.0,0,-2,0.0970129966736,-2,94.0,2,3,4.00547274408,3.47076188991,5.3,1,13,0,5.0,300.0
3.1,0.0,1,400.0,22.0,0,-2,0.097188949585,-2,94.0,1,21,-1.49318255126,5.08531276016,5.3,1,13,0,5.0,300.0
3.1,0.0,1,400.0,22.0,0,0,0.0971901416779,0,94.0,2,7,4.82104957538,-2.20169956891,5.3,1,13,0,5.0,300.0
3.1,0.0,2,400.0,22.0,0,0,0.0971989631653,0,94.0,2,3,4.00547274408,3.47076188991,5.3,1,13,0,5.0,300.0
3.1,0.0,2,400.0,22.0,0,0,0.0972111225128,0,94.0,2,15,-4.82104957538,-2.20169956891,5.3,1,13,0,5.0,300.0
3.1,0.0,2,400.0,22.0,0,0,0.0972170829773,0,94.0,1,17,-5.24605364197,0.754268642848,5.3,1,13,0,5.0,300.0
3.1,0.0,2,400.0,22.0,0,0,0.0972020626068,0,94.0,1,4,4.82104957538,2.20169956891,5.3,1,13,0,5.0,300.0
3.1,0.0,2,400.0,22.0,0,1,0.0971920490265,2,94.0,2,18,-4.82104957538,2.20169956891,5.3,1,13,0,5.0,300.0
3.1,0.0,2,400.0,22.0,0,0,0.0972049236298,0,94.0,1,17,-5.24605364197,0.754268642848,5.3,1,13,0,5.0,300.0
3.1,0.0,2,400.0,22.0,0,-1,0.097207069397,1,94.0,2,2,2.86539633251,4.45864372401,5.3,1,13,0,5.0,300.0
3.1,0.0,2,400.0,22.0,0,1,0.0972101688385,1,94.0,2,15,-4.82104957538,-2.20169956891,5.3,1,13,0,5.0,300.0
