cue-length,ms-precue,resp-v-hv,ms-st-cue,nitems,resp-h-pos,actualStimOn,resp-v-pos,ms-stimon,resp-h-hv,cue-loc-int,cue-loc-x,cue-loc-y,radius,bars-or-spot,npractice,ntrials,offsett
3.1,0.0,1,400.0,22.0,-1,0.0970621109009,1,94.0,1,11,6.49041367526e-16,-5.3,5.3,3.0,5.0,500.0,5
3.1,0.0,1,400.0,22.0,0,0.0971009731293,2,94.0,1,17,-5.24605364197,0.754268642848,5.3,3.0,5.0,500.0,5
3.1,0.0,1,400.0,22.0,-1,0.097137928009,0,94.0,1,16,-5.24605364197,-0.754268642848,5.3,3.0,5.0,500.0,5
3.1,0.0,2,400.0,22.0,0,0.097198009491,0,94.0,1,6,5.24605364197,-0.754268642848,5.3,3.0,5.0,500.0,5
3.1,0.0,2,400.0,22.0,0,0.0973029136658,0,94.0,1,12,-1.49318255126,-5.08531276016,5.3,3.0,5.0,500.0,5
3.1,0.0,2,400.0,22.0,-1,0.0970590114594,-1,94.0,1,19,-4.00547274408,3.47076188991,5.3,3.0,5.0,500.0,5
3.1,0.0,2,400.0,22.0,0,0.0972130298615,1,94.0,1,5,5.24605364197,0.754268642848,5.3,3.0,5.0,500.0,5
3.1,0.0,2,400.0,22.0,2,0.0970208644867,-1,94.0,2,15,-4.82104957538,-2.20169956891,5.3,3.0,5.0,500.0,5
3.1,0.0,1,400.0,22.0,-1,0.0971500873566,0,94.0,2,18,-4.82104957538,2.20169956891,5.3,3.0,5.0,500.0,5
3.1,0.0,2,400.0,22.0,1,0.0972549915314,0,94.0,1,2,2.86539633251,4.45864372401,5.3,3.0,5.0,500.0,5
3.1,0.0,2,400.0,22.0,0,0.0971210002899,-1,94.0,1,1,1.49318255126,5.08531276016,5.3,3.0,5.0,500.0,5
3.1,0.0,2,400.0,22.0,0,0.0971269607544,1,94.0,1,1,1.49318255126,5.08531276016,5.3,3.0,5.0,500.0,5
3.1,0.0,2,400.0,22.0,-1,0.0971040725708,-2,94.0,1,14,-4.00547274408,-3.47076188991,5.3,3.0,5.0,500.0,5
3.1,0.0,1,400.0,22.0,0,0.0971939563751,2,94.0,1,0,0.0,5.3,5.3,3.0,5.0,500.0,5
3.1,0.0,2,400.0,22.0,0,0.0972180366516,0,94.0,1,6,5.24605364197,-0.754268642848,5.3,3.0,5.0,500.0,5
3.1,0.0,2,400.0,22.0,0,0.0971999168396,0,94.0,1,16,-5.24605364197,-0.754268642848,5.3,3.0,5.0,500.0,5
3.1,0.0,2,400.0,22.0,-2,0.0972900390625,2,94.0,1,9,2.86539633251,-4.45864372401,5.3,3.0,5.0,500.0,5
3.1,0.0,1,400.0,22.0,0,0.0970470905304,1,94.0,1,7,4.82104957538,-2.20169956891,5.3,3.0,5.0,500.0,5
3.1,0.0,1,400.0,22.0,0,0.0972270965576,2,94.0,2,17,-5.24605364197,0.754268642848,5.3,3.0,5.0,500.0,5
3.1,0.0,2,400.0,22.0,-2,0.097207069397,-2,94.0,1,1,1.49318255126,5.08531276016,5.3,3.0,5.0,500.0,5
3.1,0.0,1,400.0,22.0,1,0.0972509384155,1,94.0,2,18,-4.82104957538,2.20169956891,5.3,3.0,5.0,500.0,5
3.1,0.0,2,400.0,22.0,-1,0.097088098526,-2,94.0,1,2,2.86539633251,4.45864372401,5.3,3.0,5.0,500.0,5
3.1,0.0,1,400.0,22.0,0,0.0970771312714,2,94.0,1,1,1.49318255126,5.08531276016,5.3,3.0,5.0,500.0,5
3.1,0.0,2,400.0,22.0,-1,0.0970811843872,0,94.0,2,1,1.49318255126,5.08531276016,5.3,3.0,5.0,500.0,5
3.1,0.0,2,400.0,22.0,1,0.0972290039062,-2,94.0,1,17,-5.24605364197,0.754268642848,5.3,3.0,5.0,500.0,5
3.1,0.0,2,400.0,22.0,0,0.0972838401794,-1,94.0,1,3,4.00547274408,3.47076188991,5.3,3.0,5.0,500.0,5
3.1,0.0,2,400.0,22.0,-2,0.0971941947937,0,94.0,1,13,-2.86539633251,-4.45864372401,5.3,3.0,5.0,500.0,5
3.1,0.0,1,400.0,22.0,1,0.0970737934113,0,94.0,2,20,-2.86539633251,4.45864372401,5.3,3.0,5.0,500.0,5
3.1,0.0,1,400.0,22.0,2,0.097109079361,0,94.0,2,0,0.0,5.3,5.3,3.0,5.0,500.0,5
3.1,0.0,1,400.0,22.0,-1,0.0972218513489,1,94.0,1,8,4.00547274408,-3.47076188991,5.3,3.0,5.0,500.0,5
3.1,0.0,1,400.0,22.0,0,0.0972049236298,0,94.0,2,1,1.49318255126,5.08531276016,5.3,3.0,5.0,500.0,5
3.1,0.0,2,400.0,22.0,0,0.0970840454102,2,94.0,2,19,-4.00547274408,3.47076188991,5.3,3.0,5.0,500.0,5
3.1,0.0,1,400.0,22.0,2,0.0971219539642,1,94.0,1,21,-1.49318255126,5.08531276016,5.3,3.0,5.0,500.0,5
3.1,0.0,1,400.0,22.0,-2,0.0970439910889,-1,94.0,1,20,-2.86539633251,4.45864372401,5.3,3.0,5.0,500.0,5
3.1,0.0,2,400.0,22.0,0,0.0970721244812,0,94.0,1,21,-1.49318255126,5.08531276016,5.3,3.0,5.0,500.0,5
3.1,0.0,2,400.0,22.0,-1,0.0971019268036,-1,94.0,1,10,1.49318255126,-5.08531276016,5.3,3.0,5.0,500.0,5
3.1,0.0,2,400.0,22.0,0,0.0971269607544,0,94.0,1,6,5.24605364197,-0.754268642848,5.3,3.0,5.0,500.0,5
3.1,0.0,1,400.0,22.0,0,0.097097158432,2,94.0,1,21,-1.49318255126,5.08531276016,5.3,3.0,5.0,500.0,5
3.1,0.0,2,400.0,22.0,-1,0.0972108840942,2,94.0,2,15,-4.82104957538,-2.20169956891,5.3,3.0,5.0,500.0,5
3.1,0.0,2,400.0,22.0,-2,0.0972058773041,-2,94.0,1,3,4.00547274408,3.47076188991,5.3,3.0,5.0,500.0,5
3.1,0.0,2,400.0,22.0,-2,0.0970718860626,-1,94.0,2,18,-4.82104957538,2.20169956891,5.3,3.0,5.0,500.0,5
3.1,0.0,2,400.0,22.0,-1,0.0970828533173,-1,94.0,1,7,4.82104957538,-2.20169956891,5.3,3.0,5.0,500.0,5
3.1,0.0,1,400.0,22.0,0,0.0970759391785,1,94.0,1,16,-5.24605364197,-0.754268642848,5.3,3.0,5.0,500.0,5
3.1,0.0,2,400.0,22.0,0,0.0970549583435,0,94.0,1,5,5.24605364197,0.754268642848,5.3,3.0,5.0,500.0,5
3.1,0.0,2,400.0,22.0,1,0.0971088409424,0,94.0,2,3,4.00547274408,3.47076188991,5.3,3.0,5.0,500.0,5
3.1,0.0,2,400.0,22.0,0,0.0971269607544,0,94.0,1,5,5.24605364197,0.754268642848,5.3,3.0,5.0,500.0,5
3.1,0.0,2,400.0,22.0,1,0.097069978714,2,94.0,1,15,-4.82104957538,-2.20169956891,5.3,3.0,5.0,500.0,5
3.1,0.0,1,400.0,22.0,0,0.0972399711609,1,94.0,1,15,-4.82104957538,-2.20169956891,5.3,3.0,5.0,500.0,5
3.1,0.0,2,400.0,22.0,1,0.097058057785,1,94.0,1,2,2.86539633251,4.45864372401,5.3,3.0,5.0,500.0,5
3.1,0.0,2,400.0,22.0,0,0.0971291065216,0,94.0,1,6,5.24605364197,-0.754268642848,5.3,3.0,5.0,500.0,5
3.1,0.0,2,400.0,22.0,0,0.0972168445587,2,94.0,1,2,2.86539633251,4.45864372401,5.3,3.0,5.0,500.0,5
3.1,0.0,2,400.0,22.0,0,0.097137928009,0,94.0,1,7,4.82104957538,-2.20169956891,5.3,3.0,5.0,500.0,5
3.1,0.0,2,400.0,22.0,0,0.0970311164856,-1,94.0,2,17,-5.24605364197,0.754268642848,5.3,3.0,5.0,500.0,5
3.1,0.0,1,400.0,22.0,0,0.0970652103424,0,94.0,2,18,-4.82104957538,2.20169956891,5.3,3.0,5.0,500.0,5
3.1,0.0,2,400.0,22.0,0,0.0970809459686,1,94.0,2,13,-2.86539633251,-4.45864372401,5.3,3.0,5.0,500.0,5
3.1,0.0,2,400.0,22.0,-1,0.0973498821259,2,94.0,1,21,-1.49318255126,5.08531276016,5.3,3.0,5.0,500.0,5
3.1,0.0,1,400.0,22.0,0,0.0970799922943,0,94.0,2,18,-4.82104957538,2.20169956891,5.3,3.0,5.0,500.0,5
3.1,0.0,2,400.0,22.0,1,0.0971400737762,0,94.0,2,17,-5.24605364197,0.754268642848,5.3,3.0,5.0,500.0,5
3.1,0.0,1,400.0,22.0,0,0.0972328186035,-2,94.0,1,7,4.82104957538,-2.20169956891,5.3,3.0,5.0,500.0,5
3.1,0.0,2,400.0,22.0,-1,0.0970730781555,0,94.0,1,9,2.86539633251,-4.45864372401,5.3,3.0,5.0,500.0,5
3.1,0.0,1,400.0,22.0,0,0.0972409248352,-1,94.0,1,16,-5.24605364197,-0.754268642848,5.3,3.0,5.0,500.0,5
3.1,0.0,1,400.0,22.0,0,0.0972499847412,2,94.0,1,7,4.82104957538,-2.20169956891,5.3,3.0,5.0,500.0,5
3.1,0.0,2,400.0,22.0,-1,0.097146987915,0,94.0,1,6,5.24605364197,-0.754268642848,5.3,3.0,5.0,500.0,5
3.1,0.0,2,400.0,22.0,-1,0.0970730781555,-1,94.0,1,8,4.00547274408,-3.47076188991,5.3,3.0,5.0,500.0,5
3.1,0.0,2,400.0,22.0,-2,0.0972011089325,2,94.0,1,21,-1.49318255126,5.08531276016,5.3,3.0,5.0,500.0,5
3.1,0.0,2,400.0,22.0,0,0.0970220565796,0,94.0,1,8,4.00547274408,-3.47076188991,5.3,3.0,5.0,500.0,5
3.1,0.0,2,400.0,22.0,2,0.0970859527588,2,94.0,1,14,-4.00547274408,-3.47076188991,5.3,3.0,5.0,500.0,5
3.1,0.0,2,400.0,22.0,-1,0.0970759391785,-2,94.0,2,0,0.0,5.3,5.3,3.0,5.0,500.0,5
3.1,0.0,1,400.0,22.0,-1,0.0970659255981,2,94.0,2,2,2.86539633251,4.45864372401,5.3,3.0,5.0,500.0,5
3.1,0.0,2,400.0,22.0,-1,0.0972170829773,-1,94.0,1,11,6.49041367526e-16,-5.3,5.3,3.0,5.0,500.0,5
3.1,0.0,2,400.0,22.0,1,0.0971968173981,0,94.0,2,9,2.86539633251,-4.45864372401,5.3,3.0,5.0,500.0,5
3.1,0.0,1,400.0,22.0,-2,0.0970990657806,-2,94.0,2,11,6.49041367526e-16,-5.3,5.3,3.0,5.0,500.0,5
3.1,0.0,1,400.0,22.0,-1,0.0971391201019,1,94.0,1,18,-4.82104957538,2.20169956891,5.3,3.0,5.0,500.0,5
3.1,0.0,2,400.0,22.0,-1,0.0970969200134,1,94.0,1,13,-2.86539633251,-4.45864372401,5.3,3.0,5.0,500.0,5
3.1,0.0,1,400.0,22.0,2,0.0970590114594,0,94.0,1,2,2.86539633251,4.45864372401,5.3,3.0,5.0,500.0,5
3.1,0.0,2,400.0,22.0,0,0.0970959663391,0,94.0,1,5,5.24605364197,0.754268642848,5.3,3.0,5.0,500.0,5
3.1,0.0,2,400.0,22.0,1,0.0972480773926,2,94.0,2,20,-2.86539633251,4.45864372401,5.3,3.0,5.0,500.0,5
3.1,0.0,2,400.0,22.0,-1,0.0974259376526,-1,94.0,1,16,-5.24605364197,-0.754268642848,5.3,3.0,5.0,500.0,5
3.1,0.0,1,400.0,22.0,0,0.0972030162811,-1,94.0,1,3,4.00547274408,3.47076188991,5.3,3.0,5.0,500.0,5
3.1,0.0,2,400.0,22.0,-2,0.0971322059631,-1,94.0,1,11,6.49041367526e-16,-5.3,5.3,3.0,5.0,500.0,5
3.1,0.0,2,400.0,22.0,1,0.0970540046692,0,94.0,1,14,-4.00547274408,-3.47076188991,5.3,3.0,5.0,500.0,5
3.1,0.0,1,400.0,22.0,0,0.097140789032,0,94.0,2,5,5.24605364197,0.754268642848,5.3,3.0,5.0,500.0,5
3.1,0.0,1,400.0,22.0,-1,0.0972318649292,0,94.0,1,10,1.49318255126,-5.08531276016,5.3,3.0,5.0,500.0,5
3.1,0.0,1,400.0,22.0,0,0.0970628261566,-2,94.0,2,0,0.0,5.3,5.3,3.0,5.0,500.0,5
3.1,0.0,1,400.0,22.0,1,0.0970840454102,2,94.0,1,14,-4.00547274408,-3.47076188991,5.3,3.0,5.0,500.0,5
3.1,0.0,2,400.0,22.0,1,0.0970599651337,1,94.0,2,15,-4.82104957538,-2.20169956891,5.3,3.0,5.0,500.0,5
3.1,0.0,1,400.0,22.0,2,0.0970740318298,1,94.0,1,0,0.0,5.3,5.3,3.0,5.0,500.0,5
3.1,0.0,2,400.0,22.0,1,0.0971760749817,0,94.0,1,7,4.82104957538,-2.20169956891,5.3,3.0,5.0,500.0,5
3.1,0.0,1,400.0,22.0,-1,0.0972459316254,1,94.0,1,8,4.00547274408,-3.47076188991,5.3,3.0,5.0,500.0,5
3.1,0.0,2,400.0,22.0,0,0.0971610546112,-1,94.0,1,12,-1.49318255126,-5.08531276016,5.3,3.0,5.0,500.0,5
3.1,0.0,1,400.0,22.0,-1,0.0971431732178,0,94.0,1,4,4.82104957538,2.20169956891,5.3,3.0,5.0,500.0,5
3.1,0.0,2,400.0,22.0,0,0.0971238613129,0,94.0,1,13,-2.86539633251,-4.45864372401,5.3,3.0,5.0,500.0,5
3.1,0.0,2,400.0,22.0,1,0.0970849990845,0,94.0,1,14,-4.00547274408,-3.47076188991,5.3,3.0,5.0,500.0,5
3.1,0.0,2,400.0,22.0,1,0.0970590114594,0,94.0,2,3,4.00547274408,3.47076188991,5.3,3.0,5.0,500.0,5
3.1,0.0,2,400.0,22.0,0,0.0971069335938,0,94.0,1,6,5.24605364197,-0.754268642848,5.3,3.0,5.0,500.0,5
3.1,0.0,1,400.0,22.0,1,0.0970721244812,-1,94.0,1,12,-1.49318255126,-5.08531276016,5.3,3.0,5.0,500.0,5
3.1,0.0,2,400.0,22.0,-1,0.0972909927368,0,94.0,2,17,-5.24605364197,0.754268642848,5.3,3.0,5.0,500.0,5
3.1,0.0,2,400.0,22.0,-1,0.0972390174866,-2,94.0,1,11,6.49041367526e-16,-5.3,5.3,3.0,5.0,500.0,5
3.1,0.0,1,400.0,22.0,1,0.0970871448517,2,94.0,2,0,0.0,5.3,5.3,3.0,5.0,500.0,5
3.1,0.0,2,400.0,22.0,-1,0.0971240997314,1,94.0,2,3,4.00547274408,3.47076188991,5.3,3.0,5.0,500.0,5
3.1,0.0,2,400.0,22.0,-1,0.0972189903259,1,94.0,1,10,1.49318255126,-5.08531276016,5.3,3.0,5.0,500.0,5
3.1,0.0,2,400.0,22.0,2,0.0972211360931,-2,94.0,1,20,-2.86539633251,4.45864372401,5.3,3.0,5.0,500.0,5
3.1,0.0,2,400.0,22.0,2,0.0972318649292,0,94.0,1,16,-5.24605364197,-0.754268642848,5.3,3.0,5.0,500.0,5
3.1,0.0,2,400.0,22.0,0,0.097335100174,0,94.0,1,6,5.24605364197,-0.754268642848,5.3,3.0,5.0,500.0,5
3.1,0.0,1,400.0,22.0,0,0.0972499847412,0,94.0,2,16,-5.24605364197,-0.754268642848,5.3,3.0,5.0,500.0,5
3.1,0.0,1,400.0,22.0,0,0.0970768928528,0,94.0,2,6,5.24605364197,-0.754268642848,5.3,3.0,5.0,500.0,5
3.1,0.0,2,400.0,22.0,-1,0.0972130298615,1,94.0,1,11,6.49041367526e-16,-5.3,5.3,3.0,5.0,500.0,5
3.1,0.0,2,400.0,22.0,0,0.0972089767456,1,94.0,2,1,1.49318255126,5.08531276016,5.3,3.0,5.0,500.0,5
3.1,0.0,1,400.0,22.0,-1,0.0972509384155,0,94.0,1,10,1.49318255126,-5.08531276016,5.3,3.0,5.0,500.0,5
3.1,0.0,2,400.0,22.0,0,0.0970361232758,0,94.0,1,0,0.0,5.3,5.3,3.0,5.0,500.0,5
3.1,0.0,2,400.0,22.0,0,0.0972318649292,0,94.0,1,21,-1.49318255126,5.08531276016,5.3,3.0,5.0,500.0,5
3.1,0.0,2,400.0,22.0,0,0.0970680713654,-1,94.0,1,18,-4.82104957538,2.20169956891,5.3,3.0,5.0,500.0,5
3.1,0.0,1,400.0,22.0,2,0.097048997879,1,94.0,1,1,1.49318255126,5.08531276016,5.3,3.0,5.0,500.0,5
3.1,0.0,2,400.0,22.0,0,0.0971920490265,-1,94.0,2,9,2.86539633251,-4.45864372401,5.3,3.0,5.0,500.0,5
3.1,0.0,2,400.0,22.0,0,0.0972208976746,0,94.0,1,17,-5.24605364197,0.754268642848,5.3,3.0,5.0,500.0,5
3.1,0.0,2,400.0,22.0,0,0.0970840454102,0,94.0,1,17,-5.24605364197,0.754268642848,5.3,3.0,5.0,500.0,5
3.1,0.0,2,400.0,22.0,0,0.0972888469696,1,94.0,1,5,5.24605364197,0.754268642848,5.3,3.0,5.0,500.0,5
3.1,0.0,1,400.0,22.0,0,0.0972220897675,0,94.0,2,1,1.49318255126,5.08531276016,5.3,3.0,5.0,500.0,5
3.1,0.0,2,400.0,22.0,1,0.0972001552582,0,94.0,1,16,-5.24605364197,-0.754268642848,5.3,3.0,5.0,500.0,5
3.1,0.0,2,400.0,22.0,2,0.0971817970276,1,94.0,2,12,-1.49318255126,-5.08531276016,5.3,3.0,5.0,500.0,5
3.1,0.0,1,400.0,22.0,-2,0.0970659255981,-2,94.0,2,9,2.86539633251,-4.45864372401,5.3,3.0,5.0,500.0,5
3.1,0.0,2,400.0,22.0,0,0.0970659255981,1,94.0,2,16,-5.24605364197,-0.754268642848,5.3,3.0,5.0,500.0,5
3.1,0.0,1,400.0,22.0,-1,0.0970890522003,0,94.0,2,8,4.00547274408,-3.47076188991,5.3,3.0,5.0,500.0,5
3.1,0.0,1,400.0,22.0,0,0.0970900058746,0,94.0,2,16,-5.24605364197,-0.754268642848,5.3,3.0,5.0,500.0,5
3.1,0.0,1,400.0,22.0,-1,0.0971620082855,-2,94.0,1,10,1.49318255126,-5.08531276016,5.3,3.0,5.0,500.0,5
3.1,0.0,2,400.0,22.0,0,0.0970721244812,1,94.0,1,5,5.24605364197,0.754268642848,5.3,3.0,5.0,500.0,5
3.1,0.0,2,400.0,22.0,-1,0.0972270965576,-1,94.0,1,10,1.49318255126,-5.08531276016,5.3,3.0,5.0,500.0,5
3.1,0.0,2,400.0,22.0,0,0.0974631309509,-2,94.0,2,6,5.24605364197,-0.754268642848,5.3,3.0,5.0,500.0,5
3.1,0.0,2,400.0,22.0,-1,0.0972089767456,0,94.0,1,8,4.00547274408,-3.47076188991,5.3,3.0,5.0,500.0,5
3.1,0.0,2,400.0,22.0,0,0.0970680713654,0,94.0,1,19,-4.00547274408,3.47076188991,5.3,3.0,5.0,500.0,5
3.1,0.0,2,400.0,22.0,0,0.0972580909729,0,94.0,1,4,4.82104957538,2.20169956891,5.3,3.0,5.0,500.0,5
3.1,0.0,2,400.0,22.0,0,0.0970740318298,-1,94.0,1,21,-1.49318255126,5.08531276016,5.3,3.0,5.0,500.0,5
3.1,0.0,2,400.0,22.0,-2,0.0972349643707,0,94.0,1,2,2.86539633251,4.45864372401,5.3,3.0,5.0,500.0,5
3.1,0.0,1,400.0,22.0,-2,0.0971510410309,-1,94.0,1,10,1.49318255126,-5.08531276016,5.3,3.0,5.0,500.0,5
3.1,0.0,2,400.0,22.0,0,0.0970859527588,0,94.0,1,7,4.82104957538,-2.20169956891,5.3,3.0,5.0,500.0,5
3.1,0.0,1,400.0,22.0,-2,0.0972430706024,2,94.0,1,5,5.24605364197,0.754268642848,5.3,3.0,5.0,500.0,5
3.1,0.0,2,400.0,22.0,0,0.0972328186035,0,94.0,1,4,4.82104957538,2.20169956891,5.3,3.0,5.0,500.0,5
3.1,0.0,2,400.0,22.0,1,0.0973320007324,0,94.0,2,3,4.00547274408,3.47076188991,5.3,3.0,5.0,500.0,5
3.1,0.0,2,400.0,22.0,-1,0.0970859527588,-1,94.0,1,8,4.00547274408,-3.47076188991,5.3,3.0,5.0,500.0,5
3.1,0.0,1,400.0,22.0,1,0.0971028804779,-1,94.0,2,7,4.82104957538,-2.20169956891,5.3,3.0,5.0,500.0,5
3.1,0.0,1,400.0,22.0,1,0.0970129966736,-1,94.0,2,0,0.0,5.3,5.3,3.0,5.0,500.0,5
3.1,0.0,1,400.0,22.0,-2,0.0970268249512,0,94.0,2,21,-1.49318255126,5.08531276016,5.3,3.0,5.0,500.0,5
3.1,0.0,1,400.0,22.0,1,0.0971109867096,2,94.0,1,2,2.86539633251,4.45864372401,5.3,3.0,5.0,500.0,5
3.1,0.0,2,400.0,22.0,0,0.0970540046692,-1,94.0,1,21,-1.49318255126,5.08531276016,5.3,3.0,5.0,500.0,5
3.1,0.0,2,400.0,22.0,0,0.0973258018494,2,94.0,1,21,-1.49318255126,5.08531276016,5.3,3.0,5.0,500.0,5
3.1,0.0,2,400.0,22.0,0,0.0970821380615,1,94.0,1,21,-1.49318255126,5.08531276016,5.3,3.0,5.0,500.0,5
3.1,0.0,2,400.0,22.0,0,0.0972280502319,-1,94.0,1,12,-1.49318255126,-5.08531276016,5.3,3.0,5.0,500.0,5
3.1,0.0,1,400.0,22.0,-1,0.0972640514374,-1,94.0,2,9,2.86539633251,-4.45864372401,5.3,3.0,5.0,500.0,5
3.1,0.0,2,400.0,22.0,0,0.0971279144287,0,94.0,1,6,5.24605364197,-0.754268642848,5.3,3.0,5.0,500.0,5
3.1,0.0,1,400.0,22.0,1,0.0970659255981,1,94.0,2,3,4.00547274408,3.47076188991,5.3,3.0,5.0,500.0,5
3.1,0.0,2,400.0,22.0,0,0.0972790718079,0,94.0,1,3,4.00547274408,3.47076188991,5.3,3.0,5.0,500.0,5
3.1,0.0,2,400.0,22.0,1,0.0972201824188,2,94.0,1,14,-4.00547274408,-3.47076188991,5.3,3.0,5.0,500.0,5
3.1,0.0,1,400.0,22.0,1,0.0972049236298,1,94.0,2,0,0.0,5.3,5.3,3.0,5.0,500.0,5
3.1,0.0,1,400.0,22.0,0,0.0970818996429,-1,94.0,2,19,-4.00547274408,3.47076188991,5.3,3.0,5.0,500.0,5
3.1,0.0,2,400.0,22.0,0,0.0970969200134,0,94.0,1,10,1.49318255126,-5.08531276016,5.3,3.0,5.0,500.0,5
3.1,0.0,1,400.0,22.0,0,0.0971539020538,2,94.0,1,5,5.24605364197,0.754268642848,5.3,3.0,5.0,500.0,5
3.1,0.0,2,400.0,22.0,-2,0.0971229076385,0,94.0,2,17,-5.24605364197,0.754268642848,5.3,3.0,5.0,500.0,5
3.1,0.0,2,400.0,22.0,-1,0.0971322059631,1,94.0,1,2,2.86539633251,4.45864372401,5.3,3.0,5.0,500.0,5
3.1,0.0,1,400.0,22.0,-2,0.0970578193665,0,94.0,2,13,-2.86539633251,-4.45864372401,5.3,3.0,5.0,500.0,5
3.1,0.0,2,400.0,22.0,1,0.0972578525543,0,94.0,1,17,-5.24605364197,0.754268642848,5.3,3.0,5.0,500.0,5
3.1,0.0,2,400.0,22.0,-2,0.097067117691,0,94.0,1,18,-4.82104957538,2.20169956891,5.3,3.0,5.0,500.0,5
3.1,0.0,1,400.0,22.0,0,0.0970590114594,-1,94.0,2,7,4.82104957538,-2.20169956891,5.3,3.0,5.0,500.0,5
3.1,0.0,2,400.0,22.0,1,0.0971431732178,1,94.0,1,15,-4.82104957538,-2.20169956891,5.3,3.0,5.0,500.0,5
3.1,0.0,2,400.0,22.0,-1,0.0972199440002,0,94.0,1,12,-1.49318255126,-5.08531276016,5.3,3.0,5.0,500.0,5
3.1,0.0,1,400.0,22.0,-2,0.0972239971161,0,94.0,1,21,-1.49318255126,5.08531276016,5.3,3.0,5.0,500.0,5
3.1,0.0,1,400.0,22.0,1,0.0971760749817,1,94.0,2,14,-4.00547274408,-3.47076188991,5.3,3.0,5.0,500.0,5
3.1,0.0,1,400.0,22.0,0,0.0971159934998,0,94.0,2,5,5.24605364197,0.754268642848,5.3,3.0,5.0,500.0,5
3.1,0.0,2,400.0,22.0,-2,0.0971047878265,0,94.0,1,10,1.49318255126,-5.08531276016,5.3,3.0,5.0,500.0,5
3.1,0.0,2,400.0,22.0,1,0.0970420837402,0,94.0,1,17,-5.24605364197,0.754268642848,5.3,3.0,5.0,500.0,5
3.1,0.0,2,400.0,22.0,0,0.0970718860626,0,94.0,1,1,1.49318255126,5.08531276016,5.3,3.0,5.0,500.0,5
3.1,0.0,1,400.0,22.0,0,0.0971069335938,0,94.0,2,3,4.00547274408,3.47076188991,5.3,3.0,5.0,500.0,5
3.1,0.0,1,400.0,22.0,0,0.0972559452057,0,94.0,2,8,4.00547274408,-3.47076188991,5.3,3.0,5.0,500.0,5
3.1,0.0,2,400.0,22.0,0,0.0972201824188,0,94.0,1,1,1.49318255126,5.08531276016,5.3,3.0,5.0,500.0,5
3.1,0.0,1,400.0,22.0,-2,0.0974280834198,0,94.0,1,12,-1.49318255126,-5.08531276016,5.3,3.0,5.0,500.0,5
3.1,0.0,2,400.0,22.0,0,0.0972058773041,1,94.0,1,19,-4.00547274408,3.47076188991,5.3,3.0,5.0,500.0,5
3.1,0.0,2,400.0,22.0,1,0.0972719192505,1,94.0,1,15,-4.82104957538,-2.20169956891,5.3,3.0,5.0,500.0,5
3.1,0.0,2,400.0,22.0,-1,0.0972030162811,0,94.0,2,8,4.00547274408,-3.47076188991,5.3,3.0,5.0,500.0,5
3.1,0.0,1,400.0,22.0,1,0.097109079361,1,94.0,1,1,1.49318255126,5.08531276016,5.3,3.0,5.0,500.0,5
3.1,0.0,1,400.0,22.0,0,0.0970640182495,-1,94.0,1,14,-4.00547274408,-3.47076188991,5.3,3.0,5.0,500.0,5
3.1,0.0,2,400.0,22.0,0,0.097029209137,1,94.0,1,18,-4.82104957538,2.20169956891,5.3,3.0,5.0,500.0,5
3.1,0.0,1,400.0,22.0,-1,0.0970838069916,-2,94.0,1,8,4.00547274408,-3.47076188991,5.3,3.0,5.0,500.0,5
3.1,0.0,2,400.0,22.0,2,0.0971510410309,0,94.0,1,0,0.0,5.3,5.3,3.0,5.0,500.0,5
3.1,0.0,1,400.0,22.0,0,0.0972340106964,1,94.0,1,7,4.82104957538,-2.20169956891,5.3,3.0,5.0,500.0,5
3.1,0.0,1,400.0,22.0,-1,0.097137928009,1,94.0,1,20,-2.86539633251,4.45864372401,5.3,3.0,5.0,500.0,5
3.1,0.0,1,400.0,22.0,2,0.0971088409424,1,94.0,1,12,-1.49318255126,-5.08531276016,5.3,3.0,5.0,500.0,5
3.1,0.0,2,400.0,22.0,0,0.097323179245,0,94.0,1,7,4.82104957538,-2.20169956891,5.3,3.0,5.0,500.0,5
3.1,0.0,2,400.0,22.0,-1,0.0972220897675,1,94.0,1,3,4.00547274408,3.47076188991,5.3,3.0,5.0,500.0,5
3.1,0.0,2,400.0,22.0,0,0.0971148014069,0,94.0,1,4,4.82104957538,2.20169956891,5.3,3.0,5.0,500.0,5
3.1,0.0,2,400.0,22.0,2,0.0970611572266,0,94.0,2,4,4.82104957538,2.20169956891,5.3,3.0,5.0,500.0,5
3.1,0.0,2,400.0,22.0,1,0.0970959663391,1,94.0,1,5,5.24605364197,0.754268642848,5.3,3.0,5.0,500.0,5
3.1,0.0,1,400.0,22.0,-1,0.0972681045532,1,94.0,1,13,-2.86539633251,-4.45864372401,5.3,3.0,5.0,500.0,5
3.1,0.0,2,400.0,22.0,-2,0.0972108840942,-1,94.0,1,11,6.49041367526e-16,-5.3,5.3,3.0,5.0,500.0,5
3.1,0.0,2,400.0,22.0,-1,0.0971989631653,-1,94.0,1,11,6.49041367526e-16,-5.3,5.3,3.0,5.0,500.0,5
3.1,0.0,2,400.0,22.0,0,0.0971958637238,1,94.0,1,15,-4.82104957538,-2.20169956891,5.3,3.0,5.0,500.0,5
3.1,0.0,2,400.0,22.0,0,0.0972039699554,-2,94.0,2,7,4.82104957538,-2.20169956891,5.3,3.0,5.0,500.0,5
3.1,0.0,1,400.0,22.0,1,0.0970320701599,0,94.0,1,19,-4.00547274408,3.47076188991,5.3,3.0,5.0,500.0,5
3.1,0.0,2,400.0,22.0,0,0.0971491336823,-1,94.0,1,0,0.0,5.3,5.3,3.0,5.0,500.0,5
3.1,0.0,2,400.0,22.0,0,0.0970048904419,0,94.0,1,15,-4.82104957538,-2.20169956891,5.3,3.0,5.0,500.0,5
3.1,0.0,2,400.0,22.0,1,0.0969648361206,2,94.0,1,2,2.86539633251,4.45864372401,5.3,3.0,5.0,500.0,5
3.1,0.0,2,400.0,22.0,0,0.0970990657806,0,94.0,1,3,4.00547274408,3.47076188991,5.3,3.0,5.0,500.0,5
3.1,0.0,2,400.0,22.0,0,0.0970799922943,1,94.0,1,8,4.00547274408,-3.47076188991,5.3,3.0,5.0,500.0,5
3.1,0.0,1,400.0,22.0,-2,0.0972080230713,2,94.0,2,16,-5.24605364197,-0.754268642848,5.3,3.0,5.0,500.0,5
3.1,0.0,2,400.0,22.0,-1,0.097137928009,-1,94.0,1,8,4.00547274408,-3.47076188991,5.3,3.0,5.0,500.0,5
3.1,0.0,2,400.0,22.0,0,0.0972001552582,0,94.0,1,7,4.82104957538,-2.20169956891,5.3,3.0,5.0,500.0,5
3.1,0.0,2,400.0,22.0,0,0.0970680713654,0,94.0,1,5,5.24605364197,0.754268642848,5.3,3.0,5.0,500.0,5
3.1,0.0,1,400.0,22.0,-2,0.0970778465271,1,94.0,2,10,1.49318255126,-5.08531276016,5.3,3.0,5.0,500.0,5
3.1,0.0,2,400.0,22.0,2,0.0971250534058,0,94.0,2,10,1.49318255126,-5.08531276016,5.3,3.0,5.0,500.0,5
3.1,0.0,2,400.0,22.0,0,0.0970590114594,1,94.0,1,20,-2.86539633251,4.45864372401,5.3,3.0,5.0,500.0,5
3.1,0.0,2,400.0,22.0,0,0.0971958637238,0,94.0,1,19,-4.00547274408,3.47076188991,5.3,3.0,5.0,500.0,5
3.1,0.0,2,400.0,22.0,1,0.0972969532013,0,94.0,2,5,5.24605364197,0.754268642848,5.3,3.0,5.0,500.0,5
3.1,0.0,2,400.0,22.0,0,0.0972390174866,-1,94.0,2,10,1.49318255126,-5.08531276016,5.3,3.0,5.0,500.0,5
3.1,0.0,1,400.0,22.0,2,0.0971360206604,1,94.0,1,20,-2.86539633251,4.45864372401,5.3,3.0,5.0,500.0,5
3.1,0.0,2,400.0,22.0,-1,0.0971441268921,-1,94.0,1,18,-4.82104957538,2.20169956891,5.3,3.0,5.0,500.0,5
3.1,0.0,2,400.0,22.0,1,0.097100019455,2,94.0,1,0,0.0,5.3,5.3,3.0,5.0,500.0,5
3.1,0.0,1,400.0,22.0,0,0.0974612236023,2,94.0,1,12,-1.49318255126,-5.08531276016,5.3,3.0,5.0,500.0,5
3.1,0.0,2,400.0,22.0,0,0.0972130298615,0,94.0,1,13,-2.86539633251,-4.45864372401,5.3,3.0,5.0,500.0,5
3.1,0.0,2,400.0,22.0,-1,0.0972220897675,-1,94.0,1,18,-4.82104957538,2.20169956891,5.3,3.0,5.0,500.0,5
3.1,0.0,1,400.0,22.0,-2,0.0970840454102,-1,94.0,1,12,-1.49318255126,-5.08531276016,5.3,3.0,5.0,500.0,5
3.1,0.0,2,400.0,22.0,0,0.0972030162811,0,94.0,1,16,-5.24605364197,-0.754268642848,5.3,3.0,5.0,500.0,5
3.1,0.0,1,400.0,22.0,0,0.0972540378571,-2,94.0,1,2,2.86539633251,4.45864372401,5.3,3.0,5.0,500.0,5
3.1,0.0,1,400.0,22.0,0,0.0970849990845,0,94.0,2,5,5.24605364197,0.754268642848,5.3,3.0,5.0,500.0,5
3.1,0.0,2,400.0,22.0,0,0.0971989631653,0,94.0,2,10,1.49318255126,-5.08531276016,5.3,3.0,5.0,500.0,5
3.1,0.0,2,400.0,22.0,-1,0.0970840454102,2,94.0,1,10,1.49318255126,-5.08531276016,5.3,3.0,5.0,500.0,5
3.1,0.0,2,400.0,22.0,0,0.0969669818878,0,94.0,1,2,2.86539633251,4.45864372401,5.3,3.0,5.0,500.0,5
3.1,0.0,2,400.0,22.0,-1,0.097069978714,1,94.0,1,21,-1.49318255126,5.08531276016,5.3,3.0,5.0,500.0,5
3.1,0.0,2,400.0,22.0,0,0.0972020626068,0,94.0,1,1,1.49318255126,5.08531276016,5.3,3.0,5.0,500.0,5
3.1,0.0,1,400.0,22.0,0,0.0972859859467,2,94.0,1,7,4.82104957538,-2.20169956891,5.3,3.0,5.0,500.0,5
3.1,0.0,1,400.0,22.0,0,0.0970802307129,0,94.0,1,3,4.00547274408,3.47076188991,5.3,3.0,5.0,500.0,5
3.1,0.0,1,400.0,22.0,2,0.0973398685455,2,94.0,2,21,-1.49318255126,5.08531276016,5.3,3.0,5.0,500.0,5
3.1,0.0,1,400.0,22.0,0,0.097146987915,-1,94.0,1,17,-5.24605364197,0.754268642848,5.3,3.0,5.0,500.0,5
3.1,0.0,1,400.0,22.0,1,0.0971391201019,-1,94.0,2,18,-4.82104957538,2.20169956891,5.3,3.0,5.0,500.0,5
3.1,0.0,2,400.0,22.0,2,0.0970828533173,1,94.0,2,20,-2.86539633251,4.45864372401,5.3,3.0,5.0,500.0,5
3.1,0.0,1,400.0,22.0,-1,0.0971322059631,2,94.0,1,14,-4.00547274408,-3.47076188991,5.3,3.0,5.0,500.0,5
3.1,0.0,2,400.0,22.0,0,0.0972068309784,0,94.0,1,10,1.49318255126,-5.08531276016,5.3,3.0,5.0,500.0,5
3.1,0.0,2,400.0,22.0,1,0.0970520973206,0,94.0,1,0,0.0,5.3,5.3,3.0,5.0,500.0,5
3.1,0.0,1,400.0,22.0,0,0.0970549583435,1,94.0,1,20,-2.86539633251,4.45864372401,5.3,3.0,5.0,500.0,5
3.1,0.0,2,400.0,22.0,0,0.0971159934998,-2,94.0,2,20,-2.86539633251,4.45864372401,5.3,3.0,5.0,500.0,5
3.1,0.0,1,400.0,22.0,1,0.0970702171326,0,94.0,2,12,-1.49318255126,-5.08531276016,5.3,3.0,5.0,500.0,5
3.1,0.0,2,400.0,22.0,-2,0.0972058773041,-2,94.0,1,7,4.82104957538,-2.20169956891,5.3,3.0,5.0,500.0,5
3.1,0.0,1,400.0,22.0,0,0.0970749855042,1,94.0,1,9,2.86539633251,-4.45864372401,5.3,3.0,5.0,500.0,5
3.1,0.0,2,400.0,22.0,1,0.0972290039062,2,94.0,2,10,1.49318255126,-5.08531276016,5.3,3.0,5.0,500.0,5
3.1,0.0,1,400.0,22.0,1,0.0970900058746,-2,94.0,2,19,-4.00547274408,3.47076188991,5.3,3.0,5.0,500.0,5
3.1,0.0,2,400.0,22.0,1,0.0971279144287,0,94.0,1,17,-5.24605364197,0.754268642848,5.3,3.0,5.0,500.0,5
3.1,0.0,2,400.0,22.0,-1,0.0971190929413,0,94.0,1,21,-1.49318255126,5.08531276016,5.3,3.0,5.0,500.0,5
3.1,0.0,1,400.0,22.0,1,0.0972378253937,1,94.0,2,2,2.86539633251,4.45864372401,5.3,3.0,5.0,500.0,5
3.1,0.0,2,400.0,22.0,0,0.0970809459686,-1,94.0,1,7,4.82104957538,-2.20169956891,5.3,3.0,5.0,500.0,5
3.1,0.0,2,400.0,22.0,1,0.0970830917358,-2,94.0,1,10,1.49318255126,-5.08531276016,5.3,3.0,5.0,500.0,5
3.1,0.0,2,400.0,22.0,0,0.0971381664276,0,94.0,1,10,1.49318255126,-5.08531276016,5.3,3.0,5.0,500.0,5
3.1,0.0,1,400.0,22.0,0,0.0972139835358,1,94.0,1,0,0.0,5.3,5.3,3.0,5.0,500.0,5
3.1,0.0,2,400.0,22.0,0,0.0971519947052,2,94.0,1,5,5.24605364197,0.754268642848,5.3,3.0,5.0,500.0,5
3.1,0.0,1,400.0,22.0,0,0.0969848632812,1,94.0,2,17,-5.24605364197,0.754268642848,5.3,3.0,5.0,500.0,5
3.1,0.0,2,400.0,22.0,-1,0.0970809459686,1,94.0,2,7,4.82104957538,-2.20169956891,5.3,3.0,5.0,500.0,5
3.1,0.0,2,400.0,22.0,2,0.0972001552582,0,94.0,1,15,-4.82104957538,-2.20169956891,5.3,3.0,5.0,500.0,5
3.1,0.0,2,400.0,22.0,-2,0.0972049236298,1,94.0,2,4,4.82104957538,2.20169956891,5.3,3.0,5.0,500.0,5
3.1,0.0,1,400.0,22.0,1,0.097177028656,2,94.0,2,14,-4.00547274408,-3.47076188991,5.3,3.0,5.0,500.0,5
3.1,0.0,2,400.0,22.0,0,0.097119808197,-1,94.0,2,10,1.49318255126,-5.08531276016,5.3,3.0,5.0,500.0,5
3.1,0.0,1,400.0,22.0,0,0.0970618724823,0,94.0,2,2,2.86539633251,4.45864372401,5.3,3.0,5.0,500.0,5
3.1,0.0,2,400.0,22.0,0,0.0971031188965,0,94.0,1,1,1.49318255126,5.08531276016,5.3,3.0,5.0,500.0,5
3.1,0.0,2,400.0,22.0,0,0.0970678329468,0,94.0,1,0,0.0,5.3,5.3,3.0,5.0,500.0,5
3.1,0.0,1,400.0,22.0,0,0.0970590114594,0,94.0,2,0,0.0,5.3,5.3,3.0,5.0,500.0,5
3.1,0.0,1,400.0,22.0,-2,0.0972111225128,0,94.0,2,14,-4.00547274408,-3.47076188991,5.3,3.0,5.0,500.0,5
3.1,0.0,2,400.0,22.0,0,0.0972259044647,0,94.0,1,21,-1.49318255126,5.08531276016,5.3,3.0,5.0,500.0,5
3.1,0.0,2,400.0,22.0,0,0.0972170829773,-1,94.0,1,1,1.49318255126,5.08531276016,5.3,3.0,5.0,500.0,5
3.1,0.0,1,400.0,22.0,2,0.0971488952637,-1,94.0,1,12,-1.49318255126,-5.08531276016,5.3,3.0,5.0,500.0,5
3.1,0.0,2,400.0,22.0,0,0.0971238613129,0,94.0,1,0,0.0,5.3,5.3,3.0,5.0,500.0,5
3.1,0.0,2,400.0,22.0,1,0.097146987915,-1,94.0,1,11,6.49041367526e-16,-5.3,5.3,3.0,5.0,500.0,5
3.1,0.0,2,400.0,22.0,-1,0.0972619056702,-1,94.0,1,10,1.49318255126,-5.08531276016,5.3,3.0,5.0,500.0,5
3.1,0.0,1,400.0,22.0,0,0.0970959663391,-1,94.0,1,9,2.86539633251,-4.45864372401,5.3,3.0,5.0,500.0,5
3.1,0.0,2,400.0,22.0,0,0.0971570014954,0,94.0,1,1,1.49318255126,5.08531276016,5.3,3.0,5.0,500.0,5
3.1,0.0,2,400.0,22.0,-1,0.0970659255981,-1,94.0,1,11,6.49041367526e-16,-5.3,5.3,3.0,5.0,500.0,5
3.1,0.0,1,400.0,22.0,0,0.0972900390625,2,94.0,2,18,-4.82104957538,2.20169956891,5.3,3.0,5.0,500.0,5
3.1,0.0,1,400.0,22.0,0,0.0970799922943,-1,94.0,1,11,6.49041367526e-16,-5.3,5.3,3.0,5.0,500.0,5
3.1,0.0,1,400.0,22.0,0,0.0970721244812,-2,94.0,1,8,4.00547274408,-3.47076188991,5.3,3.0,5.0,500.0,5
3.1,0.0,1,400.0,22.0,2,0.0970890522003,0,94.0,2,17,-5.24605364197,0.754268642848,5.3,3.0,5.0,500.0,5
3.1,0.0,2,400.0,22.0,0,0.0970871448517,0,94.0,1,6,5.24605364197,-0.754268642848,5.3,3.0,5.0,500.0,5
3.1,0.0,2,400.0,22.0,-2,0.0971229076385,1,94.0,2,14,-4.00547274408,-3.47076188991,5.3,3.0,5.0,500.0,5
3.1,0.0,2,400.0,22.0,2,0.0970821380615,0,94.0,2,16,-5.24605364197,-0.754268642848,5.3,3.0,5.0,500.0,5
3.1,0.0,1,400.0,22.0,0,0.0971050262451,2,94.0,1,1,1.49318255126,5.08531276016,5.3,3.0,5.0,500.0,5
3.1,0.0,1,400.0,22.0,-1,0.0970630645752,1,94.0,1,13,-2.86539633251,-4.45864372401,5.3,3.0,5.0,500.0,5
3.1,0.0,1,400.0,22.0,0,0.0970258712769,0,94.0,2,18,-4.82104957538,2.20169956891,5.3,3.0,5.0,500.0,5
3.1,0.0,2,400.0,22.0,0,0.0970838069916,-2,94.0,2,10,1.49318255126,-5.08531276016,5.3,3.0,5.0,500.0,5
3.1,0.0,2,400.0,22.0,0,0.0971939563751,0,94.0,1,6,5.24605364197,-0.754268642848,5.3,3.0,5.0,500.0,5
3.1,0.0,2,400.0,22.0,-1,0.0972499847412,1,94.0,1,15,-4.82104957538,-2.20169956891,5.3,3.0,5.0,500.0,5
3.1,0.0,2,400.0,22.0,0,0.0973010063171,0,94.0,1,4,4.82104957538,2.20169956891,5.3,3.0,5.0,500.0,5
3.1,0.0,2,400.0,22.0,-1,0.0973289012909,-2,94.0,1,12,-1.49318255126,-5.08531276016,5.3,3.0,5.0,500.0,5
3.1,0.0,1,400.0,22.0,2,0.097177028656,1,94.0,2,14,-4.00547274408,-3.47076188991,5.3,3.0,5.0,500.0,5
3.1,0.0,2,400.0,22.0,0,0.0972340106964,0,94.0,1,3,4.00547274408,3.47076188991,5.3,3.0,5.0,500.0,5
3.1,0.0,1,400.0,22.0,-1,0.0971348285675,-2,94.0,1,13,-2.86539633251,-4.45864372401,5.3,3.0,5.0,500.0,5
3.1,0.0,2,400.0,22.0,-1,0.0971040725708,1,94.0,1,1,1.49318255126,5.08531276016,5.3,3.0,5.0,500.0,5
3.1,0.0,1,400.0,22.0,0,0.0970878601074,0,94.0,1,3,4.00547274408,3.47076188991,5.3,3.0,5.0,500.0,5
3.1,0.0,2,400.0,22.0,0,0.0971069335938,-1,94.0,1,1,1.49318255126,5.08531276016,5.3,3.0,5.0,500.0,5
3.1,0.0,2,400.0,22.0,0,0.0971119403839,0,94.0,1,17,-5.24605364197,0.754268642848,5.3,3.0,5.0,500.0,5
3.1,0.0,2,400.0,22.0,0,0.097090959549,0,94.0,1,4,4.82104957538,2.20169956891,5.3,3.0,5.0,500.0,5
3.1,0.0,2,400.0,22.0,0,0.0972230434418,0,94.0,1,5,5.24605364197,0.754268642848,5.3,3.0,5.0,500.0,5
3.1,0.0,2,400.0,22.0,0,0.0972139835358,0,94.0,1,3,4.00547274408,3.47076188991,5.3,3.0,5.0,500.0,5
3.1,0.0,1,400.0,22.0,-1,0.0971260070801,0,94.0,1,15,-4.82104957538,-2.20169956891,5.3,3.0,5.0,500.0,5
3.1,0.0,2,400.0,22.0,2,0.0972149372101,0,94.0,2,10,1.49318255126,-5.08531276016,5.3,3.0,5.0,500.0,5
3.1,0.0,1,400.0,22.0,1,0.097293138504,1,94.0,1,12,-1.49318255126,-5.08531276016,5.3,3.0,5.0,500.0,5
3.1,0.0,2,400.0,22.0,0,0.0971069335938,1,94.0,2,5,5.24605364197,0.754268642848,5.3,3.0,5.0,500.0,5
3.1,0.0,2,400.0,22.0,1,0.0970640182495,0,94.0,1,1,1.49318255126,5.08531276016,5.3,3.0,5.0,500.0,5
3.1,0.0,2,400.0,22.0,0,0.0971968173981,0,94.0,1,4,4.82104957538,2.20169956891,5.3,3.0,5.0,500.0,5
3.1,0.0,2,400.0,22.0,0,0.0971119403839,0,94.0,1,6,5.24605364197,-0.754268642848,5.3,3.0,5.0,500.0,5
3.1,0.0,2,400.0,22.0,0,0.0971899032593,0,94.0,1,6,5.24605364197,-0.754268642848,5.3,3.0,5.0,500.0,5
3.1,0.0,2,400.0,22.0,0,0.0970780849457,0,94.0,1,4,4.82104957538,2.20169956891,5.3,3.0,5.0,500.0,5
3.1,0.0,1,400.0,22.0,0,0.0971641540527,0,94.0,2,3,4.00547274408,3.47076188991,5.3,3.0,5.0,500.0,5
3.1,0.0,1,400.0,22.0,0,0.0970931053162,0,94.0,2,3,4.00547274408,3.47076188991,5.3,3.0,5.0,500.0,5
3.1,0.0,1,400.0,22.0,-2,0.0972020626068,1,94.0,1,1,1.49318255126,5.08531276016,5.3,3.0,5.0,500.0,5
3.1,0.0,2,400.0,22.0,1,0.097217798233,0,94.0,2,3,4.00547274408,3.47076188991,5.3,3.0,5.0,500.0,5
3.1,0.0,2,400.0,22.0,0,0.0970778465271,0,94.0,1,17,-5.24605364197,0.754268642848,5.3,3.0,5.0,500.0,5
3.1,0.0,2,400.0,22.0,0,0.0970630645752,0,94.0,1,17,-5.24605364197,0.754268642848,5.3,3.0,5.0,500.0,5
3.1,0.0,2,400.0,22.0,1,0.0970840454102,1,94.0,1,2,2.86539633251,4.45864372401,5.3,3.0,5.0,500.0,5
3.1,0.0,2,400.0,22.0,0,0.0971038341522,-2,94.0,2,2,2.86539633251,4.45864372401,5.3,3.0,5.0,500.0,5
3.1,0.0,2,400.0,22.0,-2,0.097109079361,1,94.0,1,9,2.86539633251,-4.45864372401,5.3,3.0,5.0,500.0,5
3.1,0.0,2,400.0,22.0,0,0.0970551967621,-1,94.0,1,13,-2.86539633251,-4.45864372401,5.3,3.0,5.0,500.0,5
3.1,0.0,2,400.0,22.0,-1,0.0971119403839,0,94.0,2,17,-5.24605364197,0.754268642848,5.3,3.0,5.0,500.0,5
3.1,0.0,2,400.0,22.0,0,0.0971031188965,0,94.0,1,7,4.82104957538,-2.20169956891,5.3,3.0,5.0,500.0,5
3.1,0.0,2,400.0,22.0,0,0.0972189903259,0,94.0,1,3,4.00547274408,3.47076188991,5.3,3.0,5.0,500.0,5
3.1,0.0,2,400.0,22.0,-1,0.0973010063171,-1,94.0,1,9,2.86539633251,-4.45864372401,5.3,3.0,5.0,500.0,5
3.1,0.0,1,400.0,22.0,-2,0.0972211360931,2,94.0,1,10,1.49318255126,-5.08531276016,5.3,3.0,5.0,500.0,5
3.1,0.0,2,400.0,22.0,0,0.0970621109009,0,94.0,1,18,-4.82104957538,2.20169956891,5.3,3.0,5.0,500.0,5
3.1,0.0,1,400.0,22.0,-2,0.0971410274506,2,94.0,2,10,1.49318255126,-5.08531276016,5.3,3.0,5.0,500.0,5
3.1,0.0,2,400.0,22.0,0,0.0972168445587,0,94.0,1,3,4.00547274408,3.47076188991,5.3,3.0,5.0,500.0,5
3.1,0.0,2,400.0,22.0,0,0.0971229076385,-1,94.0,1,1,1.49318255126,5.08531276016,5.3,3.0,5.0,500.0,5
3.1,0.0,1,400.0,22.0,-1,0.0973129272461,1,94.0,1,7,4.82104957538,-2.20169956891,5.3,3.0,5.0,500.0,5
3.1,0.0,2,400.0,22.0,2,0.097286939621,-1,94.0,1,10,1.49318255126,-5.08531276016,5.3,3.0,5.0,500.0,5
3.1,0.0,2,400.0,22.0,-2,0.0972728729248,0,94.0,1,11,6.49041367526e-16,-5.3,5.3,3.0,5.0,500.0,5
3.1,0.0,2,400.0,22.0,2,0.0971050262451,1,94.0,1,14,-4.00547274408,-3.47076188991,5.3,3.0,5.0,500.0,5
3.1,0.0,2,400.0,22.0,2,0.0970768928528,-1,94.0,1,13,-2.86539633251,-4.45864372401,5.3,3.0,5.0,500.0,5
3.1,0.0,1,400.0,22.0,2,0.0972259044647,0,94.0,2,4,4.82104957538,2.20169956891,5.3,3.0,5.0,500.0,5
3.1,0.0,2,400.0,22.0,0,0.0970818996429,0,94.0,1,1,1.49318255126,5.08531276016,5.3,3.0,5.0,500.0,5
3.1,0.0,2,400.0,22.0,0,0.0973920822144,0,94.0,1,0,0.0,5.3,5.3,3.0,5.0,500.0,5
3.1,0.0,2,400.0,22.0,0,0.0971999168396,2,94.0,2,14,-4.00547274408,-3.47076188991,5.3,3.0,5.0,500.0,5
3.1,0.0,2,400.0,22.0,2,0.0970799922943,1,94.0,1,11,6.49041367526e-16,-5.3,5.3,3.0,5.0,500.0,5
3.1,0.0,2,400.0,22.0,0,0.097195148468,0,94.0,1,18,-4.82104957538,2.20169956891,5.3,3.0,5.0,500.0,5
3.1,0.0,2,400.0,22.0,0,0.0972011089325,0,94.0,1,6,5.24605364197,-0.754268642848,5.3,3.0,5.0,500.0,5
3.1,0.0,2,400.0,22.0,0,0.0971150398254,0,94.0,1,17,-5.24605364197,0.754268642848,5.3,3.0,5.0,500.0,5
3.1,0.0,1,400.0,22.0,1,0.0971009731293,-2,94.0,2,19,-4.00547274408,3.47076188991,5.3,3.0,5.0,500.0,5
3.1,0.0,1,400.0,22.0,0,0.0970780849457,2,94.0,1,15,-4.82104957538,-2.20169956891,5.3,3.0,5.0,500.0,5
3.1,0.0,2,400.0,22.0,-1,0.097275018692,-1,94.0,1,7,4.82104957538,-2.20169956891,5.3,3.0,5.0,500.0,5
3.1,0.0,1,400.0,22.0,1,0.0972168445587,-1,94.0,1,3,4.00547274408,3.47076188991,5.3,3.0,5.0,500.0,5
3.1,0.0,2,400.0,22.0,1,0.0972650051117,2,94.0,2,13,-2.86539633251,-4.45864372401,5.3,3.0,5.0,500.0,5
3.1,0.0,2,400.0,22.0,1,0.0971078872681,2,94.0,2,6,5.24605364197,-0.754268642848,5.3,3.0,5.0,500.0,5
3.1,0.0,2,400.0,22.0,0,0.0970878601074,0,94.0,1,21,-1.49318255126,5.08531276016,5.3,3.0,5.0,500.0,5
3.1,0.0,2,400.0,22.0,0,0.0972418785095,0,94.0,1,5,5.24605364197,0.754268642848,5.3,3.0,5.0,500.0,5
3.1,0.0,2,400.0,22.0,-2,0.0972518920898,-2,94.0,2,9,2.86539633251,-4.45864372401,5.3,3.0,5.0,500.0,5
3.1,0.0,2,400.0,22.0,0,0.0972030162811,0,94.0,1,5,5.24605364197,0.754268642848,5.3,3.0,5.0,500.0,5
3.1,0.0,2,400.0,22.0,0,0.0970799922943,1,94.0,1,18,-4.82104957538,2.20169956891,5.3,3.0,5.0,500.0,5
3.1,0.0,2,400.0,22.0,-1,0.0970978736877,1,94.0,1,12,-1.49318255126,-5.08531276016,5.3,3.0,5.0,500.0,5
3.1,0.0,2,400.0,22.0,0,0.0971608161926,0,94.0,1,19,-4.00547274408,3.47076188991,5.3,3.0,5.0,500.0,5
3.1,0.0,2,400.0,22.0,0,0.0972590446472,0,94.0,1,0,0.0,5.3,5.3,3.0,5.0,500.0,5
3.1,0.0,1,400.0,22.0,1,0.0971121788025,-1,94.0,1,6,5.24605364197,-0.754268642848,5.3,3.0,5.0,500.0,5
3.1,0.0,2,400.0,22.0,0,0.0971491336823,0,94.0,1,19,-4.00547274408,3.47076188991,5.3,3.0,5.0,500.0,5
3.1,0.0,1,400.0,22.0,-1,0.0971329212189,-2,94.0,1,9,2.86539633251,-4.45864372401,5.3,3.0,5.0,500.0,5
3.1,0.0,2,400.0,22.0,-1,0.0970659255981,-1,94.0,2,8,4.00547274408,-3.47076188991,5.3,3.0,5.0,500.0,5
3.1,0.0,1,400.0,22.0,-2,0.0970709323883,0,94.0,1,13,-2.86539633251,-4.45864372401,5.3,3.0,5.0,500.0,5
3.1,0.0,2,400.0,22.0,-1,0.0972220897675,-1,94.0,1,11,6.49041367526e-16,-5.3,5.3,3.0,5.0,500.0,5
3.1,0.0,2,400.0,22.0,0,0.0969960689545,1,94.0,1,16,-5.24605364197,-0.754268642848,5.3,3.0,5.0,500.0,5
3.1,0.0,1,400.0,22.0,2,0.0970020294189,-1,94.0,2,13,-2.86539633251,-4.45864372401,5.3,3.0,5.0,500.0,5
3.1,0.0,2,400.0,22.0,-1,0.0971121788025,-1,94.0,1,9,2.86539633251,-4.45864372401,5.3,3.0,5.0,500.0,5
3.1,0.0,1,400.0,22.0,-1,0.0970749855042,1,94.0,2,0,0.0,5.3,5.3,3.0,5.0,500.0,5
3.1,0.0,2,400.0,22.0,0,0.0971968173981,0,94.0,1,4,4.82104957538,2.20169956891,5.3,3.0,5.0,500.0,5
3.1,0.0,2,400.0,22.0,0,0.0971069335938,0,94.0,1,3,4.00547274408,3.47076188991,5.3,3.0,5.0,500.0,5
3.1,0.0,1,400.0,22.0,2,0.0972189903259,2,94.0,2,16,-5.24605364197,-0.754268642848,5.3,3.0,5.0,500.0,5
3.1,0.0,2,400.0,22.0,-1,0.0972030162811,-1,94.0,1,11,6.49041367526e-16,-5.3,5.3,3.0,5.0,500.0,5
3.1,0.0,1,400.0,22.0,-2,0.0972979068756,0,94.0,1,6,5.24605364197,-0.754268642848,5.3,3.0,5.0,500.0,5
3.1,0.0,2,400.0,22.0,0,0.0972011089325,0,94.0,1,18,-4.82104957538,2.20169956891,5.3,3.0,5.0,500.0,5
3.1,0.0,1,400.0,22.0,-1,0.0970010757446,0,94.0,2,19,-4.00547274408,3.47076188991,5.3,3.0,5.0,500.0,5
3.1,0.0,2,400.0,22.0,0,0.0970640182495,0,94.0,1,1,1.49318255126,5.08531276016,5.3,3.0,5.0,500.0,5
3.1,0.0,2,400.0,22.0,-1,0.0972630977631,0,94.0,1,8,4.00547274408,-3.47076188991,5.3,3.0,5.0,500.0,5
3.1,0.0,2,400.0,22.0,0,0.0972440242767,0,94.0,1,21,-1.49318255126,5.08531276016,5.3,3.0,5.0,500.0,5
3.1,0.0,2,400.0,22.0,1,0.0970458984375,0,94.0,1,3,4.00547274408,3.47076188991,5.3,3.0,5.0,500.0,5
3.1,0.0,1,400.0,22.0,0,0.0970737934113,1,94.0,1,21,-1.49318255126,5.08531276016,5.3,3.0,5.0,500.0,5
3.1,0.0,2,400.0,22.0,1,0.0971150398254,0,94.0,2,5,5.24605364197,0.754268642848,5.3,3.0,5.0,500.0,5
3.1,0.0,1,400.0,22.0,0,0.0970568656921,-1,94.0,1,6,5.24605364197,-0.754268642848,5.3,3.0,5.0,500.0,5
3.1,0.0,2,400.0,22.0,-2,0.0970711708069,0,94.0,2,6,5.24605364197,-0.754268642848,5.3,3.0,5.0,500.0,5
3.1,0.0,2,400.0,22.0,0,0.0972218513489,0,94.0,1,5,5.24605364197,0.754268642848,5.3,3.0,5.0,500.0,5
3.1,0.0,1,400.0,22.0,0,0.0972230434418,-2,94.0,1,16,-5.24605364197,-0.754268642848,5.3,3.0,5.0,500.0,5
3.1,0.0,2,400.0,22.0,-1,0.0970950126648,-1,94.0,1,10,1.49318255126,-5.08531276016,5.3,3.0,5.0,500.0,5
3.1,0.0,2,400.0,22.0,-1,0.0972399711609,1,94.0,1,19,-4.00547274408,3.47076188991,5.3,3.0,5.0,500.0,5
3.1,0.0,1,400.0,22.0,0,0.0973720550537,2,94.0,2,9,2.86539633251,-4.45864372401,5.3,3.0,5.0,500.0,5
3.1,0.0,1,400.0,22.0,1,0.0971081256866,-2,94.0,2,12,-1.49318255126,-5.08531276016,5.3,3.0,5.0,500.0,5
3.1,0.0,2,400.0,22.0,2,0.0972139835358,1,94.0,2,10,1.49318255126,-5.08531276016,5.3,3.0,5.0,500.0,5
3.1,0.0,2,400.0,22.0,0,0.0972599983215,-1,94.0,1,18,-4.82104957538,2.20169956891,5.3,3.0,5.0,500.0,5
3.1,0.0,1,400.0,22.0,0,0.09716796875,0,94.0,2,4,4.82104957538,2.20169956891,5.3,3.0,5.0,500.0,5
3.1,0.0,2,400.0,22.0,1,0.0972020626068,1,94.0,2,15,-4.82104957538,-2.20169956891,5.3,3.0,5.0,500.0,5
3.1,0.0,2,400.0,22.0,0,0.0972020626068,0,94.0,1,7,4.82104957538,-2.20169956891,5.3,3.0,5.0,500.0,5
3.1,0.0,2,400.0,22.0,-2,0.0972549915314,-2,94.0,1,12,-1.49318255126,-5.08531276016,5.3,3.0,5.0,500.0,5
3.1,0.0,2,400.0,22.0,1,0.0970840454102,2,94.0,2,9,2.86539633251,-4.45864372401,5.3,3.0,5.0,500.0,5
3.1,0.0,2,400.0,22.0,-2,0.0971081256866,1,94.0,1,15,-4.82104957538,-2.20169956891,5.3,3.0,5.0,500.0,5
3.1,0.0,1,400.0,22.0,1,0.0972511768341,1,94.0,2,11,6.49041367526e-16,-5.3,5.3,3.0,5.0,500.0,5
3.1,0.0,1,400.0,22.0,-1,0.097198009491,1,94.0,1,7,4.82104957538,-2.20169956891,5.3,3.0,5.0,500.0,5
3.1,0.0,1,400.0,22.0,1,0.0971019268036,2,94.0,1,14,-4.00547274408,-3.47076188991,5.3,3.0,5.0,500.0,5
3.1,0.0,1,400.0,22.0,0,0.0972089767456,0,94.0,2,4,4.82104957538,2.20169956891,5.3,3.0,5.0,500.0,5
3.1,0.0,1,400.0,22.0,2,0.0972878932953,-1,94.0,1,10,1.49318255126,-5.08531276016,5.3,3.0,5.0,500.0,5
3.1,0.0,1,400.0,22.0,1,0.0970818996429,1,94.0,2,2,2.86539633251,4.45864372401,5.3,3.0,5.0,500.0,5
3.1,0.0,1,400.0,22.0,-1,0.0971210002899,-1,94.0,2,9,2.86539633251,-4.45864372401,5.3,3.0,5.0,500.0,5
3.1,0.0,1,400.0,22.0,0,0.0971221923828,0,94.0,1,12,-1.49318255126,-5.08531276016,5.3,3.0,5.0,500.0,5
3.1,0.0,2,400.0,22.0,0,0.0972089767456,0,94.0,1,5,5.24605364197,0.754268642848,5.3,3.0,5.0,500.0,5
3.1,0.0,2,400.0,22.0,-1,0.0970840454102,-1,94.0,1,8,4.00547274408,-3.47076188991,5.3,3.0,5.0,500.0,5
3.1,0.0,1,400.0,22.0,0,0.097244977951,2,94.0,1,3,4.00547274408,3.47076188991,5.3,3.0,5.0,500.0,5
3.1,0.0,2,400.0,22.0,0,0.0970740318298,0,94.0,1,6,5.24605364197,-0.754268642848,5.3,3.0,5.0,500.0,5
3.1,0.0,2,400.0,22.0,0,0.0972039699554,0,94.0,1,0,0.0,5.3,5.3,3.0,5.0,500.0,5
3.1,0.0,1,400.0,22.0,2,0.0971581935883,-2,94.0,1,16,-5.24605364197,-0.754268642848,5.3,3.0,5.0,500.0,5
3.1,0.0,2,400.0,22.0,0,0.097188949585,2,94.0,1,4,4.82104957538,2.20169956891,5.3,3.0,5.0,500.0,5
3.1,0.0,2,400.0,22.0,0,0.0972549915314,-1,94.0,2,18,-4.82104957538,2.20169956891,5.3,3.0,5.0,500.0,5
3.1,0.0,2,400.0,22.0,0,0.0970838069916,-1,94.0,1,17,-5.24605364197,0.754268642848,5.3,3.0,5.0,500.0,5
3.1,0.0,2,400.0,22.0,-1,0.0971479415894,-2,94.0,1,10,1.49318255126,-5.08531276016,5.3,3.0,5.0,500.0,5
3.1,0.0,1,400.0,22.0,2,0.0971009731293,1,94.0,1,15,-4.82104957538,-2.20169956891,5.3,3.0,5.0,500.0,5
3.1,0.0,1,400.0,22.0,0,0.0971019268036,0,94.0,1,4,4.82104957538,2.20169956891,5.3,3.0,5.0,500.0,5
3.1,0.0,2,400.0,22.0,1,0.0970900058746,1,94.0,1,15,-4.82104957538,-2.20169956891,5.3,3.0,5.0,500.0,5
3.1,0.0,2,400.0,22.0,0,0.0970149040222,1,94.0,2,0,0.0,5.3,5.3,3.0,5.0,500.0,5
3.1,0.0,2,400.0,22.0,0,0.0969858169556,-1,94.0,2,15,-4.82104957538,-2.20169956891,5.3,3.0,5.0,500.0,5
3.1,0.0,2,400.0,22.0,-1,0.0970940589905,-1,94.0,1,10,1.49318255126,-5.08531276016,5.3,3.0,5.0,500.0,5
3.1,0.0,2,400.0,22.0,0,0.0971040725708,-2,94.0,1,6,5.24605364197,-0.754268642848,5.3,3.0,5.0,500.0,5
3.1,0.0,2,400.0,22.0,-2,0.0970640182495,-2,94.0,1,10,1.49318255126,-5.08531276016,5.3,3.0,5.0,500.0,5
3.1,0.0,2,400.0,22.0,0,0.0970439910889,-1,94.0,1,17,-5.24605364197,0.754268642848,5.3,3.0,5.0,500.0,5
3.1,0.0,1,400.0,22.0,2,0.0970702171326,1,94.0,2,21,-1.49318255126,5.08531276016,5.3,3.0,5.0,500.0,5
3.1,0.0,2,400.0,22.0,0,0.0971322059631,0,94.0,1,6,5.24605364197,-0.754268642848,5.3,3.0,5.0,500.0,5
3.1,0.0,1,400.0,22.0,0,0.0971438884735,-1,94.0,2,16,-5.24605364197,-0.754268642848,5.3,3.0,5.0,500.0,5
3.1,0.0,2,400.0,22.0,-2,0.0971369743347,0,94.0,1,20,-2.86539633251,4.45864372401,5.3,3.0,5.0,500.0,5
3.1,0.0,2,400.0,22.0,0,0.097097158432,0,94.0,1,0,0.0,5.3,5.3,3.0,5.0,500.0,5
3.1,0.0,2,400.0,22.0,0,0.0970830917358,-2,94.0,1,16,-5.24605364197,-0.754268642848,5.3,3.0,5.0,500.0,5
3.1,0.0,2,400.0,22.0,0,0.0971210002899,-2,94.0,1,7,4.82104957538,-2.20169956891,5.3,3.0,5.0,500.0,5
3.1,0.0,2,400.0,22.0,2,0.0970342159271,0,94.0,2,21,-1.49318255126,5.08531276016,5.3,3.0,5.0,500.0,5
3.1,0.0,2,400.0,22.0,1,0.0972299575806,0,94.0,2,2,2.86539633251,4.45864372401,5.3,3.0,5.0,500.0,5
3.1,0.0,2,400.0,22.0,0,0.0970370769501,0,94.0,1,16,-5.24605364197,-0.754268642848,5.3,3.0,5.0,500.0,5
3.1,0.0,2,400.0,22.0,0,0.0972170829773,2,94.0,1,0,0.0,5.3,5.3,3.0,5.0,500.0,5
3.1,0.0,2,400.0,22.0,0,0.0972590446472,0,94.0,1,3,4.00547274408,3.47076188991,5.3,3.0,5.0,500.0,5
3.1,0.0,2,400.0,22.0,2,0.0971381664276,-1,94.0,2,8,4.00547274408,-3.47076188991,5.3,3.0,5.0,500.0,5
3.1,0.0,2,400.0,22.0,-1,0.0971069335938,-1,94.0,1,8,4.00547274408,-3.47076188991,5.3,3.0,5.0,500.0,5
3.1,0.0,1,400.0,22.0,0,0.0972580909729,-2,94.0,2,12,-1.49318255126,-5.08531276016,5.3,3.0,5.0,500.0,5
3.1,0.0,2,400.0,22.0,0,0.0971758365631,0,94.0,1,16,-5.24605364197,-0.754268642848,5.3,3.0,5.0,500.0,5
3.1,0.0,1,400.0,22.0,-2,0.0970818996429,2,94.0,1,9,2.86539633251,-4.45864372401,5.3,3.0,5.0,500.0,5
3.1,0.0,2,400.0,22.0,-1,0.0972239971161,1,94.0,2,15,-4.82104957538,-2.20169956891,5.3,3.0,5.0,500.0,5
3.1,0.0,2,400.0,22.0,0,0.0970528125763,0,94.0,1,7,4.82104957538,-2.20169956891,5.3,3.0,5.0,500.0,5
3.1,0.0,2,400.0,22.0,1,0.0970890522003,2,94.0,2,14,-4.00547274408,-3.47076188991,5.3,3.0,5.0,500.0,5
3.1,0.0,2,400.0,22.0,1,0.0970640182495,1,94.0,1,2,2.86539633251,4.45864372401,5.3,3.0,5.0,500.0,5
3.1,0.0,2,400.0,22.0,-1,0.0971319675446,2,94.0,2,20,-2.86539633251,4.45864372401,5.3,3.0,5.0,500.0,5
3.1,0.0,1,400.0,22.0,-2,0.0970799922943,0,94.0,1,17,-5.24605364197,0.754268642848,5.3,3.0,5.0,500.0,5
3.1,0.0,2,400.0,22.0,-1,0.0971281528473,2,94.0,1,8,4.00547274408,-3.47076188991,5.3,3.0,5.0,500.0,5
3.1,0.0,2,400.0,22.0,-2,0.097247838974,1,94.0,1,2,2.86539633251,4.45864372401,5.3,3.0,5.0,500.0,5
3.1,0.0,2,400.0,22.0,1,0.0971150398254,0,94.0,2,15,-4.82104957538,-2.20169956891,5.3,3.0,5.0,500.0,5
3.1,0.0,2,400.0,22.0,0,0.0970818996429,0,94.0,1,8,4.00547274408,-3.47076188991,5.3,3.0,5.0,500.0,5
3.1,0.0,2,400.0,22.0,0,0.0972578525543,1,94.0,1,0,0.0,5.3,5.3,3.0,5.0,500.0,5
3.1,0.0,2,400.0,22.0,0,0.0972130298615,0,94.0,1,1,1.49318255126,5.08531276016,5.3,3.0,5.0,500.0,5
3.1,0.0,2,400.0,22.0,0,0.0970811843872,-1,94.0,1,11,6.49041367526e-16,-5.3,5.3,3.0,5.0,500.0,5
3.1,0.0,2,400.0,22.0,1,0.0972621440887,1,94.0,1,14,-4.00547274408,-3.47076188991,5.3,3.0,5.0,500.0,5
3.1,0.0,1,400.0,22.0,0,0.0970811843872,-1,94.0,2,4,4.82104957538,2.20169956891,5.3,3.0,5.0,500.0,5
3.1,0.0,1,400.0,22.0,1,0.0971958637238,1,94.0,2,18,-4.82104957538,2.20169956891,5.3,3.0,5.0,500.0,5
3.1,0.0,2,400.0,22.0,0,0.0972309112549,0,94.0,1,11,6.49041367526e-16,-5.3,5.3,3.0,5.0,500.0,5
3.1,0.0,2,400.0,22.0,0,0.0972058773041,0,94.0,1,13,-2.86539633251,-4.45864372401,5.3,3.0,5.0,500.0,5
3.1,0.0,2,400.0,22.0,0,0.0970680713654,-1,94.0,1,13,-2.86539633251,-4.45864372401,5.3,3.0,5.0,500.0,5
3.1,0.0,2,400.0,22.0,0,0.0971038341522,-1,94.0,1,10,1.49318255126,-5.08531276016,5.3,3.0,5.0,500.0,5
3.1,0.0,2,400.0,22.0,0,0.0972120761871,-2,94.0,1,6,5.24605364197,-0.754268642848,5.3,3.0,5.0,500.0,5
3.1,0.0,2,400.0,22.0,0,0.0972900390625,0,94.0,1,0,0.0,5.3,5.3,3.0,5.0,500.0,5
3.1,0.0,2,400.0,22.0,0,0.0970799922943,-2,94.0,1,19,-4.00547274408,3.47076188991,5.3,3.0,5.0,500.0,5
3.1,0.0,1,400.0,22.0,1,0.0971109867096,1,94.0,2,18,-4.82104957538,2.20169956891,5.3,3.0,5.0,500.0,5
3.1,0.0,2,400.0,22.0,0,0.0970599651337,0,94.0,1,6,5.24605364197,-0.754268642848,5.3,3.0,5.0,500.0,5
3.1,0.0,2,400.0,22.0,0,0.097060918808,1,94.0,2,1,1.49318255126,5.08531276016,5.3,3.0,5.0,500.0,5
3.1,0.0,2,400.0,22.0,2,0.097324848175,-2,94.0,2,5,5.24605364197,0.754268642848,5.3,3.0,5.0,500.0,5
3.1,0.0,2,400.0,22.0,1,0.0972089767456,1,94.0,1,11,6.49041367526e-16,-5.3,5.3,3.0,5.0,500.0,5
3.1,0.0,2,400.0,22.0,-1,0.0970931053162,-1,94.0,1,12,-1.49318255126,-5.08531276016,5.3,3.0,5.0,500.0,5
3.1,0.0,1,400.0,22.0,0,0.097088098526,2,94.0,2,15,-4.82104957538,-2.20169956891,5.3,3.0,5.0,500.0,5
3.1,0.0,1,400.0,22.0,-1,0.0971350669861,1,94.0,2,17,-5.24605364197,0.754268642848,5.3,3.0,5.0,500.0,5
3.1,0.0,2,400.0,22.0,-1,0.0971930027008,0,94.0,2,8,4.00547274408,-3.47076188991,5.3,3.0,5.0,500.0,5
3.1,0.0,2,400.0,22.0,-1,0.0972151756287,0,94.0,1,12,-1.49318255126,-5.08531276016,5.3,3.0,5.0,500.0,5
3.1,0.0,2,400.0,22.0,1,0.0972380638123,2,94.0,2,5,5.24605364197,0.754268642848,5.3,3.0,5.0,500.0,5
3.1,0.0,1,400.0,22.0,0,0.0970919132233,0,94.0,2,12,-1.49318255126,-5.08531276016,5.3,3.0,5.0,500.0,5
3.1,0.0,2,400.0,22.0,0,0.0971229076385,0,94.0,1,16,-5.24605364197,-0.754268642848,5.3,3.0,5.0,500.0,5
3.1,0.0,2,400.0,22.0,-1,0.0972239971161,0,94.0,2,7,4.82104957538,-2.20169956891,5.3,3.0,5.0,500.0,5
3.1,0.0,2,400.0,22.0,0,0.0973501205444,0,94.0,1,11,6.49041367526e-16,-5.3,5.3,3.0,5.0,500.0,5
3.1,0.0,2,400.0,22.0,0,0.0971109867096,0,94.0,1,13,-2.86539633251,-4.45864372401,5.3,3.0,5.0,500.0,5
3.1,0.0,2,400.0,22.0,-2,0.0971200466156,0,94.0,2,19,-4.00547274408,3.47076188991,5.3,3.0,5.0,500.0,5
3.1,0.0,2,400.0,22.0,-2,0.0971779823303,-2,94.0,1,18,-4.82104957538,2.20169956891,5.3,3.0,5.0,500.0,5
3.1,0.0,2,400.0,22.0,0,0.097088098526,0,94.0,1,1,1.49318255126,5.08531276016,5.3,3.0,5.0,500.0,5
3.1,0.0,2,400.0,22.0,0,0.0970029830933,-1,94.0,2,3,4.00547274408,3.47076188991,5.3,3.0,5.0,500.0,5
3.1,0.0,2,400.0,22.0,0,0.0971260070801,0,94.0,1,1,1.49318255126,5.08531276016,5.3,3.0,5.0,500.0,5
3.1,0.0,1,400.0,22.0,-1,0.0970559120178,1,94.0,2,7,4.82104957538,-2.20169956891,5.3,3.0,5.0,500.0,5
3.1,0.0,2,400.0,22.0,0,0.0972270965576,0,94.0,1,4,4.82104957538,2.20169956891,5.3,3.0,5.0,500.0,5
3.1,0.0,2,400.0,22.0,0,0.0972528457642,0,94.0,1,17,-5.24605364197,0.754268642848,5.3,3.0,5.0,500.0,5
3.1,0.0,2,400.0,22.0,1,0.0971319675446,-2,94.0,1,7,4.82104957538,-2.20169956891,5.3,3.0,5.0,500.0,5
3.1,0.0,2,400.0,22.0,0,0.0972130298615,-1,94.0,1,18,-4.82104957538,2.20169956891,5.3,3.0,5.0,500.0,5
3.1,0.0,2,400.0,22.0,2,0.0972061157227,1,94.0,2,14,-4.00547274408,-3.47076188991,5.3,3.0,5.0,500.0,5
3.1,0.0,2,400.0,22.0,1,0.0972590446472,-2,94.0,2,10,1.49318255126,-5.08531276016,5.3,3.0,5.0,500.0,5
3.1,0.0,2,400.0,22.0,0,0.0972309112549,0,94.0,1,4,4.82104957538,2.20169956891,5.3,3.0,5.0,500.0,5
3.1,0.0,2,400.0,22.0,0,0.0970900058746,-1,94.0,1,2,2.86539633251,4.45864372401,5.3,3.0,5.0,500.0,5
3.1,0.0,2,400.0,22.0,0,0.0973258018494,0,94.0,1,18,-4.82104957538,2.20169956891,5.3,3.0,5.0,500.0,5
3.1,0.0,1,400.0,22.0,-1,0.0971019268036,-1,94.0,2,12,-1.49318255126,-5.08531276016,5.3,3.0,5.0,500.0,5
3.1,0.0,2,400.0,22.0,0,0.0971260070801,0,94.0,1,19,-4.00547274408,3.47076188991,5.3,3.0,5.0,500.0,5
3.1,0.0,2,400.0,22.0,1,0.0971238613129,0,94.0,2,16,-5.24605364197,-0.754268642848,5.3,3.0,5.0,500.0,5
3.1,0.0,2,400.0,22.0,0,0.0970900058746,0,94.0,1,5,5.24605364197,0.754268642848,5.3,3.0,5.0,500.0,5
3.1,0.0,2,400.0,22.0,-1,0.0971219539642,0,94.0,1,6,5.24605364197,-0.754268642848,5.3,3.0,5.0,500.0,5
3.1,0.0,2,400.0,22.0,-1,0.0971331596375,-1,94.0,1,9,2.86539633251,-4.45864372401,5.3,3.0,5.0,500.0,5
3.1,0.0,2,400.0,22.0,-1,0.0971021652222,0,94.0,1,5,5.24605364197,0.754268642848,5.3,3.0,5.0,500.0,5
3.1,0.0,1,400.0,22.0,2,0.0970690250397,2,94.0,2,19,-4.00547274408,3.47076188991,5.3,3.0,5.0,500.0,5
3.1,0.0,1,400.0,22.0,1,0.097060918808,0,94.0,2,20,-2.86539633251,4.45864372401,5.3,3.0,5.0,500.0,5
3.1,0.0,1,400.0,22.0,-1,0.0970780849457,0,94.0,2,13,-2.86539633251,-4.45864372401,5.3,3.0,5.0,500.0,5
3.1,0.0,2,400.0,22.0,-2,0.0971531867981,-1,94.0,1,12,-1.49318255126,-5.08531276016,5.3,3.0,5.0,500.0,5
3.1,0.0,2,400.0,22.0,0,0.0972199440002,1,94.0,1,3,4.00547274408,3.47076188991,5.3,3.0,5.0,500.0,5
3.1,0.0,2,400.0,22.0,0,0.09707903862,0,94.0,1,4,4.82104957538,2.20169956891,5.3,3.0,5.0,500.0,5
