cue-length,ms-precue,resp-v-hv,ms-st-cue,nitems,resp-h-pos,actualStimOn,resp-v-pos,ms-stimon,resp-h-hv,cue-loc-int,cue-loc-x,cue-loc-y,radius,bars-or-spot,npractice,ntrials,offsett
3.1,0.0,1,400.0,22.0,1,0.0972330570221,1,94.0,1,9,2.86539633251,-4.45864372401,5.3,3.0,5.0,500.0,3.75
3.1,0.0,1,400.0,22.0,-1,0.0970809459686,1,94.0,2,17,-5.24605364197,0.754268642848,5.3,3.0,5.0,500.0,3.75
3.1,0.0,2,400.0,22.0,1,0.0970640182495,-1,94.0,1,13,-2.86539633251,-4.45864372401,5.3,3.0,5.0,500.0,3.75
3.1,0.0,2,400.0,22.0,-2,0.0972290039062,-2,94.0,2,18,-4.82104957538,2.20169956891,5.3,3.0,5.0,500.0,3.75
3.1,0.0,2,400.0,22.0,-1,0.0971319675446,0,94.0,2,16,-5.24605364197,-0.754268642848,5.3,3.0,5.0,500.0,3.75
3.1,0.0,1,400.0,22.0,0,0.0972430706024,0,94.0,1,7,4.82104957538,-2.20169956891,5.3,3.0,5.0,500.0,3.75
3.1,0.0,2,400.0,22.0,-1,0.0970940589905,0,94.0,1,17,-5.24605364197,0.754268642848,5.3,3.0,5.0,500.0,3.75
3.1,0.0,2,400.0,22.0,-2,0.0971109867096,-2,94.0,2,1,1.49318255126,5.08531276016,5.3,3.0,5.0,500.0,3.75
3.1,0.0,1,400.0,22.0,0,0.0975320339203,0,94.0,1,18,-4.82104957538,2.20169956891,5.3,3.0,5.0,500.0,3.75
3.1,0.0,1,400.0,22.0,1,0.0971298217773,1,94.0,1,8,4.00547274408,-3.47076188991,5.3,3.0,5.0,500.0,3.75
3.1,0.0,2,400.0,22.0,0,0.0970811843872,2,94.0,1,19,-4.00547274408,3.47076188991,5.3,3.0,5.0,500.0,3.75
3.1,0.0,2,400.0,22.0,2,0.0972259044647,-2,94.0,2,13,-2.86539633251,-4.45864372401,5.3,3.0,5.0,500.0,3.75
3.1,0.0,1,400.0,22.0,0,0.0972299575806,0,94.0,1,13,-2.86539633251,-4.45864372401,5.3,3.0,5.0,500.0,3.75
3.1,0.0,2,400.0,22.0,-1,0.0971519947052,-1,94.0,2,19,-4.00547274408,3.47076188991,5.3,3.0,5.0,500.0,3.75
3.1,0.0,2,400.0,22.0,0,0.0971019268036,0,94.0,2,6,5.24605364197,-0.754268642848,5.3,3.0,5.0,500.0,3.75
3.1,0.0,1,400.0,22.0,-1,0.0972440242767,2,94.0,1,10,1.49318255126,-5.08531276016,5.3,3.0,5.0,500.0,3.75
3.1,0.0,1,400.0,22.0,0,0.097109079361,1,94.0,1,6,5.24605364197,-0.754268642848,5.3,3.0,5.0,500.0,3.75
3.1,0.0,2,400.0,22.0,-1,0.0971350669861,2,94.0,1,19,-4.00547274408,3.47076188991,5.3,3.0,5.0,500.0,3.75
3.1,0.0,1,400.0,22.0,1,0.0972969532013,1,94.0,1,3,4.00547274408,3.47076188991,5.3,3.0,5.0,500.0,3.75
3.1,0.0,1,400.0,22.0,0,0.0972118377686,-2,94.0,1,14,-4.00547274408,-3.47076188991,5.3,3.0,5.0,500.0,3.75
3.1,0.0,1,400.0,22.0,-1,0.0972299575806,-1,94.0,2,20,-2.86539633251,4.45864372401,5.3,3.0,5.0,500.0,3.75
3.1,0.0,1,400.0,22.0,1,0.0972881317139,2,94.0,1,4,4.82104957538,2.20169956891,5.3,3.0,5.0,500.0,3.75
3.1,0.0,2,400.0,22.0,0,0.0972309112549,0,94.0,1,16,-5.24605364197,-0.754268642848,5.3,3.0,5.0,500.0,3.75
3.1,0.0,1,400.0,22.0,1,0.0972239971161,-1,94.0,1,10,1.49318255126,-5.08531276016,5.3,3.0,5.0,500.0,3.75
3.1,0.0,1,400.0,22.0,0,0.0971031188965,0,94.0,1,14,-4.00547274408,-3.47076188991,5.3,3.0,5.0,500.0,3.75
3.1,0.0,2,400.0,22.0,0,0.0971329212189,0,94.0,1,9,2.86539633251,-4.45864372401,5.3,3.0,5.0,500.0,3.75
3.1,0.0,1,400.0,22.0,1,0.0972290039062,2,94.0,1,9,2.86539633251,-4.45864372401,5.3,3.0,5.0,500.0,3.75
3.1,0.0,1,400.0,22.0,2,0.0970778465271,1,94.0,2,1,1.49318255126,5.08531276016,5.3,3.0,5.0,500.0,3.75
3.1,0.0,1,400.0,22.0,-2,0.0970959663391,0,94.0,1,5,5.24605364197,0.754268642848,5.3,3.0,5.0,500.0,3.75
3.1,0.0,1,400.0,22.0,0,0.0972769260406,-2,94.0,1,4,4.82104957538,2.20169956891,5.3,3.0,5.0,500.0,3.75
3.1,0.0,2,400.0,22.0,1,0.0972139835358,2,94.0,1,20,-2.86539633251,4.45864372401,5.3,3.0,5.0,500.0,3.75
3.1,0.0,2,400.0,22.0,-1,0.0972728729248,-2,94.0,2,0,0.0,5.3,5.3,3.0,5.0,500.0,3.75
3.1,0.0,1,400.0,22.0,0,0.0972900390625,-1,94.0,1,9,2.86539633251,-4.45864372401,5.3,3.0,5.0,500.0,3.75
3.1,0.0,2,400.0,22.0,0,0.0972027778625,-1,94.0,1,0,0.0,5.3,5.3,3.0,5.0,500.0,3.75
3.1,0.0,2,400.0,22.0,0,0.0971138477325,-1,94.0,1,21,-1.49318255126,5.08531276016,5.3,3.0,5.0,500.0,3.75
3.1,0.0,2,400.0,22.0,0,0.0971179008484,2,94.0,1,4,4.82104957538,2.20169956891,5.3,3.0,5.0,500.0,3.75
3.1,0.0,1,400.0,22.0,1,0.0970830917358,1,94.0,1,21,-1.49318255126,5.08531276016,5.3,3.0,5.0,500.0,3.75
3.1,0.0,1,400.0,22.0,-1,0.0970988273621,2,94.0,2,10,1.49318255126,-5.08531276016,5.3,3.0,5.0,500.0,3.75
3.1,0.0,2,400.0,22.0,0,0.0971419811249,2,94.0,1,11,6.49041367526e-16,-5.3,5.3,3.0,5.0,500.0,3.75
3.1,0.0,1,400.0,22.0,2,0.097284078598,0,94.0,2,2,2.86539633251,4.45864372401,5.3,3.0,5.0,500.0,3.75
3.1,0.0,1,400.0,22.0,1,0.0971150398254,2,94.0,1,8,4.00547274408,-3.47076188991,5.3,3.0,5.0,500.0,3.75
3.1,0.0,2,400.0,22.0,1,0.0973222255707,-1,94.0,1,8,4.00547274408,-3.47076188991,5.3,3.0,5.0,500.0,3.75
3.1,0.0,2,400.0,22.0,0,0.0970931053162,0,94.0,1,5,5.24605364197,0.754268642848,5.3,3.0,5.0,500.0,3.75
3.1,0.0,1,400.0,22.0,0,0.0972149372101,0,94.0,1,19,-4.00547274408,3.47076188991,5.3,3.0,5.0,500.0,3.75
3.1,0.0,1,400.0,22.0,0,0.0972828865051,-1,94.0,1,18,-4.82104957538,2.20169956891,5.3,3.0,5.0,500.0,3.75
3.1,0.0,2,400.0,22.0,1,0.0972769260406,1,94.0,2,19,-4.00547274408,3.47076188991,5.3,3.0,5.0,500.0,3.75
3.1,0.0,2,400.0,22.0,0,0.0972378253937,0,94.0,1,4,4.82104957538,2.20169956891,5.3,3.0,5.0,500.0,3.75
3.1,0.0,1,400.0,22.0,0,0.097295999527,0,94.0,1,17,-5.24605364197,0.754268642848,5.3,3.0,5.0,500.0,3.75
3.1,0.0,1,400.0,22.0,1,0.0971508026123,2,94.0,2,12,-1.49318255126,-5.08531276016,5.3,3.0,5.0,500.0,3.75
3.1,0.0,2,400.0,22.0,0,0.0972630977631,-1,94.0,2,20,-2.86539633251,4.45864372401,5.3,3.0,5.0,500.0,3.75
3.1,0.0,2,400.0,22.0,0,0.0972418785095,0,94.0,2,17,-5.24605364197,0.754268642848,5.3,3.0,5.0,500.0,3.75
3.1,0.0,2,400.0,22.0,0,0.0973069667816,0,94.0,1,7,4.82104957538,-2.20169956891,5.3,3.0,5.0,500.0,3.75
3.1,0.0,2,400.0,22.0,0,0.0970778465271,0,94.0,1,6,5.24605364197,-0.754268642848,5.3,3.0,5.0,500.0,3.75
3.1,0.0,1,400.0,22.0,0,0.0972321033478,0,94.0,1,6,5.24605364197,-0.754268642848,5.3,3.0,5.0,500.0,3.75
3.1,0.0,1,400.0,22.0,2,0.097216129303,0,94.0,1,20,-2.86539633251,4.45864372401,5.3,3.0,5.0,500.0,3.75
3.1,0.0,1,400.0,22.0,0,0.0970931053162,0,94.0,1,14,-4.00547274408,-3.47076188991,5.3,3.0,5.0,500.0,3.75
3.1,0.0,1,400.0,22.0,-2,0.0971040725708,-2,94.0,1,12,-1.49318255126,-5.08531276016,5.3,3.0,5.0,500.0,3.75
3.1,0.0,1,400.0,22.0,2,0.0971069335938,-2,94.0,2,9,2.86539633251,-4.45864372401,5.3,3.0,5.0,500.0,3.75
3.1,0.0,1,400.0,22.0,0,0.0971109867096,0,94.0,1,11,6.49041367526e-16,-5.3,5.3,3.0,5.0,500.0,3.75
3.1,0.0,1,400.0,22.0,0,0.0972299575806,1,94.0,1,14,-4.00547274408,-3.47076188991,5.3,3.0,5.0,500.0,3.75
3.1,0.0,2,400.0,22.0,0,0.0972640514374,0,94.0,1,16,-5.24605364197,-0.754268642848,5.3,3.0,5.0,500.0,3.75
3.1,0.0,1,400.0,22.0,0,0.0971801280975,0,94.0,1,9,2.86539633251,-4.45864372401,5.3,3.0,5.0,500.0,3.75
3.1,0.0,2,400.0,22.0,2,0.0970849990845,-1,94.0,2,4,4.82104957538,2.20169956891,5.3,3.0,5.0,500.0,3.75
3.1,0.0,1,400.0,22.0,-2,0.0971360206604,1,94.0,1,4,4.82104957538,2.20169956891,5.3,3.0,5.0,500.0,3.75
3.1,0.0,1,400.0,22.0,0,0.0972158908844,0,94.0,2,16,-5.24605364197,-0.754268642848,5.3,3.0,5.0,500.0,3.75
3.1,0.0,2,400.0,22.0,0,0.0972709655762,0,94.0,1,18,-4.82104957538,2.20169956891,5.3,3.0,5.0,500.0,3.75
3.1,0.0,1,400.0,22.0,2,0.0972170829773,-2,94.0,1,12,-1.49318255126,-5.08531276016,5.3,3.0,5.0,500.0,3.75
3.1,0.0,1,400.0,22.0,0,0.0971629619598,2,94.0,1,19,-4.00547274408,3.47076188991,5.3,3.0,5.0,500.0,3.75
3.1,0.0,2,400.0,22.0,0,0.0970938205719,-2,94.0,1,19,-4.00547274408,3.47076188991,5.3,3.0,5.0,500.0,3.75
3.1,0.0,1,400.0,22.0,-2,0.097146987915,2,94.0,2,9,2.86539633251,-4.45864372401,5.3,3.0,5.0,500.0,3.75
3.1,0.0,1,400.0,22.0,2,0.0973839759827,2,94.0,2,16,-5.24605364197,-0.754268642848,5.3,3.0,5.0,500.0,3.75
3.1,0.0,1,400.0,22.0,0,0.0972459316254,0,94.0,1,6,5.24605364197,-0.754268642848,5.3,3.0,5.0,500.0,3.75
3.1,0.0,1,400.0,22.0,0,0.0972321033478,0,94.0,1,10,1.49318255126,-5.08531276016,5.3,3.0,5.0,500.0,3.75
3.1,0.0,2,400.0,22.0,1,0.0972230434418,1,94.0,2,1,1.49318255126,5.08531276016,5.3,3.0,5.0,500.0,3.75
3.1,0.0,1,400.0,22.0,-1,0.0973799228668,-1,94.0,1,7,4.82104957538,-2.20169956891,5.3,3.0,5.0,500.0,3.75
3.1,0.0,1,400.0,22.0,0,0.0970680713654,0,94.0,1,3,4.00547274408,3.47076188991,5.3,3.0,5.0,500.0,3.75
3.1,0.0,1,400.0,22.0,0,0.0971069335938,0,94.0,1,14,-4.00547274408,-3.47076188991,5.3,3.0,5.0,500.0,3.75
3.1,0.0,2,400.0,22.0,0,0.0970859527588,2,94.0,1,0,0.0,5.3,5.3,3.0,5.0,500.0,3.75
3.1,0.0,2,400.0,22.0,0,0.0970931053162,-1,94.0,2,16,-5.24605364197,-0.754268642848,5.3,3.0,5.0,500.0,3.75
3.1,0.0,1,400.0,22.0,0,0.0971040725708,2,94.0,1,2,2.86539633251,4.45864372401,5.3,3.0,5.0,500.0,3.75
3.1,0.0,1,400.0,22.0,0,0.097265958786,0,94.0,2,2,2.86539633251,4.45864372401,5.3,3.0,5.0,500.0,3.75
3.1,0.0,1,400.0,22.0,1,0.0972549915314,0,94.0,2,9,2.86539633251,-4.45864372401,5.3,3.0,5.0,500.0,3.75
3.1,0.0,1,400.0,22.0,0,0.0972788333893,-1,94.0,1,7,4.82104957538,-2.20169956891,5.3,3.0,5.0,500.0,3.75
3.1,0.0,2,400.0,22.0,0,0.0972330570221,0,94.0,2,3,4.00547274408,3.47076188991,5.3,3.0,5.0,500.0,3.75
3.1,0.0,2,400.0,22.0,1,0.0970990657806,1,94.0,2,6,5.24605364197,-0.754268642848,5.3,3.0,5.0,500.0,3.75
3.1,0.0,1,400.0,22.0,-1,0.0970978736877,0,94.0,1,17,-5.24605364197,0.754268642848,5.3,3.0,5.0,500.0,3.75
3.1,0.0,1,400.0,22.0,1,0.0971438884735,0,94.0,1,15,-4.82104957538,-2.20169956891,5.3,3.0,5.0,500.0,3.75
3.1,0.0,1,400.0,22.0,0,0.0972700119019,0,94.0,1,3,4.00547274408,3.47076188991,5.3,3.0,5.0,500.0,3.75
3.1,0.0,2,400.0,22.0,-1,0.0972371101379,-1,94.0,2,1,1.49318255126,5.08531276016,5.3,3.0,5.0,500.0,3.75
3.1,0.0,1,400.0,22.0,2,0.0972280502319,1,94.0,2,16,-5.24605364197,-0.754268642848,5.3,3.0,5.0,500.0,3.75
3.1,0.0,1,400.0,22.0,0,0.0972409248352,0,94.0,1,7,4.82104957538,-2.20169956891,5.3,3.0,5.0,500.0,3.75
3.1,0.0,2,400.0,22.0,0,0.0972158908844,0,94.0,2,1,1.49318255126,5.08531276016,5.3,3.0,5.0,500.0,3.75
3.1,0.0,1,400.0,22.0,-1,0.0971689224243,0,94.0,1,4,4.82104957538,2.20169956891,5.3,3.0,5.0,500.0,3.75
3.1,0.0,2,400.0,22.0,-1,0.0972738265991,-1,94.0,2,4,4.82104957538,2.20169956891,5.3,3.0,5.0,500.0,3.75
3.1,0.0,1,400.0,22.0,0,0.0972650051117,-1,94.0,1,3,4.00547274408,3.47076188991,5.3,3.0,5.0,500.0,3.75
3.1,0.0,2,400.0,22.0,0,0.09725689888,0,94.0,1,6,5.24605364197,-0.754268642848,5.3,3.0,5.0,500.0,3.75
3.1,0.0,1,400.0,22.0,0,0.0972731113434,2,94.0,1,2,2.86539633251,4.45864372401,5.3,3.0,5.0,500.0,3.75
3.1,0.0,2,400.0,22.0,-1,0.0971598625183,-1,94.0,1,15,-4.82104957538,-2.20169956891,5.3,3.0,5.0,500.0,3.75
3.1,0.0,2,400.0,22.0,0,0.0975790023804,0,94.0,2,9,2.86539633251,-4.45864372401,5.3,3.0,5.0,500.0,3.75
3.1,0.0,2,400.0,22.0,0,0.0971179008484,0,94.0,2,11,6.49041367526e-16,-5.3,5.3,3.0,5.0,500.0,3.75
3.1,0.0,2,400.0,22.0,0,0.0971240997314,-1,94.0,1,17,-5.24605364197,0.754268642848,5.3,3.0,5.0,500.0,3.75
3.1,0.0,2,400.0,22.0,2,0.0973448753357,0,94.0,2,19,-4.00547274408,3.47076188991,5.3,3.0,5.0,500.0,3.75
3.1,0.0,2,400.0,22.0,0,0.0972380638123,-2,94.0,1,17,-5.24605364197,0.754268642848,5.3,3.0,5.0,500.0,3.75
3.1,0.0,1,400.0,22.0,0,0.0970809459686,0,94.0,2,17,-5.24605364197,0.754268642848,5.3,3.0,5.0,500.0,3.75
3.1,0.0,2,400.0,22.0,-1,0.0970990657806,-1,94.0,2,12,-1.49318255126,-5.08531276016,5.3,3.0,5.0,500.0,3.75
3.1,0.0,1,400.0,22.0,0,0.0970709323883,-2,94.0,1,3,4.00547274408,3.47076188991,5.3,3.0,5.0,500.0,3.75
3.1,0.0,2,400.0,22.0,1,0.0970931053162,1,94.0,2,5,5.24605364197,0.754268642848,5.3,3.0,5.0,500.0,3.75
3.1,0.0,1,400.0,22.0,0,0.0970859527588,2,94.0,2,21,-1.49318255126,5.08531276016,5.3,3.0,5.0,500.0,3.75
3.1,0.0,1,400.0,22.0,-1,0.0972139835358,-1,94.0,1,13,-2.86539633251,-4.45864372401,5.3,3.0,5.0,500.0,3.75
3.1,0.0,2,400.0,22.0,1,0.0972721576691,-1,94.0,1,16,-5.24605364197,-0.754268642848,5.3,3.0,5.0,500.0,3.75
3.1,0.0,1,400.0,22.0,0,0.0970818996429,-2,94.0,1,16,-5.24605364197,-0.754268642848,5.3,3.0,5.0,500.0,3.75
3.1,0.0,1,400.0,22.0,1,0.0972270965576,1,94.0,1,13,-2.86539633251,-4.45864372401,5.3,3.0,5.0,500.0,3.75
3.1,0.0,2,400.0,22.0,1,0.0973098278046,2,94.0,1,15,-4.82104957538,-2.20169956891,5.3,3.0,5.0,500.0,3.75
3.1,0.0,1,400.0,22.0,0,0.0970888137817,-1,94.0,1,11,6.49041367526e-16,-5.3,5.3,3.0,5.0,500.0,3.75
3.1,0.0,1,400.0,22.0,1,0.0971131324768,1,94.0,1,15,-4.82104957538,-2.20169956891,5.3,3.0,5.0,500.0,3.75
3.1,0.0,1,400.0,22.0,1,0.0971088409424,1,94.0,1,21,-1.49318255126,5.08531276016,5.3,3.0,5.0,500.0,3.75
3.1,0.0,2,400.0,22.0,1,0.0971138477325,1,94.0,1,14,-4.00547274408,-3.47076188991,5.3,3.0,5.0,500.0,3.75
3.1,0.0,2,400.0,22.0,1,0.0971078872681,-1,94.0,1,20,-2.86539633251,4.45864372401,5.3,3.0,5.0,500.0,3.75
3.1,0.0,2,400.0,22.0,0,0.0970680713654,0,94.0,1,7,4.82104957538,-2.20169956891,5.3,3.0,5.0,500.0,3.75
3.1,0.0,1,400.0,22.0,0,0.0970721244812,0,94.0,1,8,4.00547274408,-3.47076188991,5.3,3.0,5.0,500.0,3.75
3.1,0.0,1,400.0,22.0,-1,0.0970978736877,-1,94.0,1,2,2.86539633251,4.45864372401,5.3,3.0,5.0,500.0,3.75
3.1,0.0,1,400.0,22.0,-1,0.097090959549,2,94.0,1,15,-4.82104957538,-2.20169956891,5.3,3.0,5.0,500.0,3.75
3.1,0.0,1,400.0,22.0,1,0.0972211360931,1,94.0,1,9,2.86539633251,-4.45864372401,5.3,3.0,5.0,500.0,3.75
3.1,0.0,2,400.0,22.0,1,0.0972328186035,0,94.0,2,8,4.00547274408,-3.47076188991,5.3,3.0,5.0,500.0,3.75
3.1,0.0,2,400.0,22.0,0,0.0972509384155,0,94.0,2,1,1.49318255126,5.08531276016,5.3,3.0,5.0,500.0,3.75
3.1,0.0,2,400.0,22.0,0,0.0972771644592,-2,94.0,1,7,4.82104957538,-2.20169956891,5.3,3.0,5.0,500.0,3.75
3.1,0.0,1,400.0,22.0,0,0.0972361564636,-1,94.0,2,20,-2.86539633251,4.45864372401,5.3,3.0,5.0,500.0,3.75
3.1,0.0,2,400.0,22.0,-1,0.0972661972046,-1,94.0,1,19,-4.00547274408,3.47076188991,5.3,3.0,5.0,500.0,3.75
3.1,0.0,1,400.0,22.0,0,0.0971269607544,2,94.0,1,10,1.49318255126,-5.08531276016,5.3,3.0,5.0,500.0,3.75
3.1,0.0,2,400.0,22.0,0,0.0971570014954,0,94.0,1,4,4.82104957538,2.20169956891,5.3,3.0,5.0,500.0,3.75
3.1,0.0,2,400.0,22.0,-1,0.0972180366516,0,94.0,1,0,0.0,5.3,5.3,3.0,5.0,500.0,3.75
3.1,0.0,2,400.0,22.0,0,0.0972149372101,2,94.0,2,16,-5.24605364197,-0.754268642848,5.3,3.0,5.0,500.0,3.75
3.1,0.0,1,400.0,22.0,-1,0.0970759391785,-1,94.0,2,9,2.86539633251,-4.45864372401,5.3,3.0,5.0,500.0,3.75
3.1,0.0,1,400.0,22.0,0,0.0972719192505,-2,94.0,1,11,6.49041367526e-16,-5.3,5.3,3.0,5.0,500.0,3.75
3.1,0.0,1,400.0,22.0,1,0.0972669124603,-2,94.0,2,5,5.24605364197,0.754268642848,5.3,3.0,5.0,500.0,3.75
3.1,0.0,1,400.0,22.0,2,0.0972790718079,-1,94.0,2,19,-4.00547274408,3.47076188991,5.3,3.0,5.0,500.0,3.75
3.1,0.0,1,400.0,22.0,0,0.0972192287445,2,94.0,1,7,4.82104957538,-2.20169956891,5.3,3.0,5.0,500.0,3.75
3.1,0.0,1,400.0,22.0,1,0.0972180366516,1,94.0,1,21,-1.49318255126,5.08531276016,5.3,3.0,5.0,500.0,3.75
3.1,0.0,2,400.0,22.0,0,0.0972211360931,-2,94.0,1,4,4.82104957538,2.20169956891,5.3,3.0,5.0,500.0,3.75
3.1,0.0,1,400.0,22.0,1,0.0973031520844,1,94.0,1,19,-4.00547274408,3.47076188991,5.3,3.0,5.0,500.0,3.75
3.1,0.0,1,400.0,22.0,0,0.0972330570221,-1,94.0,2,13,-2.86539633251,-4.45864372401,5.3,3.0,5.0,500.0,3.75
3.1,0.0,1,400.0,22.0,0,0.0972669124603,0,94.0,2,5,5.24605364197,0.754268642848,5.3,3.0,5.0,500.0,3.75
3.1,0.0,1,400.0,22.0,0,0.0972211360931,0,94.0,2,13,-2.86539633251,-4.45864372401,5.3,3.0,5.0,500.0,3.75
3.1,0.0,2,400.0,22.0,0,0.0972771644592,0,94.0,1,17,-5.24605364197,0.754268642848,5.3,3.0,5.0,500.0,3.75
3.1,0.0,2,400.0,22.0,0,0.097503900528,-2,94.0,1,5,5.24605364197,0.754268642848,5.3,3.0,5.0,500.0,3.75
3.1,0.0,1,400.0,22.0,1,0.0972809791565,-1,94.0,1,16,-5.24605364197,-0.754268642848,5.3,3.0,5.0,500.0,3.75
3.1,0.0,2,400.0,22.0,0,0.0972709655762,0,94.0,1,6,5.24605364197,-0.754268642848,5.3,3.0,5.0,500.0,3.75
3.1,0.0,1,400.0,22.0,0,0.0972509384155,-1,94.0,1,10,1.49318255126,-5.08531276016,5.3,3.0,5.0,500.0,3.75
3.1,0.0,2,400.0,22.0,0,0.0972418785095,-1,94.0,2,21,-1.49318255126,5.08531276016,5.3,3.0,5.0,500.0,3.75
3.1,0.0,1,400.0,22.0,2,0.0972309112549,2,94.0,1,12,-1.49318255126,-5.08531276016,5.3,3.0,5.0,500.0,3.75
3.1,0.0,1,400.0,22.0,-2,0.0971670150757,-2,94.0,2,11,6.49041367526e-16,-5.3,5.3,3.0,5.0,500.0,3.75
3.1,0.0,2,400.0,22.0,0,0.097226858139,1,94.0,1,16,-5.24605364197,-0.754268642848,5.3,3.0,5.0,500.0,3.75
3.1,0.0,2,400.0,22.0,2,0.0972418785095,2,94.0,2,12,-1.49318255126,-5.08531276016,5.3,3.0,5.0,500.0,3.75
3.1,0.0,2,400.0,22.0,1,0.0971019268036,-1,94.0,2,4,4.82104957538,2.20169956891,5.3,3.0,5.0,500.0,3.75
3.1,0.0,1,400.0,22.0,-1,0.0971179008484,0,94.0,1,18,-4.82104957538,2.20169956891,5.3,3.0,5.0,500.0,3.75
3.1,0.0,1,400.0,22.0,2,0.0972270965576,0,94.0,1,16,-5.24605364197,-0.754268642848,5.3,3.0,5.0,500.0,3.75
3.1,0.0,1,400.0,22.0,0,0.0971300601959,1,94.0,1,6,5.24605364197,-0.754268642848,5.3,3.0,5.0,500.0,3.75
3.1,0.0,2,400.0,22.0,2,0.0972330570221,1,94.0,1,5,5.24605364197,0.754268642848,5.3,3.0,5.0,500.0,3.75
3.1,0.0,1,400.0,22.0,0,0.0971400737762,-2,94.0,1,7,4.82104957538,-2.20169956891,5.3,3.0,5.0,500.0,3.75
3.1,0.0,1,400.0,22.0,0,0.097226858139,2,94.0,1,9,2.86539633251,-4.45864372401,5.3,3.0,5.0,500.0,3.75
3.1,0.0,1,400.0,22.0,2,0.0971341133118,-2,94.0,2,14,-4.00547274408,-3.47076188991,5.3,3.0,5.0,500.0,3.75
3.1,0.0,1,400.0,22.0,1,0.0972259044647,1,94.0,2,8,4.00547274408,-3.47076188991,5.3,3.0,5.0,500.0,3.75
3.1,0.0,1,400.0,22.0,1,0.0973031520844,1,94.0,2,4,4.82104957538,2.20169956891,5.3,3.0,5.0,500.0,3.75
3.1,0.0,1,400.0,22.0,0,0.0972628593445,1,94.0,2,10,1.49318255126,-5.08531276016,5.3,3.0,5.0,500.0,3.75
3.1,0.0,1,400.0,22.0,2,0.0972759723663,0,94.0,1,14,-4.00547274408,-3.47076188991,5.3,3.0,5.0,500.0,3.75
3.1,0.0,1,400.0,22.0,2,0.097088098526,0,94.0,1,21,-1.49318255126,5.08531276016,5.3,3.0,5.0,500.0,3.75
3.1,0.0,2,400.0,22.0,0,0.0972352027893,0,94.0,1,20,-2.86539633251,4.45864372401,5.3,3.0,5.0,500.0,3.75
3.1,0.0,1,400.0,22.0,1,0.0972249507904,2,94.0,1,3,4.00547274408,3.47076188991,5.3,3.0,5.0,500.0,3.75
3.1,0.0,1,400.0,22.0,2,0.0972218513489,0,94.0,2,1,1.49318255126,5.08531276016,5.3,3.0,5.0,500.0,3.75
3.1,0.0,2,400.0,22.0,0,0.0972681045532,0,94.0,2,19,-4.00547274408,3.47076188991,5.3,3.0,5.0,500.0,3.75
3.1,0.0,2,400.0,22.0,0,0.0972208976746,0,94.0,2,4,4.82104957538,2.20169956891,5.3,3.0,5.0,500.0,3.75
3.1,0.0,2,400.0,22.0,0,0.0972859859467,0,94.0,1,16,-5.24605364197,-0.754268642848,5.3,3.0,5.0,500.0,3.75
3.1,0.0,1,400.0,22.0,0,0.0972650051117,2,94.0,1,11,6.49041367526e-16,-5.3,5.3,3.0,5.0,500.0,3.75
3.1,0.0,1,400.0,22.0,-2,0.0972208976746,-2,94.0,2,19,-4.00547274408,3.47076188991,5.3,3.0,5.0,500.0,3.75
3.1,0.0,1,400.0,22.0,0,0.0971140861511,1,94.0,2,16,-5.24605364197,-0.754268642848,5.3,3.0,5.0,500.0,3.75
3.1,0.0,1,400.0,22.0,0,0.0973019599915,0,94.0,1,8,4.00547274408,-3.47076188991,5.3,3.0,5.0,500.0,3.75
3.1,0.0,1,400.0,22.0,-1,0.0972321033478,2,94.0,1,2,2.86539633251,4.45864372401,5.3,3.0,5.0,500.0,3.75
3.1,0.0,1,400.0,22.0,1,0.097265958786,0,94.0,2,18,-4.82104957538,2.20169956891,5.3,3.0,5.0,500.0,3.75
3.1,0.0,2,400.0,22.0,0,0.0972681045532,-2,94.0,2,14,-4.00547274408,-3.47076188991,5.3,3.0,5.0,500.0,3.75
3.1,0.0,1,400.0,22.0,-1,0.0972740650177,-1,94.0,1,12,-1.49318255126,-5.08531276016,5.3,3.0,5.0,500.0,3.75
3.1,0.0,1,400.0,22.0,0,0.0972530841827,-1,94.0,1,1,1.49318255126,5.08531276016,5.3,3.0,5.0,500.0,3.75
3.1,0.0,1,400.0,22.0,2,0.0970759391785,-1,94.0,2,0,0.0,5.3,5.3,3.0,5.0,500.0,3.75
3.1,0.0,2,400.0,22.0,1,0.0970849990845,1,94.0,2,9,2.86539633251,-4.45864372401,5.3,3.0,5.0,500.0,3.75
3.1,0.0,2,400.0,22.0,-2,0.0972361564636,-2,94.0,2,15,-4.82104957538,-2.20169956891,5.3,3.0,5.0,500.0,3.75
3.1,0.0,2,400.0,22.0,1,0.0972490310669,1,94.0,1,4,4.82104957538,2.20169956891,5.3,3.0,5.0,500.0,3.75
3.1,0.0,1,400.0,22.0,1,0.0971081256866,0,94.0,2,12,-1.49318255126,-5.08531276016,5.3,3.0,5.0,500.0,3.75
3.1,0.0,2,400.0,22.0,1,0.0972199440002,0,94.0,2,6,5.24605364197,-0.754268642848,5.3,3.0,5.0,500.0,3.75
3.1,0.0,2,400.0,22.0,1,0.0971298217773,-1,94.0,2,0,0.0,5.3,5.3,3.0,5.0,500.0,3.75
3.1,0.0,1,400.0,22.0,0,0.0972409248352,-2,94.0,1,21,-1.49318255126,5.08531276016,5.3,3.0,5.0,500.0,3.75
3.1,0.0,2,400.0,22.0,0,0.0973000526428,2,94.0,2,7,4.82104957538,-2.20169956891,5.3,3.0,5.0,500.0,3.75
3.1,0.0,2,400.0,22.0,0,0.0972399711609,0,94.0,1,5,5.24605364197,0.754268642848,5.3,3.0,5.0,500.0,3.75
3.1,0.0,1,400.0,22.0,-1,0.09725689888,0,94.0,2,20,-2.86539633251,4.45864372401,5.3,3.0,5.0,500.0,3.75
3.1,0.0,2,400.0,22.0,0,0.0972151756287,0,94.0,1,7,4.82104957538,-2.20169956891,5.3,3.0,5.0,500.0,3.75
3.1,0.0,1,400.0,22.0,-1,0.0971989631653,0,94.0,1,1,1.49318255126,5.08531276016,5.3,3.0,5.0,500.0,3.75
3.1,0.0,2,400.0,22.0,0,0.0972440242767,0,94.0,2,2,2.86539633251,4.45864372401,5.3,3.0,5.0,500.0,3.75
3.1,0.0,1,400.0,22.0,1,0.0970749855042,1,94.0,1,1,1.49318255126,5.08531276016,5.3,3.0,5.0,500.0,3.75
3.1,0.0,1,400.0,22.0,1,0.0971097946167,2,94.0,1,19,-4.00547274408,3.47076188991,5.3,3.0,5.0,500.0,3.75
3.1,0.0,1,400.0,22.0,-1,0.0971009731293,0,94.0,1,10,1.49318255126,-5.08531276016,5.3,3.0,5.0,500.0,3.75
3.1,0.0,1,400.0,22.0,1,0.097100019455,1,94.0,1,4,4.82104957538,2.20169956891,5.3,3.0,5.0,500.0,3.75
3.1,0.0,1,400.0,22.0,1,0.0973041057587,2,94.0,2,3,4.00547274408,3.47076188991,5.3,3.0,5.0,500.0,3.75
3.1,0.0,2,400.0,22.0,2,0.0971460342407,-1,94.0,1,8,4.00547274408,-3.47076188991,5.3,3.0,5.0,500.0,3.75
3.1,0.0,1,400.0,22.0,1,0.0970728397369,2,94.0,2,16,-5.24605364197,-0.754268642848,5.3,3.0,5.0,500.0,3.75
3.1,0.0,2,400.0,22.0,-2,0.0971779823303,2,94.0,2,8,4.00547274408,-3.47076188991,5.3,3.0,5.0,500.0,3.75
3.1,0.0,2,400.0,22.0,0,0.0971200466156,0,94.0,1,11,6.49041367526e-16,-5.3,5.3,3.0,5.0,500.0,3.75
3.1,0.0,1,400.0,22.0,-1,0.0971050262451,0,94.0,2,7,4.82104957538,-2.20169956891,5.3,3.0,5.0,500.0,3.75
3.1,0.0,1,400.0,22.0,0,0.0971081256866,0,94.0,1,18,-4.82104957538,2.20169956891,5.3,3.0,5.0,500.0,3.75
3.1,0.0,2,400.0,22.0,-1,0.0972819328308,-1,94.0,2,7,4.82104957538,-2.20169956891,5.3,3.0,5.0,500.0,3.75
3.1,0.0,2,400.0,22.0,-2,0.0972399711609,-2,94.0,1,18,-4.82104957538,2.20169956891,5.3,3.0,5.0,500.0,3.75
3.1,0.0,2,400.0,22.0,2,0.0972847938538,0,94.0,1,14,-4.00547274408,-3.47076188991,5.3,3.0,5.0,500.0,3.75
3.1,0.0,1,400.0,22.0,1,0.0972549915314,1,94.0,1,4,4.82104957538,2.20169956891,5.3,3.0,5.0,500.0,3.75
3.1,0.0,1,400.0,22.0,1,0.0972211360931,2,94.0,1,2,2.86539633251,4.45864372401,5.3,3.0,5.0,500.0,3.75
3.1,0.0,2,400.0,22.0,-1,0.0970911979675,-1,94.0,2,11,6.49041367526e-16,-5.3,5.3,3.0,5.0,500.0,3.75
3.1,0.0,1,400.0,22.0,1,0.097100019455,1,94.0,1,16,-5.24605364197,-0.754268642848,5.3,3.0,5.0,500.0,3.75
3.1,0.0,1,400.0,22.0,1,0.097076177597,1,94.0,1,21,-1.49318255126,5.08531276016,5.3,3.0,5.0,500.0,3.75
3.1,0.0,1,400.0,22.0,-1,0.0971159934998,-1,94.0,1,9,2.86539633251,-4.45864372401,5.3,3.0,5.0,500.0,3.75
3.1,0.0,2,400.0,22.0,0,0.0970828533173,0,94.0,2,10,1.49318255126,-5.08531276016,5.3,3.0,5.0,500.0,3.75
3.1,0.0,1,400.0,22.0,2,0.0970799922943,2,94.0,1,13,-2.86539633251,-4.45864372401,5.3,3.0,5.0,500.0,3.75
3.1,0.0,2,400.0,22.0,1,0.0972299575806,1,94.0,2,15,-4.82104957538,-2.20169956891,5.3,3.0,5.0,500.0,3.75
3.1,0.0,2,400.0,22.0,-1,0.097235918045,-1,94.0,2,10,1.49318255126,-5.08531276016,5.3,3.0,5.0,500.0,3.75
3.1,0.0,1,400.0,22.0,0,0.0972230434418,1,94.0,2,20,-2.86539633251,4.45864372401,5.3,3.0,5.0,500.0,3.75
3.1,0.0,2,400.0,22.0,1,0.0972280502319,2,94.0,1,3,4.00547274408,3.47076188991,5.3,3.0,5.0,500.0,3.75
3.1,0.0,2,400.0,22.0,2,0.0973060131073,2,94.0,2,9,2.86539633251,-4.45864372401,5.3,3.0,5.0,500.0,3.75
3.1,0.0,1,400.0,22.0,2,0.0971429347992,2,94.0,1,3,4.00547274408,3.47076188991,5.3,3.0,5.0,500.0,3.75
3.1,0.0,1,400.0,22.0,1,0.0972650051117,2,94.0,1,12,-1.49318255126,-5.08531276016,5.3,3.0,5.0,500.0,3.75
3.1,0.0,2,400.0,22.0,2,0.0970809459686,2,94.0,2,11,6.49041367526e-16,-5.3,5.3,3.0,5.0,500.0,3.75
3.1,0.0,2,400.0,22.0,-2,0.0970780849457,-2,94.0,2,4,4.82104957538,2.20169956891,5.3,3.0,5.0,500.0,3.75
3.1,0.0,1,400.0,22.0,2,0.0971009731293,-1,94.0,1,19,-4.00547274408,3.47076188991,5.3,3.0,5.0,500.0,3.75
3.1,0.0,2,400.0,22.0,2,0.0970969200134,2,94.0,2,15,-4.82104957538,-2.20169956891,5.3,3.0,5.0,500.0,3.75
3.1,0.0,1,400.0,22.0,1,0.0971088409424,0,94.0,1,12,-1.49318255126,-5.08531276016,5.3,3.0,5.0,500.0,3.75
3.1,0.0,1,400.0,22.0,2,0.0970981121063,2,94.0,1,6,5.24605364197,-0.754268642848,5.3,3.0,5.0,500.0,3.75
3.1,0.0,1,400.0,22.0,0,0.0971031188965,2,94.0,1,11,6.49041367526e-16,-5.3,5.3,3.0,5.0,500.0,3.75
3.1,0.0,2,400.0,22.0,0,0.097090959549,2,94.0,2,13,-2.86539633251,-4.45864372401,5.3,3.0,5.0,500.0,3.75
3.1,0.0,2,400.0,22.0,2,0.0970637798309,-2,94.0,2,4,4.82104957538,2.20169956891,5.3,3.0,5.0,500.0,3.75
3.1,0.0,1,400.0,22.0,0,0.0970959663391,0,94.0,1,4,4.82104957538,2.20169956891,5.3,3.0,5.0,500.0,3.75
3.1,0.0,2,400.0,22.0,2,0.0972139835358,2,94.0,2,5,5.24605364197,0.754268642848,5.3,3.0,5.0,500.0,3.75
3.1,0.0,1,400.0,22.0,-2,0.0972158908844,0,94.0,2,21,-1.49318255126,5.08531276016,5.3,3.0,5.0,500.0,3.75
3.1,0.0,1,400.0,22.0,-2,0.0972590446472,-2,94.0,1,4,4.82104957538,2.20169956891,5.3,3.0,5.0,500.0,3.75
3.1,0.0,2,400.0,22.0,2,0.0972738265991,-1,94.0,1,14,-4.00547274408,-3.47076188991,5.3,3.0,5.0,500.0,3.75
3.1,0.0,2,400.0,22.0,0,0.097207069397,0,94.0,2,10,1.49318255126,-5.08531276016,5.3,3.0,5.0,500.0,3.75
3.1,0.0,1,400.0,22.0,-2,0.0972530841827,-2,94.0,1,9,2.86539633251,-4.45864372401,5.3,3.0,5.0,500.0,3.75
3.1,0.0,2,400.0,22.0,0,0.0972878932953,-1,94.0,2,2,2.86539633251,4.45864372401,5.3,3.0,5.0,500.0,3.75
3.1,0.0,2,400.0,22.0,-1,0.0973219871521,-1,94.0,1,3,4.00547274408,3.47076188991,5.3,3.0,5.0,500.0,3.75
3.1,0.0,1,400.0,22.0,-1,0.0972530841827,-1,94.0,1,11,6.49041367526e-16,-5.3,5.3,3.0,5.0,500.0,3.75
3.1,0.0,2,400.0,22.0,-2,0.0972259044647,-2,94.0,2,3,4.00547274408,3.47076188991,5.3,3.0,5.0,500.0,3.75
3.1,0.0,1,400.0,22.0,-1,0.0972480773926,-1,94.0,1,20,-2.86539633251,4.45864372401,5.3,3.0,5.0,500.0,3.75
3.1,0.0,1,400.0,22.0,-2,0.097225189209,-2,94.0,1,20,-2.86539633251,4.45864372401,5.3,3.0,5.0,500.0,3.75
3.1,0.0,2,400.0,22.0,1,0.0972030162811,2,94.0,2,5,5.24605364197,0.754268642848,5.3,3.0,5.0,500.0,3.75
3.1,0.0,1,400.0,22.0,-2,0.0972669124603,2,94.0,2,9,2.86539633251,-4.45864372401,5.3,3.0,5.0,500.0,3.75
3.1,0.0,1,400.0,22.0,-2,0.0973000526428,-2,94.0,1,7,4.82104957538,-2.20169956891,5.3,3.0,5.0,500.0,3.75
3.1,0.0,1,400.0,22.0,2,0.0972180366516,2,94.0,1,10,1.49318255126,-5.08531276016,5.3,3.0,5.0,500.0,3.75
3.1,0.0,2,400.0,22.0,-1,0.097235918045,1,94.0,2,9,2.86539633251,-4.45864372401,5.3,3.0,5.0,500.0,3.75
3.1,0.0,1,400.0,22.0,-1,0.0970869064331,-1,94.0,1,10,1.49318255126,-5.08531276016,5.3,3.0,5.0,500.0,3.75
3.1,0.0,1,400.0,22.0,-1,0.0972261428833,0,94.0,1,16,-5.24605364197,-0.754268642848,5.3,3.0,5.0,500.0,3.75
3.1,0.0,1,400.0,22.0,-1,0.0972299575806,1,94.0,2,5,5.24605364197,0.754268642848,5.3,3.0,5.0,500.0,3.75
3.1,0.0,1,400.0,22.0,1,0.0972239971161,1,94.0,1,2,2.86539633251,4.45864372401,5.3,3.0,5.0,500.0,3.75
3.1,0.0,2,400.0,22.0,0,0.0972380638123,0,94.0,2,1,1.49318255126,5.08531276016,5.3,3.0,5.0,500.0,3.75
3.1,0.0,1,400.0,22.0,0,0.0972228050232,0,94.0,1,18,-4.82104957538,2.20169956891,5.3,3.0,5.0,500.0,3.75
3.1,0.0,1,400.0,22.0,0,0.0972378253937,0,94.0,1,0,0.0,5.3,5.3,3.0,5.0,500.0,3.75
3.1,0.0,2,400.0,22.0,-2,0.0970900058746,1,94.0,1,17,-5.24605364197,0.754268642848,5.3,3.0,5.0,500.0,3.75
3.1,0.0,1,400.0,22.0,-2,0.0972390174866,1,94.0,2,16,-5.24605364197,-0.754268642848,5.3,3.0,5.0,500.0,3.75
3.1,0.0,1,400.0,22.0,-1,0.0972290039062,0,94.0,1,8,4.00547274408,-3.47076188991,5.3,3.0,5.0,500.0,3.75
3.1,0.0,1,400.0,22.0,2,0.0971791744232,2,94.0,1,13,-2.86539633251,-4.45864372401,5.3,3.0,5.0,500.0,3.75
3.1,0.0,2,400.0,22.0,2,0.0971369743347,2,94.0,2,16,-5.24605364197,-0.754268642848,5.3,3.0,5.0,500.0,3.75
3.1,0.0,2,400.0,22.0,1,0.0972700119019,1,94.0,2,19,-4.00547274408,3.47076188991,5.3,3.0,5.0,500.0,3.75
3.1,0.0,1,400.0,22.0,1,0.0972430706024,2,94.0,2,7,4.82104957538,-2.20169956891,5.3,3.0,5.0,500.0,3.75
3.1,0.0,1,400.0,22.0,-2,0.0970859527588,-2,94.0,1,16,-5.24605364197,-0.754268642848,5.3,3.0,5.0,500.0,3.75
3.1,0.0,1,400.0,22.0,0,0.0972230434418,2,94.0,1,6,5.24605364197,-0.754268642848,5.3,3.0,5.0,500.0,3.75
3.1,0.0,2,400.0,22.0,0,0.0972609519958,-2,94.0,2,10,1.49318255126,-5.08531276016,5.3,3.0,5.0,500.0,3.75
3.1,0.0,1,400.0,22.0,0,0.0972280502319,0,94.0,1,7,4.82104957538,-2.20169956891,5.3,3.0,5.0,500.0,3.75
3.1,0.0,1,400.0,22.0,0,0.097100019455,-2,94.0,2,17,-5.24605364197,0.754268642848,5.3,3.0,5.0,500.0,3.75
3.1,0.0,1,400.0,22.0,-1,0.0971488952637,2,94.0,2,4,4.82104957538,2.20169956891,5.3,3.0,5.0,500.0,3.75
3.1,0.0,1,400.0,22.0,-2,0.0972499847412,0,94.0,2,8,4.00547274408,-3.47076188991,5.3,3.0,5.0,500.0,3.75
3.1,0.0,2,400.0,22.0,-2,0.097207069397,2,94.0,2,10,1.49318255126,-5.08531276016,5.3,3.0,5.0,500.0,3.75
3.1,0.0,2,400.0,22.0,2,0.0971558094025,0,94.0,1,1,1.49318255126,5.08531276016,5.3,3.0,5.0,500.0,3.75
3.1,0.0,1,400.0,22.0,2,0.0972819328308,1,94.0,2,5,5.24605364197,0.754268642848,5.3,3.0,5.0,500.0,3.75
3.1,0.0,2,400.0,22.0,1,0.0972628593445,1,94.0,2,2,2.86539633251,4.45864372401,5.3,3.0,5.0,500.0,3.75
3.1,0.0,1,400.0,22.0,1,0.0972468852997,1,94.0,1,2,2.86539633251,4.45864372401,5.3,3.0,5.0,500.0,3.75
3.1,0.0,2,400.0,22.0,-1,0.097100019455,0,94.0,1,1,1.49318255126,5.08531276016,5.3,3.0,5.0,500.0,3.75
3.1,0.0,1,400.0,22.0,-1,0.0971240997314,0,94.0,2,17,-5.24605364197,0.754268642848,5.3,3.0,5.0,500.0,3.75
3.1,0.0,2,400.0,22.0,0,0.0973188877106,0,94.0,2,11,6.49041367526e-16,-5.3,5.3,3.0,5.0,500.0,3.75
3.1,0.0,1,400.0,22.0,1,0.0972089767456,1,94.0,1,1,1.49318255126,5.08531276016,5.3,3.0,5.0,500.0,3.75
3.1,0.0,1,400.0,22.0,0,0.0971391201019,2,94.0,1,3,4.00547274408,3.47076188991,5.3,3.0,5.0,500.0,3.75
3.1,0.0,1,400.0,22.0,1,0.0971109867096,0,94.0,1,1,1.49318255126,5.08531276016,5.3,3.0,5.0,500.0,3.75
3.1,0.0,2,400.0,22.0,-2,0.0971319675446,-2,94.0,1,20,-2.86539633251,4.45864372401,5.3,3.0,5.0,500.0,3.75
3.1,0.0,2,400.0,22.0,0,0.0971419811249,0,94.0,1,2,2.86539633251,4.45864372401,5.3,3.0,5.0,500.0,3.75
3.1,0.0,1,400.0,22.0,2,0.0970890522003,2,94.0,1,3,4.00547274408,3.47076188991,5.3,3.0,5.0,500.0,3.75
3.1,0.0,2,400.0,22.0,0,0.0970990657806,-1,94.0,2,14,-4.00547274408,-3.47076188991,5.3,3.0,5.0,500.0,3.75
3.1,0.0,1,400.0,22.0,-1,0.0971131324768,1,94.0,1,5,5.24605364197,0.754268642848,5.3,3.0,5.0,500.0,3.75
3.1,0.0,1,400.0,22.0,-2,0.0973269939423,-1,94.0,1,3,4.00547274408,3.47076188991,5.3,3.0,5.0,500.0,3.75
3.1,0.0,2,400.0,22.0,0,0.0972280502319,0,94.0,2,9,2.86539633251,-4.45864372401,5.3,3.0,5.0,500.0,3.75
3.1,0.0,1,400.0,22.0,-2,0.0970001220703,1,94.0,1,8,4.00547274408,-3.47076188991,5.3,3.0,5.0,500.0,3.75
3.1,0.0,1,400.0,22.0,0,0.0970799922943,1,94.0,1,8,4.00547274408,-3.47076188991,5.3,3.0,5.0,500.0,3.75
3.1,0.0,2,400.0,22.0,2,0.0972158908844,2,94.0,2,12,-1.49318255126,-5.08531276016,5.3,3.0,5.0,500.0,3.75
3.1,0.0,1,400.0,22.0,-2,0.0973160266876,-2,94.0,1,17,-5.24605364197,0.754268642848,5.3,3.0,5.0,500.0,3.75
3.1,0.0,2,400.0,22.0,2,0.0972390174866,0,94.0,1,20,-2.86539633251,4.45864372401,5.3,3.0,5.0,500.0,3.75
3.1,0.0,2,400.0,22.0,0,0.0973169803619,0,94.0,1,0,0.0,5.3,5.3,3.0,5.0,500.0,3.75
3.1,0.0,1,400.0,22.0,0,0.097090959549,0,94.0,1,19,-4.00547274408,3.47076188991,5.3,3.0,5.0,500.0,3.75
3.1,0.0,1,400.0,22.0,0,0.0971100330353,-2,94.0,2,18,-4.82104957538,2.20169956891,5.3,3.0,5.0,500.0,3.75
3.1,0.0,2,400.0,22.0,-1,0.0971410274506,2,94.0,1,19,-4.00547274408,3.47076188991,5.3,3.0,5.0,500.0,3.75
3.1,0.0,1,400.0,22.0,-1,0.0972309112549,-1,94.0,1,21,-1.49318255126,5.08531276016,5.3,3.0,5.0,500.0,3.75
3.1,0.0,1,400.0,22.0,-2,0.0970900058746,-2,94.0,1,11,6.49041367526e-16,-5.3,5.3,3.0,5.0,500.0,3.75
3.1,0.0,1,400.0,22.0,0,0.0971398353577,1,94.0,2,2,2.86539633251,4.45864372401,5.3,3.0,5.0,500.0,3.75
3.1,0.0,2,400.0,22.0,0,0.0972149372101,-2,94.0,1,5,5.24605364197,0.754268642848,5.3,3.0,5.0,500.0,3.75
3.1,0.0,1,400.0,22.0,-1,0.0971019268036,0,94.0,1,18,-4.82104957538,2.20169956891,5.3,3.0,5.0,500.0,3.75
3.1,0.0,1,400.0,22.0,-1,0.0970950126648,1,94.0,2,8,4.00547274408,-3.47076188991,5.3,3.0,5.0,500.0,3.75
3.1,0.0,1,400.0,22.0,0,0.0972559452057,0,94.0,1,11,6.49041367526e-16,-5.3,5.3,3.0,5.0,500.0,3.75
3.1,0.0,2,400.0,22.0,1,0.0972270965576,-1,94.0,1,14,-4.00547274408,-3.47076188991,5.3,3.0,5.0,500.0,3.75
3.1,0.0,2,400.0,22.0,0,0.0972151756287,1,94.0,2,19,-4.00547274408,3.47076188991,5.3,3.0,5.0,500.0,3.75
3.1,0.0,1,400.0,22.0,0,0.0971441268921,1,94.0,2,8,4.00547274408,-3.47076188991,5.3,3.0,5.0,500.0,3.75
3.1,0.0,2,400.0,22.0,-2,0.0972599983215,0,94.0,2,5,5.24605364197,0.754268642848,5.3,3.0,5.0,500.0,3.75
3.1,0.0,2,400.0,22.0,2,0.0970759391785,2,94.0,2,9,2.86539633251,-4.45864372401,5.3,3.0,5.0,500.0,3.75
3.1,0.0,1,400.0,22.0,2,0.0971028804779,2,94.0,1,5,5.24605364197,0.754268642848,5.3,3.0,5.0,500.0,3.75
3.1,0.0,1,400.0,22.0,1,0.0972521305084,1,94.0,1,9,2.86539633251,-4.45864372401,5.3,3.0,5.0,500.0,3.75
3.1,0.0,1,400.0,22.0,0,0.0972480773926,0,94.0,1,13,-2.86539633251,-4.45864372401,5.3,3.0,5.0,500.0,3.75
3.1,0.0,1,400.0,22.0,2,0.097216129303,-2,94.0,1,7,4.82104957538,-2.20169956891,5.3,3.0,5.0,500.0,3.75
3.1,0.0,2,400.0,22.0,-2,0.0972537994385,-1,94.0,1,13,-2.86539633251,-4.45864372401,5.3,3.0,5.0,500.0,3.75
3.1,0.0,1,400.0,22.0,2,0.0972321033478,2,94.0,1,12,-1.49318255126,-5.08531276016,5.3,3.0,5.0,500.0,3.75
3.1,0.0,2,400.0,22.0,-2,0.0972230434418,-2,94.0,1,20,-2.86539633251,4.45864372401,5.3,3.0,5.0,500.0,3.75
3.1,0.0,2,400.0,22.0,0,0.0970430374146,2,94.0,2,1,1.49318255126,5.08531276016,5.3,3.0,5.0,500.0,3.75
3.1,0.0,2,400.0,22.0,1,0.0972120761871,0,94.0,2,20,-2.86539633251,4.45864372401,5.3,3.0,5.0,500.0,3.75
3.1,0.0,2,400.0,22.0,-1,0.0971338748932,0,94.0,1,16,-5.24605364197,-0.754268642848,5.3,3.0,5.0,500.0,3.75
3.1,0.0,1,400.0,22.0,-1,0.0972540378571,-2,94.0,2,1,1.49318255126,5.08531276016,5.3,3.0,5.0,500.0,3.75
3.1,0.0,2,400.0,22.0,2,0.0972158908844,2,94.0,2,15,-4.82104957538,-2.20169956891,5.3,3.0,5.0,500.0,3.75
3.1,0.0,1,400.0,22.0,2,0.0972530841827,0,94.0,2,9,2.86539633251,-4.45864372401,5.3,3.0,5.0,500.0,3.75
3.1,0.0,1,400.0,22.0,-1,0.0972499847412,0,94.0,1,15,-4.82104957538,-2.20169956891,5.3,3.0,5.0,500.0,3.75
3.1,0.0,2,400.0,22.0,-1,0.0972239971161,-1,94.0,2,20,-2.86539633251,4.45864372401,5.3,3.0,5.0,500.0,3.75
3.1,0.0,2,400.0,22.0,1,0.0972349643707,1,94.0,2,13,-2.86539633251,-4.45864372401,5.3,3.0,5.0,500.0,3.75
3.1,0.0,1,400.0,22.0,-1,0.0972690582275,-2,94.0,2,5,5.24605364197,0.754268642848,5.3,3.0,5.0,500.0,3.75
3.1,0.0,1,400.0,22.0,0,0.0972459316254,0,94.0,1,3,4.00547274408,3.47076188991,5.3,3.0,5.0,500.0,3.75
3.1,0.0,2,400.0,22.0,-1,0.0972371101379,-1,94.0,1,19,-4.00547274408,3.47076188991,5.3,3.0,5.0,500.0,3.75
3.1,0.0,1,400.0,22.0,0,0.0970938205719,2,94.0,2,17,-5.24605364197,0.754268642848,5.3,3.0,5.0,500.0,3.75
3.1,0.0,2,400.0,22.0,-1,0.0971488952637,2,94.0,1,18,-4.82104957538,2.20169956891,5.3,3.0,5.0,500.0,3.75
3.1,0.0,2,400.0,22.0,-2,0.0972199440002,-2,94.0,2,12,-1.49318255126,-5.08531276016,5.3,3.0,5.0,500.0,3.75
3.1,0.0,1,400.0,22.0,1,0.0972938537598,1,94.0,1,3,4.00547274408,3.47076188991,5.3,3.0,5.0,500.0,3.75
3.1,0.0,1,400.0,22.0,-2,0.0972270965576,0,94.0,2,4,4.82104957538,2.20169956891,5.3,3.0,5.0,500.0,3.75
3.1,0.0,1,400.0,22.0,0,0.0972199440002,0,94.0,2,18,-4.82104957538,2.20169956891,5.3,3.0,5.0,500.0,3.75
3.1,0.0,1,400.0,22.0,1,0.0972180366516,0,94.0,1,4,4.82104957538,2.20169956891,5.3,3.0,5.0,500.0,3.75
3.1,0.0,1,400.0,22.0,-1,0.0972459316254,-1,94.0,2,21,-1.49318255126,5.08531276016,5.3,3.0,5.0,500.0,3.75
3.1,0.0,2,400.0,22.0,0,0.097207069397,1,94.0,1,14,-4.00547274408,-3.47076188991,5.3,3.0,5.0,500.0,3.75
3.1,0.0,2,400.0,22.0,2,0.0972380638123,2,94.0,2,21,-1.49318255126,5.08531276016,5.3,3.0,5.0,500.0,3.75
3.1,0.0,1,400.0,22.0,0,0.0972418785095,0,94.0,1,10,1.49318255126,-5.08531276016,5.3,3.0,5.0,500.0,3.75
3.1,0.0,1,400.0,22.0,-1,0.0972380638123,-1,94.0,1,16,-5.24605364197,-0.754268642848,5.3,3.0,5.0,500.0,3.75
3.1,0.0,2,400.0,22.0,0,0.0973329544067,1,94.0,2,19,-4.00547274408,3.47076188991,5.3,3.0,5.0,500.0,3.75
3.1,0.0,1,400.0,22.0,2,0.0970950126648,-2,94.0,1,11,6.49041367526e-16,-5.3,5.3,3.0,5.0,500.0,3.75
3.1,0.0,1,400.0,22.0,1,0.0970809459686,2,94.0,2,9,2.86539633251,-4.45864372401,5.3,3.0,5.0,500.0,3.75
3.1,0.0,2,400.0,22.0,0,0.0971801280975,1,94.0,1,0,0.0,5.3,5.3,3.0,5.0,500.0,3.75
3.1,0.0,2,400.0,22.0,0,0.0972149372101,2,94.0,2,13,-2.86539633251,-4.45864372401,5.3,3.0,5.0,500.0,3.75
3.1,0.0,1,400.0,22.0,0,0.0970878601074,0,94.0,1,14,-4.00547274408,-3.47076188991,5.3,3.0,5.0,500.0,3.75
3.1,0.0,2,400.0,22.0,-2,0.0972080230713,-2,94.0,1,5,5.24605364197,0.754268642848,5.3,3.0,5.0,500.0,3.75
3.1,0.0,2,400.0,22.0,-1,0.0972361564636,-2,94.0,1,14,-4.00547274408,-3.47076188991,5.3,3.0,5.0,500.0,3.75
3.1,0.0,1,400.0,22.0,-2,0.0972909927368,2,94.0,1,11,6.49041367526e-16,-5.3,5.3,3.0,5.0,500.0,3.75
3.1,0.0,2,400.0,22.0,2,0.0972521305084,-2,94.0,2,14,-4.00547274408,-3.47076188991,5.3,3.0,5.0,500.0,3.75
3.1,0.0,2,400.0,22.0,1,0.0970931053162,0,94.0,2,10,1.49318255126,-5.08531276016,5.3,3.0,5.0,500.0,3.75
3.1,0.0,1,400.0,22.0,-2,0.0972681045532,0,94.0,1,16,-5.24605364197,-0.754268642848,5.3,3.0,5.0,500.0,3.75
3.1,0.0,1,400.0,22.0,0,0.097284078598,-2,94.0,1,17,-5.24605364197,0.754268642848,5.3,3.0,5.0,500.0,3.75
3.1,0.0,1,400.0,22.0,-2,0.0972421169281,-2,94.0,2,4,4.82104957538,2.20169956891,5.3,3.0,5.0,500.0,3.75
3.1,0.0,2,400.0,22.0,-2,0.0972769260406,2,94.0,1,20,-2.86539633251,4.45864372401,5.3,3.0,5.0,500.0,3.75
3.1,0.0,2,400.0,22.0,-1,0.0972669124603,1,94.0,1,15,-4.82104957538,-2.20169956891,5.3,3.0,5.0,500.0,3.75
3.1,0.0,1,400.0,22.0,1,0.0970990657806,0,94.0,2,16,-5.24605364197,-0.754268642848,5.3,3.0,5.0,500.0,3.75
3.1,0.0,1,400.0,22.0,2,0.0970180034637,2,94.0,2,13,-2.86539633251,-4.45864372401,5.3,3.0,5.0,500.0,3.75
3.1,0.0,1,400.0,22.0,0,0.0971040725708,2,94.0,1,2,2.86539633251,4.45864372401,5.3,3.0,5.0,500.0,3.75
3.1,0.0,1,400.0,22.0,2,0.0970828533173,2,94.0,2,4,4.82104957538,2.20169956891,5.3,3.0,5.0,500.0,3.75
3.1,0.0,2,400.0,22.0,-2,0.0970981121063,2,94.0,2,11,6.49041367526e-16,-5.3,5.3,3.0,5.0,500.0,3.75
3.1,0.0,1,400.0,22.0,2,0.0972719192505,0,94.0,1,19,-4.00547274408,3.47076188991,5.3,3.0,5.0,500.0,3.75
3.1,0.0,1,400.0,22.0,0,0.0971119403839,-2,94.0,2,11,6.49041367526e-16,-5.3,5.3,3.0,5.0,500.0,3.75
3.1,0.0,2,400.0,22.0,0,0.0970947742462,1,94.0,1,16,-5.24605364197,-0.754268642848,5.3,3.0,5.0,500.0,3.75
3.1,0.0,2,400.0,22.0,0,0.0973069667816,0,94.0,1,16,-5.24605364197,-0.754268642848,5.3,3.0,5.0,500.0,3.75
3.1,0.0,2,400.0,22.0,-1,0.0972149372101,-1,94.0,2,12,-1.49318255126,-5.08531276016,5.3,3.0,5.0,500.0,3.75
3.1,0.0,1,400.0,22.0,0,0.097217798233,0,94.0,1,3,4.00547274408,3.47076188991,5.3,3.0,5.0,500.0,3.75
3.1,0.0,1,400.0,22.0,0,0.0972700119019,0,94.0,2,16,-5.24605364197,-0.754268642848,5.3,3.0,5.0,500.0,3.75
3.1,0.0,2,400.0,22.0,-1,0.0972170829773,0,94.0,1,9,2.86539633251,-4.45864372401,5.3,3.0,5.0,500.0,3.75
3.1,0.0,1,400.0,22.0,-2,0.097305059433,-2,94.0,1,3,4.00547274408,3.47076188991,5.3,3.0,5.0,500.0,3.75
3.1,0.0,1,400.0,22.0,0,0.0972020626068,-2,94.0,2,13,-2.86539633251,-4.45864372401,5.3,3.0,5.0,500.0,3.75
3.1,0.0,1,400.0,22.0,0,0.0972828865051,-2,94.0,1,11,6.49041367526e-16,-5.3,5.3,3.0,5.0,500.0,3.75
3.1,0.0,1,400.0,22.0,1,0.0972678661346,2,94.0,1,10,1.49318255126,-5.08531276016,5.3,3.0,5.0,500.0,3.75
3.1,0.0,2,400.0,22.0,0,0.0973529815674,0,94.0,2,13,-2.86539633251,-4.45864372401,5.3,3.0,5.0,500.0,3.75
3.1,0.0,1,400.0,22.0,0,0.0972690582275,-2,94.0,2,8,4.00547274408,-3.47076188991,5.3,3.0,5.0,500.0,3.75
3.1,0.0,2,400.0,22.0,2,0.0972368717194,2,94.0,2,21,-1.49318255126,5.08531276016,5.3,3.0,5.0,500.0,3.75
3.1,0.0,2,400.0,22.0,-1,0.0971169471741,-1,94.0,2,19,-4.00547274408,3.47076188991,5.3,3.0,5.0,500.0,3.75
3.1,0.0,2,400.0,22.0,0,0.097186088562,0,94.0,2,21,-1.49318255126,5.08531276016,5.3,3.0,5.0,500.0,3.75
3.1,0.0,2,400.0,22.0,-2,0.0970799922943,-2,94.0,1,11,6.49041367526e-16,-5.3,5.3,3.0,5.0,500.0,3.75
3.1,0.0,1,400.0,22.0,-1,0.0970280170441,-1,94.0,1,0,0.0,5.3,5.3,3.0,5.0,500.0,3.75
3.1,0.0,2,400.0,22.0,-1,0.0971479415894,-1,94.0,2,11,6.49041367526e-16,-5.3,5.3,3.0,5.0,500.0,3.75
3.1,0.0,2,400.0,22.0,1,0.0970928668976,1,94.0,2,3,4.00547274408,3.47076188991,5.3,3.0,5.0,500.0,3.75
3.1,0.0,2,400.0,22.0,0,0.0972111225128,-2,94.0,2,16,-5.24605364197,-0.754268642848,5.3,3.0,5.0,500.0,3.75
3.1,0.0,2,400.0,22.0,-2,0.0972559452057,-2,94.0,2,1,1.49318255126,5.08531276016,5.3,3.0,5.0,500.0,3.75
3.1,0.0,2,400.0,22.0,0,0.0971069335938,0,94.0,1,5,5.24605364197,0.754268642848,5.3,3.0,5.0,500.0,3.75
3.1,0.0,2,400.0,22.0,-1,0.097100019455,-1,94.0,1,7,4.82104957538,-2.20169956891,5.3,3.0,5.0,500.0,3.75
3.1,0.0,1,400.0,22.0,1,0.0971448421478,0,94.0,1,20,-2.86539633251,4.45864372401,5.3,3.0,5.0,500.0,3.75
3.1,0.0,2,400.0,22.0,1,0.0971131324768,0,94.0,1,0,0.0,5.3,5.3,3.0,5.0,500.0,3.75
3.1,0.0,1,400.0,22.0,0,0.0971479415894,0,94.0,1,2,2.86539633251,4.45864372401,5.3,3.0,5.0,500.0,3.75
3.1,0.0,2,400.0,22.0,-1,0.0972480773926,-1,94.0,1,7,4.82104957538,-2.20169956891,5.3,3.0,5.0,500.0,3.75
3.1,0.0,1,400.0,22.0,1,0.0972630977631,0,94.0,1,7,4.82104957538,-2.20169956891,5.3,3.0,5.0,500.0,3.75
3.1,0.0,2,400.0,22.0,1,0.0972309112549,0,94.0,2,5,5.24605364197,0.754268642848,5.3,3.0,5.0,500.0,3.75
3.1,0.0,2,400.0,22.0,2,0.0972230434418,-2,94.0,2,10,1.49318255126,-5.08531276016,5.3,3.0,5.0,500.0,3.75
3.1,0.0,2,400.0,22.0,0,0.0972220897675,0,94.0,1,12,-1.49318255126,-5.08531276016,5.3,3.0,5.0,500.0,3.75
3.1,0.0,1,400.0,22.0,1,0.0972230434418,-2,94.0,1,13,-2.86539633251,-4.45864372401,5.3,3.0,5.0,500.0,3.75
3.1,0.0,2,400.0,22.0,1,0.097226858139,-2,94.0,1,13,-2.86539633251,-4.45864372401,5.3,3.0,5.0,500.0,3.75
3.1,0.0,2,400.0,22.0,0,0.0970940589905,0,94.0,1,5,5.24605364197,0.754268642848,5.3,3.0,5.0,500.0,3.75
3.1,0.0,1,400.0,22.0,0,0.0970809459686,-1,94.0,1,5,5.24605364197,0.754268642848,5.3,3.0,5.0,500.0,3.75
3.1,0.0,1,400.0,22.0,0,0.0970771312714,1,94.0,1,3,4.00547274408,3.47076188991,5.3,3.0,5.0,500.0,3.75
3.1,0.0,2,400.0,22.0,0,0.0972001552582,-2,94.0,2,15,-4.82104957538,-2.20169956891,5.3,3.0,5.0,500.0,3.75
3.1,0.0,1,400.0,22.0,0,0.0972259044647,0,94.0,2,4,4.82104957538,2.20169956891,5.3,3.0,5.0,500.0,3.75
3.1,0.0,2,400.0,22.0,0,0.0970962047577,-1,94.0,1,4,4.82104957538,2.20169956891,5.3,3.0,5.0,500.0,3.75
3.1,0.0,1,400.0,22.0,0,0.0972399711609,-1,94.0,1,17,-5.24605364197,0.754268642848,5.3,3.0,5.0,500.0,3.75
3.1,0.0,2,400.0,22.0,0,0.0972189903259,-2,94.0,2,6,5.24605364197,-0.754268642848,5.3,3.0,5.0,500.0,3.75
3.1,0.0,1,400.0,22.0,1,0.097216129303,0,94.0,2,4,4.82104957538,2.20169956891,5.3,3.0,5.0,500.0,3.75
3.1,0.0,2,400.0,22.0,1,0.0972411632538,1,94.0,1,4,4.82104957538,2.20169956891,5.3,3.0,5.0,500.0,3.75
3.1,0.0,1,400.0,22.0,0,0.0972430706024,2,94.0,2,1,1.49318255126,5.08531276016,5.3,3.0,5.0,500.0,3.75
3.1,0.0,1,400.0,22.0,-2,0.0971431732178,0,94.0,1,11,6.49041367526e-16,-5.3,5.3,3.0,5.0,500.0,3.75
3.1,0.0,1,400.0,22.0,1,0.0972430706024,-1,94.0,1,12,-1.49318255126,-5.08531276016,5.3,3.0,5.0,500.0,3.75
3.1,0.0,2,400.0,22.0,0,0.097225189209,-1,94.0,1,10,1.49318255126,-5.08531276016,5.3,3.0,5.0,500.0,3.75
3.1,0.0,2,400.0,22.0,0,0.0972650051117,-1,94.0,1,6,5.24605364197,-0.754268642848,5.3,3.0,5.0,500.0,3.75
3.1,0.0,2,400.0,22.0,0,0.0972230434418,-1,94.0,2,1,1.49318255126,5.08531276016,5.3,3.0,5.0,500.0,3.75
3.1,0.0,1,400.0,22.0,2,0.0971229076385,-1,94.0,2,20,-2.86539633251,4.45864372401,5.3,3.0,5.0,500.0,3.75
3.1,0.0,1,400.0,22.0,1,0.0972599983215,0,94.0,2,10,1.49318255126,-5.08531276016,5.3,3.0,5.0,500.0,3.75
3.1,0.0,1,400.0,22.0,0,0.0971140861511,0,94.0,1,12,-1.49318255126,-5.08531276016,5.3,3.0,5.0,500.0,3.75
3.1,0.0,1,400.0,22.0,0,0.0972299575806,1,94.0,2,14,-4.00547274408,-3.47076188991,5.3,3.0,5.0,500.0,3.75
3.1,0.0,1,400.0,22.0,-2,0.0972490310669,1,94.0,1,3,4.00547274408,3.47076188991,5.3,3.0,5.0,500.0,3.75
3.1,0.0,2,400.0,22.0,0,0.0972352027893,2,94.0,1,9,2.86539633251,-4.45864372401,5.3,3.0,5.0,500.0,3.75
3.1,0.0,1,400.0,22.0,0,0.0971131324768,0,94.0,1,2,2.86539633251,4.45864372401,5.3,3.0,5.0,500.0,3.75
3.1,0.0,1,400.0,22.0,0,0.097265958786,-2,94.0,1,7,4.82104957538,-2.20169956891,5.3,3.0,5.0,500.0,3.75
3.1,0.0,1,400.0,22.0,-1,0.0970759391785,-1,94.0,1,12,-1.49318255126,-5.08531276016,5.3,3.0,5.0,500.0,3.75
3.1,0.0,1,400.0,22.0,0,0.097275018692,0,94.0,1,14,-4.00547274408,-3.47076188991,5.3,3.0,5.0,500.0,3.75
3.1,0.0,1,400.0,22.0,0,0.0972368717194,0,94.0,1,12,-1.49318255126,-5.08531276016,5.3,3.0,5.0,500.0,3.75
3.1,0.0,2,400.0,22.0,0,0.0972270965576,1,94.0,1,18,-4.82104957538,2.20169956891,5.3,3.0,5.0,500.0,3.75
3.1,0.0,1,400.0,22.0,0,0.0970759391785,0,94.0,1,18,-4.82104957538,2.20169956891,5.3,3.0,5.0,500.0,3.75
3.1,0.0,1,400.0,22.0,0,0.0972661972046,0,94.0,1,11,6.49041367526e-16,-5.3,5.3,3.0,5.0,500.0,3.75
3.1,0.0,2,400.0,22.0,0,0.097384929657,0,94.0,2,18,-4.82104957538,2.20169956891,5.3,3.0,5.0,500.0,3.75
3.1,0.0,1,400.0,22.0,-2,0.097090959549,-1,94.0,1,15,-4.82104957538,-2.20169956891,5.3,3.0,5.0,500.0,3.75
3.1,0.0,2,400.0,22.0,-1,0.0972239971161,2,94.0,1,17,-5.24605364197,0.754268642848,5.3,3.0,5.0,500.0,3.75
3.1,0.0,2,400.0,22.0,0,0.097100019455,1,94.0,1,15,-4.82104957538,-2.20169956891,5.3,3.0,5.0,500.0,3.75
3.1,0.0,2,400.0,22.0,-1,0.09707903862,-1,94.0,1,12,-1.49318255126,-5.08531276016,5.3,3.0,5.0,500.0,3.75
3.1,0.0,1,400.0,22.0,-2,0.0971488952637,2,94.0,2,13,-2.86539633251,-4.45864372401,5.3,3.0,5.0,500.0,3.75
3.1,0.0,1,400.0,22.0,-2,0.0971968173981,-1,94.0,1,3,4.00547274408,3.47076188991,5.3,3.0,5.0,500.0,3.75
3.1,0.0,2,400.0,22.0,0,0.0972399711609,0,94.0,1,5,5.24605364197,0.754268642848,5.3,3.0,5.0,500.0,3.75
3.1,0.0,1,400.0,22.0,0,0.0972850322723,0,94.0,1,13,-2.86539633251,-4.45864372401,5.3,3.0,5.0,500.0,3.75
3.1,0.0,2,400.0,22.0,0,0.0971360206604,2,94.0,1,15,-4.82104957538,-2.20169956891,5.3,3.0,5.0,500.0,3.75
3.1,0.0,1,400.0,22.0,1,0.0972170829773,1,94.0,1,14,-4.00547274408,-3.47076188991,5.3,3.0,5.0,500.0,3.75
3.1,0.0,2,400.0,22.0,0,0.0972390174866,0,94.0,1,16,-5.24605364197,-0.754268642848,5.3,3.0,5.0,500.0,3.75
3.1,0.0,2,400.0,22.0,0,0.0972089767456,0,94.0,1,17,-5.24605364197,0.754268642848,5.3,3.0,5.0,500.0,3.75
3.1,0.0,2,400.0,22.0,-2,0.0972671508789,-2,94.0,1,8,4.00547274408,-3.47076188991,5.3,3.0,5.0,500.0,3.75
3.1,0.0,1,400.0,22.0,0,0.0972189903259,1,94.0,1,12,-1.49318255126,-5.08531276016,5.3,3.0,5.0,500.0,3.75
3.1,0.0,2,400.0,22.0,1,0.097305059433,1,94.0,1,4,4.82104957538,2.20169956891,5.3,3.0,5.0,500.0,3.75
3.1,0.0,2,400.0,22.0,0,0.0971059799194,0,94.0,1,6,5.24605364197,-0.754268642848,5.3,3.0,5.0,500.0,3.75
3.1,0.0,1,400.0,22.0,0,0.0971250534058,0,94.0,1,14,-4.00547274408,-3.47076188991,5.3,3.0,5.0,500.0,3.75
3.1,0.0,2,400.0,22.0,1,0.0971481800079,1,94.0,2,4,4.82104957538,2.20169956891,5.3,3.0,5.0,500.0,3.75
3.1,0.0,1,400.0,22.0,0,0.0971028804779,2,94.0,1,9,2.86539633251,-4.45864372401,5.3,3.0,5.0,500.0,3.75
3.1,0.0,2,400.0,22.0,-2,0.0972859859467,0,94.0,1,19,-4.00547274408,3.47076188991,5.3,3.0,5.0,500.0,3.75
3.1,0.0,1,400.0,22.0,0,0.0972299575806,0,94.0,1,14,-4.00547274408,-3.47076188991,5.3,3.0,5.0,500.0,3.75
3.1,0.0,1,400.0,22.0,1,0.0972220897675,1,94.0,1,4,4.82104957538,2.20169956891,5.3,3.0,5.0,500.0,3.75
3.1,0.0,1,400.0,22.0,0,0.097217798233,0,94.0,1,11,6.49041367526e-16,-5.3,5.3,3.0,5.0,500.0,3.75
3.1,0.0,2,400.0,22.0,2,0.0972120761871,2,94.0,2,7,4.82104957538,-2.20169956891,5.3,3.0,5.0,500.0,3.75
3.1,0.0,1,400.0,22.0,0,0.0972690582275,0,94.0,2,15,-4.82104957538,-2.20169956891,5.3,3.0,5.0,500.0,3.75
3.1,0.0,2,400.0,22.0,-2,0.0972130298615,0,94.0,2,6,5.24605364197,-0.754268642848,5.3,3.0,5.0,500.0,3.75
3.1,0.0,1,400.0,22.0,0,0.0972220897675,0,94.0,1,16,-5.24605364197,-0.754268642848,5.3,3.0,5.0,500.0,3.75
3.1,0.0,2,400.0,22.0,0,0.0972130298615,0,94.0,2,14,-4.00547274408,-3.47076188991,5.3,3.0,5.0,500.0,3.75
3.1,0.0,1,400.0,22.0,-1,0.0972871780396,-1,94.0,1,12,-1.49318255126,-5.08531276016,5.3,3.0,5.0,500.0,3.75
3.1,0.0,1,400.0,22.0,0,0.097069978714,-2,94.0,1,18,-4.82104957538,2.20169956891,5.3,3.0,5.0,500.0,3.75
3.1,0.0,2,400.0,22.0,1,0.0970849990845,-1,94.0,1,4,4.82104957538,2.20169956891,5.3,3.0,5.0,500.0,3.75
3.1,0.0,1,400.0,22.0,-1,0.0972709655762,-1,94.0,2,19,-4.00547274408,3.47076188991,5.3,3.0,5.0,500.0,3.75
3.1,0.0,2,400.0,22.0,0,0.0972239971161,0,94.0,1,16,-5.24605364197,-0.754268642848,5.3,3.0,5.0,500.0,3.75
3.1,0.0,1,400.0,22.0,-1,0.0972259044647,0,94.0,2,12,-1.49318255126,-5.08531276016,5.3,3.0,5.0,500.0,3.75
3.1,0.0,1,400.0,22.0,1,0.0972981452942,1,94.0,2,1,1.49318255126,5.08531276016,5.3,3.0,5.0,500.0,3.75
3.1,0.0,2,400.0,22.0,1,0.0971081256866,1,94.0,1,3,4.00547274408,3.47076188991,5.3,3.0,5.0,500.0,3.75
3.1,0.0,2,400.0,22.0,-1,0.0970940589905,2,94.0,2,18,-4.82104957538,2.20169956891,5.3,3.0,5.0,500.0,3.75
3.1,0.0,2,400.0,22.0,0,0.0970788002014,0,94.0,2,18,-4.82104957538,2.20169956891,5.3,3.0,5.0,500.0,3.75
3.1,0.0,2,400.0,22.0,2,0.0972678661346,0,94.0,2,16,-5.24605364197,-0.754268642848,5.3,3.0,5.0,500.0,3.75
3.1,0.0,2,400.0,22.0,2,0.0972771644592,2,94.0,2,21,-1.49318255126,5.08531276016,5.3,3.0,5.0,500.0,3.75
3.1,0.0,2,400.0,22.0,1,0.0971140861511,1,94.0,2,9,2.86539633251,-4.45864372401,5.3,3.0,5.0,500.0,3.75
3.1,0.0,2,400.0,22.0,1,0.0971670150757,0,94.0,1,14,-4.00547274408,-3.47076188991,5.3,3.0,5.0,500.0,3.75
3.1,0.0,1,400.0,22.0,0,0.0973560810089,0,94.0,2,15,-4.82104957538,-2.20169956891,5.3,3.0,5.0,500.0,3.75
3.1,0.0,2,400.0,22.0,0,0.0972371101379,-1,94.0,1,1,1.49318255126,5.08531276016,5.3,3.0,5.0,500.0,3.75
3.1,0.0,2,400.0,22.0,-2,0.0972361564636,0,94.0,2,16,-5.24605364197,-0.754268642848,5.3,3.0,5.0,500.0,3.75
3.1,0.0,2,400.0,22.0,0,0.0972208976746,0,94.0,2,8,4.00547274408,-3.47076188991,5.3,3.0,5.0,500.0,3.75
3.1,0.0,2,400.0,22.0,-1,0.097265958786,-1,94.0,2,13,-2.86539633251,-4.45864372401,5.3,3.0,5.0,500.0,3.75
3.1,0.0,2,400.0,22.0,0,0.0972189903259,0,94.0,1,17,-5.24605364197,0.754268642848,5.3,3.0,5.0,500.0,3.75
3.1,0.0,2,400.0,22.0,0,0.0972340106964,0,94.0,2,20,-2.86539633251,4.45864372401,5.3,3.0,5.0,500.0,3.75
3.1,0.0,2,400.0,22.0,0,0.0972259044647,0,94.0,1,18,-4.82104957538,2.20169956891,5.3,3.0,5.0,500.0,3.75
3.1,0.0,1,400.0,22.0,2,0.0972239971161,2,94.0,1,13,-2.86539633251,-4.45864372401,5.3,3.0,5.0,500.0,3.75
3.1,0.0,2,400.0,22.0,0,0.0972211360931,0,94.0,1,15,-4.82104957538,-2.20169956891,5.3,3.0,5.0,500.0,3.75
3.1,0.0,1,400.0,22.0,0,0.0973010063171,0,94.0,1,13,-2.86539633251,-4.45864372401,5.3,3.0,5.0,500.0,3.75
3.1,0.0,2,400.0,22.0,1,0.0972321033478,-1,94.0,1,7,4.82104957538,-2.20169956891,5.3,3.0,5.0,500.0,3.75
3.1,0.0,1,400.0,22.0,-1,0.0972418785095,-1,94.0,1,3,4.00547274408,3.47076188991,5.3,3.0,5.0,500.0,3.75
3.1,0.0,1,400.0,22.0,1,0.0972220897675,1,94.0,1,10,1.49318255126,-5.08531276016,5.3,3.0,5.0,500.0,3.75
3.1,0.0,2,400.0,22.0,-2,0.0972821712494,-2,94.0,2,20,-2.86539633251,4.45864372401,5.3,3.0,5.0,500.0,3.75
3.1,0.0,2,400.0,22.0,1,0.0971338748932,2,94.0,1,1,1.49318255126,5.08531276016,5.3,3.0,5.0,500.0,3.75
3.1,0.0,2,400.0,22.0,-1,0.0972130298615,0,94.0,2,10,1.49318255126,-5.08531276016,5.3,3.0,5.0,500.0,3.75
3.1,0.0,2,400.0,22.0,1,0.0972700119019,1,94.0,2,0,0.0,5.3,5.3,3.0,5.0,500.0,3.75
3.1,0.0,2,400.0,22.0,1,0.0972208976746,1,94.0,2,12,-1.49318255126,-5.08531276016,5.3,3.0,5.0,500.0,3.75
3.1,0.0,2,400.0,22.0,2,0.0972809791565,-2,94.0,2,4,4.82104957538,2.20169956891,5.3,3.0,5.0,500.0,3.75
3.1,0.0,1,400.0,22.0,-1,0.0972800254822,-1,94.0,1,9,2.86539633251,-4.45864372401,5.3,3.0,5.0,500.0,3.75
3.1,0.0,1,400.0,22.0,0,0.0970768928528,0,94.0,1,14,-4.00547274408,-3.47076188991,5.3,3.0,5.0,500.0,3.75
3.1,0.0,1,400.0,22.0,2,0.0972819328308,2,94.0,1,0,0.0,5.3,5.3,3.0,5.0,500.0,3.75
3.1,0.0,2,400.0,22.0,-2,0.0972859859467,-2,94.0,2,13,-2.86539633251,-4.45864372401,5.3,3.0,5.0,500.0,3.75
3.1,0.0,2,400.0,22.0,0,0.0972261428833,0,94.0,1,8,4.00547274408,-3.47076188991,5.3,3.0,5.0,500.0,3.75
3.1,0.0,2,400.0,22.0,-1,0.0970740318298,0,94.0,2,17,-5.24605364197,0.754268642848,5.3,3.0,5.0,500.0,3.75
3.1,0.0,2,400.0,22.0,1,0.0970919132233,1,94.0,2,15,-4.82104957538,-2.20169956891,5.3,3.0,5.0,500.0,3.75
3.1,0.0,2,400.0,22.0,0,0.0972709655762,0,94.0,2,5,5.24605364197,0.754268642848,5.3,3.0,5.0,500.0,3.75
3.1,0.0,2,400.0,22.0,0,0.0972819328308,2,94.0,1,17,-5.24605364197,0.754268642848,5.3,3.0,5.0,500.0,3.75
