cue-length,ms-precue,resp-v-hv,ms-st-cue,nitems,offset2,resp-h-pos,actualStimOn,resp-v-pos,ms-stimon,resp-h-hv,cue-loc-int,cue-loc-x,cue-loc-y,radius,bars-or-spot,version,offset,npractice,ntrials
3.1,0.0,2,400.0,22.0,0,0,0.0970091819763,0,94.0,1,13,-2.86539633251,-4.45864372401,5.3,0,6,-9,5.0,300.0
3.1,0.0,2,400.0,22.0,0,-1,0.0972461700439,0,94.0,1,15,-4.82104957538,-2.20169956891,5.3,0,6,-9,5.0,300.0
3.1,0.0,2,400.0,22.0,0,0,0.0972280502319,0,94.0,1,18,-4.82104957538,2.20169956891,5.3,0,6,-9,5.0,300.0
3.1,0.0,2,400.0,22.0,0,1,0.0972020626068,-1,94.0,2,21,-1.49318255126,5.08531276016,5.3,0,6,-9,5.0,300.0
3.1,0.0,2,400.0,22.0,0,0,0.097198009491,0,94.0,1,9,2.86539633251,-4.45864372401,5.3,0,6,-9,5.0,300.0
3.1,0.0,2,400.0,22.0,0,1,0.0970389842987,2,94.0,1,0,0.0,5.3,5.3,0,6,-9,5.0,300.0
3.1,0.0,2,400.0,22.0,0,2,0.0971910953522,0,94.0,1,10,1.49318255126,-5.08531276016,5.3,0,6,-9,5.0,300.0
3.1,0.0,1,400.0,22.0,0,-2,0.0970299243927,0,94.0,2,13,-2.86539633251,-4.45864372401,5.3,0,6,-9,5.0,300.0
3.1,0.0,2,400.0,22.0,0,-2,0.097156047821,0,94.0,1,18,-4.82104957538,2.20169956891,5.3,0,6,-9,5.0,300.0
3.1,0.0,1,400.0,22.0,0,0,0.0972039699554,1,94.0,1,2,2.86539633251,4.45864372401,5.3,0,6,-9,5.0,300.0
3.1,0.0,2,400.0,22.0,0,0,0.0972080230713,0,94.0,1,9,2.86539633251,-4.45864372401,5.3,0,6,-9,5.0,300.0
3.1,0.0,2,400.0,22.0,0,-1,0.0972280502319,2,94.0,1,19,-4.00547274408,3.47076188991,5.3,0,6,-9,5.0,300.0
3.1,0.0,2,400.0,22.0,0,-2,0.0972280502319,0,94.0,2,8,4.00547274408,-3.47076188991,5.3,0,6,-9,5.0,300.0
3.1,0.0,1,400.0,22.0,0,0,0.0972011089325,0,94.0,2,2,2.86539633251,4.45864372401,5.3,0,6,-9,5.0,300.0
3.1,0.0,2,400.0,22.0,0,2,0.0971920490265,0,94.0,2,15,-4.82104957538,-2.20169956891,5.3,0,6,-9,5.0,300.0
3.1,0.0,2,400.0,22.0,0,0,0.0970451831818,0,94.0,1,14,-4.00547274408,-3.47076188991,5.3,0,6,-9,5.0,300.0
3.1,0.0,2,400.0,22.0,0,0,0.0970358848572,0,94.0,1,15,-4.82104957538,-2.20169956891,5.3,0,6,-9,5.0,300.0
3.1,0.0,2,400.0,22.0,0,2,0.0970809459686,1,94.0,2,5,5.24605364197,0.754268642848,5.3,0,6,-9,5.0,300.0
3.1,0.0,2,400.0,22.0,0,1,0.0970208644867,-1,94.0,1,3,4.00547274408,3.47076188991,5.3,0,6,-9,5.0,300.0
3.1,0.0,2,400.0,22.0,0,1,0.0970301628113,0,94.0,1,6,5.24605364197,-0.754268642848,5.3,0,6,-9,5.0,300.0
3.1,0.0,1,400.0,22.0,0,1,0.0971620082855,0,94.0,1,15,-4.82104957538,-2.20169956891,5.3,0,6,-9,5.0,300.0
3.1,0.0,1,400.0,22.0,0,-2,0.0972008705139,0,94.0,2,14,-4.00547274408,-3.47076188991,5.3,0,6,-9,5.0,300.0
3.1,0.0,2,400.0,22.0,0,0,0.0972061157227,2,94.0,2,21,-1.49318255126,5.08531276016,5.3,0,6,-9,5.0,300.0
3.1,0.0,2,400.0,22.0,0,1,0.0972208976746,2,94.0,1,7,4.82104957538,-2.20169956891,5.3,0,6,-9,5.0,300.0
3.1,0.0,2,400.0,22.0,0,0,0.0972127914429,0,94.0,1,8,4.00547274408,-3.47076188991,5.3,0,6,-9,5.0,300.0
3.1,0.0,2,400.0,22.0,0,0,0.0972330570221,0,94.0,2,1,1.49318255126,5.08531276016,5.3,0,6,-9,5.0,300.0
3.1,0.0,2,400.0,22.0,0,0,0.0972609519958,0,94.0,1,20,-2.86539633251,4.45864372401,5.3,0,6,-9,5.0,300.0
3.1,0.0,2,400.0,22.0,0,0,0.0972120761871,0,94.0,1,13,-2.86539633251,-4.45864372401,5.3,0,6,-9,5.0,300.0
3.1,0.0,2,400.0,22.0,0,1,0.0971939563751,0,94.0,2,10,1.49318255126,-5.08531276016,5.3,0,6,-9,5.0,300.0
3.1,0.0,1,400.0,22.0,0,2,0.0970430374146,-1,94.0,2,3,4.00547274408,3.47076188991,5.3,0,6,-9,5.0,300.0
3.1,0.0,2,400.0,22.0,0,-1,0.0971848964691,-1,94.0,2,2,2.86539633251,4.45864372401,5.3,0,6,-9,5.0,300.0
3.1,0.0,1,400.0,22.0,0,0,0.0970270633698,-1,94.0,2,2,2.86539633251,4.45864372401,5.3,0,6,-9,5.0,300.0
3.1,0.0,1,400.0,22.0,0,-1,0.097195148468,1,94.0,2,2,2.86539633251,4.45864372401,5.3,0,6,-9,5.0,300.0
3.1,0.0,2,400.0,22.0,0,0,0.0971550941467,1,94.0,1,7,4.82104957538,-2.20169956891,5.3,0,6,-9,5.0,300.0
3.1,0.0,1,400.0,22.0,0,-1,0.0972011089325,0,94.0,1,16,-5.24605364197,-0.754268642848,5.3,0,6,-9,5.0,300.0
3.1,0.0,2,400.0,22.0,0,0,0.0971720218658,0,94.0,1,19,-4.00547274408,3.47076188991,5.3,0,6,-9,5.0,300.0
3.1,0.0,2,400.0,22.0,0,0,0.097058057785,-1,94.0,1,19,-4.00547274408,3.47076188991,5.3,0,6,-9,5.0,300.0
3.1,0.0,1,400.0,22.0,0,0,0.0972349643707,0,94.0,2,20,-2.86539633251,4.45864372401,5.3,0,6,-9,5.0,300.0
3.1,0.0,1,400.0,22.0,0,-2,0.0972309112549,0,94.0,1,10,1.49318255126,-5.08531276016,5.3,0,6,-9,5.0,300.0
3.1,0.0,2,400.0,22.0,0,-2,0.0972259044647,-2,94.0,1,19,-4.00547274408,3.47076188991,5.3,0,6,-9,5.0,300.0
3.1,0.0,1,400.0,22.0,0,0,0.0970718860626,2,94.0,1,14,-4.00547274408,-3.47076188991,5.3,0,6,-9,5.0,300.0
3.1,0.0,2,400.0,22.0,0,0,0.0970568656921,0,94.0,1,6,5.24605364197,-0.754268642848,5.3,0,6,-9,5.0,300.0
3.1,0.0,2,400.0,22.0,0,-1,0.0970759391785,1,94.0,1,15,-4.82104957538,-2.20169956891,5.3,0,6,-9,5.0,300.0
3.1,0.0,2,400.0,22.0,0,0,0.0970408916473,-2,94.0,2,9,2.86539633251,-4.45864372401,5.3,0,6,-9,5.0,300.0
3.1,0.0,1,400.0,22.0,0,0,0.0971839427948,0,94.0,2,15,-4.82104957538,-2.20169956891,5.3,0,6,-9,5.0,300.0
3.1,0.0,1,400.0,22.0,0,-2,0.0970420837402,1,94.0,1,17,-5.24605364197,0.754268642848,5.3,0,6,-9,5.0,300.0
3.1,0.0,2,400.0,22.0,0,-2,0.0970261096954,2,94.0,1,21,-1.49318255126,5.08531276016,5.3,0,6,-9,5.0,300.0
3.1,0.0,2,400.0,22.0,0,-2,0.0972049236298,1,94.0,2,18,-4.82104957538,2.20169956891,5.3,0,6,-9,5.0,300.0
3.1,0.0,2,400.0,22.0,0,0,0.097188949585,0,94.0,1,16,-5.24605364197,-0.754268642848,5.3,0,6,-9,5.0,300.0
3.1,0.0,1,400.0,22.0,0,2,0.0972149372101,1,94.0,2,9,2.86539633251,-4.45864372401,5.3,0,6,-9,5.0,300.0
3.1,0.0,1,400.0,22.0,0,-1,0.0970239639282,0,94.0,1,5,5.24605364197,0.754268642848,5.3,0,6,-9,5.0,300.0
3.1,0.0,1,400.0,22.0,0,-2,0.0972318649292,-1,94.0,1,20,-2.86539633251,4.45864372401,5.3,0,6,-9,5.0,300.0
3.1,0.0,2,400.0,22.0,0,0,0.0972218513489,-1,94.0,1,18,-4.82104957538,2.20169956891,5.3,0,6,-9,5.0,300.0
3.1,0.0,1,400.0,22.0,0,0,0.0972228050232,2,94.0,2,0,0.0,5.3,5.3,0,6,-9,5.0,300.0
3.1,0.0,1,400.0,22.0,0,1,0.0972049236298,0,94.0,1,10,1.49318255126,-5.08531276016,5.3,0,6,-9,5.0,300.0
3.1,0.0,2,400.0,22.0,0,0,0.0972189903259,0,94.0,1,7,4.82104957538,-2.20169956891,5.3,0,6,-9,5.0,300.0
3.1,0.0,2,400.0,22.0,0,0,0.0971970558167,0,94.0,1,0,0.0,5.3,5.3,0,6,-9,5.0,300.0
3.1,0.0,2,400.0,22.0,0,1,0.097058057785,1,94.0,1,12,-1.49318255126,-5.08531276016,5.3,0,6,-9,5.0,300.0
3.1,0.0,2,400.0,22.0,0,0,0.0971891880035,0,94.0,1,17,-5.24605364197,0.754268642848,5.3,0,6,-9,5.0,300.0
3.1,0.0,1,400.0,22.0,0,1,0.0972030162811,0,94.0,2,18,-4.82104957538,2.20169956891,5.3,0,6,-9,5.0,300.0
3.1,0.0,2,400.0,22.0,0,0,0.0970299243927,0,94.0,1,18,-4.82104957538,2.20169956891,5.3,0,6,-9,5.0,300.0
3.1,0.0,2,400.0,22.0,0,0,0.0972020626068,1,94.0,1,11,6.49041367526e-16,-5.3,5.3,0,6,-9,5.0,300.0
3.1,0.0,1,400.0,22.0,0,0,0.0971550941467,0,94.0,2,17,-5.24605364197,0.754268642848,5.3,0,6,-9,5.0,300.0
3.1,0.0,1,400.0,22.0,0,0,0.0971930027008,-1,94.0,1,7,4.82104957538,-2.20169956891,5.3,0,6,-9,5.0,300.0
3.1,0.0,1,400.0,22.0,0,-1,0.0971851348877,1,94.0,2,1,1.49318255126,5.08531276016,5.3,0,6,-9,5.0,300.0
3.1,0.0,2,400.0,22.0,0,1,0.0972108840942,0,94.0,2,19,-4.00547274408,3.47076188991,5.3,0,6,-9,5.0,300.0
3.1,0.0,1,400.0,22.0,0,0,0.0972170829773,-2,94.0,1,0,0.0,5.3,5.3,0,6,-9,5.0,300.0
3.1,0.0,1,400.0,22.0,0,1,0.0972189903259,-2,94.0,1,5,5.24605364197,0.754268642848,5.3,0,6,-9,5.0,300.0
3.1,0.0,2,400.0,22.0,0,-1,0.0972030162811,-1,94.0,1,10,1.49318255126,-5.08531276016,5.3,0,6,-9,5.0,300.0
3.1,0.0,1,400.0,22.0,0,-1,0.0971779823303,1,94.0,2,7,4.82104957538,-2.20169956891,5.3,0,6,-9,5.0,300.0
3.1,0.0,2,400.0,22.0,0,0,0.097195148468,0,94.0,1,16,-5.24605364197,-0.754268642848,5.3,0,6,-9,5.0,300.0
3.1,0.0,1,400.0,22.0,0,2,0.0970420837402,0,94.0,2,1,1.49318255126,5.08531276016,5.3,0,6,-9,5.0,300.0
3.1,0.0,2,400.0,22.0,0,0,0.0972201824188,0,94.0,1,1,1.49318255126,5.08531276016,5.3,0,6,-9,5.0,300.0
3.1,0.0,2,400.0,22.0,0,0,0.0972020626068,-2,94.0,1,5,5.24605364197,0.754268642848,5.3,0,6,-9,5.0,300.0
3.1,0.0,2,400.0,22.0,0,0,0.0971961021423,0,94.0,1,6,5.24605364197,-0.754268642848,5.3,0,6,-9,5.0,300.0
3.1,0.0,2,400.0,22.0,0,0,0.0970280170441,-1,94.0,2,3,4.00547274408,3.47076188991,5.3,0,6,-9,5.0,300.0
3.1,0.0,2,400.0,22.0,0,0,0.0970280170441,0,94.0,1,16,-5.24605364197,-0.754268642848,5.3,0,6,-9,5.0,300.0
3.1,0.0,1,400.0,22.0,0,1,0.0970780849457,2,94.0,1,1,1.49318255126,5.08531276016,5.3,0,6,-9,5.0,300.0
3.1,0.0,2,400.0,22.0,0,-2,0.0971620082855,0,94.0,1,4,4.82104957538,2.20169956891,5.3,0,6,-9,5.0,300.0
3.1,0.0,2,400.0,22.0,0,0,0.0972259044647,0,94.0,1,7,4.82104957538,-2.20169956891,5.3,0,6,-9,5.0,300.0
3.1,0.0,1,400.0,22.0,0,0,0.0972328186035,-1,94.0,1,16,-5.24605364197,-0.754268642848,5.3,0,6,-9,5.0,300.0
3.1,0.0,2,400.0,22.0,0,0,0.0972211360931,-1,94.0,1,9,2.86539633251,-4.45864372401,5.3,0,6,-9,5.0,300.0
3.1,0.0,1,400.0,22.0,0,1,0.0971839427948,0,94.0,2,0,0.0,5.3,5.3,0,6,-9,5.0,300.0
3.1,0.0,1,400.0,22.0,0,0,0.0972340106964,2,94.0,1,20,-2.86539633251,4.45864372401,5.3,0,6,-9,5.0,300.0
3.1,0.0,2,400.0,22.0,0,0,0.0972249507904,1,94.0,1,11,6.49041367526e-16,-5.3,5.3,0,6,-9,5.0,300.0
3.1,0.0,2,400.0,22.0,0,0,0.0974848270416,-1,94.0,1,4,4.82104957538,2.20169956891,5.3,0,6,-9,5.0,300.0
3.1,0.0,2,400.0,22.0,0,-1,0.0971870422363,1,94.0,2,13,-2.86539633251,-4.45864372401,5.3,0,6,-9,5.0,300.0
3.1,0.0,2,400.0,22.0,0,0,0.0970389842987,0,94.0,1,14,-4.00547274408,-3.47076188991,5.3,0,6,-9,5.0,300.0
3.1,0.0,2,400.0,22.0,0,0,0.0971920490265,0,94.0,1,11,6.49041367526e-16,-5.3,5.3,0,6,-9,5.0,300.0
3.1,0.0,1,400.0,22.0,0,-1,0.0970470905304,-1,94.0,2,11,6.49041367526e-16,-5.3,5.3,0,6,-9,5.0,300.0
3.1,0.0,2,400.0,22.0,0,0,0.0970342159271,0,94.0,1,8,4.00547274408,-3.47076188991,5.3,0,6,-9,5.0,300.0
3.1,0.0,2,400.0,22.0,0,0,0.0971930027008,0,94.0,1,21,-1.49318255126,5.08531276016,5.3,0,6,-9,5.0,300.0
3.1,0.0,1,400.0,22.0,0,0,0.0971548557281,0,94.0,2,6,5.24605364197,-0.754268642848,5.3,0,6,-9,5.0,300.0
3.1,0.0,1,400.0,22.0,0,2,0.0970768928528,1,94.0,2,9,2.86539633251,-4.45864372401,5.3,0,6,-9,5.0,300.0
3.1,0.0,2,400.0,22.0,0,1,0.0971610546112,0,94.0,1,9,2.86539633251,-4.45864372401,5.3,0,6,-9,5.0,300.0
3.1,0.0,2,400.0,22.0,0,0,0.0972228050232,0,94.0,1,7,4.82104957538,-2.20169956891,5.3,0,6,-9,5.0,300.0
3.1,0.0,2,400.0,22.0,0,0,0.0972142219543,0,94.0,1,7,4.82104957538,-2.20169956891,5.3,0,6,-9,5.0,300.0
3.1,0.0,1,400.0,22.0,0,2,0.0970118045807,-2,94.0,1,9,2.86539633251,-4.45864372401,5.3,0,6,-9,5.0,300.0
3.1,0.0,2,400.0,22.0,0,-1,0.097226858139,2,94.0,1,14,-4.00547274408,-3.47076188991,5.3,0,6,-9,5.0,300.0
3.1,0.0,2,400.0,22.0,0,0,0.0972230434418,-1,94.0,1,16,-5.24605364197,-0.754268642848,5.3,0,6,-9,5.0,300.0
3.1,0.0,1,400.0,22.0,0,0,0.0972259044647,-2,94.0,2,13,-2.86539633251,-4.45864372401,5.3,0,6,-9,5.0,300.0
3.1,0.0,1,400.0,22.0,0,-2,0.0971069335938,0,94.0,1,6,5.24605364197,-0.754268642848,5.3,0,6,-9,5.0,300.0
3.1,0.0,2,400.0,22.0,0,-2,0.0971820354462,-1,94.0,2,14,-4.00547274408,-3.47076188991,5.3,0,6,-9,5.0,300.0
3.1,0.0,2,400.0,22.0,0,0,0.0970599651337,1,94.0,1,2,2.86539633251,4.45864372401,5.3,0,6,-9,5.0,300.0
3.1,0.0,2,400.0,22.0,0,2,0.0970320701599,-1,94.0,2,15,-4.82104957538,-2.20169956891,5.3,0,6,-9,5.0,300.0
3.1,0.0,1,400.0,22.0,0,-1,0.0972049236298,-1,94.0,2,21,-1.49318255126,5.08531276016,5.3,0,6,-9,5.0,300.0
3.1,0.0,2,400.0,22.0,0,-2,0.0970258712769,-2,94.0,1,14,-4.00547274408,-3.47076188991,5.3,0,6,-9,5.0,300.0
3.1,0.0,2,400.0,22.0,0,1,0.0970690250397,0,94.0,1,6,5.24605364197,-0.754268642848,5.3,0,6,-9,5.0,300.0
3.1,0.0,2,400.0,22.0,0,-2,0.0971648693085,0,94.0,2,1,1.49318255126,5.08531276016,5.3,0,6,-9,5.0,300.0
3.1,0.0,1,400.0,22.0,0,0,0.0971617698669,-1,94.0,2,13,-2.86539633251,-4.45864372401,5.3,0,6,-9,5.0,300.0
3.1,0.0,1,400.0,22.0,0,0,0.0971741676331,1,94.0,1,20,-2.86539633251,4.45864372401,5.3,0,6,-9,5.0,300.0
3.1,0.0,1,400.0,22.0,0,0,0.0972168445587,2,94.0,2,10,1.49318255126,-5.08531276016,5.3,0,6,-9,5.0,300.0
3.1,0.0,2,400.0,22.0,0,1,0.0972089767456,-1,94.0,1,0,0.0,5.3,5.3,0,6,-9,5.0,300.0
3.1,0.0,1,400.0,22.0,0,0,0.09725689888,0,94.0,2,0,0.0,5.3,5.3,0,6,-9,5.0,300.0
3.1,0.0,2,400.0,22.0,0,0,0.0972349643707,0,94.0,1,15,-4.82104957538,-2.20169956891,5.3,0,6,-9,5.0,300.0
3.1,0.0,2,400.0,22.0,0,1,0.0972080230713,1,94.0,1,21,-1.49318255126,5.08531276016,5.3,0,6,-9,5.0,300.0
3.1,0.0,2,400.0,22.0,0,0,0.097226858139,0,94.0,1,6,5.24605364197,-0.754268642848,5.3,0,6,-9,5.0,300.0
3.1,0.0,2,400.0,22.0,0,1,0.0971829891205,1,94.0,1,15,-4.82104957538,-2.20169956891,5.3,0,6,-9,5.0,300.0
3.1,0.0,2,400.0,22.0,0,0,0.0970408916473,-1,94.0,1,6,5.24605364197,-0.754268642848,5.3,0,6,-9,5.0,300.0
3.1,0.0,2,400.0,22.0,0,-2,0.0971949100494,1,94.0,1,3,4.00547274408,3.47076188991,5.3,0,6,-9,5.0,300.0
3.1,0.0,2,400.0,22.0,0,0,0.0973379611969,0,94.0,1,6,5.24605364197,-0.754268642848,5.3,0,6,-9,5.0,300.0
3.1,0.0,1,400.0,22.0,0,2,0.0971598625183,-1,94.0,1,5,5.24605364197,0.754268642848,5.3,0,6,-9,5.0,300.0
3.1,0.0,1,400.0,22.0,0,0,0.0971939563751,-2,94.0,1,1,1.49318255126,5.08531276016,5.3,0,6,-9,5.0,300.0
3.1,0.0,1,400.0,22.0,0,0,0.0971939563751,0,94.0,2,7,4.82104957538,-2.20169956891,5.3,0,6,-9,5.0,300.0
3.1,0.0,1,400.0,22.0,0,0,0.0972170829773,0,94.0,2,3,4.00547274408,3.47076188991,5.3,0,6,-9,5.0,300.0
3.1,0.0,1,400.0,22.0,0,0,0.097177028656,0,94.0,2,21,-1.49318255126,5.08531276016,5.3,0,6,-9,5.0,300.0
3.1,0.0,1,400.0,22.0,0,-1,0.097188949585,-2,94.0,1,13,-2.86539633251,-4.45864372401,5.3,0,6,-9,5.0,300.0
3.1,0.0,1,400.0,22.0,0,2,0.0972559452057,0,94.0,2,8,4.00547274408,-3.47076188991,5.3,0,6,-9,5.0,300.0
3.1,0.0,1,400.0,22.0,0,1,0.0972230434418,0,94.0,2,4,4.82104957538,2.20169956891,5.3,0,6,-9,5.0,300.0
3.1,0.0,2,400.0,22.0,0,1,0.0972580909729,2,94.0,2,20,-2.86539633251,4.45864372401,5.3,0,6,-9,5.0,300.0
3.1,0.0,2,400.0,22.0,0,0,0.0971961021423,0,94.0,1,7,4.82104957538,-2.20169956891,5.3,0,6,-9,5.0,300.0
3.1,0.0,2,400.0,22.0,0,0,0.0970511436462,0,94.0,1,7,4.82104957538,-2.20169956891,5.3,0,6,-9,5.0,300.0
3.1,0.0,1,400.0,22.0,0,2,0.0972061157227,0,94.0,2,1,1.49318255126,5.08531276016,5.3,0,6,-9,5.0,300.0
3.1,0.0,2,400.0,22.0,0,-1,0.0971970558167,1,94.0,1,14,-4.00547274408,-3.47076188991,5.3,0,6,-9,5.0,300.0
3.1,0.0,2,400.0,22.0,0,0,0.0970540046692,0,94.0,1,15,-4.82104957538,-2.20169956891,5.3,0,6,-9,5.0,300.0
3.1,0.0,2,400.0,22.0,0,1,0.0972118377686,0,94.0,1,4,4.82104957538,2.20169956891,5.3,0,6,-9,5.0,300.0
3.1,0.0,2,400.0,22.0,0,-1,0.0972020626068,1,94.0,2,4,4.82104957538,2.20169956891,5.3,0,6,-9,5.0,300.0
3.1,0.0,1,400.0,22.0,0,2,0.0970211029053,1,94.0,2,3,4.00547274408,3.47076188991,5.3,0,6,-9,5.0,300.0
3.1,0.0,2,400.0,22.0,0,1,0.0972011089325,-1,94.0,2,11,6.49041367526e-16,-5.3,5.3,0,6,-9,5.0,300.0
3.1,0.0,2,400.0,22.0,0,-2,0.097186088562,-2,94.0,1,9,2.86539633251,-4.45864372401,5.3,0,6,-9,5.0,300.0
3.1,0.0,2,400.0,22.0,0,2,0.0971729755402,0,94.0,1,10,1.49318255126,-5.08531276016,5.3,0,6,-9,5.0,300.0
3.1,0.0,1,400.0,22.0,0,0,0.0974199771881,0,94.0,2,7,4.82104957538,-2.20169956891,5.3,0,6,-9,5.0,300.0
3.1,0.0,1,400.0,22.0,0,0,0.0972189903259,-1,94.0,2,0,0.0,5.3,5.3,0,6,-9,5.0,300.0
3.1,0.0,2,400.0,22.0,0,0,0.0972189903259,1,94.0,1,9,2.86539633251,-4.45864372401,5.3,0,6,-9,5.0,300.0
3.1,0.0,1,400.0,22.0,0,-2,0.0972092151642,-2,94.0,1,1,1.49318255126,5.08531276016,5.3,0,6,-9,5.0,300.0
3.1,0.0,2,400.0,22.0,0,-1,0.0972149372101,0,94.0,1,2,2.86539633251,4.45864372401,5.3,0,6,-9,5.0,300.0
3.1,0.0,2,400.0,22.0,0,0,0.0972409248352,0,94.0,1,14,-4.00547274408,-3.47076188991,5.3,0,6,-9,5.0,300.0
3.1,0.0,2,400.0,22.0,0,-1,0.0972239971161,0,94.0,1,13,-2.86539633251,-4.45864372401,5.3,0,6,-9,5.0,300.0
3.1,0.0,1,400.0,22.0,0,1,0.0972158908844,1,94.0,1,2,2.86539633251,4.45864372401,5.3,0,6,-9,5.0,300.0
3.1,0.0,2,400.0,22.0,0,0,0.0971899032593,0,94.0,1,5,5.24605364197,0.754268642848,5.3,0,6,-9,5.0,300.0
3.1,0.0,1,400.0,22.0,0,-1,0.0972108840942,0,94.0,2,4,4.82104957538,2.20169956891,5.3,0,6,-9,5.0,300.0
3.1,0.0,2,400.0,22.0,0,-1,0.0972099304199,0,94.0,1,3,4.00547274408,3.47076188991,5.3,0,6,-9,5.0,300.0
3.1,0.0,2,400.0,22.0,0,2,0.0971939563751,2,94.0,2,20,-2.86539633251,4.45864372401,5.3,0,6,-9,5.0,300.0
3.1,0.0,1,400.0,22.0,0,1,0.0971620082855,1,94.0,2,3,4.00547274408,3.47076188991,5.3,0,6,-9,5.0,300.0
3.1,0.0,2,400.0,22.0,0,1,0.0972130298615,1,94.0,1,17,-5.24605364197,0.754268642848,5.3,0,6,-9,5.0,300.0
3.1,0.0,2,400.0,22.0,0,0,0.0972020626068,0,94.0,1,0,0.0,5.3,5.3,0,6,-9,5.0,300.0
3.1,0.0,2,400.0,22.0,0,0,0.0972230434418,1,94.0,1,8,4.00547274408,-3.47076188991,5.3,0,6,-9,5.0,300.0
3.1,0.0,1,400.0,22.0,0,2,0.0972330570221,1,94.0,1,19,-4.00547274408,3.47076188991,5.3,0,6,-9,5.0,300.0
3.1,0.0,2,400.0,22.0,0,0,0.0971519947052,0,94.0,1,6,5.24605364197,-0.754268642848,5.3,0,6,-9,5.0,300.0
3.1,0.0,2,400.0,22.0,0,2,0.0972239971161,2,94.0,1,21,-1.49318255126,5.08531276016,5.3,0,6,-9,5.0,300.0
3.1,0.0,1,400.0,22.0,0,2,0.0972290039062,1,94.0,1,13,-2.86539633251,-4.45864372401,5.3,0,6,-9,5.0,300.0
3.1,0.0,1,400.0,22.0,0,0,0.0971088409424,1,94.0,1,3,4.00547274408,3.47076188991,5.3,0,6,-9,5.0,300.0
3.1,0.0,2,400.0,22.0,0,0,0.0972390174866,0,94.0,1,9,2.86539633251,-4.45864372401,5.3,0,6,-9,5.0,300.0
3.1,0.0,1,400.0,22.0,0,-1,0.0972301959991,0,94.0,2,9,2.86539633251,-4.45864372401,5.3,0,6,-9,5.0,300.0
3.1,0.0,2,400.0,22.0,0,0,0.097216129303,-1,94.0,2,4,4.82104957538,2.20169956891,5.3,0,6,-9,5.0,300.0
3.1,0.0,2,400.0,22.0,0,-1,0.097195148468,-2,94.0,2,21,-1.49318255126,5.08531276016,5.3,0,6,-9,5.0,300.0
3.1,0.0,2,400.0,22.0,0,0,0.0970380306244,0,94.0,1,12,-1.49318255126,-5.08531276016,5.3,0,6,-9,5.0,300.0
3.1,0.0,2,400.0,22.0,0,2,0.0971930027008,2,94.0,1,3,4.00547274408,3.47076188991,5.3,0,6,-9,5.0,300.0
3.1,0.0,2,400.0,22.0,0,0,0.0970220565796,0,94.0,1,10,1.49318255126,-5.08531276016,5.3,0,6,-9,5.0,300.0
3.1,0.0,2,400.0,22.0,0,0,0.0971961021423,0,94.0,1,14,-4.00547274408,-3.47076188991,5.3,0,6,-9,5.0,300.0
3.1,0.0,2,400.0,22.0,0,-1,0.0970480442047,-1,94.0,1,11,6.49041367526e-16,-5.3,5.3,0,6,-9,5.0,300.0
3.1,0.0,2,400.0,22.0,0,0,0.0970358848572,1,94.0,1,10,1.49318255126,-5.08531276016,5.3,0,6,-9,5.0,300.0
3.1,0.0,1,400.0,22.0,0,0,0.0971999168396,0,94.0,2,17,-5.24605364197,0.754268642848,5.3,0,6,-9,5.0,300.0
3.1,0.0,2,400.0,22.0,0,0,0.0970120429993,0,94.0,1,15,-4.82104957538,-2.20169956891,5.3,0,6,-9,5.0,300.0
3.1,0.0,2,400.0,22.0,0,0,0.0971698760986,-2,94.0,2,0,0.0,5.3,5.3,0,6,-9,5.0,300.0
3.1,0.0,2,400.0,22.0,0,-2,0.0972111225128,-2,94.0,2,14,-4.00547274408,-3.47076188991,5.3,0,6,-9,5.0,300.0
3.1,0.0,1,400.0,22.0,0,-1,0.0972330570221,0,94.0,1,1,1.49318255126,5.08531276016,5.3,0,6,-9,5.0,300.0
3.1,0.0,1,400.0,22.0,0,0,0.0972349643707,2,94.0,1,9,2.86539633251,-4.45864372401,5.3,0,6,-9,5.0,300.0
3.1,0.0,1,400.0,22.0,0,1,0.0972621440887,1,94.0,2,10,1.49318255126,-5.08531276016,5.3,0,6,-9,5.0,300.0
3.1,0.0,1,400.0,22.0,0,-1,0.0972130298615,-2,94.0,1,4,4.82104957538,2.20169956891,5.3,0,6,-9,5.0,300.0
3.1,0.0,2,400.0,22.0,0,-1,0.0971808433533,0,94.0,1,17,-5.24605364197,0.754268642848,5.3,0,6,-9,5.0,300.0
3.1,0.0,2,400.0,22.0,0,0,0.0972259044647,-1,94.0,1,9,2.86539633251,-4.45864372401,5.3,0,6,-9,5.0,300.0
3.1,0.0,2,400.0,22.0,0,0,0.0971970558167,0,94.0,1,18,-4.82104957538,2.20169956891,5.3,0,6,-9,5.0,300.0
3.1,0.0,2,400.0,22.0,0,1,0.0970590114594,0,94.0,1,4,4.82104957538,2.20169956891,5.3,0,6,-9,5.0,300.0
3.1,0.0,2,400.0,22.0,0,0,0.0971829891205,0,94.0,1,6,5.24605364197,-0.754268642848,5.3,0,6,-9,5.0,300.0
3.1,0.0,1,400.0,22.0,0,1,0.0970368385315,0,94.0,1,0,0.0,5.3,5.3,0,6,-9,5.0,300.0
3.1,0.0,2,400.0,22.0,0,0,0.0972239971161,0,94.0,1,15,-4.82104957538,-2.20169956891,5.3,0,6,-9,5.0,300.0
3.1,0.0,2,400.0,22.0,0,0,0.0971808433533,0,94.0,1,8,4.00547274408,-3.47076188991,5.3,0,6,-9,5.0,300.0
3.1,0.0,2,400.0,22.0,0,0,0.0972018241882,0,94.0,1,9,2.86539633251,-4.45864372401,5.3,0,6,-9,5.0,300.0
3.1,0.0,2,400.0,22.0,0,2,0.0972011089325,0,94.0,2,6,5.24605364197,-0.754268642848,5.3,0,6,-9,5.0,300.0
3.1,0.0,1,400.0,22.0,0,1,0.0972008705139,0,94.0,2,18,-4.82104957538,2.20169956891,5.3,0,6,-9,5.0,300.0
3.1,0.0,1,400.0,22.0,0,-2,0.0970180034637,1,94.0,2,14,-4.00547274408,-3.47076188991,5.3,0,6,-9,5.0,300.0
3.1,0.0,2,400.0,22.0,0,2,0.0971789360046,-1,94.0,2,17,-5.24605364197,0.754268642848,5.3,0,6,-9,5.0,300.0
3.1,0.0,2,400.0,22.0,0,2,0.0972261428833,0,94.0,1,18,-4.82104957538,2.20169956891,5.3,0,6,-9,5.0,300.0
3.1,0.0,2,400.0,22.0,0,0,0.0972211360931,0,94.0,1,5,5.24605364197,0.754268642848,5.3,0,6,-9,5.0,300.0
3.1,0.0,2,400.0,22.0,0,-2,0.0972168445587,0,94.0,2,14,-4.00547274408,-3.47076188991,5.3,0,6,-9,5.0,300.0
3.1,0.0,1,400.0,22.0,0,-2,0.0972127914429,-2,94.0,1,19,-4.00547274408,3.47076188991,5.3,0,6,-9,5.0,300.0
3.1,0.0,1,400.0,22.0,0,1,0.0972371101379,0,94.0,1,21,-1.49318255126,5.08531276016,5.3,0,6,-9,5.0,300.0
3.1,0.0,2,400.0,22.0,0,-2,0.0972368717194,0,94.0,1,5,5.24605364197,0.754268642848,5.3,0,6,-9,5.0,300.0
3.1,0.0,2,400.0,22.0,0,0,0.0971820354462,0,94.0,1,5,5.24605364197,0.754268642848,5.3,0,6,-9,5.0,300.0
3.1,0.0,2,400.0,22.0,0,0,0.0970551967621,0,94.0,1,6,5.24605364197,-0.754268642848,5.3,0,6,-9,5.0,300.0
3.1,0.0,2,400.0,22.0,0,0,0.0971138477325,-1,94.0,2,19,-4.00547274408,3.47076188991,5.3,0,6,-9,5.0,300.0
3.1,0.0,1,400.0,22.0,0,2,0.0971961021423,0,94.0,1,11,6.49041367526e-16,-5.3,5.3,0,6,-9,5.0,300.0
3.1,0.0,1,400.0,22.0,0,0,0.0970251560211,-2,94.0,1,1,1.49318255126,5.08531276016,5.3,0,6,-9,5.0,300.0
3.1,0.0,1,400.0,22.0,0,-1,0.0972001552582,0,94.0,1,20,-2.86539633251,4.45864372401,5.3,0,6,-9,5.0,300.0
3.1,0.0,2,400.0,22.0,0,0,0.0972218513489,0,94.0,1,11,6.49041367526e-16,-5.3,5.3,0,6,-9,5.0,300.0
3.1,0.0,2,400.0,22.0,0,1,0.0971989631653,1,94.0,1,2,2.86539633251,4.45864372401,5.3,0,6,-9,5.0,300.0
3.1,0.0,2,400.0,22.0,0,0,0.0970277786255,0,94.0,1,12,-1.49318255126,-5.08531276016,5.3,0,6,-9,5.0,300.0
3.1,0.0,2,400.0,22.0,0,0,0.0971970558167,-1,94.0,1,21,-1.49318255126,5.08531276016,5.3,0,6,-9,5.0,300.0
3.1,0.0,1,400.0,22.0,0,0,0.0971841812134,-2,94.0,1,1,1.49318255126,5.08531276016,5.3,0,6,-9,5.0,300.0
3.1,0.0,2,400.0,22.0,0,0,0.0970239639282,0,94.0,1,6,5.24605364197,-0.754268642848,5.3,0,6,-9,5.0,300.0
3.1,0.0,2,400.0,22.0,0,0,0.0970160961151,2,94.0,1,18,-4.82104957538,2.20169956891,5.3,0,6,-9,5.0,300.0
3.1,0.0,2,400.0,22.0,0,0,0.0971949100494,0,94.0,1,7,4.82104957538,-2.20169956891,5.3,0,6,-9,5.0,300.0
3.1,0.0,2,400.0,22.0,0,-2,0.0972151756287,2,94.0,2,3,4.00547274408,3.47076188991,5.3,0,6,-9,5.0,300.0
3.1,0.0,2,400.0,22.0,0,0,0.0972249507904,0,94.0,1,7,4.82104957538,-2.20169956891,5.3,0,6,-9,5.0,300.0
3.1,0.0,2,400.0,22.0,0,0,0.0972440242767,1,94.0,1,5,5.24605364197,0.754268642848,5.3,0,6,-9,5.0,300.0
3.1,0.0,1,400.0,22.0,0,0,0.097195148468,0,94.0,2,9,2.86539633251,-4.45864372401,5.3,0,6,-9,5.0,300.0
3.1,0.0,2,400.0,22.0,0,0,0.0970461368561,0,94.0,1,11,6.49041367526e-16,-5.3,5.3,0,6,-9,5.0,300.0
3.1,0.0,2,400.0,22.0,0,2,0.0971920490265,1,94.0,2,9,2.86539633251,-4.45864372401,5.3,0,6,-9,5.0,300.0
3.1,0.0,2,400.0,22.0,0,0,0.097039937973,-1,94.0,1,12,-1.49318255126,-5.08531276016,5.3,0,6,-9,5.0,300.0
3.1,0.0,2,400.0,22.0,0,0,0.097275018692,0,94.0,1,0,0.0,5.3,5.3,0,6,-9,5.0,300.0
3.1,0.0,2,400.0,22.0,0,-2,0.0971891880035,0,94.0,1,13,-2.86539633251,-4.45864372401,5.3,0,6,-9,5.0,300.0
3.1,0.0,1,400.0,22.0,0,0,0.0970258712769,2,94.0,2,18,-4.82104957538,2.20169956891,5.3,0,6,-9,5.0,300.0
3.1,0.0,2,400.0,22.0,0,0,0.0972011089325,0,94.0,1,14,-4.00547274408,-3.47076188991,5.3,0,6,-9,5.0,300.0
3.1,0.0,2,400.0,22.0,0,0,0.0970299243927,0,94.0,1,11,6.49041367526e-16,-5.3,5.3,0,6,-9,5.0,300.0
3.1,0.0,1,400.0,22.0,0,-1,0.0971870422363,-2,94.0,1,18,-4.82104957538,2.20169956891,5.3,0,6,-9,5.0,300.0
3.1,0.0,2,400.0,22.0,0,0,0.0971970558167,0,94.0,1,12,-1.49318255126,-5.08531276016,5.3,0,6,-9,5.0,300.0
3.1,0.0,2,400.0,22.0,0,-2,0.0971989631653,0,94.0,1,18,-4.82104957538,2.20169956891,5.3,0,6,-9,5.0,300.0
3.1,0.0,1,400.0,22.0,0,-1,0.0972230434418,0,94.0,2,0,0.0,5.3,5.3,0,6,-9,5.0,300.0
3.1,0.0,2,400.0,22.0,0,0,0.0972671508789,0,94.0,1,21,-1.49318255126,5.08531276016,5.3,0,6,-9,5.0,300.0
3.1,0.0,2,400.0,22.0,0,0,0.0971879959106,2,94.0,1,15,-4.82104957538,-2.20169956891,5.3,0,6,-9,5.0,300.0
3.1,0.0,2,400.0,22.0,0,0,0.0972249507904,0,94.0,1,11,6.49041367526e-16,-5.3,5.3,0,6,-9,5.0,300.0
3.1,0.0,2,400.0,22.0,0,0,0.097195148468,0,94.0,1,7,4.82104957538,-2.20169956891,5.3,0,6,-9,5.0,300.0
3.1,0.0,2,400.0,22.0,0,-1,0.0972230434418,-1,94.0,1,9,2.86539633251,-4.45864372401,5.3,0,6,-9,5.0,300.0
3.1,0.0,1,400.0,22.0,0,-1,0.0972299575806,0,94.0,1,6,5.24605364197,-0.754268642848,5.3,0,6,-9,5.0,300.0
3.1,0.0,2,400.0,22.0,0,0,0.097195148468,0,94.0,1,10,1.49318255126,-5.08531276016,5.3,0,6,-9,5.0,300.0
3.1,0.0,2,400.0,22.0,0,1,0.0970599651337,-2,94.0,1,0,0.0,5.3,5.3,0,6,-9,5.0,300.0
3.1,0.0,2,400.0,22.0,0,-1,0.0971920490265,-1,94.0,1,17,-5.24605364197,0.754268642848,5.3,0,6,-9,5.0,300.0
3.1,0.0,1,400.0,22.0,0,-1,0.0970339775085,2,94.0,2,19,-4.00547274408,3.47076188991,5.3,0,6,-9,5.0,300.0
3.1,0.0,2,400.0,22.0,0,0,0.0971858501434,0,94.0,2,17,-5.24605364197,0.754268642848,5.3,0,6,-9,5.0,300.0
3.1,0.0,2,400.0,22.0,0,0,0.0970368385315,0,94.0,1,15,-4.82104957538,-2.20169956891,5.3,0,6,-9,5.0,300.0
3.1,0.0,2,400.0,22.0,0,0,0.0972349643707,0,94.0,1,8,4.00547274408,-3.47076188991,5.3,0,6,-9,5.0,300.0
3.1,0.0,1,400.0,22.0,0,-1,0.0970339775085,0,94.0,1,2,2.86539633251,4.45864372401,5.3,0,6,-9,5.0,300.0
3.1,0.0,1,400.0,22.0,0,0,0.0971949100494,1,94.0,1,15,-4.82104957538,-2.20169956891,5.3,0,6,-9,5.0,300.0
3.1,0.0,2,400.0,22.0,0,2,0.0971689224243,-1,94.0,2,14,-4.00547274408,-3.47076188991,5.3,0,6,-9,5.0,300.0
3.1,0.0,2,400.0,22.0,0,0,0.0972330570221,1,94.0,1,5,5.24605364197,0.754268642848,5.3,0,6,-9,5.0,300.0
3.1,0.0,1,400.0,22.0,0,0,0.0970060825348,1,94.0,1,4,4.82104957538,2.20169956891,5.3,0,6,-9,5.0,300.0
3.1,0.0,1,400.0,22.0,0,-2,0.097216129303,2,94.0,2,21,-1.49318255126,5.08531276016,5.3,0,6,-9,5.0,300.0
3.1,0.0,1,400.0,22.0,0,1,0.0972321033478,-1,94.0,1,20,-2.86539633251,4.45864372401,5.3,0,6,-9,5.0,300.0
3.1,0.0,2,400.0,22.0,0,0,0.0971910953522,0,94.0,1,6,5.24605364197,-0.754268642848,5.3,0,6,-9,5.0,300.0
3.1,0.0,1,400.0,22.0,0,0,0.0972239971161,2,94.0,1,14,-4.00547274408,-3.47076188991,5.3,0,6,-9,5.0,300.0
3.1,0.0,2,400.0,22.0,0,0,0.0972280502319,0,94.0,1,3,4.00547274408,3.47076188991,5.3,0,6,-9,5.0,300.0
3.1,0.0,1,400.0,22.0,0,0,0.0972201824188,-1,94.0,2,3,4.00547274408,3.47076188991,5.3,0,6,-9,5.0,300.0
3.1,0.0,1,400.0,22.0,0,0,0.097188949585,0,94.0,2,16,-5.24605364197,-0.754268642848,5.3,0,6,-9,5.0,300.0
3.1,0.0,1,400.0,22.0,0,-1,0.0971970558167,-1,94.0,1,14,-4.00547274408,-3.47076188991,5.3,0,6,-9,5.0,300.0
3.1,0.0,2,400.0,22.0,0,0,0.0970451831818,0,94.0,1,15,-4.82104957538,-2.20169956891,5.3,0,6,-9,5.0,300.0
3.1,0.0,2,400.0,22.0,0,0,0.0972120761871,2,94.0,1,9,2.86539633251,-4.45864372401,5.3,0,6,-9,5.0,300.0
3.1,0.0,1,400.0,22.0,0,0,0.0972001552582,-1,94.0,1,15,-4.82104957538,-2.20169956891,5.3,0,6,-9,5.0,300.0
3.1,0.0,2,400.0,22.0,0,0,0.0970220565796,0,94.0,1,15,-4.82104957538,-2.20169956891,5.3,0,6,-9,5.0,300.0
3.1,0.0,2,400.0,22.0,0,0,0.0972208976746,-1,94.0,1,11,6.49041367526e-16,-5.3,5.3,0,6,-9,5.0,300.0
3.1,0.0,2,400.0,22.0,0,-2,0.0972118377686,1,94.0,1,4,4.82104957538,2.20169956891,5.3,0,6,-9,5.0,300.0
3.1,0.0,2,400.0,22.0,0,0,0.0972061157227,0,94.0,1,0,0.0,5.3,5.3,0,6,-9,5.0,300.0
3.1,0.0,2,400.0,22.0,0,-2,0.0971529483795,0,94.0,1,18,-4.82104957538,2.20169956891,5.3,0,6,-9,5.0,300.0
3.1,0.0,2,400.0,22.0,0,0,0.0971989631653,0,94.0,1,14,-4.00547274408,-3.47076188991,5.3,0,6,-9,5.0,300.0
3.1,0.0,1,400.0,22.0,0,0,0.0972051620483,-2,94.0,2,9,2.86539633251,-4.45864372401,5.3,0,6,-9,5.0,300.0
3.1,0.0,2,400.0,22.0,0,0,0.097039937973,0,94.0,1,5,5.24605364197,0.754268642848,5.3,0,6,-9,5.0,300.0
3.1,0.0,2,400.0,22.0,0,0,0.0972280502319,0,94.0,1,4,4.82104957538,2.20169956891,5.3,0,6,-9,5.0,300.0
3.1,0.0,1,400.0,22.0,0,0,0.0972311496735,0,94.0,2,5,5.24605364197,0.754268642848,5.3,0,6,-9,5.0,300.0
3.1,0.0,2,400.0,22.0,0,0,0.097216129303,2,94.0,1,1,1.49318255126,5.08531276016,5.3,0,6,-9,5.0,300.0
3.1,0.0,2,400.0,22.0,0,0,0.0972189903259,0,94.0,1,21,-1.49318255126,5.08531276016,5.3,0,6,-9,5.0,300.0
3.1,0.0,2,400.0,22.0,0,0,0.0970938205719,-1,94.0,1,21,-1.49318255126,5.08531276016,5.3,0,6,-9,5.0,300.0
3.1,0.0,2,400.0,22.0,0,-1,0.097198009491,1,94.0,2,19,-4.00547274408,3.47076188991,5.3,0,6,-9,5.0,300.0
3.1,0.0,1,400.0,22.0,0,0,0.0970709323883,2,94.0,1,10,1.49318255126,-5.08531276016,5.3,0,6,-9,5.0,300.0
3.1,0.0,1,400.0,22.0,0,0,0.0971899032593,0,94.0,2,9,2.86539633251,-4.45864372401,5.3,0,6,-9,5.0,300.0
3.1,0.0,2,400.0,22.0,0,2,0.0970768928528,2,94.0,2,17,-5.24605364197,0.754268642848,5.3,0,6,-9,5.0,300.0
3.1,0.0,2,400.0,22.0,0,0,0.0972039699554,0,94.0,1,7,4.82104957538,-2.20169956891,5.3,0,6,-9,5.0,300.0
3.1,0.0,2,400.0,22.0,0,0,0.0970599651337,0,94.0,1,11,6.49041367526e-16,-5.3,5.3,0,6,-9,5.0,300.0
3.1,0.0,1,400.0,22.0,0,2,0.0971968173981,0,94.0,1,13,-2.86539633251,-4.45864372401,5.3,0,6,-9,5.0,300.0
3.1,0.0,2,400.0,22.0,0,1,0.0970640182495,1,94.0,1,5,5.24605364197,0.754268642848,5.3,0,6,-9,5.0,300.0
3.1,0.0,2,400.0,22.0,0,1,0.0971970558167,-1,94.0,2,8,4.00547274408,-3.47076188991,5.3,0,6,-9,5.0,300.0
3.1,0.0,1,400.0,22.0,0,0,0.0971958637238,0,94.0,2,19,-4.00547274408,3.47076188991,5.3,0,6,-9,5.0,300.0
3.1,0.0,1,400.0,22.0,0,0,0.0971879959106,1,94.0,2,1,1.49318255126,5.08531276016,5.3,0,6,-9,5.0,300.0
3.1,0.0,1,400.0,22.0,0,1,0.0972180366516,-1,94.0,1,2,2.86539633251,4.45864372401,5.3,0,6,-9,5.0,300.0
3.1,0.0,2,400.0,22.0,0,2,0.0972170829773,0,94.0,1,9,2.86539633251,-4.45864372401,5.3,0,6,-9,5.0,300.0
3.1,0.0,2,400.0,22.0,0,0,0.0972309112549,0,94.0,1,16,-5.24605364197,-0.754268642848,5.3,0,6,-9,5.0,300.0
3.1,0.0,2,400.0,22.0,0,0,0.0972061157227,0,94.0,1,11,6.49041367526e-16,-5.3,5.3,0,6,-9,5.0,300.0
3.1,0.0,2,400.0,22.0,0,0,0.097216129303,0,94.0,2,19,-4.00547274408,3.47076188991,5.3,0,6,-9,5.0,300.0
3.1,0.0,2,400.0,22.0,0,-1,0.0972290039062,-1,94.0,2,21,-1.49318255126,5.08531276016,5.3,0,6,-9,5.0,300.0
3.1,0.0,2,400.0,22.0,0,1,0.0972301959991,0,94.0,2,18,-4.82104957538,2.20169956891,5.3,0,6,-9,5.0,300.0
3.1,0.0,2,400.0,22.0,0,0,0.0971961021423,0,94.0,1,0,0.0,5.3,5.3,0,6,-9,5.0,300.0
3.1,0.0,2,400.0,22.0,0,0,0.0972080230713,0,94.0,1,8,4.00547274408,-3.47076188991,5.3,0,6,-9,5.0,300.0
3.1,0.0,2,400.0,22.0,0,0,0.0972039699554,0,94.0,1,5,5.24605364197,0.754268642848,5.3,0,6,-9,5.0,300.0
3.1,0.0,1,400.0,22.0,0,0,0.0970799922943,-2,94.0,1,12,-1.49318255126,-5.08531276016,5.3,0,6,-9,5.0,300.0
3.1,0.0,2,400.0,22.0,0,2,0.0970759391785,1,94.0,1,20,-2.86539633251,4.45864372401,5.3,0,6,-9,5.0,300.0
3.1,0.0,2,400.0,22.0,0,-1,0.0970709323883,-1,94.0,2,1,1.49318255126,5.08531276016,5.3,0,6,-9,5.0,300.0
3.1,0.0,1,400.0,22.0,0,-2,0.097198009491,-1,94.0,2,10,1.49318255126,-5.08531276016,5.3,0,6,-9,5.0,300.0
3.1,0.0,2,400.0,22.0,0,-1,0.0970189571381,1,94.0,2,16,-5.24605364197,-0.754268642848,5.3,0,6,-9,5.0,300.0
3.1,0.0,2,400.0,22.0,0,1,0.0972142219543,0,94.0,1,12,-1.49318255126,-5.08531276016,5.3,0,6,-9,5.0,300.0
3.1,0.0,2,400.0,22.0,0,0,0.0970740318298,0,94.0,1,5,5.24605364197,0.754268642848,5.3,0,6,-9,5.0,300.0
3.1,0.0,2,400.0,22.0,0,0,0.0971500873566,1,94.0,1,2,2.86539633251,4.45864372401,5.3,0,6,-9,5.0,300.0
