cue-length,ms-precue,resp-v-hv,ms-st-cue,nitems,offset2,resp-h-pos,actualStimOn,resp-v-pos,ms-stimon,resp-h-hv,cue-loc-int,cue-loc-x,cue-loc-y,radius,bars-or-spot,version,offset,npractice,ntrials
3.1,0.0,2,400.0,22.0,0,0,0.0971989631653,0,94.0,1,16,-5.24605364197,-0.754268642848,5.3,1,12,0,5.0,400.0
3.1,0.0,1,400.0,22.0,0,0,0.0971958637238,2,94.0,1,11,6.49041367526e-16,-5.3,5.3,1,12,0,5.0,400.0
3.1,0.0,1,400.0,22.0,0,0,0.0970239639282,-2,94.0,1,13,-2.86539633251,-4.45864372401,5.3,1,12,0,5.0,400.0
3.1,0.0,2,400.0,22.0,0,0,0.0970060825348,0,94.0,2,4,4.82104957538,2.20169956891,5.3,1,12,0,5.0,400.0
3.1,0.0,2,400.0,22.0,0,1,0.0971698760986,-2,94.0,1,8,4.00547274408,-3.47076188991,5.3,1,12,0,5.0,400.0
3.1,0.0,2,400.0,22.0,0,-1,0.097198009491,-1,94.0,2,4,4.82104957538,2.20169956891,5.3,1,12,0,5.0,400.0
3.1,0.0,2,400.0,22.0,0,1,0.0971961021423,-2,94.0,2,10,1.49318255126,-5.08531276016,5.3,1,12,0,5.0,400.0
3.1,0.0,1,400.0,22.0,0,0,0.0972001552582,0,94.0,1,3,4.00547274408,3.47076188991,5.3,1,12,0,5.0,400.0
3.1,0.0,2,400.0,22.0,0,-2,0.097128868103,1,94.0,1,21,-1.49318255126,5.08531276016,5.3,1,12,0,5.0,400.0
3.1,0.0,2,400.0,22.0,0,0,0.0971648693085,0,94.0,1,7,4.82104957538,-2.20169956891,5.3,1,12,0,5.0,400.0
3.1,0.0,1,400.0,22.0,0,0,0.097188949585,0,94.0,1,1,1.49318255126,5.08531276016,5.3,1,12,0,5.0,400.0
3.1,0.0,1,400.0,22.0,0,0,0.0970208644867,0,94.0,2,4,4.82104957538,2.20169956891,5.3,1,12,0,5.0,400.0
3.1,0.0,1,400.0,22.0,0,-2,0.0971999168396,0,94.0,2,17,-5.24605364197,0.754268642848,5.3,1,12,0,5.0,400.0
3.1,0.0,1,400.0,22.0,0,0,0.0971808433533,0,94.0,1,0,0.0,5.3,5.3,1,12,0,5.0,400.0
3.1,0.0,1,400.0,22.0,0,1,0.0971961021423,0,94.0,2,20,-2.86539633251,4.45864372401,5.3,1,12,0,5.0,400.0
3.1,0.0,2,400.0,22.0,0,2,0.0972001552582,2,94.0,2,11,6.49041367526e-16,-5.3,5.3,1,12,0,5.0,400.0
3.1,0.0,2,400.0,22.0,0,1,0.0972039699554,1,94.0,2,15,-4.82104957538,-2.20169956891,5.3,1,12,0,5.0,400.0
3.1,0.0,1,400.0,22.0,0,0,0.0971939563751,-1,94.0,1,7,4.82104957538,-2.20169956891,5.3,1,12,0,5.0,400.0
3.1,0.0,1,400.0,22.0,0,0,0.0971920490265,0,94.0,2,18,-4.82104957538,2.20169956891,5.3,1,12,0,5.0,400.0
3.1,0.0,2,400.0,22.0,0,1,0.097198009491,0,94.0,2,19,-4.00547274408,3.47076188991,5.3,1,12,0,5.0,400.0
3.1,0.0,2,400.0,22.0,0,1,0.0972340106964,0,94.0,1,0,0.0,5.3,5.3,1,12,0,5.0,400.0
3.1,0.0,2,400.0,22.0,0,0,0.0971801280975,-2,94.0,2,6,5.24605364197,-0.754268642848,5.3,1,12,0,5.0,400.0
3.1,0.0,1,400.0,22.0,0,1,0.0971760749817,-2,94.0,1,14,-4.00547274408,-3.47076188991,5.3,1,12,0,5.0,400.0
3.1,0.0,1,400.0,22.0,0,0,0.0971879959106,1,94.0,2,1,1.49318255126,5.08531276016,5.3,1,12,0,5.0,400.0
3.1,0.0,2,400.0,22.0,0,-1,0.097186088562,2,94.0,1,9,2.86539633251,-4.45864372401,5.3,1,12,0,5.0,400.0
3.1,0.0,1,400.0,22.0,0,0,0.0971660614014,-2,94.0,2,18,-4.82104957538,2.20169956891,5.3,1,12,0,5.0,400.0
3.1,0.0,2,400.0,22.0,0,1,0.0971858501434,0,94.0,2,10,1.49318255126,-5.08531276016,5.3,1,12,0,5.0,400.0
3.1,0.0,1,400.0,22.0,0,0,0.0973041057587,2,94.0,1,17,-5.24605364197,0.754268642848,5.3,1,12,0,5.0,400.0
3.1,0.0,1,400.0,22.0,0,1,0.0972039699554,1,94.0,2,6,5.24605364197,-0.754268642848,5.3,1,12,0,5.0,400.0
3.1,0.0,2,400.0,22.0,0,1,0.0971879959106,0,94.0,1,19,-4.00547274408,3.47076188991,5.3,1,12,0,5.0,400.0
3.1,0.0,1,400.0,22.0,0,-1,0.097198009491,2,94.0,2,13,-2.86539633251,-4.45864372401,5.3,1,12,0,5.0,400.0
3.1,0.0,2,400.0,22.0,0,-1,0.097198009491,0,94.0,2,21,-1.49318255126,5.08531276016,5.3,1,12,0,5.0,400.0
3.1,0.0,2,400.0,22.0,0,0,0.097198009491,-2,94.0,2,11,6.49041367526e-16,-5.3,5.3,1,12,0,5.0,400.0
3.1,0.0,1,400.0,22.0,0,0,0.0971820354462,0,94.0,1,11,6.49041367526e-16,-5.3,5.3,1,12,0,5.0,400.0
3.1,0.0,1,400.0,22.0,0,0,0.097069978714,0,94.0,1,12,-1.49318255126,-5.08531276016,5.3,1,12,0,5.0,400.0
3.1,0.0,2,400.0,22.0,0,-1,0.0971939563751,0,94.0,1,7,4.82104957538,-2.20169956891,5.3,1,12,0,5.0,400.0
3.1,0.0,1,400.0,22.0,0,-2,0.0972139835358,0,94.0,2,1,1.49318255126,5.08531276016,5.3,1,12,0,5.0,400.0
3.1,0.0,1,400.0,22.0,0,1,0.0970439910889,0,94.0,1,16,-5.24605364197,-0.754268642848,5.3,1,12,0,5.0,400.0
3.1,0.0,2,400.0,22.0,0,0,0.0972049236298,0,94.0,1,1,1.49318255126,5.08531276016,5.3,1,12,0,5.0,400.0
3.1,0.0,2,400.0,22.0,0,0,0.0972318649292,0,94.0,1,1,1.49318255126,5.08531276016,5.3,1,12,0,5.0,400.0
3.1,0.0,2,400.0,22.0,0,2,0.0971961021423,-1,94.0,2,8,4.00547274408,-3.47076188991,5.3,1,12,0,5.0,400.0
3.1,0.0,2,400.0,22.0,0,0,0.097188949585,0,94.0,1,6,5.24605364197,-0.754268642848,5.3,1,12,0,5.0,400.0
3.1,0.0,2,400.0,22.0,0,0,0.0974400043488,0,94.0,1,0,0.0,5.3,5.3,1,12,0,5.0,400.0
3.1,0.0,1,400.0,22.0,0,0,0.097177028656,2,94.0,1,5,5.24605364197,0.754268642848,5.3,1,12,0,5.0,400.0
3.1,0.0,2,400.0,22.0,0,-2,0.0971779823303,0,94.0,2,1,1.49318255126,5.08531276016,5.3,1,12,0,5.0,400.0
3.1,0.0,1,400.0,22.0,0,-1,0.097188949585,-2,94.0,1,20,-2.86539633251,4.45864372401,5.3,1,12,0,5.0,400.0
3.1,0.0,2,400.0,22.0,0,0,0.0971820354462,0,94.0,1,3,4.00547274408,3.47076188991,5.3,1,12,0,5.0,400.0
3.1,0.0,2,400.0,22.0,0,1,0.0971848964691,1,94.0,1,8,4.00547274408,-3.47076188991,5.3,1,12,0,5.0,400.0
3.1,0.0,1,400.0,22.0,0,0,0.0971739292145,2,94.0,2,7,4.82104957538,-2.20169956891,5.3,1,12,0,5.0,400.0
3.1,0.0,1,400.0,22.0,0,0,0.0972838401794,-2,94.0,1,16,-5.24605364197,-0.754268642848,5.3,1,12,0,5.0,400.0
3.1,0.0,1,400.0,22.0,0,0,0.0971870422363,0,94.0,2,17,-5.24605364197,0.754268642848,5.3,1,12,0,5.0,400.0
3.1,0.0,2,400.0,22.0,0,2,0.0972168445587,2,94.0,1,8,4.00547274408,-3.47076188991,5.3,1,12,0,5.0,400.0
3.1,0.0,2,400.0,22.0,0,0,0.0971858501434,1,94.0,1,8,4.00547274408,-3.47076188991,5.3,1,12,0,5.0,400.0
3.1,0.0,2,400.0,22.0,0,-1,0.0970458984375,1,94.0,2,1,1.49318255126,5.08531276016,5.3,1,12,0,5.0,400.0
3.1,0.0,1,400.0,22.0,0,-1,0.0971970558167,-1,94.0,2,13,-2.86539633251,-4.45864372401,5.3,1,12,0,5.0,400.0
3.1,0.0,1,400.0,22.0,0,0,0.0971920490265,-2,94.0,1,0,0.0,5.3,5.3,1,12,0,5.0,400.0
3.1,0.0,2,400.0,22.0,0,-1,0.0970270633698,-2,94.0,1,8,4.00547274408,-3.47076188991,5.3,1,12,0,5.0,400.0
3.1,0.0,2,400.0,22.0,0,0,0.0971949100494,-2,94.0,2,8,4.00547274408,-3.47076188991,5.3,1,12,0,5.0,400.0
3.1,0.0,1,400.0,22.0,0,1,0.0972030162811,0,94.0,2,10,1.49318255126,-5.08531276016,5.3,1,12,0,5.0,400.0
3.1,0.0,2,400.0,22.0,0,0,0.0972039699554,0,94.0,1,16,-5.24605364197,-0.754268642848,5.3,1,12,0,5.0,400.0
3.1,0.0,1,400.0,22.0,0,0,0.097048997879,-2,94.0,1,17,-5.24605364197,0.754268642848,5.3,1,12,0,5.0,400.0
3.1,0.0,1,400.0,22.0,0,1,0.097207069397,-2,94.0,1,1,1.49318255126,5.08531276016,5.3,1,12,0,5.0,400.0
3.1,0.0,2,400.0,22.0,0,0,0.097198009491,-1,94.0,2,9,2.86539633251,-4.45864372401,5.3,1,12,0,5.0,400.0
3.1,0.0,2,400.0,22.0,0,2,0.0972170829773,0,94.0,1,17,-5.24605364197,0.754268642848,5.3,1,12,0,5.0,400.0
3.1,0.0,2,400.0,22.0,0,0,0.097198009491,0,94.0,1,6,5.24605364197,-0.754268642848,5.3,1,12,0,5.0,400.0
3.1,0.0,1,400.0,22.0,0,-2,0.0972809791565,1,94.0,1,14,-4.00547274408,-3.47076188991,5.3,1,12,0,5.0,400.0
3.1,0.0,2,400.0,22.0,0,-1,0.0971949100494,0,94.0,2,8,4.00547274408,-3.47076188991,5.3,1,12,0,5.0,400.0
3.1,0.0,2,400.0,22.0,0,-1,0.0970180034637,0,94.0,2,2,2.86539633251,4.45864372401,5.3,1,12,0,5.0,400.0
3.1,0.0,1,400.0,22.0,0,0,0.0971779823303,0,94.0,2,4,4.82104957538,2.20169956891,5.3,1,12,0,5.0,400.0
3.1,0.0,2,400.0,22.0,0,0,0.0971739292145,0,94.0,1,17,-5.24605364197,0.754268642848,5.3,1,12,0,5.0,400.0
3.1,0.0,2,400.0,22.0,0,0,0.0971758365631,-1,94.0,1,3,4.00547274408,3.47076188991,5.3,1,12,0,5.0,400.0
3.1,0.0,1,400.0,22.0,0,0,0.0971910953522,-2,94.0,2,7,4.82104957538,-2.20169956891,5.3,1,12,0,5.0,400.0
3.1,0.0,2,400.0,22.0,0,0,0.0971961021423,0,94.0,1,0,0.0,5.3,5.3,1,12,0,5.0,400.0
3.1,0.0,2,400.0,22.0,0,0,0.0972790718079,-1,94.0,2,18,-4.82104957538,2.20169956891,5.3,1,12,0,5.0,400.0
3.1,0.0,2,400.0,22.0,0,0,0.0972018241882,-1,94.0,1,2,2.86539633251,4.45864372401,5.3,1,12,0,5.0,400.0
3.1,0.0,1,400.0,22.0,0,-2,0.097188949585,1,94.0,2,19,-4.00547274408,3.47076188991,5.3,1,12,0,5.0,400.0
3.1,0.0,2,400.0,22.0,0,0,0.0970129966736,-1,94.0,1,14,-4.00547274408,-3.47076188991,5.3,1,12,0,5.0,400.0
3.1,0.0,2,400.0,22.0,0,0,0.0971879959106,1,94.0,1,5,5.24605364197,0.754268642848,5.3,1,12,0,5.0,400.0
3.1,0.0,2,400.0,22.0,0,1,0.0973019599915,1,94.0,1,12,-1.49318255126,-5.08531276016,5.3,1,12,0,5.0,400.0
3.1,0.0,2,400.0,22.0,0,0,0.0970270633698,0,94.0,1,3,4.00547274408,3.47076188991,5.3,1,12,0,5.0,400.0
3.1,0.0,2,400.0,22.0,0,1,0.0971930027008,2,94.0,2,14,-4.00547274408,-3.47076188991,5.3,1,12,0,5.0,400.0
3.1,0.0,2,400.0,22.0,0,0,0.0971939563751,-1,94.0,2,0,0.0,5.3,5.3,1,12,0,5.0,400.0
3.1,0.0,2,400.0,22.0,0,1,0.097195148468,0,94.0,2,15,-4.82104957538,-2.20169956891,5.3,1,12,0,5.0,400.0
3.1,0.0,1,400.0,22.0,0,0,0.0971901416779,0,94.0,1,17,-5.24605364197,0.754268642848,5.3,1,12,0,5.0,400.0
3.1,0.0,2,400.0,22.0,0,0,0.0971949100494,0,94.0,1,17,-5.24605364197,0.754268642848,5.3,1,12,0,5.0,400.0
3.1,0.0,2,400.0,22.0,0,0,0.0971879959106,0,94.0,2,2,2.86539633251,4.45864372401,5.3,1,12,0,5.0,400.0
3.1,0.0,1,400.0,22.0,0,-2,0.0972118377686,0,94.0,1,21,-1.49318255126,5.08531276016,5.3,1,12,0,5.0,400.0
3.1,0.0,1,400.0,22.0,0,0,0.097195148468,2,94.0,2,13,-2.86539633251,-4.45864372401,5.3,1,12,0,5.0,400.0
3.1,0.0,1,400.0,22.0,0,0,0.0972261428833,-1,94.0,2,9,2.86539633251,-4.45864372401,5.3,1,12,0,5.0,400.0
3.1,0.0,1,400.0,22.0,0,0,0.0972058773041,-2,94.0,1,4,4.82104957538,2.20169956891,5.3,1,12,0,5.0,400.0
3.1,0.0,2,400.0,22.0,0,1,0.0972371101379,0,94.0,2,0,0.0,5.3,5.3,1,12,0,5.0,400.0
3.1,0.0,1,400.0,22.0,0,2,0.0971920490265,-1,94.0,2,7,4.82104957538,-2.20169956891,5.3,1,12,0,5.0,400.0
3.1,0.0,1,400.0,22.0,0,-1,0.0971920490265,0,94.0,2,16,-5.24605364197,-0.754268642848,5.3,1,12,0,5.0,400.0
3.1,0.0,1,400.0,22.0,0,1,0.0971848964691,0,94.0,2,4,4.82104957538,2.20169956891,5.3,1,12,0,5.0,400.0
3.1,0.0,2,400.0,22.0,0,2,0.0971801280975,0,94.0,2,18,-4.82104957538,2.20169956891,5.3,1,12,0,5.0,400.0
3.1,0.0,2,400.0,22.0,0,0,0.0971851348877,0,94.0,1,11,6.49041367526e-16,-5.3,5.3,1,12,0,5.0,400.0
3.1,0.0,2,400.0,22.0,0,-1,0.0971930027008,0,94.0,2,2,2.86539633251,4.45864372401,5.3,1,12,0,5.0,400.0
3.1,0.0,1,400.0,22.0,0,2,0.0971729755402,1,94.0,1,15,-4.82104957538,-2.20169956891,5.3,1,12,0,5.0,400.0
3.1,0.0,1,400.0,22.0,0,2,0.0972080230713,1,94.0,2,21,-1.49318255126,5.08531276016,5.3,1,12,0,5.0,400.0
3.1,0.0,2,400.0,22.0,0,0,0.0972058773041,0,94.0,1,11,6.49041367526e-16,-5.3,5.3,1,12,0,5.0,400.0
3.1,0.0,2,400.0,22.0,0,0,0.097198009491,0,94.0,1,2,2.86539633251,4.45864372401,5.3,1,12,0,5.0,400.0
3.1,0.0,2,400.0,22.0,0,0,0.0971870422363,0,94.0,1,1,1.49318255126,5.08531276016,5.3,1,12,0,5.0,400.0
3.1,0.0,2,400.0,22.0,0,0,0.0972170829773,-2,94.0,1,21,-1.49318255126,5.08531276016,5.3,1,12,0,5.0,400.0
3.1,0.0,2,400.0,22.0,0,-1,0.0971779823303,0,94.0,1,1,1.49318255126,5.08531276016,5.3,1,12,0,5.0,400.0
3.1,0.0,2,400.0,22.0,0,0,0.0971992015839,1,94.0,1,16,-5.24605364197,-0.754268642848,5.3,1,12,0,5.0,400.0
3.1,0.0,1,400.0,22.0,0,-1,0.0971961021423,1,94.0,2,19,-4.00547274408,3.47076188991,5.3,1,12,0,5.0,400.0
3.1,0.0,2,400.0,22.0,0,0,0.0972189903259,-1,94.0,1,11,6.49041367526e-16,-5.3,5.3,1,12,0,5.0,400.0
3.1,0.0,1,400.0,22.0,0,0,0.0971961021423,2,94.0,1,16,-5.24605364197,-0.754268642848,5.3,1,12,0,5.0,400.0
3.1,0.0,1,400.0,22.0,0,0,0.0972030162811,1,94.0,1,16,-5.24605364197,-0.754268642848,5.3,1,12,0,5.0,400.0
3.1,0.0,1,400.0,22.0,0,2,0.0972189903259,0,94.0,2,15,-4.82104957538,-2.20169956891,5.3,1,12,0,5.0,400.0
3.1,0.0,2,400.0,22.0,0,-1,0.0972020626068,0,94.0,2,0,0.0,5.3,5.3,1,12,0,5.0,400.0
3.1,0.0,1,400.0,22.0,0,0,0.0972001552582,0,94.0,2,5,5.24605364197,0.754268642848,5.3,1,12,0,5.0,400.0
3.1,0.0,2,400.0,22.0,0,-1,0.0971870422363,-2,94.0,2,14,-4.00547274408,-3.47076188991,5.3,1,12,0,5.0,400.0
3.1,0.0,2,400.0,22.0,0,0,0.0971829891205,0,94.0,1,3,4.00547274408,3.47076188991,5.3,1,12,0,5.0,400.0
3.1,0.0,1,400.0,22.0,0,-2,0.0971689224243,0,94.0,2,4,4.82104957538,2.20169956891,5.3,1,12,0,5.0,400.0
3.1,0.0,1,400.0,22.0,0,0,0.0970208644867,1,94.0,1,14,-4.00547274408,-3.47076188991,5.3,1,12,0,5.0,400.0
3.1,0.0,1,400.0,22.0,0,0,0.097198009491,-1,94.0,1,5,5.24605364197,0.754268642848,5.3,1,12,0,5.0,400.0
3.1,0.0,2,400.0,22.0,0,2,0.0971729755402,0,94.0,2,10,1.49318255126,-5.08531276016,5.3,1,12,0,5.0,400.0
3.1,0.0,2,400.0,22.0,0,0,0.0970101356506,-1,94.0,1,10,1.49318255126,-5.08531276016,5.3,1,12,0,5.0,400.0
3.1,0.0,1,400.0,22.0,0,-1,0.0972049236298,-2,94.0,1,13,-2.86539633251,-4.45864372401,5.3,1,12,0,5.0,400.0
3.1,0.0,2,400.0,22.0,0,1,0.0972011089325,0,94.0,2,13,-2.86539633251,-4.45864372401,5.3,1,12,0,5.0,400.0
3.1,0.0,1,400.0,22.0,0,2,0.0971879959106,0,94.0,1,11,6.49041367526e-16,-5.3,5.3,1,12,0,5.0,400.0
3.1,0.0,1,400.0,22.0,0,-1,0.0972049236298,1,94.0,1,12,-1.49318255126,-5.08531276016,5.3,1,12,0,5.0,400.0
3.1,0.0,1,400.0,22.0,0,0,0.0972061157227,-2,94.0,1,7,4.82104957538,-2.20169956891,5.3,1,12,0,5.0,400.0
3.1,0.0,2,400.0,22.0,0,0,0.0972299575806,-1,94.0,1,17,-5.24605364197,0.754268642848,5.3,1,12,0,5.0,400.0
3.1,0.0,1,400.0,22.0,0,0,0.0972061157227,-1,94.0,1,18,-4.82104957538,2.20169956891,5.3,1,12,0,5.0,400.0
3.1,0.0,1,400.0,22.0,0,0,0.0972290039062,0,94.0,2,0,0.0,5.3,5.3,1,12,0,5.0,400.0
3.1,0.0,1,400.0,22.0,0,0,0.0972030162811,0,94.0,2,2,2.86539633251,4.45864372401,5.3,1,12,0,5.0,400.0
3.1,0.0,2,400.0,22.0,0,0,0.0971970558167,0,94.0,1,16,-5.24605364197,-0.754268642848,5.3,1,12,0,5.0,400.0
3.1,0.0,2,400.0,22.0,0,0,0.0971891880035,-2,94.0,1,16,-5.24605364197,-0.754268642848,5.3,1,12,0,5.0,400.0
3.1,0.0,2,400.0,22.0,0,-2,0.0971970558167,0,94.0,1,19,-4.00547274408,3.47076188991,5.3,1,12,0,5.0,400.0
3.1,0.0,1,400.0,22.0,0,0,0.097195148468,0,94.0,2,16,-5.24605364197,-0.754268642848,5.3,1,12,0,5.0,400.0
3.1,0.0,1,400.0,22.0,0,-2,0.0971829891205,0,94.0,1,9,2.86539633251,-4.45864372401,5.3,1,12,0,5.0,400.0
3.1,0.0,2,400.0,22.0,0,0,0.0971958637238,0,94.0,1,20,-2.86539633251,4.45864372401,5.3,1,12,0,5.0,400.0
3.1,0.0,2,400.0,22.0,0,0,0.0972890853882,-1,94.0,2,4,4.82104957538,2.20169956891,5.3,1,12,0,5.0,400.0
3.1,0.0,1,400.0,22.0,0,0,0.0971989631653,-1,94.0,2,13,-2.86539633251,-4.45864372401,5.3,1,12,0,5.0,400.0
3.1,0.0,1,400.0,22.0,0,0,0.0971989631653,-2,94.0,1,18,-4.82104957538,2.20169956891,5.3,1,12,0,5.0,400.0
3.1,0.0,1,400.0,22.0,0,0,0.097207069397,-1,94.0,1,14,-4.00547274408,-3.47076188991,5.3,1,12,0,5.0,400.0
3.1,0.0,1,400.0,22.0,0,-1,0.0971958637238,1,94.0,2,14,-4.00547274408,-3.47076188991,5.3,1,12,0,5.0,400.0
3.1,0.0,1,400.0,22.0,0,-2,0.0972008705139,0,94.0,2,19,-4.00547274408,3.47076188991,5.3,1,12,0,5.0,400.0
3.1,0.0,1,400.0,22.0,0,1,0.0972020626068,-1,94.0,1,19,-4.00547274408,3.47076188991,5.3,1,12,0,5.0,400.0
3.1,0.0,1,400.0,22.0,0,0,0.0971920490265,1,94.0,1,15,-4.82104957538,-2.20169956891,5.3,1,12,0,5.0,400.0
3.1,0.0,1,400.0,22.0,0,0,0.0972099304199,-1,94.0,1,20,-2.86539633251,4.45864372401,5.3,1,12,0,5.0,400.0
3.1,0.0,2,400.0,22.0,0,1,0.0971910953522,0,94.0,2,9,2.86539633251,-4.45864372401,5.3,1,12,0,5.0,400.0
3.1,0.0,2,400.0,22.0,0,0,0.0971848964691,1,94.0,1,12,-1.49318255126,-5.08531276016,5.3,1,12,0,5.0,400.0
3.1,0.0,1,400.0,22.0,0,0,0.0971729755402,2,94.0,1,16,-5.24605364197,-0.754268642848,5.3,1,12,0,5.0,400.0
3.1,0.0,1,400.0,22.0,0,0,0.0971789360046,-2,94.0,1,5,5.24605364197,0.754268642848,5.3,1,12,0,5.0,400.0
3.1,0.0,1,400.0,22.0,0,1,0.0971782207489,1,94.0,2,13,-2.86539633251,-4.45864372401,5.3,1,12,0,5.0,400.0
3.1,0.0,1,400.0,22.0,0,0,0.0971758365631,-1,94.0,1,17,-5.24605364197,0.754268642848,5.3,1,12,0,5.0,400.0
3.1,0.0,1,400.0,22.0,0,1,0.0971939563751,0,94.0,1,6,5.24605364197,-0.754268642848,5.3,1,12,0,5.0,400.0
3.1,0.0,1,400.0,22.0,0,0,0.0972068309784,-2,94.0,2,18,-4.82104957538,2.20169956891,5.3,1,12,0,5.0,400.0
3.1,0.0,2,400.0,22.0,0,-1,0.0971989631653,1,94.0,2,13,-2.86539633251,-4.45864372401,5.3,1,12,0,5.0,400.0
3.1,0.0,1,400.0,22.0,0,0,0.0971939563751,2,94.0,2,12,-1.49318255126,-5.08531276016,5.3,1,12,0,5.0,400.0
3.1,0.0,2,400.0,22.0,0,-1,0.097198009491,2,94.0,2,0,0.0,5.3,5.3,1,12,0,5.0,400.0
3.1,0.0,1,400.0,22.0,0,1,0.0971808433533,1,94.0,2,13,-2.86539633251,-4.45864372401,5.3,1,12,0,5.0,400.0
3.1,0.0,2,400.0,22.0,0,-1,0.097195148468,0,94.0,1,4,4.82104957538,2.20169956891,5.3,1,12,0,5.0,400.0
3.1,0.0,1,400.0,22.0,0,-1,0.0971918106079,0,94.0,2,15,-4.82104957538,-2.20169956891,5.3,1,12,0,5.0,400.0
3.1,0.0,1,400.0,22.0,0,-2,0.097286939621,2,94.0,1,6,5.24605364197,-0.754268642848,5.3,1,12,0,5.0,400.0
3.1,0.0,2,400.0,22.0,0,0,0.0971930027008,0,94.0,2,16,-5.24605364197,-0.754268642848,5.3,1,12,0,5.0,400.0
3.1,0.0,1,400.0,22.0,0,-2,0.0970690250397,-2,94.0,1,20,-2.86539633251,4.45864372401,5.3,1,12,0,5.0,400.0
3.1,0.0,2,400.0,22.0,0,2,0.0972900390625,1,94.0,1,19,-4.00547274408,3.47076188991,5.3,1,12,0,5.0,400.0
3.1,0.0,2,400.0,22.0,0,0,0.0971970558167,0,94.0,1,16,-5.24605364197,-0.754268642848,5.3,1,12,0,5.0,400.0
3.1,0.0,2,400.0,22.0,0,2,0.0972061157227,-1,94.0,1,7,4.82104957538,-2.20169956891,5.3,1,12,0,5.0,400.0
3.1,0.0,1,400.0,22.0,0,0,0.0972030162811,-1,94.0,1,5,5.24605364197,0.754268642848,5.3,1,12,0,5.0,400.0
3.1,0.0,1,400.0,22.0,0,1,0.0972559452057,1,94.0,2,20,-2.86539633251,4.45864372401,5.3,1,12,0,5.0,400.0
3.1,0.0,2,400.0,22.0,0,-1,0.0972008705139,-2,94.0,2,16,-5.24605364197,-0.754268642848,5.3,1,12,0,5.0,400.0
3.1,0.0,1,400.0,22.0,0,0,0.097177028656,0,94.0,2,3,4.00547274408,3.47076188991,5.3,1,12,0,5.0,400.0
3.1,0.0,1,400.0,22.0,0,0,0.0972011089325,1,94.0,2,1,1.49318255126,5.08531276016,5.3,1,12,0,5.0,400.0
3.1,0.0,2,400.0,22.0,0,0,0.0971748828888,0,94.0,1,4,4.82104957538,2.20169956891,5.3,1,12,0,5.0,400.0
3.1,0.0,2,400.0,22.0,0,0,0.097179889679,-1,94.0,2,11,6.49041367526e-16,-5.3,5.3,1,12,0,5.0,400.0
3.1,0.0,1,400.0,22.0,0,1,0.0970709323883,1,94.0,2,12,-1.49318255126,-5.08531276016,5.3,1,12,0,5.0,400.0
3.1,0.0,1,400.0,22.0,0,1,0.0971720218658,1,94.0,1,2,2.86539633251,4.45864372401,5.3,1,12,0,5.0,400.0
3.1,0.0,1,400.0,22.0,0,1,0.0971970558167,-1,94.0,2,9,2.86539633251,-4.45864372401,5.3,1,12,0,5.0,400.0
3.1,0.0,2,400.0,22.0,0,1,0.0973160266876,-1,94.0,1,9,2.86539633251,-4.45864372401,5.3,1,12,0,5.0,400.0
3.1,0.0,1,400.0,22.0,0,0,0.0971899032593,0,94.0,1,10,1.49318255126,-5.08531276016,5.3,1,12,0,5.0,400.0
3.1,0.0,2,400.0,22.0,0,0,0.097198009491,0,94.0,2,1,1.49318255126,5.08531276016,5.3,1,12,0,5.0,400.0
3.1,0.0,2,400.0,22.0,0,2,0.0972008705139,0,94.0,2,13,-2.86539633251,-4.45864372401,5.3,1,12,0,5.0,400.0
3.1,0.0,2,400.0,22.0,0,0,0.0971858501434,0,94.0,2,1,1.49318255126,5.08531276016,5.3,1,12,0,5.0,400.0
3.1,0.0,1,400.0,22.0,0,0,0.0971908569336,-1,94.0,1,16,-5.24605364197,-0.754268642848,5.3,1,12,0,5.0,400.0
3.1,0.0,1,400.0,22.0,0,0,0.097198009491,0,94.0,2,1,1.49318255126,5.08531276016,5.3,1,12,0,5.0,400.0
3.1,0.0,2,400.0,22.0,0,0,0.0972020626068,-1,94.0,1,9,2.86539633251,-4.45864372401,5.3,1,12,0,5.0,400.0
3.1,0.0,1,400.0,22.0,0,0,0.0972001552582,2,94.0,2,21,-1.49318255126,5.08531276016,5.3,1,12,0,5.0,400.0
3.1,0.0,1,400.0,22.0,0,0,0.0971779823303,-2,94.0,1,0,0.0,5.3,5.3,1,12,0,5.0,400.0
3.1,0.0,1,400.0,22.0,0,0,0.0972030162811,0,94.0,2,9,2.86539633251,-4.45864372401,5.3,1,12,0,5.0,400.0
3.1,0.0,2,400.0,22.0,0,2,0.0971930027008,0,94.0,2,10,1.49318255126,-5.08531276016,5.3,1,12,0,5.0,400.0
3.1,0.0,1,400.0,22.0,0,0,0.0971879959106,-2,94.0,2,8,4.00547274408,-3.47076188991,5.3,1,12,0,5.0,400.0
3.1,0.0,1,400.0,22.0,0,0,0.0971848964691,1,94.0,1,8,4.00547274408,-3.47076188991,5.3,1,12,0,5.0,400.0
3.1,0.0,1,400.0,22.0,0,0,0.0971870422363,2,94.0,1,7,4.82104957538,-2.20169956891,5.3,1,12,0,5.0,400.0
3.1,0.0,2,400.0,22.0,0,2,0.0971989631653,0,94.0,2,1,1.49318255126,5.08531276016,5.3,1,12,0,5.0,400.0
3.1,0.0,2,400.0,22.0,0,-1,0.0972018241882,2,94.0,1,2,2.86539633251,4.45864372401,5.3,1,12,0,5.0,400.0
3.1,0.0,1,400.0,22.0,0,0,0.0971989631653,0,94.0,2,16,-5.24605364197,-0.754268642848,5.3,1,12,0,5.0,400.0
3.1,0.0,1,400.0,22.0,0,1,0.097216129303,0,94.0,2,19,-4.00547274408,3.47076188991,5.3,1,12,0,5.0,400.0
3.1,0.0,1,400.0,22.0,0,1,0.0971930027008,1,94.0,2,8,4.00547274408,-3.47076188991,5.3,1,12,0,5.0,400.0
3.1,0.0,1,400.0,22.0,0,2,0.0972170829773,-1,94.0,1,8,4.00547274408,-3.47076188991,5.3,1,12,0,5.0,400.0
3.1,0.0,2,400.0,22.0,0,2,0.097179889679,0,94.0,2,2,2.86539633251,4.45864372401,5.3,1,12,0,5.0,400.0
3.1,0.0,1,400.0,22.0,0,-1,0.097198009491,2,94.0,2,18,-4.82104957538,2.20169956891,5.3,1,12,0,5.0,400.0
3.1,0.0,2,400.0,22.0,0,-1,0.0971760749817,-2,94.0,2,11,6.49041367526e-16,-5.3,5.3,1,12,0,5.0,400.0
3.1,0.0,1,400.0,22.0,0,0,0.0972511768341,-2,94.0,2,1,1.49318255126,5.08531276016,5.3,1,12,0,5.0,400.0
3.1,0.0,2,400.0,22.0,0,-2,0.097179889679,2,94.0,1,14,-4.00547274408,-3.47076188991,5.3,1,12,0,5.0,400.0
3.1,0.0,2,400.0,22.0,0,0,0.0971870422363,-1,94.0,2,6,5.24605364197,-0.754268642848,5.3,1,12,0,5.0,400.0
3.1,0.0,2,400.0,22.0,0,2,0.0971870422363,-2,94.0,2,9,2.86539633251,-4.45864372401,5.3,1,12,0,5.0,400.0
3.1,0.0,1,400.0,22.0,0,0,0.0971939563751,0,94.0,2,10,1.49318255126,-5.08531276016,5.3,1,12,0,5.0,400.0
3.1,0.0,1,400.0,22.0,0,0,0.0972039699554,2,94.0,2,9,2.86539633251,-4.45864372401,5.3,1,12,0,5.0,400.0
3.1,0.0,2,400.0,22.0,0,0,0.0972218513489,-2,94.0,2,0,0.0,5.3,5.3,1,12,0,5.0,400.0
3.1,0.0,1,400.0,22.0,0,2,0.0972080230713,0,94.0,2,20,-2.86539633251,4.45864372401,5.3,1,12,0,5.0,400.0
3.1,0.0,1,400.0,22.0,0,0,0.097204208374,0,94.0,1,17,-5.24605364197,0.754268642848,5.3,1,12,0,5.0,400.0
3.1,0.0,2,400.0,22.0,0,0,0.0971050262451,1,94.0,1,6,5.24605364197,-0.754268642848,5.3,1,12,0,5.0,400.0
3.1,0.0,1,400.0,22.0,0,-1,0.097195148468,0,94.0,2,18,-4.82104957538,2.20169956891,5.3,1,12,0,5.0,400.0
3.1,0.0,1,400.0,22.0,0,0,0.0971949100494,0,94.0,1,6,5.24605364197,-0.754268642848,5.3,1,12,0,5.0,400.0
3.1,0.0,2,400.0,22.0,0,2,0.0972111225128,2,94.0,2,8,4.00547274408,-3.47076188991,5.3,1,12,0,5.0,400.0
3.1,0.0,1,400.0,22.0,0,-2,0.0971858501434,0,94.0,1,16,-5.24605364197,-0.754268642848,5.3,1,12,0,5.0,400.0
3.1,0.0,1,400.0,22.0,0,1,0.0971930027008,0,94.0,1,15,-4.82104957538,-2.20169956891,5.3,1,12,0,5.0,400.0
3.1,0.0,2,400.0,22.0,0,0,0.0970668792725,0,94.0,1,1,1.49318255126,5.08531276016,5.3,1,12,0,5.0,400.0
3.1,0.0,1,400.0,22.0,0,-1,0.097207069397,0,94.0,2,15,-4.82104957538,-2.20169956891,5.3,1,12,0,5.0,400.0
3.1,0.0,1,400.0,22.0,0,-1,0.0971891880035,1,94.0,1,20,-2.86539633251,4.45864372401,5.3,1,12,0,5.0,400.0
3.1,0.0,2,400.0,22.0,0,0,0.0971970558167,-1,94.0,2,12,-1.49318255126,-5.08531276016,5.3,1,12,0,5.0,400.0
3.1,0.0,2,400.0,22.0,0,1,0.0971829891205,0,94.0,1,11,6.49041367526e-16,-5.3,5.3,1,12,0,5.0,400.0
3.1,0.0,2,400.0,22.0,0,1,0.097195148468,0,94.0,2,21,-1.49318255126,5.08531276016,5.3,1,12,0,5.0,400.0
3.1,0.0,1,400.0,22.0,0,0,0.0972039699554,-1,94.0,2,12,-1.49318255126,-5.08531276016,5.3,1,12,0,5.0,400.0
3.1,0.0,2,400.0,22.0,0,1,0.0972309112549,0,94.0,2,1,1.49318255126,5.08531276016,5.3,1,12,0,5.0,400.0
3.1,0.0,2,400.0,22.0,0,0,0.0972249507904,0,94.0,1,4,4.82104957538,2.20169956891,5.3,1,12,0,5.0,400.0
3.1,0.0,1,400.0,22.0,0,0,0.0970280170441,-1,94.0,2,4,4.82104957538,2.20169956891,5.3,1,12,0,5.0,400.0
3.1,0.0,2,400.0,22.0,0,2,0.097179889679,0,94.0,1,20,-2.86539633251,4.45864372401,5.3,1,12,0,5.0,400.0
3.1,0.0,2,400.0,22.0,0,2,0.0971930027008,0,94.0,1,1,1.49318255126,5.08531276016,5.3,1,12,0,5.0,400.0
3.1,0.0,1,400.0,22.0,0,2,0.0971961021423,1,94.0,2,8,4.00547274408,-3.47076188991,5.3,1,12,0,5.0,400.0
3.1,0.0,1,400.0,22.0,0,0,0.0972030162811,1,94.0,1,1,1.49318255126,5.08531276016,5.3,1,12,0,5.0,400.0
3.1,0.0,1,400.0,22.0,0,-1,0.097188949585,0,94.0,2,10,1.49318255126,-5.08531276016,5.3,1,12,0,5.0,400.0
3.1,0.0,2,400.0,22.0,0,0,0.0971651077271,0,94.0,1,11,6.49041367526e-16,-5.3,5.3,1,12,0,5.0,400.0
3.1,0.0,2,400.0,22.0,0,-2,0.0971839427948,1,94.0,2,17,-5.24605364197,0.754268642848,5.3,1,12,0,5.0,400.0
3.1,0.0,1,400.0,22.0,0,1,0.0971930027008,0,94.0,1,3,4.00547274408,3.47076188991,5.3,1,12,0,5.0,400.0
3.1,0.0,1,400.0,22.0,0,1,0.0971801280975,-1,94.0,2,4,4.82104957538,2.20169956891,5.3,1,12,0,5.0,400.0
3.1,0.0,2,400.0,22.0,0,0,0.09716796875,2,94.0,1,6,5.24605364197,-0.754268642848,5.3,1,12,0,5.0,400.0
3.1,0.0,2,400.0,22.0,0,1,0.0971968173981,0,94.0,1,9,2.86539633251,-4.45864372401,5.3,1,12,0,5.0,400.0
3.1,0.0,2,400.0,22.0,0,0,0.0971939563751,2,94.0,2,13,-2.86539633251,-4.45864372401,5.3,1,12,0,5.0,400.0
3.1,0.0,1,400.0,22.0,0,0,0.0972149372101,2,94.0,1,2,2.86539633251,4.45864372401,5.3,1,12,0,5.0,400.0
3.1,0.0,2,400.0,22.0,0,1,0.0972030162811,2,94.0,2,16,-5.24605364197,-0.754268642848,5.3,1,12,0,5.0,400.0
3.1,0.0,2,400.0,22.0,0,0,0.0971908569336,2,94.0,1,3,4.00547274408,3.47076188991,5.3,1,12,0,5.0,400.0
3.1,0.0,2,400.0,22.0,0,0,0.0970120429993,-2,94.0,2,4,4.82104957538,2.20169956891,5.3,1,12,0,5.0,400.0
3.1,0.0,1,400.0,22.0,0,2,0.0971989631653,-1,94.0,2,16,-5.24605364197,-0.754268642848,5.3,1,12,0,5.0,400.0
3.1,0.0,1,400.0,22.0,0,0,0.0971820354462,-1,94.0,2,10,1.49318255126,-5.08531276016,5.3,1,12,0,5.0,400.0
3.1,0.0,1,400.0,22.0,0,1,0.0971989631653,0,94.0,1,5,5.24605364197,0.754268642848,5.3,1,12,0,5.0,400.0
3.1,0.0,1,400.0,22.0,0,0,0.0970449447632,1,94.0,1,5,5.24605364197,0.754268642848,5.3,1,12,0,5.0,400.0
3.1,0.0,2,400.0,22.0,0,0,0.0971879959106,2,94.0,1,18,-4.82104957538,2.20169956891,5.3,1,12,0,5.0,400.0
3.1,0.0,2,400.0,22.0,0,1,0.0971858501434,0,94.0,2,20,-2.86539633251,4.45864372401,5.3,1,12,0,5.0,400.0
3.1,0.0,2,400.0,22.0,0,2,0.0971989631653,0,94.0,1,0,0.0,5.3,5.3,1,12,0,5.0,400.0
3.1,0.0,2,400.0,22.0,0,-1,0.0971961021423,-1,94.0,1,19,-4.00547274408,3.47076188991,5.3,1,12,0,5.0,400.0
3.1,0.0,1,400.0,22.0,0,0,0.0972030162811,1,94.0,1,15,-4.82104957538,-2.20169956891,5.3,1,12,0,5.0,400.0
3.1,0.0,2,400.0,22.0,0,0,0.0972080230713,1,94.0,2,2,2.86539633251,4.45864372401,5.3,1,12,0,5.0,400.0
3.1,0.0,1,400.0,22.0,0,0,0.0971958637238,0,94.0,1,10,1.49318255126,-5.08531276016,5.3,1,12,0,5.0,400.0
3.1,0.0,2,400.0,22.0,0,0,0.0972211360931,1,94.0,2,9,2.86539633251,-4.45864372401,5.3,1,12,0,5.0,400.0
3.1,0.0,1,400.0,22.0,0,-1,0.0971899032593,-2,94.0,2,4,4.82104957538,2.20169956891,5.3,1,12,0,5.0,400.0
3.1,0.0,2,400.0,22.0,0,-2,0.0971829891205,1,94.0,2,9,2.86539633251,-4.45864372401,5.3,1,12,0,5.0,400.0
3.1,0.0,1,400.0,22.0,0,0,0.097188949585,0,94.0,2,0,0.0,5.3,5.3,1,12,0,5.0,400.0
3.1,0.0,2,400.0,22.0,0,0,0.0971879959106,2,94.0,2,0,0.0,5.3,5.3,1,12,0,5.0,400.0
3.1,0.0,2,400.0,22.0,0,1,0.0971839427948,1,94.0,2,7,4.82104957538,-2.20169956891,5.3,1,12,0,5.0,400.0
3.1,0.0,2,400.0,22.0,0,0,0.0971779823303,0,94.0,2,10,1.49318255126,-5.08531276016,5.3,1,12,0,5.0,400.0
3.1,0.0,2,400.0,22.0,0,-1,0.097188949585,-1,94.0,2,14,-4.00547274408,-3.47076188991,5.3,1,12,0,5.0,400.0
3.1,0.0,2,400.0,22.0,0,0,0.0971667766571,0,94.0,1,1,1.49318255126,5.08531276016,5.3,1,12,0,5.0,400.0
3.1,0.0,1,400.0,22.0,0,0,0.0970208644867,2,94.0,2,4,4.82104957538,2.20169956891,5.3,1,12,0,5.0,400.0
3.1,0.0,2,400.0,22.0,0,0,0.0971841812134,1,94.0,2,5,5.24605364197,0.754268642848,5.3,1,12,0,5.0,400.0
3.1,0.0,1,400.0,22.0,0,1,0.0972008705139,-2,94.0,2,9,2.86539633251,-4.45864372401,5.3,1,12,0,5.0,400.0
3.1,0.0,2,400.0,22.0,0,0,0.0971870422363,0,94.0,1,4,4.82104957538,2.20169956891,5.3,1,12,0,5.0,400.0
3.1,0.0,2,400.0,22.0,0,1,0.0972068309784,0,94.0,1,2,2.86539633251,4.45864372401,5.3,1,12,0,5.0,400.0
3.1,0.0,2,400.0,22.0,0,0,0.0971920490265,0,94.0,1,5,5.24605364197,0.754268642848,5.3,1,12,0,5.0,400.0
3.1,0.0,2,400.0,22.0,0,0,0.0972030162811,0,94.0,1,18,-4.82104957538,2.20169956891,5.3,1,12,0,5.0,400.0
3.1,0.0,2,400.0,22.0,0,2,0.0972018241882,1,94.0,2,17,-5.24605364197,0.754268642848,5.3,1,12,0,5.0,400.0
3.1,0.0,1,400.0,22.0,0,0,0.0971829891205,2,94.0,2,8,4.00547274408,-3.47076188991,5.3,1,12,0,5.0,400.0
3.1,0.0,1,400.0,22.0,0,2,0.0971992015839,2,94.0,1,12,-1.49318255126,-5.08531276016,5.3,1,12,0,5.0,400.0
3.1,0.0,1,400.0,22.0,0,1,0.0971729755402,0,94.0,2,17,-5.24605364197,0.754268642848,5.3,1,12,0,5.0,400.0
3.1,0.0,2,400.0,22.0,0,0,0.0971841812134,0,94.0,1,6,5.24605364197,-0.754268642848,5.3,1,12,0,5.0,400.0
3.1,0.0,1,400.0,22.0,0,0,0.0972518920898,1,94.0,2,12,-1.49318255126,-5.08531276016,5.3,1,12,0,5.0,400.0
3.1,0.0,1,400.0,22.0,0,0,0.0971829891205,0,94.0,1,12,-1.49318255126,-5.08531276016,5.3,1,12,0,5.0,400.0
3.1,0.0,1,400.0,22.0,0,0,0.0971970558167,2,94.0,1,3,4.00547274408,3.47076188991,5.3,1,12,0,5.0,400.0
3.1,0.0,1,400.0,22.0,0,0,0.0971870422363,0,94.0,2,3,4.00547274408,3.47076188991,5.3,1,12,0,5.0,400.0
3.1,0.0,1,400.0,22.0,0,0,0.0971949100494,0,94.0,2,4,4.82104957538,2.20169956891,5.3,1,12,0,5.0,400.0
3.1,0.0,1,400.0,22.0,0,0,0.0972640514374,2,94.0,1,17,-5.24605364197,0.754268642848,5.3,1,12,0,5.0,400.0
3.1,0.0,2,400.0,22.0,0,-1,0.0971989631653,0,94.0,1,14,-4.00547274408,-3.47076188991,5.3,1,12,0,5.0,400.0
3.1,0.0,2,400.0,22.0,0,0,0.0971989631653,-1,94.0,1,5,5.24605364197,0.754268642848,5.3,1,12,0,5.0,400.0
3.1,0.0,1,400.0,22.0,0,0,0.0972030162811,2,94.0,1,8,4.00547274408,-3.47076188991,5.3,1,12,0,5.0,400.0
3.1,0.0,2,400.0,22.0,0,0,0.097188949585,-2,94.0,1,4,4.82104957538,2.20169956891,5.3,1,12,0,5.0,400.0
3.1,0.0,1,400.0,22.0,0,0,0.0971989631653,0,94.0,2,19,-4.00547274408,3.47076188991,5.3,1,12,0,5.0,400.0
3.1,0.0,2,400.0,22.0,0,-1,0.0971841812134,0,94.0,2,21,-1.49318255126,5.08531276016,5.3,1,12,0,5.0,400.0
3.1,0.0,2,400.0,22.0,0,0,0.0971989631653,2,94.0,1,6,5.24605364197,-0.754268642848,5.3,1,12,0,5.0,400.0
3.1,0.0,1,400.0,22.0,0,-1,0.0971810817719,0,94.0,1,15,-4.82104957538,-2.20169956891,5.3,1,12,0,5.0,400.0
3.1,0.0,1,400.0,22.0,0,1,0.0971968173981,0,94.0,2,14,-4.00547274408,-3.47076188991,5.3,1,12,0,5.0,400.0
3.1,0.0,2,400.0,22.0,0,-1,0.0972018241882,0,94.0,1,16,-5.24605364197,-0.754268642848,5.3,1,12,0,5.0,400.0
3.1,0.0,2,400.0,22.0,0,0,0.097198009491,0,94.0,1,6,5.24605364197,-0.754268642848,5.3,1,12,0,5.0,400.0
3.1,0.0,2,400.0,22.0,0,-1,0.0972068309784,1,94.0,2,14,-4.00547274408,-3.47076188991,5.3,1,12,0,5.0,400.0
3.1,0.0,2,400.0,22.0,0,-1,0.0970768928528,-2,94.0,1,4,4.82104957538,2.20169956891,5.3,1,12,0,5.0,400.0
3.1,0.0,1,400.0,22.0,0,-1,0.0971989631653,2,94.0,1,12,-1.49318255126,-5.08531276016,5.3,1,12,0,5.0,400.0
3.1,0.0,2,400.0,22.0,0,0,0.0972018241882,-2,94.0,2,21,-1.49318255126,5.08531276016,5.3,1,12,0,5.0,400.0
3.1,0.0,2,400.0,22.0,0,0,0.097198009491,0,94.0,1,6,5.24605364197,-0.754268642848,5.3,1,12,0,5.0,400.0
3.1,0.0,1,400.0,22.0,0,0,0.0971789360046,2,94.0,1,3,4.00547274408,3.47076188991,5.3,1,12,0,5.0,400.0
3.1,0.0,1,400.0,22.0,0,0,0.0970299243927,0,94.0,2,8,4.00547274408,-3.47076188991,5.3,1,12,0,5.0,400.0
3.1,0.0,2,400.0,22.0,0,-2,0.0972008705139,1,94.0,2,19,-4.00547274408,3.47076188991,5.3,1,12,0,5.0,400.0
3.1,0.0,1,400.0,22.0,0,0,0.0971908569336,0,94.0,2,16,-5.24605364197,-0.754268642848,5.3,1,12,0,5.0,400.0
3.1,0.0,2,400.0,22.0,0,-2,0.0972011089325,0,94.0,2,0,0.0,5.3,5.3,1,12,0,5.0,400.0
3.1,0.0,2,400.0,22.0,0,0,0.0972149372101,-1,94.0,2,12,-1.49318255126,-5.08531276016,5.3,1,12,0,5.0,400.0
3.1,0.0,2,400.0,22.0,0,0,0.0972030162811,0,94.0,2,15,-4.82104957538,-2.20169956891,5.3,1,12,0,5.0,400.0
3.1,0.0,2,400.0,22.0,0,0,0.0972068309784,1,94.0,1,7,4.82104957538,-2.20169956891,5.3,1,12,0,5.0,400.0
3.1,0.0,1,400.0,22.0,0,0,0.0971939563751,-1,94.0,2,4,4.82104957538,2.20169956891,5.3,1,12,0,5.0,400.0
3.1,0.0,1,400.0,22.0,0,-2,0.0971970558167,-2,94.0,1,15,-4.82104957538,-2.20169956891,5.3,1,12,0,5.0,400.0
3.1,0.0,2,400.0,22.0,0,0,0.0972239971161,0,94.0,2,14,-4.00547274408,-3.47076188991,5.3,1,12,0,5.0,400.0
3.1,0.0,1,400.0,22.0,0,0,0.0971858501434,-2,94.0,2,20,-2.86539633251,4.45864372401,5.3,1,12,0,5.0,400.0
3.1,0.0,2,400.0,22.0,0,1,0.0971820354462,0,94.0,2,11,6.49041367526e-16,-5.3,5.3,1,12,0,5.0,400.0
3.1,0.0,2,400.0,22.0,0,1,0.0972030162811,0,94.0,1,6,5.24605364197,-0.754268642848,5.3,1,12,0,5.0,400.0
3.1,0.0,2,400.0,22.0,0,2,0.097179889679,0,94.0,1,11,6.49041367526e-16,-5.3,5.3,1,12,0,5.0,400.0
3.1,0.0,2,400.0,22.0,0,0,0.097188949585,1,94.0,1,6,5.24605364197,-0.754268642848,5.3,1,12,0,5.0,400.0
3.1,0.0,2,400.0,22.0,0,0,0.0971739292145,1,94.0,1,2,2.86539633251,4.45864372401,5.3,1,12,0,5.0,400.0
3.1,0.0,2,400.0,22.0,0,0,0.0971729755402,2,94.0,1,6,5.24605364197,-0.754268642848,5.3,1,12,0,5.0,400.0
3.1,0.0,2,400.0,22.0,0,0,0.0972120761871,2,94.0,2,16,-5.24605364197,-0.754268642848,5.3,1,12,0,5.0,400.0
3.1,0.0,1,400.0,22.0,0,-2,0.0971820354462,2,94.0,1,19,-4.00547274408,3.47076188991,5.3,1,12,0,5.0,400.0
3.1,0.0,2,400.0,22.0,0,0,0.097198009491,0,94.0,1,6,5.24605364197,-0.754268642848,5.3,1,12,0,5.0,400.0
3.1,0.0,1,400.0,22.0,0,-2,0.0971949100494,0,94.0,2,1,1.49318255126,5.08531276016,5.3,1,12,0,5.0,400.0
3.1,0.0,1,400.0,22.0,0,2,0.0972051620483,-1,94.0,2,3,4.00547274408,3.47076188991,5.3,1,12,0,5.0,400.0
3.1,0.0,2,400.0,22.0,0,2,0.0971920490265,0,94.0,1,2,2.86539633251,4.45864372401,5.3,1,12,0,5.0,400.0
3.1,0.0,1,400.0,22.0,0,0,0.0970129966736,-1,94.0,1,11,6.49041367526e-16,-5.3,5.3,1,12,0,5.0,400.0
3.1,0.0,2,400.0,22.0,0,-1,0.0971989631653,-2,94.0,2,9,2.86539633251,-4.45864372401,5.3,1,12,0,5.0,400.0
3.1,0.0,2,400.0,22.0,0,-2,0.0970389842987,0,94.0,1,2,2.86539633251,4.45864372401,5.3,1,12,0,5.0,400.0
3.1,0.0,1,400.0,22.0,0,1,0.0972120761871,0,94.0,2,17,-5.24605364197,0.754268642848,5.3,1,12,0,5.0,400.0
3.1,0.0,2,400.0,22.0,0,1,0.0971970558167,-2,94.0,1,13,-2.86539633251,-4.45864372401,5.3,1,12,0,5.0,400.0
3.1,0.0,2,400.0,22.0,0,1,0.0971930027008,0,94.0,1,21,-1.49318255126,5.08531276016,5.3,1,12,0,5.0,400.0
3.1,0.0,2,400.0,22.0,0,-2,0.0971970558167,0,94.0,2,7,4.82104957538,-2.20169956891,5.3,1,12,0,5.0,400.0
3.1,0.0,1,400.0,22.0,0,0,0.0972008705139,1,94.0,2,20,-2.86539633251,4.45864372401,5.3,1,12,0,5.0,400.0
3.1,0.0,1,400.0,22.0,0,-2,0.0972058773041,0,94.0,2,6,5.24605364197,-0.754268642848,5.3,1,12,0,5.0,400.0
3.1,0.0,1,400.0,22.0,0,0,0.0970101356506,-2,94.0,1,18,-4.82104957538,2.20169956891,5.3,1,12,0,5.0,400.0
3.1,0.0,1,400.0,22.0,0,0,0.0972239971161,2,94.0,2,16,-5.24605364197,-0.754268642848,5.3,1,12,0,5.0,400.0
3.1,0.0,2,400.0,22.0,0,-1,0.097198009491,1,94.0,1,11,6.49041367526e-16,-5.3,5.3,1,12,0,5.0,400.0
3.1,0.0,2,400.0,22.0,0,0,0.0971961021423,0,94.0,2,18,-4.82104957538,2.20169956891,5.3,1,12,0,5.0,400.0
3.1,0.0,1,400.0,22.0,0,0,0.0970520973206,-1,94.0,1,5,5.24605364197,0.754268642848,5.3,1,12,0,5.0,400.0
3.1,0.0,1,400.0,22.0,0,2,0.0973041057587,0,94.0,2,4,4.82104957538,2.20169956891,5.3,1,12,0,5.0,400.0
3.1,0.0,2,400.0,22.0,0,2,0.0970499515533,-1,94.0,2,8,4.00547274408,-3.47076188991,5.3,1,12,0,5.0,400.0
3.1,0.0,2,400.0,22.0,0,-1,0.097198009491,0,94.0,2,18,-4.82104957538,2.20169956891,5.3,1,12,0,5.0,400.0
3.1,0.0,2,400.0,22.0,0,0,0.0972011089325,-1,94.0,1,6,5.24605364197,-0.754268642848,5.3,1,12,0,5.0,400.0
3.1,0.0,1,400.0,22.0,0,-2,0.0971829891205,0,94.0,1,0,0.0,5.3,5.3,1,12,0,5.0,400.0
3.1,0.0,1,400.0,22.0,0,0,0.0971779823303,-2,94.0,1,10,1.49318255126,-5.08531276016,5.3,1,12,0,5.0,400.0
3.1,0.0,2,400.0,22.0,0,0,0.0971689224243,-2,94.0,1,19,-4.00547274408,3.47076188991,5.3,1,12,0,5.0,400.0
3.1,0.0,1,400.0,22.0,0,0,0.0970621109009,-1,94.0,2,2,2.86539633251,4.45864372401,5.3,1,12,0,5.0,400.0
3.1,0.0,2,400.0,22.0,0,0,0.0971820354462,2,94.0,1,4,4.82104957538,2.20169956891,5.3,1,12,0,5.0,400.0
3.1,0.0,1,400.0,22.0,0,0,0.0971789360046,-2,94.0,2,8,4.00547274408,-3.47076188991,5.3,1,12,0,5.0,400.0
3.1,0.0,2,400.0,22.0,0,2,0.0971779823303,0,94.0,2,15,-4.82104957538,-2.20169956891,5.3,1,12,0,5.0,400.0
3.1,0.0,2,400.0,22.0,0,0,0.0971789360046,0,94.0,2,20,-2.86539633251,4.45864372401,5.3,1,12,0,5.0,400.0
3.1,0.0,2,400.0,22.0,0,0,0.0971848964691,1,94.0,1,12,-1.49318255126,-5.08531276016,5.3,1,12,0,5.0,400.0
3.1,0.0,1,400.0,22.0,0,-2,0.0971691608429,0,94.0,2,20,-2.86539633251,4.45864372401,5.3,1,12,0,5.0,400.0
3.1,0.0,1,400.0,22.0,0,2,0.0972080230713,0,94.0,2,14,-4.00547274408,-3.47076188991,5.3,1,12,0,5.0,400.0
3.1,0.0,2,400.0,22.0,0,-1,0.0971970558167,2,94.0,2,9,2.86539633251,-4.45864372401,5.3,1,12,0,5.0,400.0
3.1,0.0,1,400.0,22.0,0,-1,0.097188949585,1,94.0,2,14,-4.00547274408,-3.47076188991,5.3,1,12,0,5.0,400.0
3.1,0.0,1,400.0,22.0,0,0,0.0970528125763,2,94.0,2,21,-1.49318255126,5.08531276016,5.3,1,12,0,5.0,400.0
3.1,0.0,1,400.0,22.0,0,-1,0.0971999168396,-1,94.0,1,18,-4.82104957538,2.20169956891,5.3,1,12,0,5.0,400.0
3.1,0.0,2,400.0,22.0,0,1,0.0971879959106,1,94.0,2,8,4.00547274408,-3.47076188991,5.3,1,12,0,5.0,400.0
3.1,0.0,1,400.0,22.0,0,0,0.0972158908844,0,94.0,1,17,-5.24605364197,0.754268642848,5.3,1,12,0,5.0,400.0
3.1,0.0,2,400.0,22.0,0,0,0.0972018241882,0,94.0,2,19,-4.00547274408,3.47076188991,5.3,1,12,0,5.0,400.0
3.1,0.0,1,400.0,22.0,0,2,0.0972020626068,2,94.0,1,5,5.24605364197,0.754268642848,5.3,1,12,0,5.0,400.0
3.1,0.0,1,400.0,22.0,0,0,0.0970320701599,0,94.0,1,2,2.86539633251,4.45864372401,5.3,1,12,0,5.0,400.0
3.1,0.0,1,400.0,22.0,0,0,0.0971779823303,0,94.0,1,6,5.24605364197,-0.754268642848,5.3,1,12,0,5.0,400.0
3.1,0.0,1,400.0,22.0,0,1,0.0972018241882,1,94.0,1,13,-2.86539633251,-4.45864372401,5.3,1,12,0,5.0,400.0
3.1,0.0,2,400.0,22.0,0,0,0.0971958637238,0,94.0,2,10,1.49318255126,-5.08531276016,5.3,1,12,0,5.0,400.0
3.1,0.0,2,400.0,22.0,0,2,0.0972001552582,2,94.0,2,3,4.00547274408,3.47076188991,5.3,1,12,0,5.0,400.0
3.1,0.0,1,400.0,22.0,0,-1,0.0971879959106,-1,94.0,1,14,-4.00547274408,-3.47076188991,5.3,1,12,0,5.0,400.0
3.1,0.0,2,400.0,22.0,0,0,0.0971879959106,0,94.0,2,16,-5.24605364197,-0.754268642848,5.3,1,12,0,5.0,400.0
3.1,0.0,2,400.0,22.0,0,0,0.0971939563751,0,94.0,2,3,4.00547274408,3.47076188991,5.3,1,12,0,5.0,400.0
3.1,0.0,2,400.0,22.0,0,0,0.0972020626068,0,94.0,2,13,-2.86539633251,-4.45864372401,5.3,1,12,0,5.0,400.0
3.1,0.0,2,400.0,22.0,0,0,0.0971760749817,0,94.0,1,20,-2.86539633251,4.45864372401,5.3,1,12,0,5.0,400.0
3.1,0.0,2,400.0,22.0,0,0,0.0971899032593,0,94.0,1,6,5.24605364197,-0.754268642848,5.3,1,12,0,5.0,400.0
3.1,0.0,1,400.0,22.0,0,-1,0.0971839427948,-1,94.0,1,11,6.49041367526e-16,-5.3,5.3,1,12,0,5.0,400.0
3.1,0.0,1,400.0,22.0,0,0,0.0971829891205,0,94.0,1,16,-5.24605364197,-0.754268642848,5.3,1,12,0,5.0,400.0
3.1,0.0,2,400.0,22.0,0,0,0.0971999168396,0,94.0,2,0,0.0,5.3,5.3,1,12,0,5.0,400.0
3.1,0.0,1,400.0,22.0,0,0,0.097244977951,0,94.0,2,17,-5.24605364197,0.754268642848,5.3,1,12,0,5.0,400.0
3.1,0.0,2,400.0,22.0,0,0,0.0971760749817,-2,94.0,1,6,5.24605364197,-0.754268642848,5.3,1,12,0,5.0,400.0
3.1,0.0,1,400.0,22.0,0,0,0.0972099304199,0,94.0,2,5,5.24605364197,0.754268642848,5.3,1,12,0,5.0,400.0
3.1,0.0,1,400.0,22.0,0,1,0.0971739292145,1,94.0,1,18,-4.82104957538,2.20169956891,5.3,1,12,0,5.0,400.0
3.1,0.0,2,400.0,22.0,0,-1,0.0971789360046,-1,94.0,2,14,-4.00547274408,-3.47076188991,5.3,1,12,0,5.0,400.0
3.1,0.0,2,400.0,22.0,0,0,0.0971970558167,0,94.0,2,14,-4.00547274408,-3.47076188991,5.3,1,12,0,5.0,400.0
3.1,0.0,1,400.0,22.0,0,0,0.0972061157227,0,94.0,1,17,-5.24605364197,0.754268642848,5.3,1,12,0,5.0,400.0
3.1,0.0,1,400.0,22.0,0,0,0.0972011089325,0,94.0,1,19,-4.00547274408,3.47076188991,5.3,1,12,0,5.0,400.0
3.1,0.0,2,400.0,22.0,0,1,0.0971961021423,0,94.0,1,20,-2.86539633251,4.45864372401,5.3,1,12,0,5.0,400.0
3.1,0.0,1,400.0,22.0,0,-2,0.0973119735718,-2,94.0,1,8,4.00547274408,-3.47076188991,5.3,1,12,0,5.0,400.0
3.1,0.0,2,400.0,22.0,0,0,0.0972201824188,0,94.0,2,12,-1.49318255126,-5.08531276016,5.3,1,12,0,5.0,400.0
3.1,0.0,2,400.0,22.0,0,1,0.0972080230713,0,94.0,2,2,2.86539633251,4.45864372401,5.3,1,12,0,5.0,400.0
3.1,0.0,2,400.0,22.0,0,1,0.0971930027008,0,94.0,2,2,2.86539633251,4.45864372401,5.3,1,12,0,5.0,400.0
3.1,0.0,2,400.0,22.0,0,0,0.097195148468,2,94.0,1,0,0.0,5.3,5.3,1,12,0,5.0,400.0
3.1,0.0,2,400.0,22.0,0,1,0.097217798233,1,94.0,2,3,4.00547274408,3.47076188991,5.3,1,12,0,5.0,400.0
3.1,0.0,2,400.0,22.0,0,2,0.097198009491,2,94.0,2,2,2.86539633251,4.45864372401,5.3,1,12,0,5.0,400.0
3.1,0.0,2,400.0,22.0,0,-2,0.0972020626068,0,94.0,1,1,1.49318255126,5.08531276016,5.3,1,12,0,5.0,400.0
3.1,0.0,2,400.0,22.0,0,0,0.0971939563751,0,94.0,1,5,5.24605364197,0.754268642848,5.3,1,12,0,5.0,400.0
3.1,0.0,1,400.0,22.0,0,-1,0.0971961021423,-1,94.0,1,13,-2.86539633251,-4.45864372401,5.3,1,12,0,5.0,400.0
3.1,0.0,2,400.0,22.0,0,0,0.0971977710724,-1,94.0,1,8,4.00547274408,-3.47076188991,5.3,1,12,0,5.0,400.0
3.1,0.0,1,400.0,22.0,0,0,0.097195148468,0,94.0,1,12,-1.49318255126,-5.08531276016,5.3,1,12,0,5.0,400.0
3.1,0.0,2,400.0,22.0,0,0,0.0971949100494,0,94.0,1,6,5.24605364197,-0.754268642848,5.3,1,12,0,5.0,400.0
3.1,0.0,1,400.0,22.0,0,-2,0.097195148468,-1,94.0,1,14,-4.00547274408,-3.47076188991,5.3,1,12,0,5.0,400.0
3.1,0.0,1,400.0,22.0,0,0,0.0973398685455,0,94.0,1,18,-4.82104957538,2.20169956891,5.3,1,12,0,5.0,400.0
3.1,0.0,2,400.0,22.0,0,0,0.097198009491,0,94.0,2,19,-4.00547274408,3.47076188991,5.3,1,12,0,5.0,400.0
3.1,0.0,1,400.0,22.0,0,0,0.0971970558167,0,94.0,1,6,5.24605364197,-0.754268642848,5.3,1,12,0,5.0,400.0
3.1,0.0,1,400.0,22.0,0,0,0.0971810817719,-1,94.0,1,6,5.24605364197,-0.754268642848,5.3,1,12,0,5.0,400.0
3.1,0.0,1,400.0,22.0,0,0,0.0971949100494,0,94.0,1,8,4.00547274408,-3.47076188991,5.3,1,12,0,5.0,400.0
3.1,0.0,2,400.0,22.0,0,-1,0.0971918106079,-1,94.0,2,7,4.82104957538,-2.20169956891,5.3,1,12,0,5.0,400.0
3.1,0.0,2,400.0,22.0,0,1,0.0972020626068,0,94.0,2,21,-1.49318255126,5.08531276016,5.3,1,12,0,5.0,400.0
3.1,0.0,2,400.0,22.0,0,0,0.0972168445587,0,94.0,2,17,-5.24605364197,0.754268642848,5.3,1,12,0,5.0,400.0
3.1,0.0,1,400.0,22.0,0,0,0.0971820354462,0,94.0,1,5,5.24605364197,0.754268642848,5.3,1,12,0,5.0,400.0
3.1,0.0,2,400.0,22.0,0,0,0.0971789360046,0,94.0,2,13,-2.86539633251,-4.45864372401,5.3,1,12,0,5.0,400.0
