cue-length,ms-precue,resp-v-hv,ms-st-cue,nitems,offset2,resp-h-pos,actualStimOn,resp-v-pos,ms-stimon,resp-h-hv,cue-loc-int,cue-loc-x,cue-loc-y,radius,bars-or-spot,version,offset,npractice,ntrials
3.1,0.0,1,400.0,22.0,0,0,0.0970230102539,0,94.0,2,5,5.24605364197,0.754268642848,5.3,0,11,-12,5.0,300.0
3.1,0.0,1,400.0,22.0,0,0,0.0970289707184,0,94.0,2,1,1.49318255126,5.08531276016,5.3,0,11,-12,5.0,300.0
3.1,0.0,2,400.0,22.0,0,-1,0.0970170497894,0,94.0,1,10,1.49318255126,-5.08531276016,5.3,0,11,-12,5.0,300.0
3.1,0.0,1,400.0,22.0,0,0,0.0971791744232,2,94.0,2,13,-2.86539633251,-4.45864372401,5.3,0,11,-12,5.0,300.0
3.1,0.0,2,400.0,22.0,0,0,0.0970091819763,0,94.0,2,6,5.24605364197,-0.754268642848,5.3,0,11,-12,5.0,300.0
3.1,0.0,2,400.0,22.0,0,1,0.0972299575806,1,94.0,2,18,-4.82104957538,2.20169956891,5.3,0,11,-12,5.0,300.0
3.1,0.0,2,400.0,22.0,0,2,0.0970311164856,0,94.0,2,11,6.49041367526e-16,-5.3,5.3,0,11,-12,5.0,300.0
3.1,0.0,2,400.0,22.0,0,0,0.0971801280975,0,94.0,1,11,6.49041367526e-16,-5.3,5.3,0,11,-12,5.0,300.0
3.1,0.0,2,400.0,22.0,0,0,0.0971789360046,0,94.0,1,15,-4.82104957538,-2.20169956891,5.3,0,11,-12,5.0,300.0
3.1,0.0,1,400.0,22.0,0,-1,0.0970170497894,-1,94.0,1,16,-5.24605364197,-0.754268642848,5.3,0,11,-12,5.0,300.0
3.1,0.0,2,400.0,22.0,0,1,0.0971779823303,1,94.0,2,2,2.86539633251,4.45864372401,5.3,0,11,-12,5.0,300.0
3.1,0.0,1,400.0,22.0,0,1,0.0970189571381,1,94.0,1,15,-4.82104957538,-2.20169956891,5.3,0,11,-12,5.0,300.0
3.1,0.0,2,400.0,22.0,0,0,0.0971751213074,0,94.0,2,14,-4.00547274408,-3.47076188991,5.3,0,11,-12,5.0,300.0
3.1,0.0,2,400.0,22.0,0,0,0.0971698760986,0,94.0,2,17,-5.24605364197,0.754268642848,5.3,0,11,-12,5.0,300.0
3.1,0.0,2,400.0,22.0,0,0,0.0970530509949,0,94.0,2,9,2.86539633251,-4.45864372401,5.3,0,11,-12,5.0,300.0
3.1,0.0,2,400.0,22.0,0,0,0.09716796875,0,94.0,1,7,4.82104957538,-2.20169956891,5.3,0,11,-12,5.0,300.0
3.1,0.0,1,400.0,22.0,0,0,0.0970141887665,1,94.0,2,3,4.00547274408,3.47076188991,5.3,0,11,-12,5.0,300.0
3.1,0.0,2,400.0,22.0,0,-1,0.0971767902374,0,94.0,1,16,-5.24605364197,-0.754268642848,5.3,0,11,-12,5.0,300.0
3.1,0.0,2,400.0,22.0,0,0,0.0970280170441,0,94.0,2,12,-1.49318255126,-5.08531276016,5.3,0,11,-12,5.0,300.0
3.1,0.0,2,400.0,22.0,0,0,0.0971670150757,0,94.0,2,11,6.49041367526e-16,-5.3,5.3,0,11,-12,5.0,300.0
3.1,0.0,2,400.0,22.0,0,0,0.097069978714,0,94.0,2,18,-4.82104957538,2.20169956891,5.3,0,11,-12,5.0,300.0
3.1,0.0,2,400.0,22.0,0,-2,0.0971820354462,-2,94.0,2,21,-1.49318255126,5.08531276016,5.3,0,11,-12,5.0,300.0
3.1,0.0,2,400.0,22.0,0,1,0.097128868103,1,94.0,2,4,4.82104957538,2.20169956891,5.3,0,11,-12,5.0,300.0
3.1,0.0,2,400.0,22.0,0,-2,0.097275018692,-2,94.0,2,0,0.0,5.3,5.3,0,11,-12,5.0,300.0
3.1,0.0,1,400.0,22.0,0,0,0.0970230102539,0,94.0,1,2,2.86539633251,4.45864372401,5.3,0,11,-12,5.0,300.0
3.1,0.0,2,400.0,22.0,0,2,0.0971720218658,2,94.0,2,13,-2.86539633251,-4.45864372401,5.3,0,11,-12,5.0,300.0
3.1,0.0,2,400.0,22.0,0,1,0.0970170497894,0,94.0,1,6,5.24605364197,-0.754268642848,5.3,0,11,-12,5.0,300.0
3.1,0.0,2,400.0,22.0,0,1,0.0971739292145,1,94.0,2,0,0.0,5.3,5.3,0,11,-12,5.0,300.0
3.1,0.0,2,400.0,22.0,0,0,0.0970211029053,0,94.0,2,19,-4.00547274408,3.47076188991,5.3,0,11,-12,5.0,300.0
3.1,0.0,2,400.0,22.0,0,2,0.0970549583435,2,94.0,2,19,-4.00547274408,3.47076188991,5.3,0,11,-12,5.0,300.0
3.1,0.0,2,400.0,22.0,0,0,0.0971658229828,0,94.0,2,3,4.00547274408,3.47076188991,5.3,0,11,-12,5.0,300.0
3.1,0.0,2,400.0,22.0,0,0,0.0970349311829,0,94.0,2,4,4.82104957538,2.20169956891,5.3,0,11,-12,5.0,300.0
3.1,0.0,2,400.0,22.0,0,1,0.0971999168396,1,94.0,2,19,-4.00547274408,3.47076188991,5.3,0,11,-12,5.0,300.0
3.1,0.0,2,400.0,22.0,0,-2,0.0971848964691,-2,94.0,2,18,-4.82104957538,2.20169956891,5.3,0,11,-12,5.0,300.0
3.1,0.0,2,400.0,22.0,0,0,0.097060918808,0,94.0,2,4,4.82104957538,2.20169956891,5.3,0,11,-12,5.0,300.0
3.1,0.0,2,400.0,22.0,0,0,0.0971779823303,0,94.0,2,9,2.86539633251,-4.45864372401,5.3,0,11,-12,5.0,300.0
3.1,0.0,2,400.0,22.0,0,0,0.0971839427948,0,94.0,1,12,-1.49318255126,-5.08531276016,5.3,0,11,-12,5.0,300.0
3.1,0.0,1,400.0,22.0,0,-2,0.0972049236298,-2,94.0,1,8,4.00547274408,-3.47076188991,5.3,0,11,-12,5.0,300.0
3.1,0.0,2,400.0,22.0,0,-1,0.0971820354462,-1,94.0,2,2,2.86539633251,4.45864372401,5.3,0,11,-12,5.0,300.0
3.1,0.0,2,400.0,22.0,0,-2,0.0970361232758,-2,94.0,2,21,-1.49318255126,5.08531276016,5.3,0,11,-12,5.0,300.0
3.1,0.0,2,400.0,22.0,0,0,0.097058057785,0,94.0,2,13,-2.86539633251,-4.45864372401,5.3,0,11,-12,5.0,300.0
3.1,0.0,2,400.0,22.0,0,1,0.0971591472626,0,94.0,2,17,-5.24605364197,0.754268642848,5.3,0,11,-12,5.0,300.0
3.1,0.0,2,400.0,22.0,0,0,0.0971741676331,0,94.0,1,6,5.24605364197,-0.754268642848,5.3,0,11,-12,5.0,300.0
3.1,0.0,2,400.0,22.0,0,0,0.097177028656,0,94.0,2,1,1.49318255126,5.08531276016,5.3,0,11,-12,5.0,300.0
3.1,0.0,2,400.0,22.0,0,2,0.0971720218658,2,94.0,2,14,-4.00547274408,-3.47076188991,5.3,0,11,-12,5.0,300.0
3.1,0.0,2,400.0,22.0,0,-2,0.0971529483795,-2,94.0,2,14,-4.00547274408,-3.47076188991,5.3,0,11,-12,5.0,300.0
3.1,0.0,2,400.0,22.0,0,0,0.097177028656,0,94.0,2,5,5.24605364197,0.754268642848,5.3,0,11,-12,5.0,300.0
3.1,0.0,1,400.0,22.0,0,0,0.0971760749817,0,94.0,1,2,2.86539633251,4.45864372401,5.3,0,11,-12,5.0,300.0
3.1,0.0,2,400.0,22.0,0,1,0.0972020626068,1,94.0,2,15,-4.82104957538,-2.20169956891,5.3,0,11,-12,5.0,300.0
3.1,0.0,2,400.0,22.0,0,0,0.0971729755402,0,94.0,1,18,-4.82104957538,2.20169956891,5.3,0,11,-12,5.0,300.0
3.1,0.0,2,400.0,22.0,0,2,0.0970129966736,0,94.0,1,17,-5.24605364197,0.754268642848,5.3,0,11,-12,5.0,300.0
3.1,0.0,2,400.0,22.0,0,0,0.0971729755402,-2,94.0,1,18,-4.82104957538,2.20169956891,5.3,0,11,-12,5.0,300.0
3.1,0.0,2,400.0,22.0,0,2,0.0970659255981,2,94.0,2,17,-5.24605364197,0.754268642848,5.3,0,11,-12,5.0,300.0
3.1,0.0,2,400.0,22.0,0,0,0.097158908844,-1,94.0,1,17,-5.24605364197,0.754268642848,5.3,0,11,-12,5.0,300.0
3.1,0.0,2,400.0,22.0,0,0,0.0971720218658,0,94.0,1,5,5.24605364197,0.754268642848,5.3,0,11,-12,5.0,300.0
3.1,0.0,2,400.0,22.0,0,0,0.0970339775085,0,94.0,2,5,5.24605364197,0.754268642848,5.3,0,11,-12,5.0,300.0
3.1,0.0,2,400.0,22.0,0,2,0.097179889679,0,94.0,1,6,5.24605364197,-0.754268642848,5.3,0,11,-12,5.0,300.0
3.1,0.0,2,400.0,22.0,0,-1,0.0970718860626,0,94.0,2,6,5.24605364197,-0.754268642848,5.3,0,11,-12,5.0,300.0
3.1,0.0,1,400.0,22.0,0,-1,0.0971789360046,0,94.0,2,1,1.49318255126,5.08531276016,5.3,0,11,-12,5.0,300.0
3.1,0.0,1,400.0,22.0,0,-1,0.0970118045807,0,94.0,1,2,2.86539633251,4.45864372401,5.3,0,11,-12,5.0,300.0
3.1,0.0,2,400.0,22.0,0,2,0.0971739292145,2,94.0,2,11,6.49041367526e-16,-5.3,5.3,0,11,-12,5.0,300.0
3.1,0.0,2,400.0,22.0,0,1,0.0970151424408,1,94.0,2,14,-4.00547274408,-3.47076188991,5.3,0,11,-12,5.0,300.0
3.1,0.0,2,400.0,22.0,0,0,0.0970551967621,0,94.0,2,8,4.00547274408,-3.47076188991,5.3,0,11,-12,5.0,300.0
3.1,0.0,2,400.0,22.0,0,-1,0.0971820354462,-1,94.0,2,12,-1.49318255126,-5.08531276016,5.3,0,11,-12,5.0,300.0
3.1,0.0,2,400.0,22.0,0,-1,0.0970220565796,0,94.0,2,16,-5.24605364197,-0.754268642848,5.3,0,11,-12,5.0,300.0
3.1,0.0,1,400.0,22.0,0,-2,0.0970540046692,-2,94.0,1,15,-4.82104957538,-2.20169956891,5.3,0,11,-12,5.0,300.0
3.1,0.0,2,400.0,22.0,0,0,0.0971939563751,0,94.0,2,10,1.49318255126,-5.08531276016,5.3,0,11,-12,5.0,300.0
3.1,0.0,2,400.0,22.0,0,0,0.0971760749817,0,94.0,1,6,5.24605364197,-0.754268642848,5.3,0,11,-12,5.0,300.0
3.1,0.0,2,400.0,22.0,0,0,0.0971698760986,0,94.0,1,15,-4.82104957538,-2.20169956891,5.3,0,11,-12,5.0,300.0
3.1,0.0,2,400.0,22.0,0,0,0.0971939563751,0,94.0,2,21,-1.49318255126,5.08531276016,5.3,0,11,-12,5.0,300.0
3.1,0.0,2,400.0,22.0,0,1,0.0970571041107,-1,94.0,1,21,-1.49318255126,5.08531276016,5.3,0,11,-12,5.0,300.0
3.1,0.0,2,400.0,22.0,0,-1,0.0972228050232,-1,94.0,2,7,4.82104957538,-2.20169956891,5.3,0,11,-12,5.0,300.0
3.1,0.0,2,400.0,22.0,0,1,0.0970511436462,1,94.0,2,2,2.86539633251,4.45864372401,5.3,0,11,-12,5.0,300.0
3.1,0.0,2,400.0,22.0,0,-1,0.0971369743347,0,94.0,1,15,-4.82104957538,-2.20169956891,5.3,0,11,-12,5.0,300.0
3.1,0.0,2,400.0,22.0,0,0,0.0971760749817,0,94.0,2,19,-4.00547274408,3.47076188991,5.3,0,11,-12,5.0,300.0
3.1,0.0,1,400.0,22.0,0,1,0.0971810817719,1,94.0,1,9,2.86539633251,-4.45864372401,5.3,0,11,-12,5.0,300.0
3.1,0.0,1,400.0,22.0,0,-2,0.0971779823303,-2,94.0,1,0,0.0,5.3,5.3,0,11,-12,5.0,300.0
3.1,0.0,1,400.0,22.0,0,0,0.0971758365631,-1,94.0,1,15,-4.82104957538,-2.20169956891,5.3,0,11,-12,5.0,300.0
3.1,0.0,2,400.0,22.0,0,1,0.0971820354462,1,94.0,2,15,-4.82104957538,-2.20169956891,5.3,0,11,-12,5.0,300.0
3.1,0.0,2,400.0,22.0,0,-1,0.0971899032593,-1,94.0,2,19,-4.00547274408,3.47076188991,5.3,0,11,-12,5.0,300.0
3.1,0.0,2,400.0,22.0,0,0,0.0971400737762,0,94.0,2,18,-4.82104957538,2.20169956891,5.3,0,11,-12,5.0,300.0
3.1,0.0,2,400.0,22.0,0,0,0.0971741676331,0,94.0,1,6,5.24605364197,-0.754268642848,5.3,0,11,-12,5.0,300.0
3.1,0.0,2,400.0,22.0,0,1,0.0970649719238,1,94.0,1,10,1.49318255126,-5.08531276016,5.3,0,11,-12,5.0,300.0
3.1,0.0,1,400.0,22.0,0,-2,0.0971720218658,1,94.0,1,12,-1.49318255126,-5.08531276016,5.3,0,11,-12,5.0,300.0
3.1,0.0,2,400.0,22.0,0,0,0.0971717834473,0,94.0,2,14,-4.00547274408,-3.47076188991,5.3,0,11,-12,5.0,300.0
3.1,0.0,1,400.0,22.0,0,2,0.0971341133118,2,94.0,1,1,1.49318255126,5.08531276016,5.3,0,11,-12,5.0,300.0
3.1,0.0,2,400.0,22.0,0,0,0.0971720218658,1,94.0,1,17,-5.24605364197,0.754268642848,5.3,0,11,-12,5.0,300.0
3.1,0.0,2,400.0,22.0,0,2,0.0971851348877,2,94.0,2,10,1.49318255126,-5.08531276016,5.3,0,11,-12,5.0,300.0
3.1,0.0,2,400.0,22.0,0,1,0.0971639156342,1,94.0,2,12,-1.49318255126,-5.08531276016,5.3,0,11,-12,5.0,300.0
3.1,0.0,2,400.0,22.0,0,1,0.0971610546112,1,94.0,2,12,-1.49318255126,-5.08531276016,5.3,0,11,-12,5.0,300.0
3.1,0.0,2,400.0,22.0,0,0,0.0972611904144,0,94.0,1,7,4.82104957538,-2.20169956891,5.3,0,11,-12,5.0,300.0
3.1,0.0,2,400.0,22.0,0,0,0.097179889679,0,94.0,2,20,-2.86539633251,4.45864372401,5.3,0,11,-12,5.0,300.0
3.1,0.0,2,400.0,22.0,0,1,0.0971779823303,1,94.0,2,14,-4.00547274408,-3.47076188991,5.3,0,11,-12,5.0,300.0
3.1,0.0,1,400.0,22.0,0,0,0.0971422195435,0,94.0,1,5,5.24605364197,0.754268642848,5.3,0,11,-12,5.0,300.0
3.1,0.0,1,400.0,22.0,0,-2,0.0971758365631,-2,94.0,1,6,5.24605364197,-0.754268642848,5.3,0,11,-12,5.0,300.0
3.1,0.0,2,400.0,22.0,0,-1,0.0971782207489,-1,94.0,2,13,-2.86539633251,-4.45864372401,5.3,0,11,-12,5.0,300.0
3.1,0.0,1,400.0,22.0,0,1,0.0971858501434,1,94.0,1,4,4.82104957538,2.20169956891,5.3,0,11,-12,5.0,300.0
3.1,0.0,1,400.0,22.0,0,-2,0.0971760749817,0,94.0,1,16,-5.24605364197,-0.754268642848,5.3,0,11,-12,5.0,300.0
3.1,0.0,2,400.0,22.0,0,0,0.097048997879,0,94.0,1,17,-5.24605364197,0.754268642848,5.3,0,11,-12,5.0,300.0
3.1,0.0,2,400.0,22.0,0,0,0.0970339775085,0,94.0,2,2,2.86539633251,4.45864372401,5.3,0,11,-12,5.0,300.0
3.1,0.0,2,400.0,22.0,0,0,0.0970170497894,0,94.0,1,7,4.82104957538,-2.20169956891,5.3,0,11,-12,5.0,300.0
3.1,0.0,2,400.0,22.0,0,0,0.0971698760986,-1,94.0,1,10,1.49318255126,-5.08531276016,5.3,0,11,-12,5.0,300.0
3.1,0.0,2,400.0,22.0,0,-1,0.09716796875,-1,94.0,1,7,4.82104957538,-2.20169956891,5.3,0,11,-12,5.0,300.0
3.1,0.0,1,400.0,22.0,0,0,0.0971829891205,0,94.0,1,17,-5.24605364197,0.754268642848,5.3,0,11,-12,5.0,300.0
3.1,0.0,2,400.0,22.0,0,0,0.0971739292145,0,94.0,1,16,-5.24605364197,-0.754268642848,5.3,0,11,-12,5.0,300.0
3.1,0.0,1,400.0,22.0,0,0,0.0972888469696,0,94.0,1,8,4.00547274408,-3.47076188991,5.3,0,11,-12,5.0,300.0
3.1,0.0,2,400.0,22.0,0,-2,0.0971808433533,-2,94.0,2,20,-2.86539633251,4.45864372401,5.3,0,11,-12,5.0,300.0
3.1,0.0,2,400.0,22.0,0,-2,0.0971789360046,-2,94.0,2,8,4.00547274408,-3.47076188991,5.3,0,11,-12,5.0,300.0
3.1,0.0,1,400.0,22.0,0,0,0.0970380306244,0,94.0,1,20,-2.86539633251,4.45864372401,5.3,0,11,-12,5.0,300.0
3.1,0.0,2,400.0,22.0,0,0,0.0971820354462,0,94.0,2,7,4.82104957538,-2.20169956891,5.3,0,11,-12,5.0,300.0
3.1,0.0,1,400.0,22.0,0,0,0.0971341133118,0,94.0,1,15,-4.82104957538,-2.20169956891,5.3,0,11,-12,5.0,300.0
3.1,0.0,1,400.0,22.0,0,2,0.0971810817719,2,94.0,1,21,-1.49318255126,5.08531276016,5.3,0,11,-12,5.0,300.0
3.1,0.0,2,400.0,22.0,0,1,0.0971450805664,1,94.0,2,15,-4.82104957538,-2.20169956891,5.3,0,11,-12,5.0,300.0
3.1,0.0,2,400.0,22.0,0,-2,0.0971298217773,0,94.0,2,5,5.24605364197,0.754268642848,5.3,0,11,-12,5.0,300.0
3.1,0.0,2,400.0,22.0,0,1,0.0971720218658,1,94.0,2,18,-4.82104957538,2.20169956891,5.3,0,11,-12,5.0,300.0
3.1,0.0,1,400.0,22.0,0,0,0.0970020294189,0,94.0,1,13,-2.86539633251,-4.45864372401,5.3,0,11,-12,5.0,300.0
3.1,0.0,2,400.0,22.0,0,0,0.0971817970276,0,94.0,2,20,-2.86539633251,4.45864372401,5.3,0,11,-12,5.0,300.0
3.1,0.0,2,400.0,22.0,0,0,0.0970389842987,0,94.0,2,11,6.49041367526e-16,-5.3,5.3,0,11,-12,5.0,300.0
3.1,0.0,1,400.0,22.0,0,-2,0.0971708297729,-2,94.0,1,4,4.82104957538,2.20169956891,5.3,0,11,-12,5.0,300.0
3.1,0.0,2,400.0,22.0,0,2,0.0971729755402,2,94.0,2,20,-2.86539633251,4.45864372401,5.3,0,11,-12,5.0,300.0
3.1,0.0,2,400.0,22.0,0,-1,0.0970561504364,-1,94.0,2,7,4.82104957538,-2.20169956891,5.3,0,11,-12,5.0,300.0
3.1,0.0,2,400.0,22.0,0,2,0.0970439910889,1,94.0,2,15,-4.82104957538,-2.20169956891,5.3,0,11,-12,5.0,300.0
3.1,0.0,2,400.0,22.0,0,0,0.0971820354462,0,94.0,1,6,5.24605364197,-0.754268642848,5.3,0,11,-12,5.0,300.0
3.1,0.0,2,400.0,22.0,0,-2,0.0971720218658,0,94.0,2,2,2.86539633251,4.45864372401,5.3,0,11,-12,5.0,300.0
3.1,0.0,2,400.0,22.0,0,-1,0.0971548557281,-1,94.0,2,10,1.49318255126,-5.08531276016,5.3,0,11,-12,5.0,300.0
3.1,0.0,2,400.0,22.0,0,0,0.0971591472626,0,94.0,2,10,1.49318255126,-5.08531276016,5.3,0,11,-12,5.0,300.0
3.1,0.0,1,400.0,22.0,0,0,0.0971939563751,0,94.0,2,7,4.82104957538,-2.20169956891,5.3,0,11,-12,5.0,300.0
3.1,0.0,1,400.0,22.0,0,1,0.0971851348877,1,94.0,1,13,-2.86539633251,-4.45864372401,5.3,0,11,-12,5.0,300.0
3.1,0.0,2,400.0,22.0,0,1,0.0970358848572,1,94.0,2,2,2.86539633251,4.45864372401,5.3,0,11,-12,5.0,300.0
3.1,0.0,2,400.0,22.0,0,1,0.0971400737762,1,94.0,2,14,-4.00547274408,-3.47076188991,5.3,0,11,-12,5.0,300.0
3.1,0.0,1,400.0,22.0,0,-2,0.0971360206604,-2,94.0,1,11,6.49041367526e-16,-5.3,5.3,0,11,-12,5.0,300.0
3.1,0.0,1,400.0,22.0,0,0,0.0972020626068,0,94.0,2,7,4.82104957538,-2.20169956891,5.3,0,11,-12,5.0,300.0
3.1,0.0,2,400.0,22.0,0,0,0.0971758365631,0,94.0,2,9,2.86539633251,-4.45864372401,5.3,0,11,-12,5.0,300.0
3.1,0.0,2,400.0,22.0,0,0,0.0970380306244,0,94.0,2,19,-4.00547274408,3.47076188991,5.3,0,11,-12,5.0,300.0
3.1,0.0,2,400.0,22.0,0,-1,0.0971760749817,-1,94.0,2,9,2.86539633251,-4.45864372401,5.3,0,11,-12,5.0,300.0
3.1,0.0,2,400.0,22.0,0,-1,0.0972170829773,-1,94.0,2,2,2.86539633251,4.45864372401,5.3,0,11,-12,5.0,300.0
3.1,0.0,2,400.0,22.0,0,0,0.0971460342407,0,94.0,2,0,0.0,5.3,5.3,0,11,-12,5.0,300.0
3.1,0.0,2,400.0,22.0,0,0,0.0971739292145,0,94.0,2,18,-4.82104957538,2.20169956891,5.3,0,11,-12,5.0,300.0
3.1,0.0,1,400.0,22.0,0,0,0.0971970558167,0,94.0,2,5,5.24605364197,0.754268642848,5.3,0,11,-12,5.0,300.0
3.1,0.0,2,400.0,22.0,0,1,0.0971741676331,1,94.0,1,16,-5.24605364197,-0.754268642848,5.3,0,11,-12,5.0,300.0
3.1,0.0,2,400.0,22.0,0,0,0.0971820354462,0,94.0,1,6,5.24605364197,-0.754268642848,5.3,0,11,-12,5.0,300.0
3.1,0.0,2,400.0,22.0,0,0,0.0970060825348,1,94.0,2,4,4.82104957538,2.20169956891,5.3,0,11,-12,5.0,300.0
3.1,0.0,2,400.0,22.0,0,-1,0.0971829891205,-1,94.0,2,14,-4.00547274408,-3.47076188991,5.3,0,11,-12,5.0,300.0
3.1,0.0,1,400.0,22.0,0,1,0.0971641540527,1,94.0,1,14,-4.00547274408,-3.47076188991,5.3,0,11,-12,5.0,300.0
3.1,0.0,2,400.0,22.0,0,1,0.0971989631653,-2,94.0,2,2,2.86539633251,4.45864372401,5.3,0,11,-12,5.0,300.0
3.1,0.0,2,400.0,22.0,0,-2,0.0971660614014,-2,94.0,2,11,6.49041367526e-16,-5.3,5.3,0,11,-12,5.0,300.0
3.1,0.0,2,400.0,22.0,0,0,0.097060918808,0,94.0,2,19,-4.00547274408,3.47076188991,5.3,0,11,-12,5.0,300.0
3.1,0.0,2,400.0,22.0,0,0,0.0971949100494,0,94.0,2,1,1.49318255126,5.08531276016,5.3,0,11,-12,5.0,300.0
3.1,0.0,1,400.0,22.0,0,-1,0.0971961021423,-1,94.0,1,10,1.49318255126,-5.08531276016,5.3,0,11,-12,5.0,300.0
3.1,0.0,2,400.0,22.0,0,2,0.0971901416779,2,94.0,2,13,-2.86539633251,-4.45864372401,5.3,0,11,-12,5.0,300.0
3.1,0.0,2,400.0,22.0,0,0,0.0971999168396,0,94.0,2,5,5.24605364197,0.754268642848,5.3,0,11,-12,5.0,300.0
3.1,0.0,2,400.0,22.0,0,2,0.0969910621643,0,94.0,2,4,4.82104957538,2.20169956891,5.3,0,11,-12,5.0,300.0
3.1,0.0,2,400.0,22.0,0,-1,0.097188949585,-1,94.0,2,12,-1.49318255126,-5.08531276016,5.3,0,11,-12,5.0,300.0
3.1,0.0,2,400.0,22.0,0,1,0.0971899032593,1,94.0,2,19,-4.00547274408,3.47076188991,5.3,0,11,-12,5.0,300.0
3.1,0.0,1,400.0,22.0,0,-1,0.0971968173981,-1,94.0,1,19,-4.00547274408,3.47076188991,5.3,0,11,-12,5.0,300.0
3.1,0.0,2,400.0,22.0,0,-1,0.0971817970276,-1,94.0,2,19,-4.00547274408,3.47076188991,5.3,0,11,-12,5.0,300.0
3.1,0.0,2,400.0,22.0,0,0,0.0971760749817,0,94.0,2,9,2.86539633251,-4.45864372401,5.3,0,11,-12,5.0,300.0
3.1,0.0,2,400.0,22.0,0,0,0.0971879959106,0,94.0,2,21,-1.49318255126,5.08531276016,5.3,0,11,-12,5.0,300.0
3.1,0.0,2,400.0,22.0,0,1,0.0971810817719,1,94.0,2,17,-5.24605364197,0.754268642848,5.3,0,11,-12,5.0,300.0
3.1,0.0,1,400.0,22.0,0,0,0.0970649719238,0,94.0,1,10,1.49318255126,-5.08531276016,5.3,0,11,-12,5.0,300.0
3.1,0.0,2,400.0,22.0,0,0,0.097137928009,0,94.0,2,1,1.49318255126,5.08531276016,5.3,0,11,-12,5.0,300.0
3.1,0.0,2,400.0,22.0,0,0,0.0971820354462,0,94.0,2,21,-1.49318255126,5.08531276016,5.3,0,11,-12,5.0,300.0
3.1,0.0,2,400.0,22.0,0,0,0.0972089767456,0,94.0,2,21,-1.49318255126,5.08531276016,5.3,0,11,-12,5.0,300.0
3.1,0.0,2,400.0,22.0,0,-2,0.0971989631653,-2,94.0,2,10,1.49318255126,-5.08531276016,5.3,0,11,-12,5.0,300.0
3.1,0.0,1,400.0,22.0,0,0,0.0971839427948,0,94.0,1,18,-4.82104957538,2.20169956891,5.3,0,11,-12,5.0,300.0
3.1,0.0,2,400.0,22.0,0,1,0.0971598625183,1,94.0,2,7,4.82104957538,-2.20169956891,5.3,0,11,-12,5.0,300.0
3.1,0.0,2,400.0,22.0,0,0,0.0971958637238,0,94.0,2,8,4.00547274408,-3.47076188991,5.3,0,11,-12,5.0,300.0
3.1,0.0,2,400.0,22.0,0,0,0.0972769260406,0,94.0,2,1,1.49318255126,5.08531276016,5.3,0,11,-12,5.0,300.0
3.1,0.0,2,400.0,22.0,0,0,0.0971710681915,0,94.0,2,16,-5.24605364197,-0.754268642848,5.3,0,11,-12,5.0,300.0
3.1,0.0,1,400.0,22.0,0,-2,0.0971961021423,-2,94.0,1,0,0.0,5.3,5.3,0,11,-12,5.0,300.0
3.1,0.0,1,400.0,22.0,0,-1,0.0972049236298,-1,94.0,1,17,-5.24605364197,0.754268642848,5.3,0,11,-12,5.0,300.0
3.1,0.0,2,400.0,22.0,0,0,0.0972139835358,0,94.0,2,15,-4.82104957538,-2.20169956891,5.3,0,11,-12,5.0,300.0
3.1,0.0,2,400.0,22.0,0,0,0.0972039699554,0,94.0,1,13,-2.86539633251,-4.45864372401,5.3,0,11,-12,5.0,300.0
3.1,0.0,2,400.0,22.0,0,2,0.0972020626068,2,94.0,2,3,4.00547274408,3.47076188991,5.3,0,11,-12,5.0,300.0
3.1,0.0,2,400.0,22.0,0,0,0.0971949100494,0,94.0,2,8,4.00547274408,-3.47076188991,5.3,0,11,-12,5.0,300.0
3.1,0.0,2,400.0,22.0,0,0,0.0971999168396,0,94.0,1,17,-5.24605364197,0.754268642848,5.3,0,11,-12,5.0,300.0
3.1,0.0,1,400.0,22.0,0,2,0.0972929000854,2,94.0,1,14,-4.00547274408,-3.47076188991,5.3,0,11,-12,5.0,300.0
3.1,0.0,1,400.0,22.0,0,0,0.097195148468,2,94.0,1,16,-5.24605364197,-0.754268642848,5.3,0,11,-12,5.0,300.0
3.1,0.0,2,400.0,22.0,0,0,0.0971961021423,-2,94.0,2,20,-2.86539633251,4.45864372401,5.3,0,11,-12,5.0,300.0
3.1,0.0,2,400.0,22.0,0,0,0.0971851348877,0,94.0,2,12,-1.49318255126,-5.08531276016,5.3,0,11,-12,5.0,300.0
3.1,0.0,1,400.0,22.0,0,2,0.097177028656,0,94.0,2,16,-5.24605364197,-0.754268642848,5.3,0,11,-12,5.0,300.0
3.1,0.0,2,400.0,22.0,0,1,0.0970468521118,0,94.0,2,16,-5.24605364197,-0.754268642848,5.3,0,11,-12,5.0,300.0
3.1,0.0,2,400.0,22.0,0,2,0.0971908569336,-1,94.0,1,3,4.00547274408,3.47076188991,5.3,0,11,-12,5.0,300.0
3.1,0.0,1,400.0,22.0,0,1,0.0972211360931,0,94.0,2,13,-2.86539633251,-4.45864372401,5.3,0,11,-12,5.0,300.0
3.1,0.0,2,400.0,22.0,0,0,0.0972290039062,0,94.0,2,16,-5.24605364197,-0.754268642848,5.3,0,11,-12,5.0,300.0
3.1,0.0,2,400.0,22.0,0,1,0.0972027778625,1,94.0,1,5,5.24605364197,0.754268642848,5.3,0,11,-12,5.0,300.0
3.1,0.0,2,400.0,22.0,0,2,0.0971999168396,-2,94.0,1,18,-4.82104957538,2.20169956891,5.3,0,11,-12,5.0,300.0
3.1,0.0,2,400.0,22.0,0,-1,0.0971210002899,-1,94.0,2,9,2.86539633251,-4.45864372401,5.3,0,11,-12,5.0,300.0
3.1,0.0,2,400.0,22.0,0,0,0.0972220897675,0,94.0,2,19,-4.00547274408,3.47076188991,5.3,0,11,-12,5.0,300.0
3.1,0.0,2,400.0,22.0,0,-1,0.0972089767456,-1,94.0,2,5,5.24605364197,0.754268642848,5.3,0,11,-12,5.0,300.0
3.1,0.0,1,400.0,22.0,0,0,0.0971939563751,0,94.0,1,12,-1.49318255126,-5.08531276016,5.3,0,11,-12,5.0,300.0
3.1,0.0,2,400.0,22.0,0,1,0.0971939563751,1,94.0,2,17,-5.24605364197,0.754268642848,5.3,0,11,-12,5.0,300.0
3.1,0.0,2,400.0,22.0,0,0,0.0971939563751,0,94.0,2,4,4.82104957538,2.20169956891,5.3,0,11,-12,5.0,300.0
3.1,0.0,2,400.0,22.0,0,2,0.0971968173981,2,94.0,2,1,1.49318255126,5.08531276016,5.3,0,11,-12,5.0,300.0
3.1,0.0,2,400.0,22.0,0,0,0.0972080230713,0,94.0,2,13,-2.86539633251,-4.45864372401,5.3,0,11,-12,5.0,300.0
3.1,0.0,2,400.0,22.0,0,2,0.0971999168396,2,94.0,2,4,4.82104957538,2.20169956891,5.3,0,11,-12,5.0,300.0
3.1,0.0,2,400.0,22.0,0,0,0.0972220897675,0,94.0,2,19,-4.00547274408,3.47076188991,5.3,0,11,-12,5.0,300.0
3.1,0.0,2,400.0,22.0,0,-2,0.0971992015839,-2,94.0,2,0,0.0,5.3,5.3,0,11,-12,5.0,300.0
3.1,0.0,2,400.0,22.0,0,0,0.0969941616058,0,94.0,2,21,-1.49318255126,5.08531276016,5.3,0,11,-12,5.0,300.0
3.1,0.0,2,400.0,22.0,0,1,0.0972011089325,1,94.0,2,5,5.24605364197,0.754268642848,5.3,0,11,-12,5.0,300.0
3.1,0.0,2,400.0,22.0,0,1,0.0972108840942,1,94.0,2,7,4.82104957538,-2.20169956891,5.3,0,11,-12,5.0,300.0
3.1,0.0,2,400.0,22.0,0,1,0.0972039699554,1,94.0,2,3,4.00547274408,3.47076188991,5.3,0,11,-12,5.0,300.0
3.1,0.0,2,400.0,22.0,0,0,0.097198009491,0,94.0,2,18,-4.82104957538,2.20169956891,5.3,0,11,-12,5.0,300.0
3.1,0.0,2,400.0,22.0,0,1,0.0971939563751,1,94.0,2,8,4.00547274408,-3.47076188991,5.3,0,11,-12,5.0,300.0
3.1,0.0,2,400.0,22.0,0,0,0.0972108840942,0,94.0,2,13,-2.86539633251,-4.45864372401,5.3,0,11,-12,5.0,300.0
3.1,0.0,2,400.0,22.0,0,1,0.0972039699554,1,94.0,2,14,-4.00547274408,-3.47076188991,5.3,0,11,-12,5.0,300.0
3.1,0.0,2,400.0,22.0,0,0,0.0972011089325,0,94.0,2,11,6.49041367526e-16,-5.3,5.3,0,11,-12,5.0,300.0
3.1,0.0,2,400.0,22.0,0,-1,0.097188949585,-1,94.0,2,9,2.86539633251,-4.45864372401,5.3,0,11,-12,5.0,300.0
3.1,0.0,2,400.0,22.0,0,-1,0.0970618724823,-2,94.0,2,8,4.00547274408,-3.47076188991,5.3,0,11,-12,5.0,300.0
3.1,0.0,2,400.0,22.0,0,0,0.0970461368561,0,94.0,2,10,1.49318255126,-5.08531276016,5.3,0,11,-12,5.0,300.0
3.1,0.0,2,400.0,22.0,0,-1,0.097109079361,-1,94.0,2,9,2.86539633251,-4.45864372401,5.3,0,11,-12,5.0,300.0
3.1,0.0,1,400.0,22.0,0,-1,0.097198009491,-1,94.0,1,17,-5.24605364197,0.754268642848,5.3,0,11,-12,5.0,300.0
3.1,0.0,2,400.0,22.0,0,-1,0.0972049236298,-1,94.0,2,21,-1.49318255126,5.08531276016,5.3,0,11,-12,5.0,300.0
3.1,0.0,2,400.0,22.0,0,0,0.0972049236298,0,94.0,2,2,2.86539633251,4.45864372401,5.3,0,11,-12,5.0,300.0
3.1,0.0,1,400.0,22.0,0,2,0.097179889679,2,94.0,1,21,-1.49318255126,5.08531276016,5.3,0,11,-12,5.0,300.0
3.1,0.0,1,400.0,22.0,0,0,0.0971970558167,0,94.0,1,1,1.49318255126,5.08531276016,5.3,0,11,-12,5.0,300.0
3.1,0.0,2,400.0,22.0,0,0,0.0971930027008,0,94.0,2,18,-4.82104957538,2.20169956891,5.3,0,11,-12,5.0,300.0
3.1,0.0,2,400.0,22.0,0,0,0.0972092151642,0,94.0,2,7,4.82104957538,-2.20169956891,5.3,0,11,-12,5.0,300.0
3.1,0.0,2,400.0,22.0,0,1,0.0971441268921,1,94.0,2,15,-4.82104957538,-2.20169956891,5.3,0,11,-12,5.0,300.0
3.1,0.0,1,400.0,22.0,0,0,0.0971999168396,0,94.0,1,3,4.00547274408,3.47076188991,5.3,0,11,-12,5.0,300.0
3.1,0.0,2,400.0,22.0,0,0,0.0971739292145,0,94.0,2,11,6.49041367526e-16,-5.3,5.3,0,11,-12,5.0,300.0
3.1,0.0,2,400.0,22.0,0,0,0.0972001552582,0,94.0,2,12,-1.49318255126,-5.08531276016,5.3,0,11,-12,5.0,300.0
3.1,0.0,2,400.0,22.0,0,0,0.0971801280975,0,94.0,2,15,-4.82104957538,-2.20169956891,5.3,0,11,-12,5.0,300.0
3.1,0.0,2,400.0,22.0,0,2,0.0971989631653,0,94.0,1,5,5.24605364197,0.754268642848,5.3,0,11,-12,5.0,300.0
3.1,0.0,2,400.0,22.0,0,1,0.097188949585,1,94.0,2,14,-4.00547274408,-3.47076188991,5.3,0,11,-12,5.0,300.0
3.1,0.0,1,400.0,22.0,0,-1,0.0970511436462,-1,94.0,1,12,-1.49318255126,-5.08531276016,5.3,0,11,-12,5.0,300.0
3.1,0.0,1,400.0,22.0,0,-1,0.0971930027008,-2,94.0,1,20,-2.86539633251,4.45864372401,5.3,0,11,-12,5.0,300.0
3.1,0.0,2,400.0,22.0,0,0,0.0971939563751,0,94.0,2,8,4.00547274408,-3.47076188991,5.3,0,11,-12,5.0,300.0
3.1,0.0,2,400.0,22.0,0,-1,0.0972850322723,-1,94.0,2,10,1.49318255126,-5.08531276016,5.3,0,11,-12,5.0,300.0
3.1,0.0,2,400.0,22.0,0,1,0.0970749855042,1,94.0,2,2,2.86539633251,4.45864372401,5.3,0,11,-12,5.0,300.0
3.1,0.0,2,400.0,22.0,0,1,0.0971961021423,0,94.0,1,6,5.24605364197,-0.754268642848,5.3,0,11,-12,5.0,300.0
3.1,0.0,2,400.0,22.0,0,1,0.0971930027008,1,94.0,2,20,-2.86539633251,4.45864372401,5.3,0,11,-12,5.0,300.0
3.1,0.0,2,400.0,22.0,0,1,0.0972058773041,0,94.0,2,5,5.24605364197,0.754268642848,5.3,0,11,-12,5.0,300.0
3.1,0.0,2,400.0,22.0,0,1,0.097198009491,1,94.0,2,14,-4.00547274408,-3.47076188991,5.3,0,11,-12,5.0,300.0
3.1,0.0,2,400.0,22.0,0,1,0.0971949100494,1,94.0,2,4,4.82104957538,2.20169956891,5.3,0,11,-12,5.0,300.0
3.1,0.0,2,400.0,22.0,0,-1,0.0972030162811,-1,94.0,2,2,2.86539633251,4.45864372401,5.3,0,11,-12,5.0,300.0
3.1,0.0,2,400.0,22.0,0,0,0.0971720218658,0,94.0,1,6,5.24605364197,-0.754268642848,5.3,0,11,-12,5.0,300.0
3.1,0.0,2,400.0,22.0,0,0,0.0972120761871,0,94.0,2,9,2.86539633251,-4.45864372401,5.3,0,11,-12,5.0,300.0
3.1,0.0,2,400.0,22.0,0,2,0.0972080230713,2,94.0,2,0,0.0,5.3,5.3,0,11,-12,5.0,300.0
3.1,0.0,2,400.0,22.0,0,1,0.0972051620483,1,94.0,2,10,1.49318255126,-5.08531276016,5.3,0,11,-12,5.0,300.0
3.1,0.0,2,400.0,22.0,0,0,0.0971968173981,0,94.0,2,16,-5.24605364197,-0.754268642848,5.3,0,11,-12,5.0,300.0
3.1,0.0,2,400.0,22.0,0,0,0.097275018692,0,94.0,1,12,-1.49318255126,-5.08531276016,5.3,0,11,-12,5.0,300.0
3.1,0.0,1,400.0,22.0,0,0,0.0972001552582,0,94.0,1,17,-5.24605364197,0.754268642848,5.3,0,11,-12,5.0,300.0
3.1,0.0,2,400.0,22.0,0,0,0.0971870422363,2,94.0,1,9,2.86539633251,-4.45864372401,5.3,0,11,-12,5.0,300.0
3.1,0.0,2,400.0,22.0,0,-2,0.0971970558167,-2,94.0,2,19,-4.00547274408,3.47076188991,5.3,0,11,-12,5.0,300.0
3.1,0.0,2,400.0,22.0,0,-1,0.0971958637238,-1,94.0,2,8,4.00547274408,-3.47076188991,5.3,0,11,-12,5.0,300.0
3.1,0.0,2,400.0,22.0,0,2,0.0972039699554,2,94.0,2,21,-1.49318255126,5.08531276016,5.3,0,11,-12,5.0,300.0
3.1,0.0,2,400.0,22.0,0,0,0.0972051620483,0,94.0,2,0,0.0,5.3,5.3,0,11,-12,5.0,300.0
3.1,0.0,2,400.0,22.0,0,0,0.0972030162811,0,94.0,2,6,5.24605364197,-0.754268642848,5.3,0,11,-12,5.0,300.0
3.1,0.0,2,400.0,22.0,0,0,0.0972139835358,0,94.0,1,6,5.24605364197,-0.754268642848,5.3,0,11,-12,5.0,300.0
3.1,0.0,2,400.0,22.0,0,0,0.0972919464111,-1,94.0,1,18,-4.82104957538,2.20169956891,5.3,0,11,-12,5.0,300.0
3.1,0.0,2,400.0,22.0,0,1,0.0972101688385,0,94.0,2,3,4.00547274408,3.47076188991,5.3,0,11,-12,5.0,300.0
3.1,0.0,2,400.0,22.0,0,0,0.0972089767456,0,94.0,2,12,-1.49318255126,-5.08531276016,5.3,0,11,-12,5.0,300.0
3.1,0.0,2,400.0,22.0,0,1,0.0972020626068,1,94.0,2,13,-2.86539633251,-4.45864372401,5.3,0,11,-12,5.0,300.0
3.1,0.0,2,400.0,22.0,0,0,0.0972130298615,0,94.0,2,3,4.00547274408,3.47076188991,5.3,0,11,-12,5.0,300.0
3.1,0.0,2,400.0,22.0,0,0,0.097204208374,0,94.0,1,6,5.24605364197,-0.754268642848,5.3,0,11,-12,5.0,300.0
3.1,0.0,2,400.0,22.0,0,-2,0.0972180366516,-2,94.0,2,0,0.0,5.3,5.3,0,11,-12,5.0,300.0
3.1,0.0,1,400.0,22.0,0,1,0.0971879959106,1,94.0,1,15,-4.82104957538,-2.20169956891,5.3,0,11,-12,5.0,300.0
3.1,0.0,1,400.0,22.0,0,1,0.0972039699554,1,94.0,1,10,1.49318255126,-5.08531276016,5.3,0,11,-12,5.0,300.0
3.1,0.0,1,400.0,22.0,0,0,0.0970559120178,1,94.0,2,6,5.24605364197,-0.754268642848,5.3,0,11,-12,5.0,300.0
3.1,0.0,2,400.0,22.0,0,0,0.0970649719238,1,94.0,2,13,-2.86539633251,-4.45864372401,5.3,0,11,-12,5.0,300.0
3.1,0.0,2,400.0,22.0,0,1,0.0970640182495,1,94.0,2,15,-4.82104957538,-2.20169956891,5.3,0,11,-12,5.0,300.0
3.1,0.0,2,400.0,22.0,0,1,0.0971930027008,1,94.0,2,5,5.24605364197,0.754268642848,5.3,0,11,-12,5.0,300.0
3.1,0.0,2,400.0,22.0,0,-1,0.0972101688385,-1,94.0,2,12,-1.49318255126,-5.08531276016,5.3,0,11,-12,5.0,300.0
3.1,0.0,2,400.0,22.0,0,-1,0.0970330238342,1,94.0,2,12,-1.49318255126,-5.08531276016,5.3,0,11,-12,5.0,300.0
3.1,0.0,2,400.0,22.0,0,-1,0.0972027778625,-1,94.0,2,20,-2.86539633251,4.45864372401,5.3,0,11,-12,5.0,300.0
3.1,0.0,2,400.0,22.0,0,0,0.0972030162811,0,94.0,2,3,4.00547274408,3.47076188991,5.3,0,11,-12,5.0,300.0
3.1,0.0,2,400.0,22.0,0,0,0.0972180366516,0,94.0,2,5,5.24605364197,0.754268642848,5.3,0,11,-12,5.0,300.0
3.1,0.0,2,400.0,22.0,0,1,0.0970520973206,1,94.0,2,21,-1.49318255126,5.08531276016,5.3,0,11,-12,5.0,300.0
3.1,0.0,2,400.0,22.0,0,0,0.0970640182495,0,94.0,2,16,-5.24605364197,-0.754268642848,5.3,0,11,-12,5.0,300.0
3.1,0.0,1,400.0,22.0,0,1,0.0972018241882,-2,94.0,2,15,-4.82104957538,-2.20169956891,5.3,0,11,-12,5.0,300.0
3.1,0.0,1,400.0,22.0,0,-1,0.0970709323883,-1,94.0,1,11,6.49041367526e-16,-5.3,5.3,0,11,-12,5.0,300.0
3.1,0.0,2,400.0,22.0,0,1,0.097100019455,1,94.0,2,13,-2.86539633251,-4.45864372401,5.3,0,11,-12,5.0,300.0
3.1,0.0,1,400.0,22.0,0,-2,0.0970768928528,-2,94.0,1,14,-4.00547274408,-3.47076188991,5.3,0,11,-12,5.0,300.0
3.1,0.0,2,400.0,22.0,0,0,0.0972008705139,0,94.0,2,11,6.49041367526e-16,-5.3,5.3,0,11,-12,5.0,300.0
3.1,0.0,2,400.0,22.0,0,0,0.097048997879,0,94.0,2,4,4.82104957538,2.20169956891,5.3,0,11,-12,5.0,300.0
3.1,0.0,2,400.0,22.0,0,-2,0.0972020626068,-2,94.0,2,10,1.49318255126,-5.08531276016,5.3,0,11,-12,5.0,300.0
3.1,0.0,2,400.0,22.0,0,0,0.0971930027008,0,94.0,2,13,-2.86539633251,-4.45864372401,5.3,0,11,-12,5.0,300.0
3.1,0.0,2,400.0,22.0,0,0,0.0972080230713,0,94.0,1,7,4.82104957538,-2.20169956891,5.3,0,11,-12,5.0,300.0
3.1,0.0,2,400.0,22.0,0,-1,0.0972111225128,0,94.0,2,3,4.00547274408,3.47076188991,5.3,0,11,-12,5.0,300.0
3.1,0.0,1,400.0,22.0,0,0,0.0972011089325,-1,94.0,2,20,-2.86539633251,4.45864372401,5.3,0,11,-12,5.0,300.0
3.1,0.0,1,400.0,22.0,0,0,0.0972030162811,0,94.0,2,9,2.86539633251,-4.45864372401,5.3,0,11,-12,5.0,300.0
3.1,0.0,1,400.0,22.0,0,0,0.0971989631653,0,94.0,2,11,6.49041367526e-16,-5.3,5.3,0,11,-12,5.0,300.0
3.1,0.0,2,400.0,22.0,0,0,0.0972421169281,0,94.0,1,7,4.82104957538,-2.20169956891,5.3,0,11,-12,5.0,300.0
3.1,0.0,2,400.0,22.0,0,-1,0.0972759723663,-1,94.0,2,1,1.49318255126,5.08531276016,5.3,0,11,-12,5.0,300.0
3.1,0.0,1,400.0,22.0,0,-1,0.0972018241882,-1,94.0,1,17,-5.24605364197,0.754268642848,5.3,0,11,-12,5.0,300.0
3.1,0.0,2,400.0,22.0,0,0,0.0972008705139,0,94.0,1,21,-1.49318255126,5.08531276016,5.3,0,11,-12,5.0,300.0
3.1,0.0,1,400.0,22.0,0,0,0.0972118377686,0,94.0,1,6,5.24605364197,-0.754268642848,5.3,0,11,-12,5.0,300.0
3.1,0.0,2,400.0,22.0,0,-1,0.0972139835358,-1,94.0,2,9,2.86539633251,-4.45864372401,5.3,0,11,-12,5.0,300.0
3.1,0.0,1,400.0,22.0,0,-2,0.097186088562,-2,94.0,1,2,2.86539633251,4.45864372401,5.3,0,11,-12,5.0,300.0
3.1,0.0,1,400.0,22.0,0,1,0.0972011089325,1,94.0,1,2,2.86539633251,4.45864372401,5.3,0,11,-12,5.0,300.0
3.1,0.0,2,400.0,22.0,0,-2,0.0972092151642,-2,94.0,2,19,-4.00547274408,3.47076188991,5.3,0,11,-12,5.0,300.0
3.1,0.0,2,400.0,22.0,0,1,0.0972127914429,1,94.0,2,19,-4.00547274408,3.47076188991,5.3,0,11,-12,5.0,300.0
3.1,0.0,2,400.0,22.0,0,0,0.0972008705139,0,94.0,2,17,-5.24605364197,0.754268642848,5.3,0,11,-12,5.0,300.0
3.1,0.0,2,400.0,22.0,0,-1,0.0972950458527,2,94.0,2,16,-5.24605364197,-0.754268642848,5.3,0,11,-12,5.0,300.0
3.1,0.0,2,400.0,22.0,0,-1,0.0972120761871,-1,94.0,2,8,4.00547274408,-3.47076188991,5.3,0,11,-12,5.0,300.0
3.1,0.0,1,400.0,22.0,0,-2,0.0971899032593,-2,94.0,1,20,-2.86539633251,4.45864372401,5.3,0,11,-12,5.0,300.0
3.1,0.0,2,400.0,22.0,0,0,0.0972120761871,0,94.0,1,6,5.24605364197,-0.754268642848,5.3,0,11,-12,5.0,300.0
3.1,0.0,2,400.0,22.0,0,0,0.0972130298615,0,94.0,2,13,-2.86539633251,-4.45864372401,5.3,0,11,-12,5.0,300.0
3.1,0.0,2,400.0,22.0,0,-1,0.0971851348877,-1,94.0,2,18,-4.82104957538,2.20169956891,5.3,0,11,-12,5.0,300.0
