cue-length,ms-precue,resp-v-hv,ms-st-cue,nitems,offset2,resp-h-pos,actualStimOn,resp-v-pos,ms-stimon,resp-h-hv,cue-loc-int,cue-loc-x,cue-loc-y,radius,bars-or-spot,version,offset,npractice,ntrials
3.1,0.0,2,400.0,22.0,0,-1,0.100167989731,1,94.0,1,13,-2.86539633251,-4.45864372401,5.3,1,13,0,5.0,400.0
3.1,0.0,2,400.0,22.0,0,-2,0.10005402565,-1,94.0,1,5,5.24605364197,0.754268642848,5.3,1,13,0,5.0,400.0
3.1,0.0,2,400.0,22.0,0,0,0.100145101547,0,94.0,1,5,5.24605364197,0.754268642848,5.3,1,13,0,5.0,400.0
3.1,0.0,2,400.0,22.0,0,0,0.100153923035,-1,94.0,2,20,-2.86539633251,4.45864372401,5.3,1,13,0,5.0,400.0
3.1,0.0,1,400.0,22.0,0,0,0.100033998489,0,94.0,1,6,5.24605364197,-0.754268642848,5.3,1,13,0,5.0,400.0
3.1,0.0,2,400.0,22.0,0,1,0.100171089172,-1,94.0,2,18,-4.82104957538,2.20169956891,5.3,1,13,0,5.0,400.0
3.1,0.0,1,400.0,22.0,0,1,0.100142002106,1,94.0,1,7,4.82104957538,-2.20169956891,5.3,1,13,0,5.0,400.0
3.1,0.0,2,400.0,22.0,0,0,0.100138902664,0,94.0,2,12,-1.49318255126,-5.08531276016,5.3,1,13,0,5.0,400.0
3.1,0.0,2,400.0,22.0,0,0,0.100135087967,-2,94.0,2,12,-1.49318255126,-5.08531276016,5.3,1,13,0,5.0,400.0
3.1,0.0,2,400.0,22.0,0,0,0.100131988525,0,94.0,1,20,-2.86539633251,4.45864372401,5.3,1,13,0,5.0,400.0
3.1,0.0,1,400.0,22.0,0,0,0.0999920368195,1,94.0,2,11,6.49041367526e-16,-5.3,5.3,1,13,0,5.0,400.0
3.1,0.0,2,400.0,22.0,0,0,0.0999429225922,0,94.0,2,2,2.86539633251,4.45864372401,5.3,1,13,0,5.0,400.0
3.1,0.0,1,400.0,22.0,0,-2,0.100175142288,-1,94.0,2,8,4.00547274408,-3.47076188991,5.3,1,13,0,5.0,400.0
3.1,0.0,1,400.0,22.0,0,0,0.100105047226,1,94.0,1,7,4.82104957538,-2.20169956891,5.3,1,13,0,5.0,400.0
3.1,0.0,2,400.0,22.0,0,2,0.100311994553,-1,94.0,2,10,1.49318255126,-5.08531276016,5.3,1,13,0,5.0,400.0
3.1,0.0,2,400.0,22.0,0,1,0.100035905838,1,94.0,1,16,-5.24605364197,-0.754268642848,5.3,1,13,0,5.0,400.0
3.1,0.0,2,400.0,22.0,0,1,0.10010099411,1,94.0,2,20,-2.86539633251,4.45864372401,5.3,1,13,0,5.0,400.0
3.1,0.0,2,400.0,22.0,0,0,0.10017490387,-2,94.0,1,15,-4.82104957538,-2.20169956891,5.3,1,13,0,5.0,400.0
3.1,0.0,1,400.0,22.0,0,0,0.100129842758,-2,94.0,1,16,-5.24605364197,-0.754268642848,5.3,1,13,0,5.0,400.0
3.1,0.0,2,400.0,22.0,0,0,0.100097894669,1,94.0,2,20,-2.86539633251,4.45864372401,5.3,1,13,0,5.0,400.0
3.1,0.0,1,400.0,22.0,0,0,0.100043058395,1,94.0,1,15,-4.82104957538,-2.20169956891,5.3,1,13,0,5.0,400.0
3.1,0.0,2,400.0,22.0,0,0,0.100109100342,2,94.0,2,1,1.49318255126,5.08531276016,5.3,1,13,0,5.0,400.0
3.1,0.0,1,400.0,22.0,0,2,0.0998380184174,-1,94.0,1,21,-1.49318255126,5.08531276016,5.3,1,13,0,5.0,400.0
3.1,0.0,1,400.0,22.0,0,-1,0.100103855133,0,94.0,1,2,2.86539633251,4.45864372401,5.3,1,13,0,5.0,400.0
3.1,0.0,2,400.0,22.0,0,0,0.100118875504,1,94.0,2,15,-4.82104957538,-2.20169956891,5.3,1,13,0,5.0,400.0
3.1,0.0,1,400.0,22.0,0,0,0.1001060009,0,94.0,2,4,4.82104957538,2.20169956891,5.3,1,13,0,5.0,400.0
3.1,0.0,2,400.0,22.0,0,1,0.0999069213867,0,94.0,2,18,-4.82104957538,2.20169956891,5.3,1,13,0,5.0,400.0
3.1,0.0,2,400.0,22.0,0,2,0.100087165833,-2,94.0,2,21,-1.49318255126,5.08531276016,5.3,1,13,0,5.0,400.0
3.1,0.0,2,400.0,22.0,0,0,0.100084066391,1,94.0,2,18,-4.82104957538,2.20169956891,5.3,1,13,0,5.0,400.0
3.1,0.0,1,400.0,22.0,0,2,0.100091934204,-1,94.0,2,2,2.86539633251,4.45864372401,5.3,1,13,0,5.0,400.0
3.1,0.0,2,400.0,22.0,0,-1,0.0999410152435,-1,94.0,2,10,1.49318255126,-5.08531276016,5.3,1,13,0,5.0,400.0
3.1,0.0,2,400.0,22.0,0,0,0.100081920624,0,94.0,2,20,-2.86539633251,4.45864372401,5.3,1,13,0,5.0,400.0
3.1,0.0,1,400.0,22.0,0,0,0.099916934967,0,94.0,2,2,2.86539633251,4.45864372401,5.3,1,13,0,5.0,400.0
3.1,0.0,1,400.0,22.0,0,2,0.100117921829,2,94.0,1,7,4.82104957538,-2.20169956891,5.3,1,13,0,5.0,400.0
3.1,0.0,1,400.0,22.0,0,0,0.100110054016,0,94.0,1,2,2.86539633251,4.45864372401,5.3,1,13,0,5.0,400.0
3.1,0.0,2,400.0,22.0,0,-1,0.101481199265,0,94.0,1,20,-2.86539633251,4.45864372401,5.3,1,13,0,5.0,400.0
3.1,0.0,1,400.0,22.0,0,0,0.0999948978424,0,94.0,1,13,-2.86539633251,-4.45864372401,5.3,1,13,0,5.0,400.0
3.1,0.0,2,400.0,22.0,0,-2,0.100244998932,0,94.0,1,20,-2.86539633251,4.45864372401,5.3,1,13,0,5.0,400.0
3.1,0.0,2,400.0,22.0,0,0,0.100150108337,-1,94.0,1,18,-4.82104957538,2.20169956891,5.3,1,13,0,5.0,400.0
3.1,0.0,2,400.0,22.0,0,-1,0.100128889084,0,94.0,2,2,2.86539633251,4.45864372401,5.3,1,13,0,5.0,400.0
3.1,0.0,2,400.0,22.0,0,0,0.100111961365,0,94.0,1,0,0.0,5.3,5.3,1,13,0,5.0,400.0
3.1,0.0,1,400.0,22.0,0,1,0.100091934204,0,94.0,1,16,-5.24605364197,-0.754268642848,5.3,1,13,0,5.0,400.0
3.1,0.0,2,400.0,22.0,0,-1,0.100064992905,0,94.0,2,12,-1.49318255126,-5.08531276016,5.3,1,13,0,5.0,400.0
3.1,0.0,2,400.0,22.0,0,-1,0.100344181061,2,94.0,1,20,-2.86539633251,4.45864372401,5.3,1,13,0,5.0,400.0
3.1,0.0,2,400.0,22.0,0,0,0.100133180618,-1,94.0,2,8,4.00547274408,-3.47076188991,5.3,1,13,0,5.0,400.0
3.1,0.0,2,400.0,22.0,0,2,0.0999820232391,0,94.0,1,14,-4.00547274408,-3.47076188991,5.3,1,13,0,5.0,400.0
3.1,0.0,2,400.0,22.0,0,-1,0.100119113922,0,94.0,1,15,-4.82104957538,-2.20169956891,5.3,1,13,0,5.0,400.0
3.1,0.0,2,400.0,22.0,0,0,0.100116968155,-1,94.0,2,8,4.00547274408,-3.47076188991,5.3,1,13,0,5.0,400.0
3.1,0.0,2,400.0,22.0,0,-1,0.100113153458,0,94.0,1,12,-1.49318255126,-5.08531276016,5.3,1,13,0,5.0,400.0
3.1,0.0,1,400.0,22.0,0,0,0.100149154663,1,94.0,1,7,4.82104957538,-2.20169956891,5.3,1,13,0,5.0,400.0
3.1,0.0,1,400.0,22.0,0,0,0.100063800812,0,94.0,2,19,-4.00547274408,3.47076188991,5.3,1,13,0,5.0,400.0
3.1,0.0,1,400.0,22.0,0,1,0.0999000072479,-1,94.0,2,5,5.24605364197,0.754268642848,5.3,1,13,0,5.0,400.0
3.1,0.0,1,400.0,22.0,0,1,0.100128889084,0,94.0,2,2,2.86539633251,4.45864372401,5.3,1,13,0,5.0,400.0
3.1,0.0,2,400.0,22.0,0,0,0.100119113922,-2,94.0,1,20,-2.86539633251,4.45864372401,5.3,1,13,0,5.0,400.0
3.1,0.0,1,400.0,22.0,0,1,0.100114107132,0,94.0,2,18,-4.82104957538,2.20169956891,5.3,1,13,0,5.0,400.0
3.1,0.0,2,400.0,22.0,0,0,0.100023984909,-2,94.0,2,3,4.00547274408,3.47076188991,5.3,1,13,0,5.0,400.0
3.1,0.0,1,400.0,22.0,0,-1,0.100136041641,-2,94.0,1,15,-4.82104957538,-2.20169956891,5.3,1,13,0,5.0,400.0
3.1,0.0,1,400.0,22.0,0,0,0.100000858307,-2,94.0,2,0,0.0,5.3,5.3,1,13,0,5.0,400.0
3.1,0.0,1,400.0,22.0,0,1,0.10012793541,0,94.0,1,21,-1.49318255126,5.08531276016,5.3,1,13,0,5.0,400.0
3.1,0.0,1,400.0,22.0,0,2,0.100111961365,-2,94.0,1,9,2.86539633251,-4.45864372401,5.3,1,13,0,5.0,400.0
3.1,0.0,2,400.0,22.0,0,0,0.100121021271,0,94.0,2,13,-2.86539633251,-4.45864372401,5.3,1,13,0,5.0,400.0
3.1,0.0,1,400.0,22.0,0,0,0.100151062012,0,94.0,2,0,0.0,5.3,5.3,1,13,0,5.0,400.0
3.1,0.0,1,400.0,22.0,0,-2,0.100099086761,-2,94.0,1,8,4.00547274408,-3.47076188991,5.3,1,13,0,5.0,400.0
3.1,0.0,2,400.0,22.0,0,0,0.100138187408,0,94.0,2,9,2.86539633251,-4.45864372401,5.3,1,13,0,5.0,400.0
3.1,0.0,2,400.0,22.0,0,0,0.100135803223,1,94.0,2,7,4.82104957538,-2.20169956891,5.3,1,13,0,5.0,400.0
3.1,0.0,1,400.0,22.0,0,0,0.100296974182,-1,94.0,2,14,-4.00547274408,-3.47076188991,5.3,1,13,0,5.0,400.0
3.1,0.0,1,400.0,22.0,0,1,0.100071191788,-2,94.0,2,19,-4.00547274408,3.47076188991,5.3,1,13,0,5.0,400.0
3.1,0.0,1,400.0,22.0,0,1,0.100073099136,1,94.0,1,15,-4.82104957538,-2.20169956891,5.3,1,13,0,5.0,400.0
3.1,0.0,1,400.0,22.0,0,0,0.100155830383,-1,94.0,1,16,-5.24605364197,-0.754268642848,5.3,1,13,0,5.0,400.0
3.1,0.0,2,400.0,22.0,0,1,0.100142002106,0,94.0,2,14,-4.00547274408,-3.47076188991,5.3,1,13,0,5.0,400.0
3.1,0.0,2,400.0,22.0,0,0,0.100094079971,-1,94.0,1,5,5.24605364197,0.754268642848,5.3,1,13,0,5.0,400.0
3.1,0.0,2,400.0,22.0,0,-1,0.100098848343,-1,94.0,1,11,6.49041367526e-16,-5.3,5.3,1,13,0,5.0,400.0
3.1,0.0,1,400.0,22.0,0,1,0.100107908249,1,94.0,1,21,-1.49318255126,5.08531276016,5.3,1,13,0,5.0,400.0
3.1,0.0,2,400.0,22.0,0,0,0.100016117096,0,94.0,2,14,-4.00547274408,-3.47076188991,5.3,1,13,0,5.0,400.0
3.1,0.0,1,400.0,22.0,0,0,0.10011100769,-1,94.0,2,3,4.00547274408,3.47076188991,5.3,1,13,0,5.0,400.0
3.1,0.0,2,400.0,22.0,0,1,0.100153923035,1,94.0,2,13,-2.86539633251,-4.45864372401,5.3,1,13,0,5.0,400.0
3.1,0.0,1,400.0,22.0,0,-1,0.100074052811,-1,94.0,2,3,4.00547274408,3.47076188991,5.3,1,13,0,5.0,400.0
3.1,0.0,1,400.0,22.0,0,-1,0.10008597374,1,94.0,2,4,4.82104957538,2.20169956891,5.3,1,13,0,5.0,400.0
3.1,0.0,1,400.0,22.0,0,-2,0.100129842758,0,94.0,1,8,4.00547274408,-3.47076188991,5.3,1,13,0,5.0,400.0
3.1,0.0,1,400.0,22.0,0,2,0.100082874298,-1,94.0,2,9,2.86539633251,-4.45864372401,5.3,1,13,0,5.0,400.0
3.1,0.0,1,400.0,22.0,0,1,0.0999400615692,1,94.0,1,11,6.49041367526e-16,-5.3,5.3,1,13,0,5.0,400.0
3.1,0.0,2,400.0,22.0,0,-2,0.100108861923,0,94.0,2,1,1.49318255126,5.08531276016,5.3,1,13,0,5.0,400.0
3.1,0.0,1,400.0,22.0,0,-1,0.100126981735,0,94.0,1,9,2.86539633251,-4.45864372401,5.3,1,13,0,5.0,400.0
3.1,0.0,1,400.0,22.0,0,2,0.100091934204,1,94.0,2,17,-5.24605364197,0.754268642848,5.3,1,13,0,5.0,400.0
3.1,0.0,2,400.0,22.0,0,1,0.100062131882,0,94.0,2,8,4.00547274408,-3.47076188991,5.3,1,13,0,5.0,400.0
3.1,0.0,1,400.0,22.0,0,1,0.100149869919,-2,94.0,1,14,-4.00547274408,-3.47076188991,5.3,1,13,0,5.0,400.0
3.1,0.0,2,400.0,22.0,0,-2,0.100034952164,-1,94.0,1,14,-4.00547274408,-3.47076188991,5.3,1,13,0,5.0,400.0
3.1,0.0,2,400.0,22.0,0,2,0.100093841553,-1,94.0,1,19,-4.00547274408,3.47076188991,5.3,1,13,0,5.0,400.0
3.1,0.0,2,400.0,22.0,0,2,0.0999009609222,0,94.0,2,16,-5.24605364197,-0.754268642848,5.3,1,13,0,5.0,400.0
3.1,0.0,2,400.0,22.0,0,-2,0.100146055222,0,94.0,2,17,-5.24605364197,0.754268642848,5.3,1,13,0,5.0,400.0
3.1,0.0,1,400.0,22.0,0,0,0.100038051605,-2,94.0,1,14,-4.00547274408,-3.47076188991,5.3,1,13,0,5.0,400.0
3.1,0.0,1,400.0,22.0,0,0,0.10009598732,0,94.0,1,7,4.82104957538,-2.20169956891,5.3,1,13,0,5.0,400.0
3.1,0.0,1,400.0,22.0,0,1,0.0998837947845,0,94.0,1,8,4.00547274408,-3.47076188991,5.3,1,13,0,5.0,400.0
3.1,0.0,1,400.0,22.0,0,0,0.100052118301,-1,94.0,1,7,4.82104957538,-2.20169956891,5.3,1,13,0,5.0,400.0
3.1,0.0,2,400.0,22.0,0,1,0.100122213364,-2,94.0,1,5,5.24605364197,0.754268642848,5.3,1,13,0,5.0,400.0
3.1,0.0,2,400.0,22.0,0,0,0.100075006485,0,94.0,1,2,2.86539633251,4.45864372401,5.3,1,13,0,5.0,400.0
3.1,0.0,1,400.0,22.0,0,0,0.100116968155,0,94.0,1,0,0.0,5.3,5.3,1,13,0,5.0,400.0
3.1,0.0,1,400.0,22.0,0,2,0.0998909473419,-2,94.0,1,12,-1.49318255126,-5.08531276016,5.3,1,13,0,5.0,400.0
3.1,0.0,2,400.0,22.0,0,0,0.100129127502,-1,94.0,1,17,-5.24605364197,0.754268642848,5.3,1,13,0,5.0,400.0
3.1,0.0,2,400.0,22.0,0,-2,0.100055932999,-1,94.0,2,20,-2.86539633251,4.45864372401,5.3,1,13,0,5.0,400.0
3.1,0.0,2,400.0,22.0,0,0,0.1001329422,-1,94.0,1,12,-1.49318255126,-5.08531276016,5.3,1,13,0,5.0,400.0
3.1,0.0,1,400.0,22.0,0,0,0.10014796257,2,94.0,1,9,2.86539633251,-4.45864372401,5.3,1,13,0,5.0,400.0
3.1,0.0,2,400.0,22.0,0,-1,0.100085020065,0,94.0,1,19,-4.00547274408,3.47076188991,5.3,1,13,0,5.0,400.0
3.1,0.0,1,400.0,22.0,0,2,0.100124120712,2,94.0,2,14,-4.00547274408,-3.47076188991,5.3,1,13,0,5.0,400.0
3.1,0.0,1,400.0,22.0,0,0,0.100079059601,2,94.0,1,0,0.0,5.3,5.3,1,13,0,5.0,400.0
3.1,0.0,2,400.0,22.0,0,2,0.0998990535736,0,94.0,2,10,1.49318255126,-5.08531276016,5.3,1,13,0,5.0,400.0
3.1,0.0,2,400.0,22.0,0,0,0.100049972534,0,94.0,2,0,0.0,5.3,5.3,1,13,0,5.0,400.0
3.1,0.0,2,400.0,22.0,0,1,0.100042104721,-2,94.0,2,7,4.82104957538,-2.20169956891,5.3,1,13,0,5.0,400.0
3.1,0.0,2,400.0,22.0,0,0,0.1001329422,0,94.0,2,11,6.49041367526e-16,-5.3,5.3,1,13,0,5.0,400.0
3.1,0.0,2,400.0,22.0,0,0,0.0998740196228,0,94.0,1,14,-4.00547274408,-3.47076188991,5.3,1,13,0,5.0,400.0
3.1,0.0,2,400.0,22.0,0,0,0.100103855133,-2,94.0,1,17,-5.24605364197,0.754268642848,5.3,1,13,0,5.0,400.0
3.1,0.0,2,400.0,22.0,0,-2,0.100188970566,-2,94.0,1,8,4.00547274408,-3.47076188991,5.3,1,13,0,5.0,400.0
3.1,0.0,1,400.0,22.0,0,0,0.100103139877,2,94.0,2,6,5.24605364197,-0.754268642848,5.3,1,13,0,5.0,400.0
3.1,0.0,1,400.0,22.0,0,1,0.100130081177,0,94.0,1,18,-4.82104957538,2.20169956891,5.3,1,13,0,5.0,400.0
3.1,0.0,1,400.0,22.0,0,1,0.100116968155,0,94.0,1,4,4.82104957538,2.20169956891,5.3,1,13,0,5.0,400.0
3.1,0.0,1,400.0,22.0,0,0,0.100164890289,1,94.0,2,15,-4.82104957538,-2.20169956891,5.3,1,13,0,5.0,400.0
3.1,0.0,1,400.0,22.0,0,-1,0.100138187408,1,94.0,2,17,-5.24605364197,0.754268642848,5.3,1,13,0,5.0,400.0
3.1,0.0,1,400.0,22.0,0,2,0.100260972977,-2,94.0,1,5,5.24605364197,0.754268642848,5.3,1,13,0,5.0,400.0
3.1,0.0,1,400.0,22.0,0,-1,0.100296974182,1,94.0,2,10,1.49318255126,-5.08531276016,5.3,1,13,0,5.0,400.0
3.1,0.0,2,400.0,22.0,0,0,0.100322961807,1,94.0,2,21,-1.49318255126,5.08531276016,5.3,1,13,0,5.0,400.0
3.1,0.0,1,400.0,22.0,0,-1,0.100027084351,2,94.0,1,12,-1.49318255126,-5.08531276016,5.3,1,13,0,5.0,400.0
3.1,0.0,2,400.0,22.0,0,-1,0.100117921829,0,94.0,2,3,4.00547274408,3.47076188991,5.3,1,13,0,5.0,400.0
3.1,0.0,1,400.0,22.0,0,0,0.0998990535736,0,94.0,2,4,4.82104957538,2.20169956891,5.3,1,13,0,5.0,400.0
3.1,0.0,2,400.0,22.0,0,0,0.100107908249,-2,94.0,2,11,6.49041367526e-16,-5.3,5.3,1,13,0,5.0,400.0
3.1,0.0,2,400.0,22.0,0,-1,0.100099802017,0,94.0,2,10,1.49318255126,-5.08531276016,5.3,1,13,0,5.0,400.0
3.1,0.0,2,400.0,22.0,0,1,0.100115060806,1,94.0,2,16,-5.24605364197,-0.754268642848,5.3,1,13,0,5.0,400.0
3.1,0.0,1,400.0,22.0,0,1,0.100111961365,1,94.0,1,19,-4.00547274408,3.47076188991,5.3,1,13,0,5.0,400.0
3.1,0.0,1,400.0,22.0,0,0,0.100134849548,0,94.0,2,0,0.0,5.3,5.3,1,13,0,5.0,400.0
3.1,0.0,2,400.0,22.0,0,0,0.100090026855,0,94.0,2,10,1.49318255126,-5.08531276016,5.3,1,13,0,5.0,400.0
3.1,0.0,2,400.0,22.0,0,-1,0.100081920624,-1,94.0,2,10,1.49318255126,-5.08531276016,5.3,1,13,0,5.0,400.0
3.1,0.0,2,400.0,22.0,0,-2,0.10006403923,1,94.0,1,20,-2.86539633251,4.45864372401,5.3,1,13,0,5.0,400.0
3.1,0.0,1,400.0,22.0,0,-1,0.100147008896,-2,94.0,2,12,-1.49318255126,-5.08531276016,5.3,1,13,0,5.0,400.0
3.1,0.0,2,400.0,22.0,0,0,0.0999269485474,-1,94.0,1,12,-1.49318255126,-5.08531276016,5.3,1,13,0,5.0,400.0
3.1,0.0,1,400.0,22.0,0,2,0.100123882294,1,94.0,2,1,1.49318255126,5.08531276016,5.3,1,13,0,5.0,400.0
3.1,0.0,2,400.0,22.0,0,-1,0.100261926651,-1,94.0,2,4,4.82104957538,2.20169956891,5.3,1,13,0,5.0,400.0
3.1,0.0,2,400.0,22.0,0,-1,0.100270032883,-1,94.0,2,0,0.0,5.3,5.3,1,13,0,5.0,400.0
3.1,0.0,1,400.0,22.0,0,0,0.100003004074,-2,94.0,2,5,5.24605364197,0.754268642848,5.3,1,13,0,5.0,400.0
3.1,0.0,2,400.0,22.0,0,2,0.1001329422,2,94.0,1,8,4.00547274408,-3.47076188991,5.3,1,13,0,5.0,400.0
3.1,0.0,2,400.0,22.0,0,-1,0.100111961365,1,94.0,1,8,4.00547274408,-3.47076188991,5.3,1,13,0,5.0,400.0
3.1,0.0,2,400.0,22.0,0,-1,0.100149869919,0,94.0,2,2,2.86539633251,4.45864372401,5.3,1,13,0,5.0,400.0
3.1,0.0,1,400.0,22.0,0,-2,0.0999131202698,0,94.0,2,9,2.86539633251,-4.45864372401,5.3,1,13,0,5.0,400.0
3.1,0.0,2,400.0,22.0,0,2,0.100095033646,0,94.0,2,2,2.86539633251,4.45864372401,5.3,1,13,0,5.0,400.0
3.1,0.0,1,400.0,22.0,0,-1,0.100139141083,-1,94.0,2,5,5.24605364197,0.754268642848,5.3,1,13,0,5.0,400.0
3.1,0.0,1,400.0,22.0,0,1,0.0999970436096,-1,94.0,2,1,1.49318255126,5.08531276016,5.3,1,13,0,5.0,400.0
3.1,0.0,1,400.0,22.0,0,0,0.100121974945,1,94.0,2,20,-2.86539633251,4.45864372401,5.3,1,13,0,5.0,400.0
3.1,0.0,1,400.0,22.0,0,-1,0.100145101547,0,94.0,1,0,0.0,5.3,5.3,1,13,0,5.0,400.0
3.1,0.0,2,400.0,22.0,0,0,0.0997729301453,0,94.0,1,7,4.82104957538,-2.20169956891,5.3,1,13,0,5.0,400.0
3.1,0.0,2,400.0,22.0,0,0,0.100033998489,-2,94.0,2,9,2.86539633251,-4.45864372401,5.3,1,13,0,5.0,400.0
3.1,0.0,2,400.0,22.0,0,-2,0.100257158279,0,94.0,2,4,4.82104957538,2.20169956891,5.3,1,13,0,5.0,400.0
3.1,0.0,2,400.0,22.0,0,-1,0.100069999695,1,94.0,1,14,-4.00547274408,-3.47076188991,5.3,1,13,0,5.0,400.0
3.1,0.0,1,400.0,22.0,0,1,0.0998249053955,-1,94.0,1,12,-1.49318255126,-5.08531276016,5.3,1,13,0,5.0,400.0
3.1,0.0,2,400.0,22.0,0,1,0.10009098053,-2,94.0,1,17,-5.24605364197,0.754268642848,5.3,1,13,0,5.0,400.0
3.1,0.0,2,400.0,22.0,0,-1,0.100042104721,2,94.0,1,8,4.00547274408,-3.47076188991,5.3,1,13,0,5.0,400.0
3.1,0.0,2,400.0,22.0,0,-1,0.100147008896,0,94.0,2,21,-1.49318255126,5.08531276016,5.3,1,13,0,5.0,400.0
3.1,0.0,2,400.0,22.0,0,-2,0.100071907043,1,94.0,2,17,-5.24605364197,0.754268642848,5.3,1,13,0,5.0,400.0
3.1,0.0,2,400.0,22.0,0,1,0.100180864334,-1,94.0,2,5,5.24605364197,0.754268642848,5.3,1,13,0,5.0,400.0
3.1,0.0,2,400.0,22.0,0,-1,0.100085020065,0,94.0,1,11,6.49041367526e-16,-5.3,5.3,1,13,0,5.0,400.0
3.1,0.0,1,400.0,22.0,0,-2,0.100133895874,-1,94.0,2,5,5.24605364197,0.754268642848,5.3,1,13,0,5.0,400.0
3.1,0.0,2,400.0,22.0,0,2,0.100090026855,0,94.0,2,11,6.49041367526e-16,-5.3,5.3,1,13,0,5.0,400.0
3.1,0.0,2,400.0,22.0,0,1,0.0997428894043,-1,94.0,1,17,-5.24605364197,0.754268642848,5.3,1,13,0,5.0,400.0
3.1,0.0,2,400.0,22.0,0,-1,0.10019993782,0,94.0,1,1,1.49318255126,5.08531276016,5.3,1,13,0,5.0,400.0
3.1,0.0,1,400.0,22.0,0,1,0.0999569892883,2,94.0,1,12,-1.49318255126,-5.08531276016,5.3,1,13,0,5.0,400.0
3.1,0.0,2,400.0,22.0,0,0,0.100153207779,-2,94.0,2,7,4.82104957538,-2.20169956891,5.3,1,13,0,5.0,400.0
3.1,0.0,2,400.0,22.0,0,0,0.100066900253,0,94.0,1,18,-4.82104957538,2.20169956891,5.3,1,13,0,5.0,400.0
3.1,0.0,1,400.0,22.0,0,0,0.0999579429626,-1,94.0,1,17,-5.24605364197,0.754268642848,5.3,1,13,0,5.0,400.0
3.1,0.0,2,400.0,22.0,0,2,0.100187063217,-1,94.0,1,2,2.86539633251,4.45864372401,5.3,1,13,0,5.0,400.0
3.1,0.0,1,400.0,22.0,0,-2,0.10005903244,0,94.0,1,11,6.49041367526e-16,-5.3,5.3,1,13,0,5.0,400.0
3.1,0.0,1,400.0,22.0,0,-2,0.100074768066,0,94.0,1,4,4.82104957538,2.20169956891,5.3,1,13,0,5.0,400.0
3.1,0.0,2,400.0,22.0,0,0,0.100054979324,1,94.0,1,16,-5.24605364197,-0.754268642848,5.3,1,13,0,5.0,400.0
3.1,0.0,2,400.0,22.0,0,0,0.100066184998,1,94.0,2,16,-5.24605364197,-0.754268642848,5.3,1,13,0,5.0,400.0
3.1,0.0,2,400.0,22.0,0,0,0.100126028061,0,94.0,1,11,6.49041367526e-16,-5.3,5.3,1,13,0,5.0,400.0
3.1,0.0,2,400.0,22.0,0,0,0.100108861923,1,94.0,1,21,-1.49318255126,5.08531276016,5.3,1,13,0,5.0,400.0
3.1,0.0,2,400.0,22.0,0,2,0.100144147873,0,94.0,2,21,-1.49318255126,5.08531276016,5.3,1,13,0,5.0,400.0
3.1,0.0,1,400.0,22.0,0,0,0.100075960159,-1,94.0,1,17,-5.24605364197,0.754268642848,5.3,1,13,0,5.0,400.0
3.1,0.0,1,400.0,22.0,0,1,0.0999701023102,1,94.0,1,20,-2.86539633251,4.45864372401,5.3,1,13,0,5.0,400.0
3.1,0.0,2,400.0,22.0,0,0,0.0999290943146,0,94.0,2,10,1.49318255126,-5.08531276016,5.3,1,13,0,5.0,400.0
3.1,0.0,2,400.0,22.0,0,1,0.099937915802,0,94.0,2,9,2.86539633251,-4.45864372401,5.3,1,13,0,5.0,400.0
3.1,0.0,2,400.0,22.0,0,-1,0.100120067596,2,94.0,1,21,-1.49318255126,5.08531276016,5.3,1,13,0,5.0,400.0
3.1,0.0,1,400.0,22.0,0,2,0.100049972534,0,94.0,1,11,6.49041367526e-16,-5.3,5.3,1,13,0,5.0,400.0
3.1,0.0,1,400.0,22.0,0,-1,0.100143909454,0,94.0,1,12,-1.49318255126,-5.08531276016,5.3,1,13,0,5.0,400.0
3.1,0.0,2,400.0,22.0,0,-2,0.0999298095703,2,94.0,2,4,4.82104957538,2.20169956891,5.3,1,13,0,5.0,400.0
3.1,0.0,1,400.0,22.0,0,0,0.0998630523682,2,94.0,1,19,-4.00547274408,3.47076188991,5.3,1,13,0,5.0,400.0
3.1,0.0,2,400.0,22.0,0,-1,0.100115060806,0,94.0,1,17,-5.24605364197,0.754268642848,5.3,1,13,0,5.0,400.0
3.1,0.0,1,400.0,22.0,0,0,0.10005402565,-2,94.0,1,15,-4.82104957538,-2.20169956891,5.3,1,13,0,5.0,400.0
3.1,0.0,2,400.0,22.0,0,-2,0.100100040436,0,94.0,2,11,6.49041367526e-16,-5.3,5.3,1,13,0,5.0,400.0
3.1,0.0,2,400.0,22.0,0,0,0.100057125092,-1,94.0,1,6,5.24605364197,-0.754268642848,5.3,1,13,0,5.0,400.0
3.1,0.0,1,400.0,22.0,0,-2,0.100253105164,-2,94.0,1,19,-4.00547274408,3.47076188991,5.3,1,13,0,5.0,400.0
3.1,0.0,1,400.0,22.0,0,1,0.100068092346,-1,94.0,2,8,4.00547274408,-3.47076188991,5.3,1,13,0,5.0,400.0
3.1,0.0,2,400.0,22.0,0,1,0.100116968155,-1,94.0,1,1,1.49318255126,5.08531276016,5.3,1,13,0,5.0,400.0
3.1,0.0,2,400.0,22.0,0,-1,0.09996509552,-1,94.0,1,20,-2.86539633251,4.45864372401,5.3,1,13,0,5.0,400.0
3.1,0.0,2,400.0,22.0,0,2,0.100051164627,1,94.0,1,1,1.49318255126,5.08531276016,5.3,1,13,0,5.0,400.0
3.1,0.0,2,400.0,22.0,0,0,0.100136995316,1,94.0,2,18,-4.82104957538,2.20169956891,5.3,1,13,0,5.0,400.0
3.1,0.0,1,400.0,22.0,0,1,0.100102901459,0,94.0,2,4,4.82104957538,2.20169956891,5.3,1,13,0,5.0,400.0
3.1,0.0,2,400.0,22.0,0,1,0.100119113922,1,94.0,2,13,-2.86539633251,-4.45864372401,5.3,1,13,0,5.0,400.0
3.1,0.0,1,400.0,22.0,0,-2,0.100131988525,0,94.0,1,4,4.82104957538,2.20169956891,5.3,1,13,0,5.0,400.0
3.1,0.0,2,400.0,22.0,0,-1,0.0999529361725,-1,94.0,2,21,-1.49318255126,5.08531276016,5.3,1,13,0,5.0,400.0
3.1,0.0,2,400.0,22.0,0,-2,0.1001060009,0,94.0,2,10,1.49318255126,-5.08531276016,5.3,1,13,0,5.0,400.0
3.1,0.0,2,400.0,22.0,0,0,0.100096940994,0,94.0,1,0,0.0,5.3,5.3,1,13,0,5.0,400.0
3.1,0.0,1,400.0,22.0,0,0,0.100117206573,-2,94.0,1,5,5.24605364197,0.754268642848,5.3,1,13,0,5.0,400.0
3.1,0.0,2,400.0,22.0,0,-1,0.100070953369,1,94.0,2,12,-1.49318255126,-5.08531276016,5.3,1,13,0,5.0,400.0
3.1,0.0,1,400.0,22.0,0,0,0.100116014481,-2,94.0,2,16,-5.24605364197,-0.754268642848,5.3,1,13,0,5.0,400.0
3.1,0.0,2,400.0,22.0,0,2,0.100054979324,0,94.0,2,5,5.24605364197,0.754268642848,5.3,1,13,0,5.0,400.0
3.1,0.0,2,400.0,22.0,0,-1,0.099995136261,-2,94.0,1,13,-2.86539633251,-4.45864372401,5.3,1,13,0,5.0,400.0
3.1,0.0,1,400.0,22.0,0,1,0.0999059677124,1,94.0,1,6,5.24605364197,-0.754268642848,5.3,1,13,0,5.0,400.0
3.1,0.0,1,400.0,22.0,0,2,0.100059986115,2,94.0,2,11,6.49041367526e-16,-5.3,5.3,1,13,0,5.0,400.0
3.1,0.0,1,400.0,22.0,0,-2,0.100053071976,0,94.0,1,18,-4.82104957538,2.20169956891,5.3,1,13,0,5.0,400.0
3.1,0.0,1,400.0,22.0,0,2,0.100005149841,2,94.0,1,12,-1.49318255126,-5.08531276016,5.3,1,13,0,5.0,400.0
3.1,0.0,1,400.0,22.0,0,0,0.100234031677,0,94.0,1,6,5.24605364197,-0.754268642848,5.3,1,13,0,5.0,400.0
3.1,0.0,1,400.0,22.0,0,-1,0.100036859512,-1,94.0,2,2,2.86539633251,4.45864372401,5.3,1,13,0,5.0,400.0
3.1,0.0,2,400.0,22.0,0,-2,0.100075006485,2,94.0,1,20,-2.86539633251,4.45864372401,5.3,1,13,0,5.0,400.0
3.1,0.0,2,400.0,22.0,0,-1,0.100067853928,0,94.0,2,2,2.86539633251,4.45864372401,5.3,1,13,0,5.0,400.0
3.1,0.0,2,400.0,22.0,0,0,0.10005903244,0,94.0,1,5,5.24605364197,0.754268642848,5.3,1,13,0,5.0,400.0
3.1,0.0,2,400.0,22.0,0,2,0.100126028061,-1,94.0,1,11,6.49041367526e-16,-5.3,5.3,1,13,0,5.0,400.0
3.1,0.0,1,400.0,22.0,0,0,0.100049972534,0,94.0,2,10,1.49318255126,-5.08531276016,5.3,1,13,0,5.0,400.0
3.1,0.0,2,400.0,22.0,0,0,0.100110054016,0,94.0,1,6,5.24605364197,-0.754268642848,5.3,1,13,0,5.0,400.0
3.1,0.0,2,400.0,22.0,0,0,0.10009098053,2,94.0,1,6,5.24605364197,-0.754268642848,5.3,1,13,0,5.0,400.0
3.1,0.0,2,400.0,22.0,0,-1,0.101269006729,-1,94.0,2,4,4.82104957538,2.20169956891,5.3,1,13,0,5.0,400.0
3.1,0.0,2,400.0,22.0,0,1,0.100156068802,0,94.0,2,4,4.82104957538,2.20169956891,5.3,1,13,0,5.0,400.0
3.1,0.0,1,400.0,22.0,0,0,0.100148916245,-2,94.0,1,8,4.00547274408,-3.47076188991,5.3,1,13,0,5.0,400.0
3.1,0.0,1,400.0,22.0,0,-2,0.0999441146851,2,94.0,1,19,-4.00547274408,3.47076188991,5.3,1,13,0,5.0,400.0
3.1,0.0,1,400.0,22.0,0,1,0.10015296936,0,94.0,2,12,-1.49318255126,-5.08531276016,5.3,1,13,0,5.0,400.0
3.1,0.0,1,400.0,22.0,0,-2,0.100090026855,-1,94.0,2,21,-1.49318255126,5.08531276016,5.3,1,13,0,5.0,400.0
3.1,0.0,2,400.0,22.0,0,0,0.100161075592,0,94.0,1,1,1.49318255126,5.08531276016,5.3,1,13,0,5.0,400.0
3.1,0.0,1,400.0,22.0,0,0,0.100073099136,2,94.0,1,17,-5.24605364197,0.754268642848,5.3,1,13,0,5.0,400.0
3.1,0.0,2,400.0,22.0,0,1,0.10013794899,0,94.0,1,0,0.0,5.3,5.3,1,13,0,5.0,400.0
3.1,0.0,2,400.0,22.0,0,0,0.100023984909,0,94.0,1,10,1.49318255126,-5.08531276016,5.3,1,13,0,5.0,400.0
3.1,0.0,2,400.0,22.0,0,0,0.100117921829,0,94.0,1,9,2.86539633251,-4.45864372401,5.3,1,13,0,5.0,400.0
3.1,0.0,2,400.0,22.0,0,0,0.0999557971954,1,94.0,1,19,-4.00547274408,3.47076188991,5.3,1,13,0,5.0,400.0
3.1,0.0,2,400.0,22.0,0,1,0.100105047226,2,94.0,1,7,4.82104957538,-2.20169956891,5.3,1,13,0,5.0,400.0
3.1,0.0,1,400.0,22.0,0,1,0.100050926208,1,94.0,2,13,-2.86539633251,-4.45864372401,5.3,1,13,0,5.0,400.0
3.1,0.0,1,400.0,22.0,0,1,0.100134849548,0,94.0,2,9,2.86539633251,-4.45864372401,5.3,1,13,0,5.0,400.0
3.1,0.0,2,400.0,22.0,0,1,0.0996749401093,2,94.0,1,18,-4.82104957538,2.20169956891,5.3,1,13,0,5.0,400.0
3.1,0.0,1,400.0,22.0,0,0,0.101651906967,-2,94.0,1,2,2.86539633251,4.45864372401,5.3,1,13,0,5.0,400.0
3.1,0.0,1,400.0,22.0,0,0,0.100075960159,1,94.0,2,10,1.49318255126,-5.08531276016,5.3,1,13,0,5.0,400.0
3.1,0.0,1,400.0,22.0,0,1,0.100091934204,0,94.0,1,12,-1.49318255126,-5.08531276016,5.3,1,13,0,5.0,400.0
3.1,0.0,1,400.0,22.0,0,-2,0.100028991699,1,94.0,1,5,5.24605364197,0.754268642848,5.3,1,13,0,5.0,400.0
3.1,0.0,1,400.0,22.0,0,1,0.100131988525,-2,94.0,1,0,0.0,5.3,5.3,1,13,0,5.0,400.0
3.1,0.0,1,400.0,22.0,0,1,0.100162029266,-1,94.0,1,14,-4.00547274408,-3.47076188991,5.3,1,13,0,5.0,400.0
3.1,0.0,2,400.0,22.0,0,2,0.100116014481,2,94.0,1,13,-2.86539633251,-4.45864372401,5.3,1,13,0,5.0,400.0
3.1,0.0,1,400.0,22.0,0,0,0.100039958954,0,94.0,1,14,-4.00547274408,-3.47076188991,5.3,1,13,0,5.0,400.0
3.1,0.0,1,400.0,22.0,0,-2,0.100095033646,1,94.0,1,4,4.82104957538,2.20169956891,5.3,1,13,0,5.0,400.0
3.1,0.0,1,400.0,22.0,0,-2,0.100047111511,0,94.0,1,13,-2.86539633251,-4.45864372401,5.3,1,13,0,5.0,400.0
3.1,0.0,2,400.0,22.0,0,0,0.100079059601,-1,94.0,1,14,-4.00547274408,-3.47076188991,5.3,1,13,0,5.0,400.0
3.1,0.0,2,400.0,22.0,0,1,0.100111961365,2,94.0,2,20,-2.86539633251,4.45864372401,5.3,1,13,0,5.0,400.0
3.1,0.0,2,400.0,22.0,0,2,0.100154161453,-2,94.0,2,4,4.82104957538,2.20169956891,5.3,1,13,0,5.0,400.0
3.1,0.0,1,400.0,22.0,0,-1,0.100083112717,-1,94.0,2,10,1.49318255126,-5.08531276016,5.3,1,13,0,5.0,400.0
3.1,0.0,1,400.0,22.0,0,2,0.100157976151,1,94.0,1,21,-1.49318255126,5.08531276016,5.3,1,13,0,5.0,400.0
3.1,0.0,2,400.0,22.0,0,-1,0.100050926208,-2,94.0,2,4,4.82104957538,2.20169956891,5.3,1,13,0,5.0,400.0
3.1,0.0,1,400.0,22.0,0,-1,0.100062131882,0,94.0,1,1,1.49318255126,5.08531276016,5.3,1,13,0,5.0,400.0
3.1,0.0,1,400.0,22.0,0,0,0.100131988525,1,94.0,2,15,-4.82104957538,-2.20169956891,5.3,1,13,0,5.0,400.0
3.1,0.0,2,400.0,22.0,0,0,0.100178956985,0,94.0,2,11,6.49041367526e-16,-5.3,5.3,1,13,0,5.0,400.0
3.1,0.0,1,400.0,22.0,0,1,0.100061893463,1,94.0,2,13,-2.86539633251,-4.45864372401,5.3,1,13,0,5.0,400.0
3.1,0.0,1,400.0,22.0,0,1,0.100080966949,-1,94.0,2,0,0.0,5.3,5.3,1,13,0,5.0,400.0
3.1,0.0,1,400.0,22.0,0,0,0.100106954575,0,94.0,2,3,4.00547274408,3.47076188991,5.3,1,13,0,5.0,400.0
3.1,0.0,2,400.0,22.0,0,0,0.100144147873,0,94.0,1,12,-1.49318255126,-5.08531276016,5.3,1,13,0,5.0,400.0
3.1,0.0,2,400.0,22.0,0,0,0.100130081177,0,94.0,1,6,5.24605364197,-0.754268642848,5.3,1,13,0,5.0,400.0
3.1,0.0,2,400.0,22.0,0,0,0.100069999695,2,94.0,2,0,0.0,5.3,5.3,1,13,0,5.0,400.0
3.1,0.0,1,400.0,22.0,0,0,0.100145816803,-1,94.0,2,9,2.86539633251,-4.45864372401,5.3,1,13,0,5.0,400.0
3.1,0.0,2,400.0,22.0,0,1,0.100162029266,-1,94.0,1,19,-4.00547274408,3.47076188991,5.3,1,13,0,5.0,400.0
3.1,0.0,1,400.0,22.0,0,2,0.100311040878,-1,94.0,2,20,-2.86539633251,4.45864372401,5.3,1,13,0,5.0,400.0
3.1,0.0,1,400.0,22.0,0,0,0.100457191467,2,94.0,2,19,-4.00547274408,3.47076188991,5.3,1,13,0,5.0,400.0
3.1,0.0,2,400.0,22.0,0,-2,0.100074052811,0,94.0,1,11,6.49041367526e-16,-5.3,5.3,1,13,0,5.0,400.0
3.1,0.0,1,400.0,22.0,0,0,0.100151062012,-2,94.0,1,17,-5.24605364197,0.754268642848,5.3,1,13,0,5.0,400.0
3.1,0.0,1,400.0,22.0,0,0,0.100077867508,0,94.0,1,4,4.82104957538,2.20169956891,5.3,1,13,0,5.0,400.0
3.1,0.0,2,400.0,22.0,0,0,0.100039958954,1,94.0,1,20,-2.86539633251,4.45864372401,5.3,1,13,0,5.0,400.0
3.1,0.0,2,400.0,22.0,0,2,0.100146055222,-2,94.0,1,15,-4.82104957538,-2.20169956891,5.3,1,13,0,5.0,400.0
3.1,0.0,2,400.0,22.0,0,0,0.100094079971,2,94.0,2,17,-5.24605364197,0.754268642848,5.3,1,13,0,5.0,400.0
3.1,0.0,1,400.0,22.0,0,0,0.100133895874,-1,94.0,1,5,5.24605364197,0.754268642848,5.3,1,13,0,5.0,400.0
3.1,0.0,1,400.0,22.0,0,1,0.100110054016,0,94.0,1,3,4.00547274408,3.47076188991,5.3,1,13,0,5.0,400.0
3.1,0.0,2,400.0,22.0,0,0,0.100083827972,1,94.0,2,9,2.86539633251,-4.45864372401,5.3,1,13,0,5.0,400.0
3.1,0.0,2,400.0,22.0,0,1,0.100110054016,-2,94.0,1,18,-4.82104957538,2.20169956891,5.3,1,13,0,5.0,400.0
3.1,0.0,1,400.0,22.0,0,0,0.100005149841,1,94.0,1,17,-5.24605364197,0.754268642848,5.3,1,13,0,5.0,400.0
3.1,0.0,1,400.0,22.0,0,0,0.100091934204,0,94.0,2,17,-5.24605364197,0.754268642848,5.3,1,13,0,5.0,400.0
3.1,0.0,2,400.0,22.0,0,0,0.100070953369,0,94.0,2,9,2.86539633251,-4.45864372401,5.3,1,13,0,5.0,400.0
3.1,0.0,1,400.0,22.0,0,1,0.100121021271,1,94.0,2,20,-2.86539633251,4.45864372401,5.3,1,13,0,5.0,400.0
3.1,0.0,2,400.0,22.0,0,0,0.100098848343,2,94.0,2,15,-4.82104957538,-2.20169956891,5.3,1,13,0,5.0,400.0
3.1,0.0,1,400.0,22.0,0,-1,0.100113153458,-1,94.0,1,6,5.24605364197,-0.754268642848,5.3,1,13,0,5.0,400.0
3.1,0.0,1,400.0,22.0,0,0,0.100255966187,0,94.0,1,16,-5.24605364197,-0.754268642848,5.3,1,13,0,5.0,400.0
3.1,0.0,1,400.0,22.0,0,1,0.100115060806,1,94.0,1,0,0.0,5.3,5.3,1,13,0,5.0,400.0
3.1,0.0,2,400.0,22.0,0,1,0.100075006485,0,94.0,1,20,-2.86539633251,4.45864372401,5.3,1,13,0,5.0,400.0
3.1,0.0,1,400.0,22.0,0,2,0.100083827972,1,94.0,2,21,-1.49318255126,5.08531276016,5.3,1,13,0,5.0,400.0
3.1,0.0,2,400.0,22.0,0,1,0.100157022476,2,94.0,1,11,6.49041367526e-16,-5.3,5.3,1,13,0,5.0,400.0
3.1,0.0,1,400.0,22.0,0,0,0.099949836731,-1,94.0,2,16,-5.24605364197,-0.754268642848,5.3,1,13,0,5.0,400.0
3.1,0.0,1,400.0,22.0,0,0,0.100104808807,0,94.0,1,13,-2.86539633251,-4.45864372401,5.3,1,13,0,5.0,400.0
3.1,0.0,1,400.0,22.0,0,-1,0.10013794899,0,94.0,1,8,4.00547274408,-3.47076188991,5.3,1,13,0,5.0,400.0
3.1,0.0,1,400.0,22.0,0,2,0.100157976151,0,94.0,1,2,2.86539633251,4.45864372401,5.3,1,13,0,5.0,400.0
3.1,0.0,2,400.0,22.0,0,-1,0.100232839584,-1,94.0,2,8,4.00547274408,-3.47076188991,5.3,1,13,0,5.0,400.0
3.1,0.0,2,400.0,22.0,0,-1,0.100153923035,1,94.0,2,6,5.24605364197,-0.754268642848,5.3,1,13,0,5.0,400.0
3.1,0.0,1,400.0,22.0,0,-1,0.101185798645,-1,94.0,2,7,4.82104957538,-2.20169956891,5.3,1,13,0,5.0,400.0
3.1,0.0,2,400.0,22.0,0,0,0.0998599529266,1,94.0,1,21,-1.49318255126,5.08531276016,5.3,1,13,0,5.0,400.0
3.1,0.0,2,400.0,22.0,0,-1,0.100038051605,0,94.0,1,1,1.49318255126,5.08531276016,5.3,1,13,0,5.0,400.0
3.1,0.0,1,400.0,22.0,0,0,0.100107908249,0,94.0,1,9,2.86539633251,-4.45864372401,5.3,1,13,0,5.0,400.0
3.1,0.0,2,400.0,22.0,0,-1,0.0999810695648,-1,94.0,1,19,-4.00547274408,3.47076188991,5.3,1,13,0,5.0,400.0
3.1,0.0,1,400.0,22.0,0,1,0.100134134293,1,94.0,1,12,-1.49318255126,-5.08531276016,5.3,1,13,0,5.0,400.0
3.1,0.0,1,400.0,22.0,0,0,0.0997660160065,0,94.0,1,16,-5.24605364197,-0.754268642848,5.3,1,13,0,5.0,400.0
3.1,0.0,2,400.0,22.0,0,-1,0.100129127502,2,94.0,1,14,-4.00547274408,-3.47076188991,5.3,1,13,0,5.0,400.0
3.1,0.0,1,400.0,22.0,0,1,0.100048780441,0,94.0,1,7,4.82104957538,-2.20169956891,5.3,1,13,0,5.0,400.0
3.1,0.0,2,400.0,22.0,0,0,0.100168943405,0,94.0,1,20,-2.86539633251,4.45864372401,5.3,1,13,0,5.0,400.0
3.1,0.0,2,400.0,22.0,0,-2,0.100163936615,1,94.0,1,8,4.00547274408,-3.47076188991,5.3,1,13,0,5.0,400.0
3.1,0.0,2,400.0,22.0,0,1,0.100082874298,0,94.0,2,6,5.24605364197,-0.754268642848,5.3,1,13,0,5.0,400.0
3.1,0.0,2,400.0,22.0,0,0,0.100059986115,0,94.0,1,20,-2.86539633251,4.45864372401,5.3,1,13,0,5.0,400.0
3.1,0.0,2,400.0,22.0,0,1,0.100093126297,-2,94.0,2,12,-1.49318255126,-5.08531276016,5.3,1,13,0,5.0,400.0
3.1,0.0,2,400.0,22.0,0,-1,0.0999622344971,-1,94.0,1,17,-5.24605364197,0.754268642848,5.3,1,13,0,5.0,400.0
3.1,0.0,1,400.0,22.0,0,0,0.100066184998,0,94.0,2,6,5.24605364197,-0.754268642848,5.3,1,13,0,5.0,400.0
3.1,0.0,2,400.0,22.0,0,0,0.100230932236,0,94.0,1,21,-1.49318255126,5.08531276016,5.3,1,13,0,5.0,400.0
3.1,0.0,1,400.0,22.0,0,1,0.0999519824982,-1,94.0,2,13,-2.86539633251,-4.45864372401,5.3,1,13,0,5.0,400.0
3.1,0.0,2,400.0,22.0,0,0,0.0999689102173,2,94.0,2,8,4.00547274408,-3.47076188991,5.3,1,13,0,5.0,400.0
3.1,0.0,1,400.0,22.0,0,0,0.100067853928,0,94.0,2,6,5.24605364197,-0.754268642848,5.3,1,13,0,5.0,400.0
3.1,0.0,1,400.0,22.0,0,1,0.100077867508,-1,94.0,2,14,-4.00547274408,-3.47076188991,5.3,1,13,0,5.0,400.0
3.1,0.0,1,400.0,22.0,0,0,0.0999178886414,0,94.0,2,10,1.49318255126,-5.08531276016,5.3,1,13,0,5.0,400.0
3.1,0.0,1,400.0,22.0,0,0,0.100314855576,-2,94.0,2,5,5.24605364197,0.754268642848,5.3,1,13,0,5.0,400.0
3.1,0.0,2,400.0,22.0,0,2,0.100173950195,-1,94.0,2,9,2.86539633251,-4.45864372401,5.3,1,13,0,5.0,400.0
3.1,0.0,1,400.0,22.0,0,0,0.100092887878,1,94.0,2,12,-1.49318255126,-5.08531276016,5.3,1,13,0,5.0,400.0
3.1,0.0,2,400.0,22.0,0,-2,0.100110054016,0,94.0,1,7,4.82104957538,-2.20169956891,5.3,1,13,0,5.0,400.0
3.1,0.0,1,400.0,22.0,0,0,0.0999920368195,1,94.0,2,12,-1.49318255126,-5.08531276016,5.3,1,13,0,5.0,400.0
3.1,0.0,1,400.0,22.0,0,0,0.100126028061,-1,94.0,2,15,-4.82104957538,-2.20169956891,5.3,1,13,0,5.0,400.0
3.1,0.0,2,400.0,22.0,0,1,0.100167036057,2,94.0,2,12,-1.49318255126,-5.08531276016,5.3,1,13,0,5.0,400.0
3.1,0.0,2,400.0,22.0,0,1,0.100088119507,1,94.0,2,11,6.49041367526e-16,-5.3,5.3,1,13,0,5.0,400.0
3.1,0.0,1,400.0,22.0,0,-2,0.100168943405,1,94.0,2,15,-4.82104957538,-2.20169956891,5.3,1,13,0,5.0,400.0
3.1,0.0,1,400.0,22.0,0,-1,0.100462913513,0,94.0,2,19,-4.00547274408,3.47076188991,5.3,1,13,0,5.0,400.0
3.1,0.0,1,400.0,22.0,0,1,0.100091934204,0,94.0,2,12,-1.49318255126,-5.08531276016,5.3,1,13,0,5.0,400.0
3.1,0.0,1,400.0,22.0,0,1,0.100143909454,1,94.0,1,9,2.86539633251,-4.45864372401,5.3,1,13,0,5.0,400.0
3.1,0.0,1,400.0,22.0,0,2,0.100122928619,2,94.0,1,20,-2.86539633251,4.45864372401,5.3,1,13,0,5.0,400.0
3.1,0.0,2,400.0,22.0,0,0,0.0999710559845,0,94.0,2,11,6.49041367526e-16,-5.3,5.3,1,13,0,5.0,400.0
3.1,0.0,2,400.0,22.0,0,0,0.100084066391,0,94.0,2,6,5.24605364197,-0.754268642848,5.3,1,13,0,5.0,400.0
3.1,0.0,2,400.0,22.0,0,0,0.100072145462,0,94.0,2,14,-4.00547274408,-3.47076188991,5.3,1,13,0,5.0,400.0
3.1,0.0,2,400.0,22.0,0,0,0.100134849548,0,94.0,2,16,-5.24605364197,-0.754268642848,5.3,1,13,0,5.0,400.0
3.1,0.0,2,400.0,22.0,0,-1,0.100103855133,0,94.0,1,15,-4.82104957538,-2.20169956891,5.3,1,13,0,5.0,400.0
3.1,0.0,2,400.0,22.0,0,0,0.10014796257,0,94.0,2,18,-4.82104957538,2.20169956891,5.3,1,13,0,5.0,400.0
3.1,0.0,2,400.0,22.0,0,0,0.100181818008,0,94.0,2,18,-4.82104957538,2.20169956891,5.3,1,13,0,5.0,400.0
3.1,0.0,1,400.0,22.0,0,-1,0.0999960899353,-1,94.0,1,18,-4.82104957538,2.20169956891,5.3,1,13,0,5.0,400.0
3.1,0.0,1,400.0,22.0,0,1,0.100163936615,-2,94.0,2,0,0.0,5.3,5.3,1,13,0,5.0,400.0
3.1,0.0,1,400.0,22.0,0,1,0.100210905075,1,94.0,1,5,5.24605364197,0.754268642848,5.3,1,13,0,5.0,400.0
3.1,0.0,2,400.0,22.0,0,0,0.100255012512,-1,94.0,1,6,5.24605364197,-0.754268642848,5.3,1,13,0,5.0,400.0
3.1,0.0,1,400.0,22.0,0,0,0.100064992905,1,94.0,2,6,5.24605364197,-0.754268642848,5.3,1,13,0,5.0,400.0
3.1,0.0,1,400.0,22.0,0,-2,0.100113153458,0,94.0,1,18,-4.82104957538,2.20169956891,5.3,1,13,0,5.0,400.0
3.1,0.0,1,400.0,22.0,0,-2,0.100094079971,0,94.0,1,16,-5.24605364197,-0.754268642848,5.3,1,13,0,5.0,400.0
3.1,0.0,2,400.0,22.0,0,-1,0.100415945053,2,94.0,1,11,6.49041367526e-16,-5.3,5.3,1,13,0,5.0,400.0
3.1,0.0,2,400.0,22.0,0,2,0.0999817848206,2,94.0,1,6,5.24605364197,-0.754268642848,5.3,1,13,0,5.0,400.0
3.1,0.0,1,400.0,22.0,0,0,0.100162982941,0,94.0,2,14,-4.00547274408,-3.47076188991,5.3,1,13,0,5.0,400.0
3.1,0.0,2,400.0,22.0,0,0,0.100094079971,-1,94.0,1,4,4.82104957538,2.20169956891,5.3,1,13,0,5.0,400.0
3.1,0.0,1,400.0,22.0,0,-2,0.100071191788,0,94.0,2,9,2.86539633251,-4.45864372401,5.3,1,13,0,5.0,400.0
3.1,0.0,2,400.0,22.0,0,0,0.100201129913,-1,94.0,1,1,1.49318255126,5.08531276016,5.3,1,13,0,5.0,400.0
3.1,0.0,1,400.0,22.0,0,-1,0.0999219417572,1,94.0,1,10,1.49318255126,-5.08531276016,5.3,1,13,0,5.0,400.0
3.1,0.0,2,400.0,22.0,0,1,0.100068807602,1,94.0,2,18,-4.82104957538,2.20169956891,5.3,1,13,0,5.0,400.0
3.1,0.0,2,400.0,22.0,0,-1,0.100073099136,2,94.0,2,4,4.82104957538,2.20169956891,5.3,1,13,0,5.0,400.0
3.1,0.0,1,400.0,22.0,0,0,0.100067138672,0,94.0,2,14,-4.00547274408,-3.47076188991,5.3,1,13,0,5.0,400.0
3.1,0.0,1,400.0,22.0,0,0,0.100057125092,0,94.0,1,12,-1.49318255126,-5.08531276016,5.3,1,13,0,5.0,400.0
3.1,0.0,2,400.0,22.0,0,0,0.100148200989,0,94.0,1,13,-2.86539633251,-4.45864372401,5.3,1,13,0,5.0,400.0
3.1,0.0,2,400.0,22.0,0,0,0.100119113922,0,94.0,2,10,1.49318255126,-5.08531276016,5.3,1,13,0,5.0,400.0
3.1,0.0,2,400.0,22.0,0,-2,0.100149154663,1,94.0,1,18,-4.82104957538,2.20169956891,5.3,1,13,0,5.0,400.0
3.1,0.0,2,400.0,22.0,0,-1,0.100145816803,0,94.0,1,14,-4.00547274408,-3.47076188991,5.3,1,13,0,5.0,400.0
3.1,0.0,1,400.0,22.0,0,0,0.100116014481,0,94.0,2,15,-4.82104957538,-2.20169956891,5.3,1,13,0,5.0,400.0
3.1,0.0,1,400.0,22.0,0,-1,0.100150823593,0,94.0,2,19,-4.00547274408,3.47076188991,5.3,1,13,0,5.0,400.0
3.1,0.0,2,400.0,22.0,0,0,0.100075960159,-1,94.0,1,16,-5.24605364197,-0.754268642848,5.3,1,13,0,5.0,400.0
3.1,0.0,1,400.0,22.0,0,0,0.100876092911,0,94.0,2,11,6.49041367526e-16,-5.3,5.3,1,13,0,5.0,400.0
3.1,0.0,2,400.0,22.0,0,-1,0.100655794144,0,94.0,1,8,4.00547274408,-3.47076188991,5.3,1,13,0,5.0,400.0
3.1,0.0,2,400.0,22.0,0,0,0.0998818874359,1,94.0,1,9,2.86539633251,-4.45864372401,5.3,1,13,0,5.0,400.0
3.1,0.0,1,400.0,22.0,0,1,0.100075006485,2,94.0,1,12,-1.49318255126,-5.08531276016,5.3,1,13,0,5.0,400.0
3.1,0.0,1,400.0,22.0,0,0,0.10000705719,1,94.0,1,21,-1.49318255126,5.08531276016,5.3,1,13,0,5.0,400.0
3.1,0.0,2,400.0,22.0,0,0,0.100096940994,-1,94.0,2,2,2.86539633251,4.45864372401,5.3,1,13,0,5.0,400.0
3.1,0.0,2,400.0,22.0,0,1,0.100069999695,0,94.0,1,9,2.86539633251,-4.45864372401,5.3,1,13,0,5.0,400.0
3.1,0.0,2,400.0,22.0,0,2,0.100105047226,-1,94.0,2,20,-2.86539633251,4.45864372401,5.3,1,13,0,5.0,400.0
3.1,0.0,2,400.0,22.0,0,0,0.100126981735,0,94.0,1,11,6.49041367526e-16,-5.3,5.3,1,13,0,5.0,400.0
3.1,0.0,1,400.0,22.0,0,0,0.100117206573,1,94.0,1,5,5.24605364197,0.754268642848,5.3,1,13,0,5.0,400.0
3.1,0.0,1,400.0,22.0,0,0,0.100136995316,-2,94.0,1,19,-4.00547274408,3.47076188991,5.3,1,13,0,5.0,400.0
3.1,0.0,2,400.0,22.0,0,0,0.0999991893768,0,94.0,1,17,-5.24605364197,0.754268642848,5.3,1,13,0,5.0,400.0
3.1,0.0,2,400.0,22.0,0,1,0.100051879883,0,94.0,1,11,6.49041367526e-16,-5.3,5.3,1,13,0,5.0,400.0
3.1,0.0,1,400.0,22.0,0,0,0.100114107132,0,94.0,2,14,-4.00547274408,-3.47076188991,5.3,1,13,0,5.0,400.0
3.1,0.0,2,400.0,22.0,0,0,0.10005903244,0,94.0,1,19,-4.00547274408,3.47076188991,5.3,1,13,0,5.0,400.0
3.1,0.0,1,400.0,22.0,0,0,0.100100040436,-2,94.0,2,21,-1.49318255126,5.08531276016,5.3,1,13,0,5.0,400.0
3.1,0.0,2,400.0,22.0,0,0,0.100072145462,1,94.0,1,7,4.82104957538,-2.20169956891,5.3,1,13,0,5.0,400.0
3.1,0.0,2,400.0,22.0,0,-2,0.0999040603638,1,94.0,2,2,2.86539633251,4.45864372401,5.3,1,13,0,5.0,400.0
3.1,0.0,1,400.0,22.0,0,2,0.10004901886,0,94.0,1,8,4.00547274408,-3.47076188991,5.3,1,13,0,5.0,400.0
3.1,0.0,2,400.0,22.0,0,1,0.100109815598,-2,94.0,1,13,-2.86539633251,-4.45864372401,5.3,1,13,0,5.0,400.0
3.1,0.0,2,400.0,22.0,0,0,0.100124835968,0,94.0,1,11,6.49041367526e-16,-5.3,5.3,1,13,0,5.0,400.0
3.1,0.0,2,400.0,22.0,0,1,0.0999901294708,1,94.0,1,14,-4.00547274408,-3.47076188991,5.3,1,13,0,5.0,400.0
3.1,0.0,1,400.0,22.0,0,0,0.100120067596,2,94.0,2,0,0.0,5.3,5.3,1,13,0,5.0,400.0
3.1,0.0,1,400.0,22.0,0,0,0.100091934204,-2,94.0,1,4,4.82104957538,2.20169956891,5.3,1,13,0,5.0,400.0
3.1,0.0,2,400.0,22.0,0,0,0.100089073181,0,94.0,1,1,1.49318255126,5.08531276016,5.3,1,13,0,5.0,400.0
3.1,0.0,2,400.0,22.0,0,0,0.0999300479889,0,94.0,1,11,6.49041367526e-16,-5.3,5.3,1,13,0,5.0,400.0
3.1,0.0,1,400.0,22.0,0,-2,0.100070953369,0,94.0,1,7,4.82104957538,-2.20169956891,5.3,1,13,0,5.0,400.0
3.1,0.0,2,400.0,22.0,0,-2,0.0998258590698,0,94.0,1,11,6.49041367526e-16,-5.3,5.3,1,13,0,5.0,400.0
3.1,0.0,1,400.0,22.0,0,-2,0.100121021271,1,94.0,1,21,-1.49318255126,5.08531276016,5.3,1,13,0,5.0,400.0
3.1,0.0,2,400.0,22.0,0,0,0.100128889084,2,94.0,2,8,4.00547274408,-3.47076188991,5.3,1,13,0,5.0,400.0
3.1,0.0,1,400.0,22.0,0,0,0.100026845932,-2,94.0,2,18,-4.82104957538,2.20169956891,5.3,1,13,0,5.0,400.0
3.1,0.0,1,400.0,22.0,0,0,0.100033044815,1,94.0,2,14,-4.00547274408,-3.47076188991,5.3,1,13,0,5.0,400.0
3.1,0.0,2,400.0,22.0,0,-1,0.09996509552,0,94.0,1,11,6.49041367526e-16,-5.3,5.3,1,13,0,5.0,400.0
3.1,0.0,2,400.0,22.0,0,-1,0.100057125092,0,94.0,2,9,2.86539633251,-4.45864372401,5.3,1,13,0,5.0,400.0
3.1,0.0,2,400.0,22.0,0,2,0.100101947784,1,94.0,1,14,-4.00547274408,-3.47076188991,5.3,1,13,0,5.0,400.0
3.1,0.0,2,400.0,22.0,0,0,0.100148916245,2,94.0,2,9,2.86539633251,-4.45864372401,5.3,1,13,0,5.0,400.0
3.1,0.0,2,400.0,22.0,0,0,0.0997738838196,1,94.0,1,6,5.24605364197,-0.754268642848,5.3,1,13,0,5.0,400.0
3.1,0.0,1,400.0,22.0,0,-2,0.100126028061,0,94.0,2,2,2.86539633251,4.45864372401,5.3,1,13,0,5.0,400.0
3.1,0.0,2,400.0,22.0,0,-1,0.100102901459,0,94.0,1,13,-2.86539633251,-4.45864372401,5.3,1,13,0,5.0,400.0
3.1,0.0,2,400.0,22.0,0,1,0.100128889084,1,94.0,1,7,4.82104957538,-2.20169956891,5.3,1,13,0,5.0,400.0
3.1,0.0,2,400.0,22.0,0,0,0.100065946579,0,94.0,1,16,-5.24605364197,-0.754268642848,5.3,1,13,0,5.0,400.0
3.1,0.0,2,400.0,22.0,0,0,0.100126028061,0,94.0,1,1,1.49318255126,5.08531276016,5.3,1,13,0,5.0,400.0
3.1,0.0,1,400.0,22.0,0,1,0.10008597374,2,94.0,1,12,-1.49318255126,-5.08531276016,5.3,1,13,0,5.0,400.0
3.1,0.0,1,400.0,22.0,0,0,0.0998919010162,-1,94.0,2,10,1.49318255126,-5.08531276016,5.3,1,13,0,5.0,400.0
3.1,0.0,2,400.0,22.0,0,0,0.1001329422,-1,94.0,2,8,4.00547274408,-3.47076188991,5.3,1,13,0,5.0,400.0
