cue-length,ms-precue,resp-v-hv,ms-st-cue,nitems,resp-h-pos,actualStimOn,resp-v-pos,ms-stimon,resp-h-hv,cue-loc-int,cue-loc-x,cue-loc-y,radius,bars-or-spot,npractice,ntrials,offsett
3.1,0.0,2,400.0,22.0,-1,0.0972001552582,-1,94.0,1,7,4.82104957538,-2.20169956891,5.3,3.0,5.0,500.0,3.75
3.1,0.0,1,400.0,22.0,-1,0.0970358848572,-1,94.0,2,20,-2.86539633251,4.45864372401,5.3,3.0,5.0,500.0,3.75
3.1,0.0,2,400.0,22.0,-2,0.0970261096954,0,94.0,2,19,-4.00547274408,3.47076188991,5.3,3.0,5.0,500.0,3.75
3.1,0.0,2,400.0,22.0,-2,0.097029209137,-2,94.0,1,9,2.86539633251,-4.45864372401,5.3,3.0,5.0,500.0,3.75
3.1,0.0,2,400.0,22.0,2,0.0970408916473,-1,94.0,1,20,-2.86539633251,4.45864372401,5.3,3.0,5.0,500.0,3.75
3.1,0.0,1,400.0,22.0,1,0.0970551967621,1,94.0,2,13,-2.86539633251,-4.45864372401,5.3,3.0,5.0,500.0,3.75
3.1,0.0,1,400.0,22.0,1,0.097051858902,-2,94.0,1,13,-2.86539633251,-4.45864372401,5.3,3.0,5.0,500.0,3.75
3.1,0.0,1,400.0,22.0,2,0.097048997879,0,94.0,1,14,-4.00547274408,-3.47076188991,5.3,3.0,5.0,500.0,3.75
3.1,0.0,2,400.0,22.0,0,0.097051858902,0,94.0,1,12,-1.49318255126,-5.08531276016,5.3,3.0,5.0,500.0,3.75
3.1,0.0,2,400.0,22.0,0,0.0970280170441,0,94.0,1,18,-4.82104957538,2.20169956891,5.3,3.0,5.0,500.0,3.75
3.1,0.0,1,400.0,22.0,-2,0.0971910953522,-1,94.0,1,9,2.86539633251,-4.45864372401,5.3,3.0,5.0,500.0,3.75
3.1,0.0,2,400.0,22.0,0,0.097188949585,0,94.0,1,1,1.49318255126,5.08531276016,5.3,3.0,5.0,500.0,3.75
3.1,0.0,1,400.0,22.0,1,0.0970249176025,0,94.0,2,6,5.24605364197,-0.754268642848,5.3,3.0,5.0,500.0,3.75
3.1,0.0,1,400.0,22.0,2,0.0970468521118,-2,94.0,1,2,2.86539633251,4.45864372401,5.3,3.0,5.0,500.0,3.75
3.1,0.0,1,400.0,22.0,1,0.0970420837402,2,94.0,2,21,-1.49318255126,5.08531276016,5.3,3.0,5.0,500.0,3.75
3.1,0.0,2,400.0,22.0,2,0.0971999168396,0,94.0,1,12,-1.49318255126,-5.08531276016,5.3,3.0,5.0,500.0,3.75
3.1,0.0,2,400.0,22.0,-1,0.0971899032593,-1,94.0,1,8,4.00547274408,-3.47076188991,5.3,3.0,5.0,500.0,3.75
3.1,0.0,2,400.0,22.0,0,0.097188949585,0,94.0,1,6,5.24605364197,-0.754268642848,5.3,3.0,5.0,500.0,3.75
3.1,0.0,2,400.0,22.0,-1,0.0970551967621,0,94.0,2,19,-4.00547274408,3.47076188991,5.3,3.0,5.0,500.0,3.75
3.1,0.0,1,400.0,22.0,2,0.0970478057861,0,94.0,2,11,6.49041367526e-16,-5.3,5.3,3.0,5.0,500.0,3.75
3.1,0.0,1,400.0,22.0,2,0.0971920490265,1,94.0,2,16,-5.24605364197,-0.754268642848,5.3,3.0,5.0,500.0,3.75
3.1,0.0,2,400.0,22.0,2,0.0971848964691,0,94.0,2,13,-2.86539633251,-4.45864372401,5.3,3.0,5.0,500.0,3.75
3.1,0.0,1,400.0,22.0,-1,0.0972068309784,0,94.0,1,4,4.82104957538,2.20169956891,5.3,3.0,5.0,500.0,3.75
3.1,0.0,1,400.0,22.0,0,0.0970430374146,1,94.0,1,6,5.24605364197,-0.754268642848,5.3,3.0,5.0,500.0,3.75
3.1,0.0,2,400.0,22.0,0,0.0970299243927,1,94.0,1,20,-2.86539633251,4.45864372401,5.3,3.0,5.0,500.0,3.75
3.1,0.0,1,400.0,22.0,-1,0.0973308086395,1,94.0,1,16,-5.24605364197,-0.754268642848,5.3,3.0,5.0,500.0,3.75
3.1,0.0,2,400.0,22.0,-1,0.0970289707184,0,94.0,2,1,1.49318255126,5.08531276016,5.3,3.0,5.0,500.0,3.75
3.1,0.0,2,400.0,22.0,2,0.0970499515533,1,94.0,1,16,-5.24605364197,-0.754268642848,5.3,3.0,5.0,500.0,3.75
3.1,0.0,2,400.0,22.0,-2,0.0970439910889,-1,94.0,1,7,4.82104957538,-2.20169956891,5.3,3.0,5.0,500.0,3.75
3.1,0.0,2,400.0,22.0,0,0.0970468521118,-1,94.0,1,4,4.82104957538,2.20169956891,5.3,3.0,5.0,500.0,3.75
3.1,0.0,1,400.0,22.0,-2,0.0970501899719,0,94.0,1,12,-1.49318255126,-5.08531276016,5.3,3.0,5.0,500.0,3.75
3.1,0.0,1,400.0,22.0,2,0.0970659255981,1,94.0,2,15,-4.82104957538,-2.20169956891,5.3,3.0,5.0,500.0,3.75
3.1,0.0,1,400.0,22.0,0,0.0970799922943,1,94.0,2,11,6.49041367526e-16,-5.3,5.3,3.0,5.0,500.0,3.75
3.1,0.0,2,400.0,22.0,0,0.097069978714,-1,94.0,1,13,-2.86539633251,-4.45864372401,5.3,3.0,5.0,500.0,3.75
3.1,0.0,1,400.0,22.0,0,0.0970578193665,2,94.0,1,16,-5.24605364197,-0.754268642848,5.3,3.0,5.0,500.0,3.75
3.1,0.0,1,400.0,22.0,0,0.0970921516418,1,94.0,1,6,5.24605364197,-0.754268642848,5.3,3.0,5.0,500.0,3.75
3.1,0.0,1,400.0,22.0,0,0.0970470905304,0,94.0,2,9,2.86539633251,-4.45864372401,5.3,3.0,5.0,500.0,3.75
3.1,0.0,1,400.0,22.0,2,0.0971758365631,1,94.0,2,0,0.0,5.3,5.3,3.0,5.0,500.0,3.75
3.1,0.0,1,400.0,22.0,0,0.0973088741302,1,94.0,1,10,1.49318255126,-5.08531276016,5.3,3.0,5.0,500.0,3.75
3.1,0.0,2,400.0,22.0,0,0.0971961021423,2,94.0,1,0,0.0,5.3,5.3,3.0,5.0,500.0,3.75
3.1,0.0,1,400.0,22.0,1,0.0970230102539,0,94.0,2,0,0.0,5.3,5.3,3.0,5.0,500.0,3.75
3.1,0.0,2,400.0,22.0,1,0.097039937973,1,94.0,1,2,2.86539633251,4.45864372401,5.3,3.0,5.0,500.0,3.75
3.1,0.0,2,400.0,22.0,0,0.0970180034637,1,94.0,2,12,-1.49318255126,-5.08531276016,5.3,3.0,5.0,500.0,3.75
3.1,0.0,1,400.0,22.0,0,0.097156047821,-1,94.0,1,11,6.49041367526e-16,-5.3,5.3,3.0,5.0,500.0,3.75
3.1,0.0,2,400.0,22.0,0,0.0972321033478,0,94.0,1,7,4.82104957538,-2.20169956891,5.3,3.0,5.0,500.0,3.75
3.1,0.0,1,400.0,22.0,0,0.0970129966736,0,94.0,2,13,-2.86539633251,-4.45864372401,5.3,3.0,5.0,500.0,3.75
3.1,0.0,2,400.0,22.0,0,0.0973381996155,-1,94.0,1,4,4.82104957538,2.20169956891,5.3,3.0,5.0,500.0,3.75
3.1,0.0,2,400.0,22.0,-1,0.0972080230713,0,94.0,1,20,-2.86539633251,4.45864372401,5.3,3.0,5.0,500.0,3.75
3.1,0.0,1,400.0,22.0,0,0.0971188545227,2,94.0,1,11,6.49041367526e-16,-5.3,5.3,3.0,5.0,500.0,3.75
3.1,0.0,2,400.0,22.0,0,0.0971038341522,2,94.0,1,21,-1.49318255126,5.08531276016,5.3,3.0,5.0,500.0,3.75
3.1,0.0,2,400.0,22.0,0,0.0970818996429,0,94.0,1,2,2.86539633251,4.45864372401,5.3,3.0,5.0,500.0,3.75
3.1,0.0,2,400.0,22.0,0,0.0970540046692,0,94.0,1,0,0.0,5.3,5.3,3.0,5.0,500.0,3.75
3.1,0.0,2,400.0,22.0,0,0.097060918808,0,94.0,1,2,2.86539633251,4.45864372401,5.3,3.0,5.0,500.0,3.75
3.1,0.0,2,400.0,22.0,1,0.0973839759827,1,94.0,1,19,-4.00547274408,3.47076188991,5.3,3.0,5.0,500.0,3.75
3.1,0.0,1,400.0,22.0,2,0.0970430374146,2,94.0,2,7,4.82104957538,-2.20169956891,5.3,3.0,5.0,500.0,3.75
3.1,0.0,1,400.0,22.0,-1,0.097204208374,-2,94.0,1,18,-4.82104957538,2.20169956891,5.3,3.0,5.0,500.0,3.75
3.1,0.0,2,400.0,22.0,0,0.0970330238342,0,94.0,1,17,-5.24605364197,0.754268642848,5.3,3.0,5.0,500.0,3.75
3.1,0.0,2,400.0,22.0,0,0.0970299243927,1,94.0,1,18,-4.82104957538,2.20169956891,5.3,3.0,5.0,500.0,3.75
3.1,0.0,1,400.0,22.0,1,0.0970358848572,0,94.0,1,11,6.49041367526e-16,-5.3,5.3,3.0,5.0,500.0,3.75
3.1,0.0,2,400.0,22.0,0,0.0970289707184,0,94.0,1,1,1.49318255126,5.08531276016,5.3,3.0,5.0,500.0,3.75
3.1,0.0,2,400.0,22.0,0,0.0971989631653,1,94.0,2,16,-5.24605364197,-0.754268642848,5.3,3.0,5.0,500.0,3.75
3.1,0.0,2,400.0,22.0,2,0.0970470905304,2,94.0,2,12,-1.49318255126,-5.08531276016,5.3,3.0,5.0,500.0,3.75
3.1,0.0,1,400.0,22.0,0,0.0970191955566,2,94.0,1,19,-4.00547274408,3.47076188991,5.3,3.0,5.0,500.0,3.75
3.1,0.0,2,400.0,22.0,1,0.0970199108124,1,94.0,2,2,2.86539633251,4.45864372401,5.3,3.0,5.0,500.0,3.75
3.1,0.0,1,400.0,22.0,0,0.0970160961151,0,94.0,2,7,4.82104957538,-2.20169956891,5.3,3.0,5.0,500.0,3.75
3.1,0.0,1,400.0,22.0,-2,0.0970060825348,0,94.0,1,10,1.49318255126,-5.08531276016,5.3,3.0,5.0,500.0,3.75
3.1,0.0,2,400.0,22.0,0,0.0970101356506,1,94.0,1,3,4.00547274408,3.47076188991,5.3,3.0,5.0,500.0,3.75
3.1,0.0,1,400.0,22.0,-1,0.0971801280975,1,94.0,1,16,-5.24605364197,-0.754268642848,5.3,3.0,5.0,500.0,3.75
3.1,0.0,1,400.0,22.0,0,0.0971939563751,-2,94.0,1,7,4.82104957538,-2.20169956891,5.3,3.0,5.0,500.0,3.75
3.1,0.0,2,400.0,22.0,0,0.0972740650177,0,94.0,1,5,5.24605364197,0.754268642848,5.3,3.0,5.0,500.0,3.75
3.1,0.0,2,400.0,22.0,0,0.097188949585,1,94.0,2,14,-4.00547274408,-3.47076188991,5.3,3.0,5.0,500.0,3.75
3.1,0.0,2,400.0,22.0,2,0.0973010063171,-2,94.0,1,11,6.49041367526e-16,-5.3,5.3,3.0,5.0,500.0,3.75
3.1,0.0,2,400.0,22.0,0,0.0971078872681,1,94.0,1,5,5.24605364197,0.754268642848,5.3,3.0,5.0,500.0,3.75
3.1,0.0,2,400.0,22.0,0,0.0970661640167,-1,94.0,1,16,-5.24605364197,-0.754268642848,5.3,3.0,5.0,500.0,3.75
3.1,0.0,2,400.0,22.0,-1,0.0973429679871,-2,94.0,1,9,2.86539633251,-4.45864372401,5.3,3.0,5.0,500.0,3.75
3.1,0.0,1,400.0,22.0,-1,0.097076177597,0,94.0,1,6,5.24605364197,-0.754268642848,5.3,3.0,5.0,500.0,3.75
3.1,0.0,2,400.0,22.0,-1,0.0970470905304,-1,94.0,2,21,-1.49318255126,5.08531276016,5.3,3.0,5.0,500.0,3.75
3.1,0.0,2,400.0,22.0,0,0.0970668792725,0,94.0,2,8,4.00547274408,-3.47076188991,5.3,3.0,5.0,500.0,3.75
3.1,0.0,2,400.0,22.0,0,0.097051858902,2,94.0,1,21,-1.49318255126,5.08531276016,5.3,3.0,5.0,500.0,3.75
3.1,0.0,2,400.0,22.0,-1,0.0971331596375,-1,94.0,1,8,4.00547274408,-3.47076188991,5.3,3.0,5.0,500.0,3.75
3.1,0.0,1,400.0,22.0,0,0.0970249176025,1,94.0,1,3,4.00547274408,3.47076188991,5.3,3.0,5.0,500.0,3.75
3.1,0.0,2,400.0,22.0,1,0.0970311164856,1,94.0,2,15,-4.82104957538,-2.20169956891,5.3,3.0,5.0,500.0,3.75
3.1,0.0,1,400.0,22.0,1,0.0970270633698,1,94.0,1,19,-4.00547274408,3.47076188991,5.3,3.0,5.0,500.0,3.75
3.1,0.0,2,400.0,22.0,0,0.097020149231,0,94.0,1,4,4.82104957538,2.20169956891,5.3,3.0,5.0,500.0,3.75
3.1,0.0,2,400.0,22.0,0,0.0970251560211,0,94.0,1,4,4.82104957538,2.20169956891,5.3,3.0,5.0,500.0,3.75
3.1,0.0,2,400.0,22.0,0,0.0970408916473,-2,94.0,1,15,-4.82104957538,-2.20169956891,5.3,3.0,5.0,500.0,3.75
3.1,0.0,1,400.0,22.0,-2,0.0970499515533,-2,94.0,1,10,1.49318255126,-5.08531276016,5.3,3.0,5.0,500.0,3.75
3.1,0.0,2,400.0,22.0,2,0.0971438884735,1,94.0,2,20,-2.86539633251,4.45864372401,5.3,3.0,5.0,500.0,3.75
3.1,0.0,2,400.0,22.0,-1,0.0970540046692,0,94.0,1,9,2.86539633251,-4.45864372401,5.3,3.0,5.0,500.0,3.75
3.1,0.0,2,400.0,22.0,0,0.097058057785,0,94.0,1,5,5.24605364197,0.754268642848,5.3,3.0,5.0,500.0,3.75
3.1,0.0,2,400.0,22.0,1,0.0970561504364,1,94.0,1,11,6.49041367526e-16,-5.3,5.3,3.0,5.0,500.0,3.75
3.1,0.0,2,400.0,22.0,0,0.097198009491,0,94.0,1,17,-5.24605364197,0.754268642848,5.3,3.0,5.0,500.0,3.75
3.1,0.0,2,400.0,22.0,1,0.097198009491,0,94.0,2,0,0.0,5.3,5.3,3.0,5.0,500.0,3.75
3.1,0.0,2,400.0,22.0,0,0.0970377922058,0,94.0,1,17,-5.24605364197,0.754268642848,5.3,3.0,5.0,500.0,3.75
3.1,0.0,2,400.0,22.0,-2,0.0970499515533,-2,94.0,2,10,1.49318255126,-5.08531276016,5.3,3.0,5.0,500.0,3.75
3.1,0.0,2,400.0,22.0,0,0.0970389842987,0,94.0,1,4,4.82104957538,2.20169956891,5.3,3.0,5.0,500.0,3.75
3.1,0.0,1,400.0,22.0,-2,0.0970401763916,1,94.0,1,10,1.49318255126,-5.08531276016,5.3,3.0,5.0,500.0,3.75
3.1,0.0,1,400.0,22.0,-1,0.0970389842987,0,94.0,1,8,4.00547274408,-3.47076188991,5.3,3.0,5.0,500.0,3.75
3.1,0.0,1,400.0,22.0,1,0.0971879959106,0,94.0,1,4,4.82104957538,2.20169956891,5.3,3.0,5.0,500.0,3.75
3.1,0.0,2,400.0,22.0,0,0.0971729755402,-2,94.0,1,4,4.82104957538,2.20169956891,5.3,3.0,5.0,500.0,3.75
3.1,0.0,2,400.0,22.0,0,0.0972189903259,-1,94.0,1,18,-4.82104957538,2.20169956891,5.3,3.0,5.0,500.0,3.75
3.1,0.0,2,400.0,22.0,2,0.0971782207489,2,94.0,2,20,-2.86539633251,4.45864372401,5.3,3.0,5.0,500.0,3.75
3.1,0.0,2,400.0,22.0,-1,0.0971848964691,-1,94.0,1,17,-5.24605364197,0.754268642848,5.3,3.0,5.0,500.0,3.75
3.1,0.0,2,400.0,22.0,0,0.0971729755402,0,94.0,1,17,-5.24605364197,0.754268642848,5.3,3.0,5.0,500.0,3.75
3.1,0.0,2,400.0,22.0,0,0.0972099304199,-1,94.0,1,0,0.0,5.3,5.3,3.0,5.0,500.0,3.75
3.1,0.0,1,400.0,22.0,2,0.0970849990845,-2,94.0,1,11,6.49041367526e-16,-5.3,5.3,3.0,5.0,500.0,3.75
3.1,0.0,2,400.0,22.0,0,0.0971958637238,1,94.0,1,2,2.86539633251,4.45864372401,5.3,3.0,5.0,500.0,3.75
3.1,0.0,2,400.0,22.0,1,0.0971748828888,0,94.0,1,19,-4.00547274408,3.47076188991,5.3,3.0,5.0,500.0,3.75
3.1,0.0,2,400.0,22.0,0,0.0971939563751,1,94.0,2,20,-2.86539633251,4.45864372401,5.3,3.0,5.0,500.0,3.75
3.1,0.0,1,400.0,22.0,-1,0.0971961021423,-1,94.0,2,10,1.49318255126,-5.08531276016,5.3,3.0,5.0,500.0,3.75
3.1,0.0,1,400.0,22.0,-2,0.0972011089325,-2,94.0,2,1,1.49318255126,5.08531276016,5.3,3.0,5.0,500.0,3.75
3.1,0.0,2,400.0,22.0,0,0.097048997879,-1,94.0,1,17,-5.24605364197,0.754268642848,5.3,3.0,5.0,500.0,3.75
3.1,0.0,2,400.0,22.0,0,0.0970411300659,1,94.0,1,17,-5.24605364197,0.754268642848,5.3,3.0,5.0,500.0,3.75
3.1,0.0,2,400.0,22.0,0,0.0970480442047,0,94.0,1,17,-5.24605364197,0.754268642848,5.3,3.0,5.0,500.0,3.75
3.1,0.0,2,400.0,22.0,1,0.0971989631653,0,94.0,2,1,1.49318255126,5.08531276016,5.3,3.0,5.0,500.0,3.75
3.1,0.0,1,400.0,22.0,-1,0.0971570014954,-1,94.0,1,8,4.00547274408,-3.47076188991,5.3,3.0,5.0,500.0,3.75
3.1,0.0,1,400.0,22.0,0,0.0971691608429,-2,94.0,1,2,2.86539633251,4.45864372401,5.3,3.0,5.0,500.0,3.75
3.1,0.0,2,400.0,22.0,-1,0.0971820354462,-1,94.0,2,12,-1.49318255126,-5.08531276016,5.3,3.0,5.0,500.0,3.75
3.1,0.0,1,400.0,22.0,-1,0.0971848964691,-1,94.0,1,14,-4.00547274408,-3.47076188991,5.3,3.0,5.0,500.0,3.75
3.1,0.0,1,400.0,22.0,-2,0.0971858501434,-2,94.0,1,10,1.49318255126,-5.08531276016,5.3,3.0,5.0,500.0,3.75
3.1,0.0,1,400.0,22.0,1,0.0970458984375,2,94.0,1,20,-2.86539633251,4.45864372401,5.3,3.0,5.0,500.0,3.75
3.1,0.0,1,400.0,22.0,0,0.097051858902,-2,94.0,1,7,4.82104957538,-2.20169956891,5.3,3.0,5.0,500.0,3.75
3.1,0.0,2,400.0,22.0,1,0.0970780849457,0,94.0,1,13,-2.86539633251,-4.45864372401,5.3,3.0,5.0,500.0,3.75
3.1,0.0,2,400.0,22.0,-2,0.0970590114594,0,94.0,2,12,-1.49318255126,-5.08531276016,5.3,3.0,5.0,500.0,3.75
3.1,0.0,2,400.0,22.0,0,0.097067117691,0,94.0,1,16,-5.24605364197,-0.754268642848,5.3,3.0,5.0,500.0,3.75
3.1,0.0,2,400.0,22.0,-1,0.097088098526,-1,94.0,1,8,4.00547274408,-3.47076188991,5.3,3.0,5.0,500.0,3.75
3.1,0.0,1,400.0,22.0,0,0.097100019455,-1,94.0,1,19,-4.00547274408,3.47076188991,5.3,3.0,5.0,500.0,3.75
3.1,0.0,1,400.0,22.0,0,0.0972049236298,-1,94.0,1,18,-4.82104957538,2.20169956891,5.3,3.0,5.0,500.0,3.75
3.1,0.0,2,400.0,22.0,0,0.0971751213074,0,94.0,1,3,4.00547274408,3.47076188991,5.3,3.0,5.0,500.0,3.75
3.1,0.0,2,400.0,22.0,0,0.0971779823303,0,94.0,1,12,-1.49318255126,-5.08531276016,5.3,3.0,5.0,500.0,3.75
3.1,0.0,2,400.0,22.0,-1,0.0970978736877,-2,94.0,1,8,4.00547274408,-3.47076188991,5.3,3.0,5.0,500.0,3.75
3.1,0.0,2,400.0,22.0,0,0.0970380306244,0,94.0,1,5,5.24605364197,0.754268642848,5.3,3.0,5.0,500.0,3.75
3.1,0.0,2,400.0,22.0,0,0.0971848964691,0,94.0,1,15,-4.82104957538,-2.20169956891,5.3,3.0,5.0,500.0,3.75
3.1,0.0,2,400.0,22.0,0,0.0971851348877,0,94.0,1,3,4.00547274408,3.47076188991,5.3,3.0,5.0,500.0,3.75
3.1,0.0,1,400.0,22.0,0,0.0970439910889,0,94.0,2,5,5.24605364197,0.754268642848,5.3,3.0,5.0,500.0,3.75
3.1,0.0,2,400.0,22.0,0,0.0970509052277,2,94.0,1,11,6.49041367526e-16,-5.3,5.3,3.0,5.0,500.0,3.75
3.1,0.0,2,400.0,22.0,0,0.0970590114594,0,94.0,1,2,2.86539633251,4.45864372401,5.3,3.0,5.0,500.0,3.75
3.1,0.0,2,400.0,22.0,0,0.0970280170441,0,94.0,1,16,-5.24605364197,-0.754268642848,5.3,3.0,5.0,500.0,3.75
3.1,0.0,2,400.0,22.0,0,0.0970258712769,-2,94.0,1,1,1.49318255126,5.08531276016,5.3,3.0,5.0,500.0,3.75
3.1,0.0,2,400.0,22.0,0,0.0970299243927,-2,94.0,1,2,2.86539633251,4.45864372401,5.3,3.0,5.0,500.0,3.75
3.1,0.0,2,400.0,22.0,0,0.0970361232758,0,94.0,1,3,4.00547274408,3.47076188991,5.3,3.0,5.0,500.0,3.75
3.1,0.0,1,400.0,22.0,2,0.0970280170441,2,94.0,1,11,6.49041367526e-16,-5.3,5.3,3.0,5.0,500.0,3.75
3.1,0.0,1,400.0,22.0,0,0.0970199108124,-1,94.0,1,12,-1.49318255126,-5.08531276016,5.3,3.0,5.0,500.0,3.75
3.1,0.0,2,400.0,22.0,-1,0.0970389842987,-1,94.0,1,19,-4.00547274408,3.47076188991,5.3,3.0,5.0,500.0,3.75
3.1,0.0,2,400.0,22.0,2,0.0970520973206,0,94.0,2,3,4.00547274408,3.47076188991,5.3,3.0,5.0,500.0,3.75
3.1,0.0,2,400.0,22.0,0,0.0970709323883,0,94.0,1,14,-4.00547274408,-3.47076188991,5.3,3.0,5.0,500.0,3.75
3.1,0.0,2,400.0,22.0,-2,0.0971801280975,2,94.0,2,13,-2.86539633251,-4.45864372401,5.3,3.0,5.0,500.0,3.75
3.1,0.0,1,400.0,22.0,0,0.0971879959106,-1,94.0,1,15,-4.82104957538,-2.20169956891,5.3,3.0,5.0,500.0,3.75
3.1,0.0,1,400.0,22.0,0,0.0971839427948,-2,94.0,1,10,1.49318255126,-5.08531276016,5.3,3.0,5.0,500.0,3.75
3.1,0.0,1,400.0,22.0,-2,0.0971891880035,0,94.0,2,9,2.86539633251,-4.45864372401,5.3,3.0,5.0,500.0,3.75
3.1,0.0,2,400.0,22.0,0,0.0972409248352,0,94.0,2,16,-5.24605364197,-0.754268642848,5.3,3.0,5.0,500.0,3.75
3.1,0.0,2,400.0,22.0,0,0.0972030162811,0,94.0,1,5,5.24605364197,0.754268642848,5.3,3.0,5.0,500.0,3.75
3.1,0.0,1,400.0,22.0,0,0.0971279144287,0,94.0,1,7,4.82104957538,-2.20169956891,5.3,3.0,5.0,500.0,3.75
3.1,0.0,1,400.0,22.0,1,0.0971908569336,1,94.0,1,19,-4.00547274408,3.47076188991,5.3,3.0,5.0,500.0,3.75
3.1,0.0,1,400.0,22.0,-1,0.0971870422363,-1,94.0,1,4,4.82104957538,2.20169956891,5.3,3.0,5.0,500.0,3.75
3.1,0.0,1,400.0,22.0,0,0.0972158908844,0,94.0,1,2,2.86539633251,4.45864372401,5.3,3.0,5.0,500.0,3.75
3.1,0.0,2,400.0,22.0,0,0.0972058773041,0,94.0,2,16,-5.24605364197,-0.754268642848,5.3,3.0,5.0,500.0,3.75
3.1,0.0,1,400.0,22.0,0,0.0972011089325,0,94.0,1,14,-4.00547274408,-3.47076188991,5.3,3.0,5.0,500.0,3.75
3.1,0.0,1,400.0,22.0,-1,0.097207069397,-1,94.0,1,19,-4.00547274408,3.47076188991,5.3,3.0,5.0,500.0,3.75
3.1,0.0,1,400.0,22.0,0,0.0970420837402,2,94.0,1,21,-1.49318255126,5.08531276016,5.3,3.0,5.0,500.0,3.75
3.1,0.0,2,400.0,22.0,-1,0.0970530509949,-2,94.0,1,21,-1.49318255126,5.08531276016,5.3,3.0,5.0,500.0,3.75
3.1,0.0,2,400.0,22.0,-1,0.0971961021423,-1,94.0,2,7,4.82104957538,-2.20169956891,5.3,3.0,5.0,500.0,3.75
3.1,0.0,1,400.0,22.0,-2,0.0971930027008,1,94.0,2,1,1.49318255126,5.08531276016,5.3,3.0,5.0,500.0,3.75
3.1,0.0,2,400.0,22.0,0,0.0970180034637,0,94.0,2,7,4.82104957538,-2.20169956891,5.3,3.0,5.0,500.0,3.75
3.1,0.0,1,400.0,22.0,-1,0.0970630645752,-1,94.0,1,18,-4.82104957538,2.20169956891,5.3,3.0,5.0,500.0,3.75
3.1,0.0,2,400.0,22.0,0,0.0972290039062,0,94.0,2,0,0.0,5.3,5.3,3.0,5.0,500.0,3.75
3.1,0.0,1,400.0,22.0,1,0.0972619056702,1,94.0,2,7,4.82104957538,-2.20169956891,5.3,3.0,5.0,500.0,3.75
3.1,0.0,2,400.0,22.0,2,0.097058057785,0,94.0,1,2,2.86539633251,4.45864372401,5.3,3.0,5.0,500.0,3.75
3.1,0.0,2,400.0,22.0,2,0.0972230434418,2,94.0,2,1,1.49318255126,5.08531276016,5.3,3.0,5.0,500.0,3.75
3.1,0.0,1,400.0,22.0,-2,0.0972089767456,-2,94.0,1,8,4.00547274408,-3.47076188991,5.3,3.0,5.0,500.0,3.75
3.1,0.0,2,400.0,22.0,-2,0.097048997879,-2,94.0,2,9,2.86539633251,-4.45864372401,5.3,3.0,5.0,500.0,3.75
3.1,0.0,2,400.0,22.0,2,0.0970630645752,1,94.0,1,3,4.00547274408,3.47076188991,5.3,3.0,5.0,500.0,3.75
3.1,0.0,2,400.0,22.0,-1,0.0971899032593,-1,94.0,1,7,4.82104957538,-2.20169956891,5.3,3.0,5.0,500.0,3.75
3.1,0.0,1,400.0,22.0,-2,0.0971779823303,-2,94.0,1,13,-2.86539633251,-4.45864372401,5.3,3.0,5.0,500.0,3.75
3.1,0.0,2,400.0,22.0,0,0.0972030162811,-1,94.0,1,21,-1.49318255126,5.08531276016,5.3,3.0,5.0,500.0,3.75
3.1,0.0,1,400.0,22.0,0,0.0970389842987,1,94.0,1,3,4.00547274408,3.47076188991,5.3,3.0,5.0,500.0,3.75
3.1,0.0,2,400.0,22.0,1,0.0971720218658,-1,94.0,1,18,-4.82104957538,2.20169956891,5.3,3.0,5.0,500.0,3.75
3.1,0.0,1,400.0,22.0,0,0.0970370769501,0,94.0,1,13,-2.86539633251,-4.45864372401,5.3,3.0,5.0,500.0,3.75
3.1,0.0,2,400.0,22.0,0,0.0970258712769,0,94.0,1,1,1.49318255126,5.08531276016,5.3,3.0,5.0,500.0,3.75
3.1,0.0,2,400.0,22.0,0,0.0972440242767,0,94.0,1,17,-5.24605364197,0.754268642848,5.3,3.0,5.0,500.0,3.75
3.1,0.0,1,400.0,22.0,0,0.0971839427948,1,94.0,1,12,-1.49318255126,-5.08531276016,5.3,3.0,5.0,500.0,3.75
3.1,0.0,1,400.0,22.0,0,0.0970380306244,0,94.0,1,0,0.0,5.3,5.3,3.0,5.0,500.0,3.75
3.1,0.0,1,400.0,22.0,-2,0.0970599651337,-2,94.0,1,9,2.86539633251,-4.45864372401,5.3,3.0,5.0,500.0,3.75
3.1,0.0,2,400.0,22.0,1,0.0970649719238,1,94.0,1,16,-5.24605364197,-0.754268642848,5.3,3.0,5.0,500.0,3.75
3.1,0.0,1,400.0,22.0,-1,0.0971767902374,-1,94.0,1,10,1.49318255126,-5.08531276016,5.3,3.0,5.0,500.0,3.75
3.1,0.0,2,400.0,22.0,0,0.0971920490265,0,94.0,2,10,1.49318255126,-5.08531276016,5.3,3.0,5.0,500.0,3.75
3.1,0.0,2,400.0,22.0,-2,0.0972120761871,1,94.0,2,21,-1.49318255126,5.08531276016,5.3,3.0,5.0,500.0,3.75
3.1,0.0,1,400.0,22.0,0,0.0970501899719,0,94.0,1,13,-2.86539633251,-4.45864372401,5.3,3.0,5.0,500.0,3.75
3.1,0.0,2,400.0,22.0,-1,0.0972168445587,0,94.0,1,8,4.00547274408,-3.47076188991,5.3,3.0,5.0,500.0,3.75
3.1,0.0,1,400.0,22.0,0,0.0970468521118,1,94.0,1,1,1.49318255126,5.08531276016,5.3,3.0,5.0,500.0,3.75
3.1,0.0,1,400.0,22.0,0,0.0971961021423,0,94.0,1,8,4.00547274408,-3.47076188991,5.3,3.0,5.0,500.0,3.75
3.1,0.0,2,400.0,22.0,1,0.0971868038177,1,94.0,2,12,-1.49318255126,-5.08531276016,5.3,3.0,5.0,500.0,3.75
3.1,0.0,2,400.0,22.0,0,0.0970411300659,-1,94.0,1,3,4.00547274408,3.47076188991,5.3,3.0,5.0,500.0,3.75
3.1,0.0,1,400.0,22.0,0,0.0970649719238,1,94.0,1,18,-4.82104957538,2.20169956891,5.3,3.0,5.0,500.0,3.75
3.1,0.0,2,400.0,22.0,0,0.0971438884735,0,94.0,1,3,4.00547274408,3.47076188991,5.3,3.0,5.0,500.0,3.75
3.1,0.0,2,400.0,22.0,0,0.0972280502319,0,94.0,1,21,-1.49318255126,5.08531276016,5.3,3.0,5.0,500.0,3.75
3.1,0.0,1,400.0,22.0,0,0.0971920490265,-1,94.0,1,2,2.86539633251,4.45864372401,5.3,3.0,5.0,500.0,3.75
3.1,0.0,1,400.0,22.0,-1,0.097198009491,-1,94.0,2,9,2.86539633251,-4.45864372401,5.3,3.0,5.0,500.0,3.75
3.1,0.0,2,400.0,22.0,0,0.097021818161,0,94.0,2,11,6.49041367526e-16,-5.3,5.3,3.0,5.0,500.0,3.75
3.1,0.0,2,400.0,22.0,0,0.0970618724823,1,94.0,1,21,-1.49318255126,5.08531276016,5.3,3.0,5.0,500.0,3.75
3.1,0.0,2,400.0,22.0,0,0.097069978714,0,94.0,1,19,-4.00547274408,3.47076188991,5.3,3.0,5.0,500.0,3.75
3.1,0.0,2,400.0,22.0,2,0.0970799922943,2,94.0,1,14,-4.00547274408,-3.47076188991,5.3,3.0,5.0,500.0,3.75
3.1,0.0,2,400.0,22.0,0,0.0971510410309,0,94.0,2,8,4.00547274408,-3.47076188991,5.3,3.0,5.0,500.0,3.75
3.1,0.0,2,400.0,22.0,-1,0.0972130298615,0,94.0,1,16,-5.24605364197,-0.754268642848,5.3,3.0,5.0,500.0,3.75
3.1,0.0,2,400.0,22.0,1,0.0971810817719,0,94.0,2,4,4.82104957538,2.20169956891,5.3,3.0,5.0,500.0,3.75
3.1,0.0,2,400.0,22.0,0,0.0971810817719,2,94.0,1,0,0.0,5.3,5.3,3.0,5.0,500.0,3.75
3.1,0.0,2,400.0,22.0,-2,0.0972199440002,-2,94.0,2,9,2.86539633251,-4.45864372401,5.3,3.0,5.0,500.0,3.75
3.1,0.0,1,400.0,22.0,-1,0.0971901416779,-1,94.0,1,7,4.82104957538,-2.20169956891,5.3,3.0,5.0,500.0,3.75
3.1,0.0,1,400.0,22.0,1,0.0971908569336,1,94.0,1,14,-4.00547274408,-3.47076188991,5.3,3.0,5.0,500.0,3.75
3.1,0.0,2,400.0,22.0,-1,0.097217798233,0,94.0,1,14,-4.00547274408,-3.47076188991,5.3,3.0,5.0,500.0,3.75
3.1,0.0,2,400.0,22.0,0,0.0971808433533,-2,94.0,2,10,1.49318255126,-5.08531276016,5.3,3.0,5.0,500.0,3.75
3.1,0.0,2,400.0,22.0,2,0.0970549583435,0,94.0,1,10,1.49318255126,-5.08531276016,5.3,3.0,5.0,500.0,3.75
3.1,0.0,1,400.0,22.0,0,0.0971999168396,1,94.0,1,10,1.49318255126,-5.08531276016,5.3,3.0,5.0,500.0,3.75
3.1,0.0,2,400.0,22.0,-1,0.0970590114594,0,94.0,1,10,1.49318255126,-5.08531276016,5.3,3.0,5.0,500.0,3.75
3.1,0.0,1,400.0,22.0,1,0.0970418453217,1,94.0,1,12,-1.49318255126,-5.08531276016,5.3,3.0,5.0,500.0,3.75
3.1,0.0,2,400.0,22.0,1,0.0972259044647,0,94.0,2,14,-4.00547274408,-3.47076188991,5.3,3.0,5.0,500.0,3.75
3.1,0.0,2,400.0,22.0,0,0.0971710681915,-2,94.0,1,1,1.49318255126,5.08531276016,5.3,3.0,5.0,500.0,3.75
3.1,0.0,2,400.0,22.0,2,0.0971851348877,0,94.0,1,16,-5.24605364197,-0.754268642848,5.3,3.0,5.0,500.0,3.75
3.1,0.0,1,400.0,22.0,1,0.0971858501434,1,94.0,1,15,-4.82104957538,-2.20169956891,5.3,3.0,5.0,500.0,3.75
3.1,0.0,1,400.0,22.0,-1,0.0970649719238,-2,94.0,2,11,6.49041367526e-16,-5.3,5.3,3.0,5.0,500.0,3.75
3.1,0.0,1,400.0,22.0,0,0.0971040725708,-2,94.0,1,6,5.24605364197,-0.754268642848,5.3,3.0,5.0,500.0,3.75
3.1,0.0,1,400.0,22.0,-1,0.0971989631653,-1,94.0,1,12,-1.49318255126,-5.08531276016,5.3,3.0,5.0,500.0,3.75
3.1,0.0,2,400.0,22.0,1,0.0971941947937,0,94.0,1,3,4.00547274408,3.47076188991,5.3,3.0,5.0,500.0,3.75
3.1,0.0,1,400.0,22.0,-1,0.097030878067,-2,94.0,1,10,1.49318255126,-5.08531276016,5.3,3.0,5.0,500.0,3.75
3.1,0.0,2,400.0,22.0,1,0.097198009491,1,94.0,2,20,-2.86539633251,4.45864372401,5.3,3.0,5.0,500.0,3.75
3.1,0.0,2,400.0,22.0,0,0.0972490310669,1,94.0,1,13,-2.86539633251,-4.45864372401,5.3,3.0,5.0,500.0,3.75
3.1,0.0,2,400.0,22.0,0,0.0970208644867,0,94.0,1,3,4.00547274408,3.47076188991,5.3,3.0,5.0,500.0,3.75
3.1,0.0,2,400.0,22.0,0,0.0972039699554,1,94.0,1,15,-4.82104957538,-2.20169956891,5.3,3.0,5.0,500.0,3.75
3.1,0.0,2,400.0,22.0,0,0.0971839427948,0,94.0,1,8,4.00547274408,-3.47076188991,5.3,3.0,5.0,500.0,3.75
3.1,0.0,2,400.0,22.0,0,0.097198009491,0,94.0,1,15,-4.82104957538,-2.20169956891,5.3,3.0,5.0,500.0,3.75
3.1,0.0,2,400.0,22.0,0,0.0971918106079,0,94.0,1,3,4.00547274408,3.47076188991,5.3,3.0,5.0,500.0,3.75
3.1,0.0,1,400.0,22.0,0,0.097186088562,-2,94.0,1,6,5.24605364197,-0.754268642848,5.3,3.0,5.0,500.0,3.75
3.1,0.0,1,400.0,22.0,0,0.097198009491,-2,94.0,1,5,5.24605364197,0.754268642848,5.3,3.0,5.0,500.0,3.75
3.1,0.0,2,400.0,22.0,0,0.0970418453217,0,94.0,2,21,-1.49318255126,5.08531276016,5.3,3.0,5.0,500.0,3.75
3.1,0.0,1,400.0,22.0,1,0.0971930027008,1,94.0,1,14,-4.00547274408,-3.47076188991,5.3,3.0,5.0,500.0,3.75
3.1,0.0,1,400.0,22.0,1,0.0971949100494,1,94.0,1,19,-4.00547274408,3.47076188991,5.3,3.0,5.0,500.0,3.75
3.1,0.0,1,400.0,22.0,0,0.0971961021423,1,94.0,1,20,-2.86539633251,4.45864372401,5.3,3.0,5.0,500.0,3.75
3.1,0.0,2,400.0,22.0,0,0.0972199440002,0,94.0,2,16,-5.24605364197,-0.754268642848,5.3,3.0,5.0,500.0,3.75
3.1,0.0,1,400.0,22.0,1,0.0971667766571,1,94.0,1,0,0.0,5.3,5.3,3.0,5.0,500.0,3.75
3.1,0.0,2,400.0,22.0,-1,0.097207069397,-1,94.0,2,15,-4.82104957538,-2.20169956891,5.3,3.0,5.0,500.0,3.75
3.1,0.0,2,400.0,22.0,2,0.0971910953522,2,94.0,2,14,-4.00547274408,-3.47076188991,5.3,3.0,5.0,500.0,3.75
3.1,0.0,2,400.0,22.0,1,0.0971920490265,0,94.0,2,2,2.86539633251,4.45864372401,5.3,3.0,5.0,500.0,3.75
3.1,0.0,2,400.0,22.0,2,0.0970439910889,0,94.0,2,21,-1.49318255126,5.08531276016,5.3,3.0,5.0,500.0,3.75
3.1,0.0,1,400.0,22.0,-1,0.0972020626068,-1,94.0,1,13,-2.86539633251,-4.45864372401,5.3,3.0,5.0,500.0,3.75
3.1,0.0,2,400.0,22.0,-1,0.0972058773041,0,94.0,1,2,2.86539633251,4.45864372401,5.3,3.0,5.0,500.0,3.75
3.1,0.0,2,400.0,22.0,0,0.0970280170441,0,94.0,1,18,-4.82104957538,2.20169956891,5.3,3.0,5.0,500.0,3.75
3.1,0.0,1,400.0,22.0,0,0.0970649719238,2,94.0,2,11,6.49041367526e-16,-5.3,5.3,3.0,5.0,500.0,3.75
3.1,0.0,2,400.0,22.0,0,0.097177028656,0,94.0,1,4,4.82104957538,2.20169956891,5.3,3.0,5.0,500.0,3.75
3.1,0.0,2,400.0,22.0,0,0.0971920490265,0,94.0,1,4,4.82104957538,2.20169956891,5.3,3.0,5.0,500.0,3.75
3.1,0.0,1,400.0,22.0,0,0.0971970558167,-1,94.0,1,15,-4.82104957538,-2.20169956891,5.3,3.0,5.0,500.0,3.75
3.1,0.0,2,400.0,22.0,0,0.097198009491,0,94.0,1,21,-1.49318255126,5.08531276016,5.3,3.0,5.0,500.0,3.75
3.1,0.0,2,400.0,22.0,0,0.0971899032593,-2,94.0,1,18,-4.82104957538,2.20169956891,5.3,3.0,5.0,500.0,3.75
3.1,0.0,2,400.0,22.0,0,0.0971732139587,1,94.0,2,20,-2.86539633251,4.45864372401,5.3,3.0,5.0,500.0,3.75
3.1,0.0,2,400.0,22.0,0,0.0971870422363,0,94.0,1,4,4.82104957538,2.20169956891,5.3,3.0,5.0,500.0,3.75
3.1,0.0,2,400.0,22.0,0,0.0971949100494,0,94.0,1,4,4.82104957538,2.20169956891,5.3,3.0,5.0,500.0,3.75
3.1,0.0,1,400.0,22.0,-2,0.0971710681915,-2,94.0,1,8,4.00547274408,-3.47076188991,5.3,3.0,5.0,500.0,3.75
3.1,0.0,1,400.0,22.0,1,0.0972192287445,1,94.0,1,15,-4.82104957538,-2.20169956891,5.3,3.0,5.0,500.0,3.75
3.1,0.0,1,400.0,22.0,1,0.0974979400635,0,94.0,2,11,6.49041367526e-16,-5.3,5.3,3.0,5.0,500.0,3.75
3.1,0.0,1,400.0,22.0,0,0.0971841812134,0,94.0,1,10,1.49318255126,-5.08531276016,5.3,3.0,5.0,500.0,3.75
3.1,0.0,1,400.0,22.0,0,0.0971851348877,0,94.0,1,3,4.00547274408,3.47076188991,5.3,3.0,5.0,500.0,3.75
3.1,0.0,2,400.0,22.0,0,0.0972030162811,0,94.0,2,3,4.00547274408,3.47076188991,5.3,3.0,5.0,500.0,3.75
3.1,0.0,2,400.0,22.0,0,0.0971820354462,2,94.0,1,14,-4.00547274408,-3.47076188991,5.3,3.0,5.0,500.0,3.75
3.1,0.0,1,400.0,22.0,1,0.0971839427948,1,94.0,1,13,-2.86539633251,-4.45864372401,5.3,3.0,5.0,500.0,3.75
3.1,0.0,1,400.0,22.0,1,0.097177028656,0,94.0,1,2,2.86539633251,4.45864372401,5.3,3.0,5.0,500.0,3.75
3.1,0.0,2,400.0,22.0,0,0.0972061157227,0,94.0,1,6,5.24605364197,-0.754268642848,5.3,3.0,5.0,500.0,3.75
3.1,0.0,2,400.0,22.0,2,0.0972068309784,-1,94.0,1,8,4.00547274408,-3.47076188991,5.3,3.0,5.0,500.0,3.75
3.1,0.0,2,400.0,22.0,1,0.097186088562,0,94.0,2,6,5.24605364197,-0.754268642848,5.3,3.0,5.0,500.0,3.75
3.1,0.0,2,400.0,22.0,-1,0.0973961353302,-1,94.0,2,2,2.86539633251,4.45864372401,5.3,3.0,5.0,500.0,3.75
3.1,0.0,2,400.0,22.0,0,0.0970737934113,0,94.0,1,21,-1.49318255126,5.08531276016,5.3,3.0,5.0,500.0,3.75
3.1,0.0,1,400.0,22.0,-1,0.0970568656921,-1,94.0,1,7,4.82104957538,-2.20169956891,5.3,3.0,5.0,500.0,3.75
3.1,0.0,1,400.0,22.0,2,0.0971879959106,2,94.0,1,13,-2.86539633251,-4.45864372401,5.3,3.0,5.0,500.0,3.75
3.1,0.0,2,400.0,22.0,-2,0.0971817970276,-2,94.0,2,13,-2.86539633251,-4.45864372401,5.3,3.0,5.0,500.0,3.75
3.1,0.0,1,400.0,22.0,0,0.0972039699554,0,94.0,1,7,4.82104957538,-2.20169956891,5.3,3.0,5.0,500.0,3.75
3.1,0.0,2,400.0,22.0,1,0.0972008705139,0,94.0,2,16,-5.24605364197,-0.754268642848,5.3,3.0,5.0,500.0,3.75
3.1,0.0,1,400.0,22.0,1,0.0971989631653,1,94.0,1,10,1.49318255126,-5.08531276016,5.3,3.0,5.0,500.0,3.75
3.1,0.0,2,400.0,22.0,0,0.0970268249512,0,94.0,1,7,4.82104957538,-2.20169956891,5.3,3.0,5.0,500.0,3.75
3.1,0.0,1,400.0,22.0,-1,0.0970358848572,-1,94.0,1,20,-2.86539633251,4.45864372401,5.3,3.0,5.0,500.0,3.75
3.1,0.0,1,400.0,22.0,0,0.0970339775085,2,94.0,2,18,-4.82104957538,2.20169956891,5.3,3.0,5.0,500.0,3.75
3.1,0.0,2,400.0,22.0,-2,0.0970208644867,-2,94.0,2,12,-1.49318255126,-5.08531276016,5.3,3.0,5.0,500.0,3.75
3.1,0.0,2,400.0,22.0,0,0.0972299575806,0,94.0,1,18,-4.82104957538,2.20169956891,5.3,3.0,5.0,500.0,3.75
3.1,0.0,2,400.0,22.0,-2,0.0970828533173,-1,94.0,2,15,-4.82104957538,-2.20169956891,5.3,3.0,5.0,500.0,3.75
3.1,0.0,2,400.0,22.0,0,0.097195148468,2,94.0,2,18,-4.82104957538,2.20169956891,5.3,3.0,5.0,500.0,3.75
3.1,0.0,2,400.0,22.0,2,0.097207069397,2,94.0,2,3,4.00547274408,3.47076188991,5.3,3.0,5.0,500.0,3.75
3.1,0.0,2,400.0,22.0,0,0.0971848964691,0,94.0,2,18,-4.82104957538,2.20169956891,5.3,3.0,5.0,500.0,3.75
3.1,0.0,2,400.0,22.0,0,0.0970649719238,-2,94.0,1,18,-4.82104957538,2.20169956891,5.3,3.0,5.0,500.0,3.75
3.1,0.0,2,400.0,22.0,0,0.097067117691,-2,94.0,1,4,4.82104957538,2.20169956891,5.3,3.0,5.0,500.0,3.75
3.1,0.0,2,400.0,22.0,1,0.0970568656921,1,94.0,1,1,1.49318255126,5.08531276016,5.3,3.0,5.0,500.0,3.75
3.1,0.0,1,400.0,22.0,0,0.097195148468,0,94.0,1,14,-4.00547274408,-3.47076188991,5.3,3.0,5.0,500.0,3.75
3.1,0.0,2,400.0,22.0,0,0.097186088562,-1,94.0,1,15,-4.82104957538,-2.20169956891,5.3,3.0,5.0,500.0,3.75
3.1,0.0,2,400.0,22.0,0,0.0971901416779,0,94.0,1,21,-1.49318255126,5.08531276016,5.3,3.0,5.0,500.0,3.75
3.1,0.0,2,400.0,22.0,0,0.0970520973206,-1,94.0,1,0,0.0,5.3,5.3,3.0,5.0,500.0,3.75
3.1,0.0,1,400.0,22.0,-1,0.0970339775085,0,94.0,2,20,-2.86539633251,4.45864372401,5.3,3.0,5.0,500.0,3.75
3.1,0.0,2,400.0,22.0,0,0.0970380306244,-2,94.0,1,1,1.49318255126,5.08531276016,5.3,3.0,5.0,500.0,3.75
3.1,0.0,2,400.0,22.0,0,0.0971879959106,0,94.0,1,6,5.24605364197,-0.754268642848,5.3,3.0,5.0,500.0,3.75
3.1,0.0,1,400.0,22.0,-1,0.0971958637238,-1,94.0,1,10,1.49318255126,-5.08531276016,5.3,3.0,5.0,500.0,3.75
3.1,0.0,2,400.0,22.0,0,0.0971949100494,0,94.0,1,16,-5.24605364197,-0.754268642848,5.3,3.0,5.0,500.0,3.75
3.1,0.0,2,400.0,22.0,0,0.0970661640167,1,94.0,2,18,-4.82104957538,2.20169956891,5.3,3.0,5.0,500.0,3.75
3.1,0.0,1,400.0,22.0,-1,0.0970549583435,-1,94.0,1,12,-1.49318255126,-5.08531276016,5.3,3.0,5.0,500.0,3.75
3.1,0.0,2,400.0,22.0,0,0.0972220897675,0,94.0,1,7,4.82104957538,-2.20169956891,5.3,3.0,5.0,500.0,3.75
3.1,0.0,2,400.0,22.0,0,0.0971839427948,0,94.0,1,19,-4.00547274408,3.47076188991,5.3,3.0,5.0,500.0,3.75
3.1,0.0,2,400.0,22.0,1,0.0972170829773,0,94.0,1,5,5.24605364197,0.754268642848,5.3,3.0,5.0,500.0,3.75
3.1,0.0,2,400.0,22.0,0,0.0971739292145,0,94.0,1,18,-4.82104957538,2.20169956891,5.3,3.0,5.0,500.0,3.75
3.1,0.0,1,400.0,22.0,0,0.0971899032593,0,94.0,2,3,4.00547274408,3.47076188991,5.3,3.0,5.0,500.0,3.75
3.1,0.0,1,400.0,22.0,0,0.0973391532898,0,94.0,1,7,4.82104957538,-2.20169956891,5.3,3.0,5.0,500.0,3.75
3.1,0.0,1,400.0,22.0,1,0.0972101688385,1,94.0,1,14,-4.00547274408,-3.47076188991,5.3,3.0,5.0,500.0,3.75
3.1,0.0,2,400.0,22.0,-1,0.0970709323883,0,94.0,1,18,-4.82104957538,2.20169956891,5.3,3.0,5.0,500.0,3.75
3.1,0.0,1,400.0,22.0,2,0.0971961021423,0,94.0,2,0,0.0,5.3,5.3,3.0,5.0,500.0,3.75
3.1,0.0,1,400.0,22.0,0,0.0971620082855,0,94.0,1,9,2.86539633251,-4.45864372401,5.3,3.0,5.0,500.0,3.75
3.1,0.0,2,400.0,22.0,-1,0.097198009491,-1,94.0,2,14,-4.00547274408,-3.47076188991,5.3,3.0,5.0,500.0,3.75
3.1,0.0,2,400.0,22.0,1,0.0973000526428,1,94.0,2,18,-4.82104957538,2.20169956891,5.3,3.0,5.0,500.0,3.75
3.1,0.0,2,400.0,22.0,0,0.0970549583435,-2,94.0,1,19,-4.00547274408,3.47076188991,5.3,3.0,5.0,500.0,3.75
3.1,0.0,1,400.0,22.0,0,0.0970289707184,2,94.0,1,5,5.24605364197,0.754268642848,5.3,3.0,5.0,500.0,3.75
3.1,0.0,2,400.0,22.0,-1,0.097058057785,-1,94.0,2,7,4.82104957538,-2.20169956891,5.3,3.0,5.0,500.0,3.75
3.1,0.0,2,400.0,22.0,0,0.0971720218658,0,94.0,2,13,-2.86539633251,-4.45864372401,5.3,3.0,5.0,500.0,3.75
3.1,0.0,2,400.0,22.0,-1,0.0971870422363,-1,94.0,2,9,2.86539633251,-4.45864372401,5.3,3.0,5.0,500.0,3.75
3.1,0.0,2,400.0,22.0,2,0.0970418453217,1,94.0,1,11,6.49041367526e-16,-5.3,5.3,3.0,5.0,500.0,3.75
3.1,0.0,2,400.0,22.0,-1,0.0970420837402,0,94.0,1,8,4.00547274408,-3.47076188991,5.3,3.0,5.0,500.0,3.75
3.1,0.0,2,400.0,22.0,0,0.0970230102539,0,94.0,1,13,-2.86539633251,-4.45864372401,5.3,3.0,5.0,500.0,3.75
3.1,0.0,2,400.0,22.0,1,0.097020149231,1,94.0,2,1,1.49318255126,5.08531276016,5.3,3.0,5.0,500.0,3.75
3.1,0.0,1,400.0,22.0,0,0.0971550941467,2,94.0,1,11,6.49041367526e-16,-5.3,5.3,3.0,5.0,500.0,3.75
3.1,0.0,2,400.0,22.0,0,0.0971930027008,0,94.0,2,4,4.82104957538,2.20169956891,5.3,3.0,5.0,500.0,3.75
3.1,0.0,2,400.0,22.0,1,0.0970408916473,-1,94.0,1,10,1.49318255126,-5.08531276016,5.3,3.0,5.0,500.0,3.75
3.1,0.0,2,400.0,22.0,0,0.0971570014954,-1,94.0,1,0,0.0,5.3,5.3,3.0,5.0,500.0,3.75
3.1,0.0,2,400.0,22.0,0,0.0970339775085,-2,94.0,1,6,5.24605364197,-0.754268642848,5.3,3.0,5.0,500.0,3.75
3.1,0.0,2,400.0,22.0,0,0.0970249176025,0,94.0,1,6,5.24605364197,-0.754268642848,5.3,3.0,5.0,500.0,3.75
3.1,0.0,2,400.0,22.0,-1,0.0970160961151,-1,94.0,2,10,1.49318255126,-5.08531276016,5.3,3.0,5.0,500.0,3.75
3.1,0.0,2,400.0,22.0,1,0.0971629619598,1,94.0,2,16,-5.24605364197,-0.754268642848,5.3,3.0,5.0,500.0,3.75
3.1,0.0,2,400.0,22.0,2,0.0971930027008,1,94.0,2,19,-4.00547274408,3.47076188991,5.3,3.0,5.0,500.0,3.75
3.1,0.0,1,400.0,22.0,-1,0.0972101688385,-1,94.0,1,20,-2.86539633251,4.45864372401,5.3,3.0,5.0,500.0,3.75
3.1,0.0,2,400.0,22.0,2,0.0972399711609,0,94.0,1,6,5.24605364197,-0.754268642848,5.3,3.0,5.0,500.0,3.75
3.1,0.0,2,400.0,22.0,0,0.0972018241882,-1,94.0,1,5,5.24605364197,0.754268642848,5.3,3.0,5.0,500.0,3.75
3.1,0.0,1,400.0,22.0,0,0.0972108840942,0,94.0,1,20,-2.86539633251,4.45864372401,5.3,3.0,5.0,500.0,3.75
3.1,0.0,2,400.0,22.0,2,0.0972001552582,-1,94.0,1,6,5.24605364197,-0.754268642848,5.3,3.0,5.0,500.0,3.75
3.1,0.0,2,400.0,22.0,1,0.0971810817719,1,94.0,2,0,0.0,5.3,5.3,3.0,5.0,500.0,3.75
3.1,0.0,2,400.0,22.0,0,0.0970389842987,0,94.0,2,19,-4.00547274408,3.47076188991,5.3,3.0,5.0,500.0,3.75
3.1,0.0,1,400.0,22.0,2,0.0970118045807,2,94.0,1,11,6.49041367526e-16,-5.3,5.3,3.0,5.0,500.0,3.75
3.1,0.0,1,400.0,22.0,-1,0.0970659255981,1,94.0,1,6,5.24605364197,-0.754268642848,5.3,3.0,5.0,500.0,3.75
3.1,0.0,2,400.0,22.0,-1,0.0970408916473,-2,94.0,1,10,1.49318255126,-5.08531276016,5.3,3.0,5.0,500.0,3.75
3.1,0.0,2,400.0,22.0,-1,0.0972208976746,0,94.0,1,15,-4.82104957538,-2.20169956891,5.3,3.0,5.0,500.0,3.75
3.1,0.0,1,400.0,22.0,1,0.0971651077271,1,94.0,2,2,2.86539633251,4.45864372401,5.3,3.0,5.0,500.0,3.75
3.1,0.0,2,400.0,22.0,0,0.0972249507904,0,94.0,2,12,-1.49318255126,-5.08531276016,5.3,3.0,5.0,500.0,3.75
3.1,0.0,1,400.0,22.0,-2,0.0972530841827,2,94.0,2,13,-2.86539633251,-4.45864372401,5.3,3.0,5.0,500.0,3.75
3.1,0.0,2,400.0,22.0,1,0.0970871448517,1,94.0,2,10,1.49318255126,-5.08531276016,5.3,3.0,5.0,500.0,3.75
3.1,0.0,2,400.0,22.0,0,0.0970571041107,2,94.0,1,4,4.82104957538,2.20169956891,5.3,3.0,5.0,500.0,3.75
3.1,0.0,1,400.0,22.0,1,0.0971879959106,1,94.0,1,10,1.49318255126,-5.08531276016,5.3,3.0,5.0,500.0,3.75
3.1,0.0,2,400.0,22.0,-2,0.0972399711609,-2,94.0,2,13,-2.86539633251,-4.45864372401,5.3,3.0,5.0,500.0,3.75
3.1,0.0,2,400.0,22.0,0,0.097188949585,1,94.0,1,17,-5.24605364197,0.754268642848,5.3,3.0,5.0,500.0,3.75
3.1,0.0,2,400.0,22.0,0,0.0970828533173,-2,94.0,2,15,-4.82104957538,-2.20169956891,5.3,3.0,5.0,500.0,3.75
3.1,0.0,2,400.0,22.0,0,0.0971910953522,1,94.0,1,0,0.0,5.3,5.3,3.0,5.0,500.0,3.75
3.1,0.0,2,400.0,22.0,0,0.0971920490265,0,94.0,1,16,-5.24605364197,-0.754268642848,5.3,3.0,5.0,500.0,3.75
3.1,0.0,2,400.0,22.0,1,0.0971789360046,1,94.0,2,13,-2.86539633251,-4.45864372401,5.3,3.0,5.0,500.0,3.75
3.1,0.0,2,400.0,22.0,0,0.0970320701599,0,94.0,1,5,5.24605364197,0.754268642848,5.3,3.0,5.0,500.0,3.75
3.1,0.0,2,400.0,22.0,0,0.0972361564636,-2,94.0,1,1,1.49318255126,5.08531276016,5.3,3.0,5.0,500.0,3.75
3.1,0.0,1,400.0,22.0,0,0.097198009491,0,94.0,2,17,-5.24605364197,0.754268642848,5.3,3.0,5.0,500.0,3.75
3.1,0.0,2,400.0,22.0,0,0.0970330238342,0,94.0,1,4,4.82104957538,2.20169956891,5.3,3.0,5.0,500.0,3.75
3.1,0.0,1,400.0,22.0,0,0.0971829891205,0,94.0,1,15,-4.82104957538,-2.20169956891,5.3,3.0,5.0,500.0,3.75
3.1,0.0,2,400.0,22.0,0,0.0972259044647,0,94.0,1,21,-1.49318255126,5.08531276016,5.3,3.0,5.0,500.0,3.75
3.1,0.0,2,400.0,22.0,0,0.0972211360931,0,94.0,1,4,4.82104957538,2.20169956891,5.3,3.0,5.0,500.0,3.75
3.1,0.0,2,400.0,22.0,0,0.0971801280975,0,94.0,1,21,-1.49318255126,5.08531276016,5.3,3.0,5.0,500.0,3.75
3.1,0.0,2,400.0,22.0,0,0.0972199440002,0,94.0,1,16,-5.24605364197,-0.754268642848,5.3,3.0,5.0,500.0,3.75
3.1,0.0,2,400.0,22.0,0,0.0972030162811,-1,94.0,1,6,5.24605364197,-0.754268642848,5.3,3.0,5.0,500.0,3.75
3.1,0.0,2,400.0,22.0,0,0.0973138809204,0,94.0,1,6,5.24605364197,-0.754268642848,5.3,3.0,5.0,500.0,3.75
3.1,0.0,2,400.0,22.0,1,0.0971939563751,0,94.0,1,20,-2.86539633251,4.45864372401,5.3,3.0,5.0,500.0,3.75
3.1,0.0,1,400.0,22.0,0,0.0971977710724,0,94.0,2,17,-5.24605364197,0.754268642848,5.3,3.0,5.0,500.0,3.75
3.1,0.0,1,400.0,22.0,1,0.0971839427948,1,94.0,1,13,-2.86539633251,-4.45864372401,5.3,3.0,5.0,500.0,3.75
3.1,0.0,1,400.0,22.0,-1,0.0972099304199,-1,94.0,1,8,4.00547274408,-3.47076188991,5.3,3.0,5.0,500.0,3.75
3.1,0.0,1,400.0,22.0,0,0.0970849990845,0,94.0,1,4,4.82104957538,2.20169956891,5.3,3.0,5.0,500.0,3.75
3.1,0.0,2,400.0,22.0,0,0.0971968173981,2,94.0,1,20,-2.86539633251,4.45864372401,5.3,3.0,5.0,500.0,3.75
3.1,0.0,1,400.0,22.0,0,0.097186088562,1,94.0,1,6,5.24605364197,-0.754268642848,5.3,3.0,5.0,500.0,3.75
3.1,0.0,1,400.0,22.0,2,0.0971901416779,2,94.0,1,19,-4.00547274408,3.47076188991,5.3,3.0,5.0,500.0,3.75
3.1,0.0,1,400.0,22.0,-1,0.0970451831818,-1,94.0,1,0,0.0,5.3,5.3,3.0,5.0,500.0,3.75
3.1,0.0,2,400.0,22.0,-1,0.0970420837402,-1,94.0,2,12,-1.49318255126,-5.08531276016,5.3,3.0,5.0,500.0,3.75
3.1,0.0,2,400.0,22.0,-2,0.0970251560211,-2,94.0,2,7,4.82104957538,-2.20169956891,5.3,3.0,5.0,500.0,3.75
3.1,0.0,2,400.0,22.0,-2,0.0970549583435,-2,94.0,2,12,-1.49318255126,-5.08531276016,5.3,3.0,5.0,500.0,3.75
3.1,0.0,2,400.0,22.0,0,0.0970458984375,0,94.0,1,2,2.86539633251,4.45864372401,5.3,3.0,5.0,500.0,3.75
3.1,0.0,2,400.0,22.0,0,0.0971820354462,2,94.0,1,1,1.49318255126,5.08531276016,5.3,3.0,5.0,500.0,3.75
3.1,0.0,2,400.0,22.0,0,0.0970239639282,0,94.0,1,21,-1.49318255126,5.08531276016,5.3,3.0,5.0,500.0,3.75
3.1,0.0,1,400.0,22.0,0,0.0970270633698,2,94.0,1,3,4.00547274408,3.47076188991,5.3,3.0,5.0,500.0,3.75
3.1,0.0,2,400.0,22.0,0,0.0970299243927,1,94.0,1,19,-4.00547274408,3.47076188991,5.3,3.0,5.0,500.0,3.75
3.1,0.0,2,400.0,22.0,0,0.0970780849457,0,94.0,1,14,-4.00547274408,-3.47076188991,5.3,3.0,5.0,500.0,3.75
3.1,0.0,2,400.0,22.0,1,0.0971760749817,1,94.0,1,19,-4.00547274408,3.47076188991,5.3,3.0,5.0,500.0,3.75
3.1,0.0,2,400.0,22.0,2,0.0970869064331,0,94.0,1,0,0.0,5.3,5.3,3.0,5.0,500.0,3.75
3.1,0.0,2,400.0,22.0,0,0.0971901416779,0,94.0,1,18,-4.82104957538,2.20169956891,5.3,3.0,5.0,500.0,3.75
3.1,0.0,2,400.0,22.0,2,0.097188949585,0,94.0,2,11,6.49041367526e-16,-5.3,5.3,3.0,5.0,500.0,3.75
3.1,0.0,2,400.0,22.0,0,0.0972189903259,-1,94.0,1,0,0.0,5.3,5.3,3.0,5.0,500.0,3.75
3.1,0.0,1,400.0,22.0,0,0.0972352027893,0,94.0,1,11,6.49041367526e-16,-5.3,5.3,3.0,5.0,500.0,3.75
3.1,0.0,1,400.0,22.0,-1,0.0970618724823,-1,94.0,1,14,-4.00547274408,-3.47076188991,5.3,3.0,5.0,500.0,3.75
3.1,0.0,1,400.0,22.0,0,0.097058057785,-1,94.0,1,21,-1.49318255126,5.08531276016,5.3,3.0,5.0,500.0,3.75
3.1,0.0,1,400.0,22.0,0,0.0972008705139,0,94.0,1,6,5.24605364197,-0.754268642848,5.3,3.0,5.0,500.0,3.75
3.1,0.0,2,400.0,22.0,1,0.0971989631653,2,94.0,1,12,-1.49318255126,-5.08531276016,5.3,3.0,5.0,500.0,3.75
3.1,0.0,1,400.0,22.0,1,0.0972039699554,1,94.0,1,20,-2.86539633251,4.45864372401,5.3,3.0,5.0,500.0,3.75
3.1,0.0,1,400.0,22.0,0,0.0971839427948,0,94.0,1,21,-1.49318255126,5.08531276016,5.3,3.0,5.0,500.0,3.75
3.1,0.0,1,400.0,22.0,-1,0.097244977951,-1,94.0,1,11,6.49041367526e-16,-5.3,5.3,3.0,5.0,500.0,3.75
3.1,0.0,2,400.0,22.0,0,0.0972049236298,0,94.0,1,4,4.82104957538,2.20169956891,5.3,3.0,5.0,500.0,3.75
3.1,0.0,1,400.0,22.0,0,0.0971851348877,-2,94.0,1,1,1.49318255126,5.08531276016,5.3,3.0,5.0,500.0,3.75
3.1,0.0,1,400.0,22.0,2,0.0971691608429,2,94.0,1,16,-5.24605364197,-0.754268642848,5.3,3.0,5.0,500.0,3.75
3.1,0.0,2,400.0,22.0,0,0.0971870422363,1,94.0,1,14,-4.00547274408,-3.47076188991,5.3,3.0,5.0,500.0,3.75
3.1,0.0,1,400.0,22.0,0,0.0971910953522,0,94.0,1,1,1.49318255126,5.08531276016,5.3,3.0,5.0,500.0,3.75
3.1,0.0,1,400.0,22.0,0,0.0972239971161,0,94.0,1,18,-4.82104957538,2.20169956891,5.3,3.0,5.0,500.0,3.75
3.1,0.0,2,400.0,22.0,-1,0.0972051620483,0,94.0,1,7,4.82104957538,-2.20169956891,5.3,3.0,5.0,500.0,3.75
3.1,0.0,2,400.0,22.0,0,0.0971868038177,0,94.0,1,0,0.0,5.3,5.3,3.0,5.0,500.0,3.75
3.1,0.0,2,400.0,22.0,0,0.0971961021423,1,94.0,1,0,0.0,5.3,5.3,3.0,5.0,500.0,3.75
3.1,0.0,1,400.0,22.0,-2,0.0971941947937,-2,94.0,1,19,-4.00547274408,3.47076188991,5.3,3.0,5.0,500.0,3.75
3.1,0.0,1,400.0,22.0,2,0.0972008705139,2,94.0,1,12,-1.49318255126,-5.08531276016,5.3,3.0,5.0,500.0,3.75
3.1,0.0,2,400.0,22.0,2,0.097048997879,-1,94.0,2,21,-1.49318255126,5.08531276016,5.3,3.0,5.0,500.0,3.75
3.1,0.0,2,400.0,22.0,-1,0.0971958637238,-1,94.0,2,11,6.49041367526e-16,-5.3,5.3,3.0,5.0,500.0,3.75
3.1,0.0,2,400.0,22.0,0,0.0972051620483,1,94.0,1,3,4.00547274408,3.47076188991,5.3,3.0,5.0,500.0,3.75
3.1,0.0,2,400.0,22.0,0,0.0971879959106,0,94.0,1,5,5.24605364197,0.754268642848,5.3,3.0,5.0,500.0,3.75
3.1,0.0,2,400.0,22.0,1,0.0971870422363,2,94.0,2,19,-4.00547274408,3.47076188991,5.3,3.0,5.0,500.0,3.75
3.1,0.0,2,400.0,22.0,-1,0.0972020626068,1,94.0,1,3,4.00547274408,3.47076188991,5.3,3.0,5.0,500.0,3.75
3.1,0.0,2,400.0,22.0,1,0.0971419811249,1,94.0,2,13,-2.86539633251,-4.45864372401,5.3,3.0,5.0,500.0,3.75
3.1,0.0,2,400.0,22.0,0,0.0970358848572,0,94.0,1,18,-4.82104957538,2.20169956891,5.3,3.0,5.0,500.0,3.75
3.1,0.0,2,400.0,22.0,0,0.0970430374146,0,94.0,2,12,-1.49318255126,-5.08531276016,5.3,3.0,5.0,500.0,3.75
3.1,0.0,1,400.0,22.0,0,0.0970730781555,0,94.0,1,20,-2.86539633251,4.45864372401,5.3,3.0,5.0,500.0,3.75
3.1,0.0,1,400.0,22.0,1,0.0971529483795,1,94.0,1,16,-5.24605364197,-0.754268642848,5.3,3.0,5.0,500.0,3.75
3.1,0.0,1,400.0,22.0,1,0.0972020626068,1,94.0,1,19,-4.00547274408,3.47076188991,5.3,3.0,5.0,500.0,3.75
3.1,0.0,2,400.0,22.0,0,0.0971810817719,0,94.0,1,18,-4.82104957538,2.20169956891,5.3,3.0,5.0,500.0,3.75
3.1,0.0,2,400.0,22.0,1,0.097067117691,1,94.0,2,0,0.0,5.3,5.3,3.0,5.0,500.0,3.75
3.1,0.0,2,400.0,22.0,0,0.0972130298615,0,94.0,1,2,2.86539633251,4.45864372401,5.3,3.0,5.0,500.0,3.75
3.1,0.0,2,400.0,22.0,0,0.0971870422363,0,94.0,1,20,-2.86539633251,4.45864372401,5.3,3.0,5.0,500.0,3.75
3.1,0.0,2,400.0,22.0,1,0.0971841812134,-1,94.0,1,2,2.86539633251,4.45864372401,5.3,3.0,5.0,500.0,3.75
3.1,0.0,1,400.0,22.0,0,0.0971918106079,0,94.0,1,19,-4.00547274408,3.47076188991,5.3,3.0,5.0,500.0,3.75
3.1,0.0,1,400.0,22.0,0,0.0971961021423,0,94.0,1,8,4.00547274408,-3.47076188991,5.3,3.0,5.0,500.0,3.75
3.1,0.0,1,400.0,22.0,0,0.0971598625183,1,94.0,1,6,5.24605364197,-0.754268642848,5.3,3.0,5.0,500.0,3.75
3.1,0.0,1,400.0,22.0,0,0.0972089767456,0,94.0,1,20,-2.86539633251,4.45864372401,5.3,3.0,5.0,500.0,3.75
3.1,0.0,2,400.0,22.0,0,0.0970289707184,-1,94.0,1,0,0.0,5.3,5.3,3.0,5.0,500.0,3.75
3.1,0.0,2,400.0,22.0,1,0.0971870422363,1,94.0,2,11,6.49041367526e-16,-5.3,5.3,3.0,5.0,500.0,3.75
3.1,0.0,2,400.0,22.0,1,0.0971488952637,0,94.0,2,18,-4.82104957538,2.20169956891,5.3,3.0,5.0,500.0,3.75
3.1,0.0,1,400.0,22.0,2,0.0972340106964,-1,94.0,2,10,1.49318255126,-5.08531276016,5.3,3.0,5.0,500.0,3.75
3.1,0.0,2,400.0,22.0,0,0.097188949585,0,94.0,1,6,5.24605364197,-0.754268642848,5.3,3.0,5.0,500.0,3.75
3.1,0.0,1,400.0,22.0,-1,0.0970389842987,-1,94.0,1,8,4.00547274408,-3.47076188991,5.3,3.0,5.0,500.0,3.75
3.1,0.0,2,400.0,22.0,0,0.0971751213074,0,94.0,1,20,-2.86539633251,4.45864372401,5.3,3.0,5.0,500.0,3.75
3.1,0.0,2,400.0,22.0,0,0.0972239971161,0,94.0,1,21,-1.49318255126,5.08531276016,5.3,3.0,5.0,500.0,3.75
3.1,0.0,2,400.0,22.0,0,0.0970897674561,0,94.0,1,12,-1.49318255126,-5.08531276016,5.3,3.0,5.0,500.0,3.75
3.1,0.0,2,400.0,22.0,-1,0.097177028656,0,94.0,1,16,-5.24605364197,-0.754268642848,5.3,3.0,5.0,500.0,3.75
3.1,0.0,2,400.0,22.0,1,0.0970950126648,1,94.0,2,14,-4.00547274408,-3.47076188991,5.3,3.0,5.0,500.0,3.75
3.1,0.0,1,400.0,22.0,0,0.0971820354462,0,94.0,1,4,4.82104957538,2.20169956891,5.3,3.0,5.0,500.0,3.75
3.1,0.0,1,400.0,22.0,-2,0.0971808433533,0,94.0,2,9,2.86539633251,-4.45864372401,5.3,3.0,5.0,500.0,3.75
3.1,0.0,2,400.0,22.0,2,0.0971879959106,2,94.0,2,11,6.49041367526e-16,-5.3,5.3,3.0,5.0,500.0,3.75
3.1,0.0,2,400.0,22.0,0,0.0971131324768,0,94.0,2,21,-1.49318255126,5.08531276016,5.3,3.0,5.0,500.0,3.75
3.1,0.0,2,400.0,22.0,-1,0.0972220897675,-1,94.0,2,14,-4.00547274408,-3.47076188991,5.3,3.0,5.0,500.0,3.75
3.1,0.0,1,400.0,22.0,-1,0.0971789360046,-1,94.0,1,9,2.86539633251,-4.45864372401,5.3,3.0,5.0,500.0,3.75
3.1,0.0,2,400.0,22.0,0,0.0971078872681,0,94.0,1,1,1.49318255126,5.08531276016,5.3,3.0,5.0,500.0,3.75
3.1,0.0,2,400.0,22.0,1,0.0971789360046,1,94.0,2,14,-4.00547274408,-3.47076188991,5.3,3.0,5.0,500.0,3.75
3.1,0.0,2,400.0,22.0,0,0.0971858501434,0,94.0,2,11,6.49041367526e-16,-5.3,5.3,3.0,5.0,500.0,3.75
3.1,0.0,2,400.0,22.0,1,0.0972678661346,0,94.0,2,14,-4.00547274408,-3.47076188991,5.3,3.0,5.0,500.0,3.75
3.1,0.0,1,400.0,22.0,0,0.0972058773041,2,94.0,1,5,5.24605364197,0.754268642848,5.3,3.0,5.0,500.0,3.75
3.1,0.0,1,400.0,22.0,0,0.0970420837402,-1,94.0,1,0,0.0,5.3,5.3,3.0,5.0,500.0,3.75
3.1,0.0,1,400.0,22.0,1,0.0970120429993,1,94.0,1,4,4.82104957538,2.20169956891,5.3,3.0,5.0,500.0,3.75
3.1,0.0,2,400.0,22.0,1,0.0970621109009,1,94.0,2,2,2.86539633251,4.45864372401,5.3,3.0,5.0,500.0,3.75
3.1,0.0,1,400.0,22.0,0,0.097090959549,0,94.0,1,21,-1.49318255126,5.08531276016,5.3,3.0,5.0,500.0,3.75
3.1,0.0,2,400.0,22.0,0,0.097268819809,0,94.0,2,18,-4.82104957538,2.20169956891,5.3,3.0,5.0,500.0,3.75
3.1,0.0,1,400.0,22.0,-1,0.0972311496735,-1,94.0,1,7,4.82104957538,-2.20169956891,5.3,3.0,5.0,500.0,3.75
3.1,0.0,2,400.0,22.0,-2,0.0971851348877,-2,94.0,2,8,4.00547274408,-3.47076188991,5.3,3.0,5.0,500.0,3.75
3.1,0.0,2,400.0,22.0,0,0.0972220897675,0,94.0,2,16,-5.24605364197,-0.754268642848,5.3,3.0,5.0,500.0,3.75
3.1,0.0,1,400.0,22.0,1,0.097158908844,1,94.0,1,15,-4.82104957538,-2.20169956891,5.3,3.0,5.0,500.0,3.75
3.1,0.0,2,400.0,22.0,0,0.0971639156342,0,94.0,2,19,-4.00547274408,3.47076188991,5.3,3.0,5.0,500.0,3.75
3.1,0.0,2,400.0,22.0,0,0.0971760749817,-1,94.0,1,4,4.82104957538,2.20169956891,5.3,3.0,5.0,500.0,3.75
3.1,0.0,2,400.0,22.0,-1,0.097179889679,-1,94.0,2,9,2.86539633251,-4.45864372401,5.3,3.0,5.0,500.0,3.75
3.1,0.0,2,400.0,22.0,0,0.0972139835358,0,94.0,1,21,-1.49318255126,5.08531276016,5.3,3.0,5.0,500.0,3.75
3.1,0.0,1,400.0,22.0,0,0.0971829891205,-2,94.0,1,17,-5.24605364197,0.754268642848,5.3,3.0,5.0,500.0,3.75
3.1,0.0,2,400.0,22.0,1,0.0972068309784,2,94.0,1,20,-2.86539633251,4.45864372401,5.3,3.0,5.0,500.0,3.75
3.1,0.0,2,400.0,22.0,0,0.0971059799194,0,94.0,1,15,-4.82104957538,-2.20169956891,5.3,3.0,5.0,500.0,3.75
3.1,0.0,1,400.0,22.0,0,0.0971949100494,2,94.0,1,19,-4.00547274408,3.47076188991,5.3,3.0,5.0,500.0,3.75
3.1,0.0,2,400.0,22.0,0,0.0971639156342,0,94.0,1,19,-4.00547274408,3.47076188991,5.3,3.0,5.0,500.0,3.75
3.1,0.0,1,400.0,22.0,0,0.097048997879,2,94.0,2,1,1.49318255126,5.08531276016,5.3,3.0,5.0,500.0,3.75
3.1,0.0,1,400.0,22.0,-1,0.0970511436462,-1,94.0,1,18,-4.82104957538,2.20169956891,5.3,3.0,5.0,500.0,3.75
3.1,0.0,2,400.0,22.0,0,0.0970928668976,0,94.0,2,1,1.49318255126,5.08531276016,5.3,3.0,5.0,500.0,3.75
3.1,0.0,1,400.0,22.0,1,0.0971839427948,1,94.0,1,16,-5.24605364197,-0.754268642848,5.3,3.0,5.0,500.0,3.75
3.1,0.0,2,400.0,22.0,-2,0.0971879959106,-2,94.0,2,19,-4.00547274408,3.47076188991,5.3,3.0,5.0,500.0,3.75
3.1,0.0,2,400.0,22.0,-2,0.0970799922943,-2,94.0,2,9,2.86539633251,-4.45864372401,5.3,3.0,5.0,500.0,3.75
3.1,0.0,2,400.0,22.0,0,0.097188949585,1,94.0,2,0,0.0,5.3,5.3,3.0,5.0,500.0,3.75
3.1,0.0,2,400.0,22.0,0,0.0971910953522,1,94.0,1,2,2.86539633251,4.45864372401,5.3,3.0,5.0,500.0,3.75
3.1,0.0,2,400.0,22.0,0,0.097216129303,0,94.0,1,4,4.82104957538,2.20169956891,5.3,3.0,5.0,500.0,3.75
3.1,0.0,2,400.0,22.0,2,0.0972020626068,2,94.0,2,15,-4.82104957538,-2.20169956891,5.3,3.0,5.0,500.0,3.75
3.1,0.0,2,400.0,22.0,0,0.0971698760986,0,94.0,1,3,4.00547274408,3.47076188991,5.3,3.0,5.0,500.0,3.75
3.1,0.0,2,400.0,22.0,1,0.0972080230713,2,94.0,2,14,-4.00547274408,-3.47076188991,5.3,3.0,5.0,500.0,3.75
3.1,0.0,1,400.0,22.0,-2,0.0971779823303,-2,94.0,1,8,4.00547274408,-3.47076188991,5.3,3.0,5.0,500.0,3.75
3.1,0.0,1,400.0,22.0,0,0.0971851348877,0,94.0,2,15,-4.82104957538,-2.20169956891,5.3,3.0,5.0,500.0,3.75
3.1,0.0,1,400.0,22.0,1,0.0972199440002,1,94.0,1,20,-2.86539633251,4.45864372401,5.3,3.0,5.0,500.0,3.75
3.1,0.0,2,400.0,22.0,1,0.0972499847412,1,94.0,2,16,-5.24605364197,-0.754268642848,5.3,3.0,5.0,500.0,3.75
3.1,0.0,2,400.0,22.0,0,0.0972030162811,0,94.0,1,21,-1.49318255126,5.08531276016,5.3,3.0,5.0,500.0,3.75
3.1,0.0,1,400.0,22.0,0,0.0970461368561,0,94.0,2,14,-4.00547274408,-3.47076188991,5.3,3.0,5.0,500.0,3.75
3.1,0.0,2,400.0,22.0,2,0.0971970558167,1,94.0,2,12,-1.49318255126,-5.08531276016,5.3,3.0,5.0,500.0,3.75
3.1,0.0,2,400.0,22.0,0,0.0970401763916,0,94.0,2,10,1.49318255126,-5.08531276016,5.3,3.0,5.0,500.0,3.75
3.1,0.0,2,400.0,22.0,-1,0.0971908569336,-1,94.0,2,15,-4.82104957538,-2.20169956891,5.3,3.0,5.0,500.0,3.75
3.1,0.0,2,400.0,22.0,0,0.0971958637238,0,94.0,1,15,-4.82104957538,-2.20169956891,5.3,3.0,5.0,500.0,3.75
3.1,0.0,1,400.0,22.0,2,0.0971970558167,2,94.0,1,8,4.00547274408,-3.47076188991,5.3,3.0,5.0,500.0,3.75
3.1,0.0,2,400.0,22.0,0,0.0970611572266,0,94.0,1,3,4.00547274408,3.47076188991,5.3,3.0,5.0,500.0,3.75
3.1,0.0,2,400.0,22.0,-2,0.0971720218658,-2,94.0,2,14,-4.00547274408,-3.47076188991,5.3,3.0,5.0,500.0,3.75
3.1,0.0,1,400.0,22.0,0,0.0971839427948,0,94.0,1,4,4.82104957538,2.20169956891,5.3,3.0,5.0,500.0,3.75
3.1,0.0,1,400.0,22.0,1,0.0971729755402,2,94.0,1,2,2.86539633251,4.45864372401,5.3,3.0,5.0,500.0,3.75
3.1,0.0,2,400.0,22.0,1,0.0971820354462,1,94.0,2,18,-4.82104957538,2.20169956891,5.3,3.0,5.0,500.0,3.75
3.1,0.0,1,400.0,22.0,1,0.0971729755402,1,94.0,1,19,-4.00547274408,3.47076188991,5.3,3.0,5.0,500.0,3.75
3.1,0.0,2,400.0,22.0,1,0.0970418453217,1,94.0,2,11,6.49041367526e-16,-5.3,5.3,3.0,5.0,500.0,3.75
3.1,0.0,1,400.0,22.0,0,0.0972089767456,0,94.0,1,11,6.49041367526e-16,-5.3,5.3,3.0,5.0,500.0,3.75
3.1,0.0,2,400.0,22.0,1,0.0971949100494,1,94.0,1,19,-4.00547274408,3.47076188991,5.3,3.0,5.0,500.0,3.75
3.1,0.0,1,400.0,22.0,0,0.0970358848572,0,94.0,1,12,-1.49318255126,-5.08531276016,5.3,3.0,5.0,500.0,3.75
3.1,0.0,1,400.0,22.0,1,0.097217798233,-1,94.0,2,10,1.49318255126,-5.08531276016,5.3,3.0,5.0,500.0,3.75
3.1,0.0,2,400.0,22.0,0,0.0972108840942,0,94.0,1,4,4.82104957538,2.20169956891,5.3,3.0,5.0,500.0,3.75
