cue-length,ms-precue,resp-v-hv,ms-st-cue,nitems,offset2,resp-h-pos,actualStimOn,resp-v-pos,ms-stimon,resp-h-hv,cue-loc-int,cue-loc-x,cue-loc-y,radius,bars-or-spot,version,offset,npractice,ntrials
3.1,0.0,2,400.0,22.0,0,1,0.0970158576965,-2,94.0,1,6,5.24605364197,-0.754268642848,5.3,1,13,0,5.0,400.0
3.1,0.0,2,400.0,22.0,0,0,0.0970139503479,0,94.0,2,12,-1.49318255126,-5.08531276016,5.3,1,13,0,5.0,400.0
3.1,0.0,1,400.0,22.0,0,2,0.0970180034637,2,94.0,1,11,6.49041367526e-16,-5.3,5.3,1,13,0,5.0,400.0
3.1,0.0,1,400.0,22.0,0,0,0.0970070362091,0,94.0,1,16,-5.24605364197,-0.754268642848,5.3,1,13,0,5.0,400.0
3.1,0.0,1,400.0,22.0,0,1,0.09716796875,1,94.0,1,4,4.82104957538,2.20169956891,5.3,1,13,0,5.0,400.0
3.1,0.0,2,400.0,22.0,0,-2,0.0971641540527,-2,94.0,2,20,-2.86539633251,4.45864372401,5.3,1,13,0,5.0,400.0
3.1,0.0,2,400.0,22.0,0,-1,0.0971908569336,1,94.0,2,12,-1.49318255126,-5.08531276016,5.3,1,13,0,5.0,400.0
3.1,0.0,1,400.0,22.0,0,1,0.0972189903259,2,94.0,1,9,2.86539633251,-4.45864372401,5.3,1,13,0,5.0,400.0
3.1,0.0,2,400.0,22.0,0,2,0.0972101688385,2,94.0,2,3,4.00547274408,3.47076188991,5.3,1,13,0,5.0,400.0
3.1,0.0,1,400.0,22.0,0,-1,0.0972189903259,-1,94.0,1,8,4.00547274408,-3.47076188991,5.3,1,13,0,5.0,400.0
3.1,0.0,1,400.0,22.0,0,0,0.0971901416779,0,94.0,1,17,-5.24605364197,0.754268642848,5.3,1,13,0,5.0,400.0
3.1,0.0,1,400.0,22.0,0,-2,0.0972080230713,-2,94.0,1,20,-2.86539633251,4.45864372401,5.3,1,13,0,5.0,400.0
3.1,0.0,2,400.0,22.0,0,0,0.0972092151642,0,94.0,2,15,-4.82104957538,-2.20169956891,5.3,1,13,0,5.0,400.0
3.1,0.0,2,400.0,22.0,0,0,0.0972058773041,0,94.0,2,5,5.24605364197,0.754268642848,5.3,1,13,0,5.0,400.0
3.1,0.0,2,400.0,22.0,0,-1,0.0971698760986,-1,94.0,2,12,-1.49318255126,-5.08531276016,5.3,1,13,0,5.0,400.0
3.1,0.0,2,400.0,22.0,0,1,0.0971629619598,1,94.0,2,9,2.86539633251,-4.45864372401,5.3,1,13,0,5.0,400.0
3.1,0.0,1,400.0,22.0,0,0,0.0971701145172,0,94.0,1,15,-4.82104957538,-2.20169956891,5.3,1,13,0,5.0,400.0
3.1,0.0,2,400.0,22.0,0,1,0.09716796875,2,94.0,1,2,2.86539633251,4.45864372401,5.3,1,13,0,5.0,400.0
3.1,0.0,2,400.0,22.0,0,2,0.097177028656,2,94.0,2,12,-1.49318255126,-5.08531276016,5.3,1,13,0,5.0,400.0
3.1,0.0,2,400.0,22.0,0,1,0.0971920490265,0,94.0,1,7,4.82104957538,-2.20169956891,5.3,1,13,0,5.0,400.0
3.1,0.0,2,400.0,22.0,0,-2,0.0970149040222,-2,94.0,2,7,4.82104957538,-2.20169956891,5.3,1,13,0,5.0,400.0
3.1,0.0,2,400.0,22.0,0,0,0.0970129966736,2,94.0,2,1,1.49318255126,5.08531276016,5.3,1,13,0,5.0,400.0
3.1,0.0,2,400.0,22.0,0,0,0.0971949100494,0,94.0,2,17,-5.24605364197,0.754268642848,5.3,1,13,0,5.0,400.0
3.1,0.0,2,400.0,22.0,0,-1,0.0970320701599,-1,94.0,2,7,4.82104957538,-2.20169956891,5.3,1,13,0,5.0,400.0
3.1,0.0,2,400.0,22.0,0,-2,0.0970220565796,2,94.0,1,8,4.00547274408,-3.47076188991,5.3,1,13,0,5.0,400.0
3.1,0.0,2,400.0,22.0,0,0,0.0970060825348,0,94.0,2,5,5.24605364197,0.754268642848,5.3,1,13,0,5.0,400.0
3.1,0.0,2,400.0,22.0,0,-1,0.0970091819763,-1,94.0,2,2,2.86539633251,4.45864372401,5.3,1,13,0,5.0,400.0
3.1,0.0,2,400.0,22.0,0,-2,0.0970098972321,2,94.0,2,19,-4.00547274408,3.47076188991,5.3,1,13,0,5.0,400.0
3.1,0.0,1,400.0,22.0,0,-2,0.0971150398254,-2,94.0,1,3,4.00547274408,3.47076188991,5.3,1,13,0,5.0,400.0
3.1,0.0,2,400.0,22.0,0,1,0.0970101356506,-2,94.0,1,14,-4.00547274408,-3.47076188991,5.3,1,13,0,5.0,400.0
3.1,0.0,2,400.0,22.0,0,0,0.0970039367676,0,94.0,2,5,5.24605364197,0.754268642848,5.3,1,13,0,5.0,400.0
3.1,0.0,2,400.0,22.0,0,-2,0.0970039367676,-2,94.0,2,20,-2.86539633251,4.45864372401,5.3,1,13,0,5.0,400.0
3.1,0.0,1,400.0,22.0,0,0,0.0970249176025,-1,94.0,2,12,-1.49318255126,-5.08531276016,5.3,1,13,0,5.0,400.0
3.1,0.0,1,400.0,22.0,0,1,0.0970280170441,1,94.0,1,11,6.49041367526e-16,-5.3,5.3,1,13,0,5.0,400.0
3.1,0.0,2,400.0,22.0,0,0,0.0970349311829,0,94.0,2,2,2.86539633251,4.45864372401,5.3,1,13,0,5.0,400.0
3.1,0.0,1,400.0,22.0,0,0,0.0970311164856,0,94.0,1,2,2.86539633251,4.45864372401,5.3,1,13,0,5.0,400.0
3.1,0.0,1,400.0,22.0,0,0,0.0971720218658,0,94.0,1,18,-4.82104957538,2.20169956891,5.3,1,13,0,5.0,400.0
3.1,0.0,1,400.0,22.0,0,0,0.0970718860626,0,94.0,1,12,-1.49318255126,-5.08531276016,5.3,1,13,0,5.0,400.0
3.1,0.0,2,400.0,22.0,0,-1,0.097403049469,-1,94.0,2,12,-1.49318255126,-5.08531276016,5.3,1,13,0,5.0,400.0
3.1,0.0,2,400.0,22.0,0,-1,0.0971789360046,-1,94.0,2,18,-4.82104957538,2.20169956891,5.3,1,13,0,5.0,400.0
3.1,0.0,1,400.0,22.0,0,-1,0.0971910953522,-2,94.0,2,14,-4.00547274408,-3.47076188991,5.3,1,13,0,5.0,400.0
3.1,0.0,1,400.0,22.0,0,2,0.0972311496735,2,94.0,1,1,1.49318255126,5.08531276016,5.3,1,13,0,5.0,400.0
3.1,0.0,2,400.0,22.0,0,0,0.0971779823303,-1,94.0,2,1,1.49318255126,5.08531276016,5.3,1,13,0,5.0,400.0
3.1,0.0,1,400.0,22.0,0,1,0.0971701145172,0,94.0,2,12,-1.49318255126,-5.08531276016,5.3,1,13,0,5.0,400.0
3.1,0.0,1,400.0,22.0,0,1,0.0971858501434,1,94.0,1,0,0.0,5.3,5.3,1,13,0,5.0,400.0
3.1,0.0,1,400.0,22.0,0,-1,0.0972008705139,1,94.0,2,14,-4.00547274408,-3.47076188991,5.3,1,13,0,5.0,400.0
3.1,0.0,1,400.0,22.0,0,0,0.0971639156342,0,94.0,1,15,-4.82104957538,-2.20169956891,5.3,1,13,0,5.0,400.0
3.1,0.0,2,400.0,22.0,0,-2,0.0971958637238,-2,94.0,2,7,4.82104957538,-2.20169956891,5.3,1,13,0,5.0,400.0
3.1,0.0,1,400.0,22.0,0,0,0.0972030162811,0,94.0,1,2,2.86539633251,4.45864372401,5.3,1,13,0,5.0,400.0
3.1,0.0,1,400.0,22.0,0,0,0.0972051620483,0,94.0,1,4,4.82104957538,2.20169956891,5.3,1,13,0,5.0,400.0
3.1,0.0,1,400.0,22.0,0,-1,0.0971989631653,-1,94.0,1,7,4.82104957538,-2.20169956891,5.3,1,13,0,5.0,400.0
3.1,0.0,2,400.0,22.0,0,0,0.0972030162811,0,94.0,2,0,0.0,5.3,5.3,1,13,0,5.0,400.0
3.1,0.0,2,400.0,22.0,0,0,0.0971970558167,0,94.0,2,5,5.24605364197,0.754268642848,5.3,1,13,0,5.0,400.0
3.1,0.0,1,400.0,22.0,0,1,0.0972049236298,1,94.0,1,14,-4.00547274408,-3.47076188991,5.3,1,13,0,5.0,400.0
3.1,0.0,1,400.0,22.0,0,0,0.0972120761871,0,94.0,1,21,-1.49318255126,5.08531276016,5.3,1,13,0,5.0,400.0
3.1,0.0,1,400.0,22.0,0,-2,0.0971958637238,-2,94.0,1,9,2.86539633251,-4.45864372401,5.3,1,13,0,5.0,400.0
3.1,0.0,2,400.0,22.0,0,0,0.0971999168396,0,94.0,1,4,4.82104957538,2.20169956891,5.3,1,13,0,5.0,400.0
3.1,0.0,1,400.0,22.0,0,1,0.0971760749817,1,94.0,1,19,-4.00547274408,3.47076188991,5.3,1,13,0,5.0,400.0
3.1,0.0,2,400.0,22.0,0,2,0.0971741676331,2,94.0,2,3,4.00547274408,3.47076188991,5.3,1,13,0,5.0,400.0
3.1,0.0,2,400.0,22.0,0,0,0.0970377922058,0,94.0,2,19,-4.00547274408,3.47076188991,5.3,1,13,0,5.0,400.0
3.1,0.0,2,400.0,22.0,0,0,0.09716796875,0,94.0,2,11,6.49041367526e-16,-5.3,5.3,1,13,0,5.0,400.0
3.1,0.0,2,400.0,22.0,0,1,0.0970160961151,1,94.0,2,9,2.86539633251,-4.45864372401,5.3,1,13,0,5.0,400.0
3.1,0.0,1,400.0,22.0,0,-2,0.0971720218658,-2,94.0,1,9,2.86539633251,-4.45864372401,5.3,1,13,0,5.0,400.0
3.1,0.0,2,400.0,22.0,0,2,0.0971848964691,2,94.0,2,8,4.00547274408,-3.47076188991,5.3,1,13,0,5.0,400.0
3.1,0.0,2,400.0,22.0,0,1,0.0971710681915,1,94.0,2,4,4.82104957538,2.20169956891,5.3,1,13,0,5.0,400.0
3.1,0.0,2,400.0,22.0,0,0,0.0971858501434,0,94.0,2,7,4.82104957538,-2.20169956891,5.3,1,13,0,5.0,400.0
3.1,0.0,2,400.0,22.0,0,-1,0.0971851348877,-1,94.0,2,21,-1.49318255126,5.08531276016,5.3,1,13,0,5.0,400.0
3.1,0.0,2,400.0,22.0,0,0,0.097149848938,0,94.0,2,2,2.86539633251,4.45864372401,5.3,1,13,0,5.0,400.0
3.1,0.0,1,400.0,22.0,0,-2,0.0970160961151,-1,94.0,1,3,4.00547274408,3.47076188991,5.3,1,13,0,5.0,400.0
3.1,0.0,2,400.0,22.0,0,0,0.097177028656,0,94.0,2,0,0.0,5.3,5.3,1,13,0,5.0,400.0
3.1,0.0,2,400.0,22.0,0,0,0.0970051288605,0,94.0,2,4,4.82104957538,2.20169956891,5.3,1,13,0,5.0,400.0
3.1,0.0,2,400.0,22.0,0,-1,0.097198009491,0,94.0,1,10,1.49318255126,-5.08531276016,5.3,1,13,0,5.0,400.0
3.1,0.0,1,400.0,22.0,0,0,0.0970070362091,1,94.0,2,3,4.00547274408,3.47076188991,5.3,1,13,0,5.0,400.0
3.1,0.0,2,400.0,22.0,0,1,0.0970051288605,1,94.0,2,13,-2.86539633251,-4.45864372401,5.3,1,13,0,5.0,400.0
3.1,0.0,2,400.0,22.0,0,-2,0.0972089767456,-2,94.0,2,14,-4.00547274408,-3.47076188991,5.3,1,13,0,5.0,400.0
3.1,0.0,2,400.0,22.0,0,0,0.0972220897675,-1,94.0,2,17,-5.24605364197,0.754268642848,5.3,1,13,0,5.0,400.0
3.1,0.0,2,400.0,22.0,0,1,0.0972118377686,1,94.0,2,20,-2.86539633251,4.45864372401,5.3,1,13,0,5.0,400.0
3.1,0.0,1,400.0,22.0,0,-1,0.097177028656,-1,94.0,1,13,-2.86539633251,-4.45864372401,5.3,1,13,0,5.0,400.0
3.1,0.0,2,400.0,22.0,0,0,0.0971689224243,1,94.0,1,10,1.49318255126,-5.08531276016,5.3,1,13,0,5.0,400.0
3.1,0.0,1,400.0,22.0,0,-2,0.0971930027008,-1,94.0,2,19,-4.00547274408,3.47076188991,5.3,1,13,0,5.0,400.0
3.1,0.0,2,400.0,22.0,0,0,0.0971710681915,0,94.0,2,15,-4.82104957538,-2.20169956891,5.3,1,13,0,5.0,400.0
3.1,0.0,2,400.0,22.0,0,2,0.0970079898834,2,94.0,2,17,-5.24605364197,0.754268642848,5.3,1,13,0,5.0,400.0
3.1,0.0,1,400.0,22.0,0,-1,0.0971899032593,-1,94.0,1,2,2.86539633251,4.45864372401,5.3,1,13,0,5.0,400.0
3.1,0.0,2,400.0,22.0,0,0,0.0972099304199,0,94.0,2,15,-4.82104957538,-2.20169956891,5.3,1,13,0,5.0,400.0
3.1,0.0,1,400.0,22.0,0,0,0.0972020626068,0,94.0,1,21,-1.49318255126,5.08531276016,5.3,1,13,0,5.0,400.0
3.1,0.0,1,400.0,22.0,0,0,0.0972089767456,0,94.0,1,21,-1.49318255126,5.08531276016,5.3,1,13,0,5.0,400.0
3.1,0.0,1,400.0,22.0,0,0,0.0971949100494,0,94.0,2,12,-1.49318255126,-5.08531276016,5.3,1,13,0,5.0,400.0
3.1,0.0,2,400.0,22.0,0,0,0.0972030162811,1,94.0,1,20,-2.86539633251,4.45864372401,5.3,1,13,0,5.0,400.0
3.1,0.0,1,400.0,22.0,0,1,0.0971970558167,1,94.0,1,7,4.82104957538,-2.20169956891,5.3,1,13,0,5.0,400.0
3.1,0.0,2,400.0,22.0,0,-2,0.0972318649292,-2,94.0,2,13,-2.86539633251,-4.45864372401,5.3,1,13,0,5.0,400.0
3.1,0.0,2,400.0,22.0,0,0,0.0972089767456,0,94.0,2,5,5.24605364197,0.754268642848,5.3,1,13,0,5.0,400.0
3.1,0.0,1,400.0,22.0,0,0,0.0972030162811,0,94.0,2,17,-5.24605364197,0.754268642848,5.3,1,13,0,5.0,400.0
3.1,0.0,2,400.0,22.0,0,-2,0.0971741676331,-2,94.0,2,19,-4.00547274408,3.47076188991,5.3,1,13,0,5.0,400.0
3.1,0.0,1,400.0,22.0,0,1,0.097195148468,1,94.0,1,17,-5.24605364197,0.754268642848,5.3,1,13,0,5.0,400.0
3.1,0.0,2,400.0,22.0,0,1,0.09716796875,2,94.0,1,9,2.86539633251,-4.45864372401,5.3,1,13,0,5.0,400.0
3.1,0.0,1,400.0,22.0,0,-1,0.0971579551697,-1,94.0,1,19,-4.00547274408,3.47076188991,5.3,1,13,0,5.0,400.0
3.1,0.0,2,400.0,22.0,0,1,0.0971641540527,2,94.0,2,10,1.49318255126,-5.08531276016,5.3,1,13,0,5.0,400.0
3.1,0.0,2,400.0,22.0,0,-1,0.0970289707184,2,94.0,2,13,-2.86539633251,-4.45864372401,5.3,1,13,0,5.0,400.0
3.1,0.0,2,400.0,22.0,0,0,0.097188949585,0,94.0,2,11,6.49041367526e-16,-5.3,5.3,1,13,0,5.0,400.0
3.1,0.0,1,400.0,22.0,0,-1,0.0971820354462,-1,94.0,1,8,4.00547274408,-3.47076188991,5.3,1,13,0,5.0,400.0
3.1,0.0,1,400.0,22.0,0,1,0.097195148468,1,94.0,1,11,6.49041367526e-16,-5.3,5.3,1,13,0,5.0,400.0
3.1,0.0,2,400.0,22.0,0,-2,0.0972549915314,-2,94.0,2,6,5.24605364197,-0.754268642848,5.3,1,13,0,5.0,400.0
3.1,0.0,2,400.0,22.0,0,1,0.097179889679,-1,94.0,1,20,-2.86539633251,4.45864372401,5.3,1,13,0,5.0,400.0
3.1,0.0,2,400.0,22.0,0,-1,0.0970239639282,-1,94.0,2,19,-4.00547274408,3.47076188991,5.3,1,13,0,5.0,400.0
3.1,0.0,2,400.0,22.0,0,0,0.0970189571381,0,94.0,2,16,-5.24605364197,-0.754268642848,5.3,1,13,0,5.0,400.0
3.1,0.0,2,400.0,22.0,0,1,0.0971820354462,1,94.0,2,0,0.0,5.3,5.3,1,13,0,5.0,400.0
3.1,0.0,2,400.0,22.0,0,0,0.0971741676331,0,94.0,2,21,-1.49318255126,5.08531276016,5.3,1,13,0,5.0,400.0
3.1,0.0,1,400.0,22.0,0,1,0.0971920490265,1,94.0,1,16,-5.24605364197,-0.754268642848,5.3,1,13,0,5.0,400.0
3.1,0.0,2,400.0,22.0,0,0,0.0970220565796,0,94.0,2,7,4.82104957538,-2.20169956891,5.3,1,13,0,5.0,400.0
3.1,0.0,2,400.0,22.0,0,0,0.097186088562,0,94.0,2,10,1.49318255126,-5.08531276016,5.3,1,13,0,5.0,400.0
3.1,0.0,2,400.0,22.0,0,1,0.097179889679,1,94.0,2,16,-5.24605364197,-0.754268642848,5.3,1,13,0,5.0,400.0
3.1,0.0,1,400.0,22.0,0,0,0.0971920490265,0,94.0,1,5,5.24605364197,0.754268642848,5.3,1,13,0,5.0,400.0
3.1,0.0,1,400.0,22.0,0,1,0.0971989631653,1,94.0,1,14,-4.00547274408,-3.47076188991,5.3,1,13,0,5.0,400.0
3.1,0.0,2,400.0,22.0,0,2,0.0972089767456,2,94.0,2,13,-2.86539633251,-4.45864372401,5.3,1,13,0,5.0,400.0
3.1,0.0,2,400.0,22.0,0,-2,0.097195148468,1,94.0,2,10,1.49318255126,-5.08531276016,5.3,1,13,0,5.0,400.0
3.1,0.0,1,400.0,22.0,0,2,0.0972018241882,2,94.0,1,21,-1.49318255126,5.08531276016,5.3,1,13,0,5.0,400.0
3.1,0.0,1,400.0,22.0,0,1,0.0972039699554,-1,94.0,1,12,-1.49318255126,-5.08531276016,5.3,1,13,0,5.0,400.0
3.1,0.0,1,400.0,22.0,0,1,0.0972068309784,1,94.0,1,9,2.86539633251,-4.45864372401,5.3,1,13,0,5.0,400.0
3.1,0.0,1,400.0,22.0,0,1,0.0972361564636,1,94.0,1,14,-4.00547274408,-3.47076188991,5.3,1,13,0,5.0,400.0
3.1,0.0,2,400.0,22.0,0,1,0.0972061157227,1,94.0,2,21,-1.49318255126,5.08531276016,5.3,1,13,0,5.0,400.0
3.1,0.0,1,400.0,22.0,0,2,0.0972030162811,-2,94.0,2,19,-4.00547274408,3.47076188991,5.3,1,13,0,5.0,400.0
3.1,0.0,1,400.0,22.0,0,0,0.0971977710724,0,94.0,1,5,5.24605364197,0.754268642848,5.3,1,13,0,5.0,400.0
3.1,0.0,2,400.0,22.0,0,0,0.0970530509949,0,94.0,2,14,-4.00547274408,-3.47076188991,5.3,1,13,0,5.0,400.0
3.1,0.0,2,400.0,22.0,0,-1,0.0971968173981,-1,94.0,2,19,-4.00547274408,3.47076188991,5.3,1,13,0,5.0,400.0
3.1,0.0,1,400.0,22.0,0,0,0.0971541404724,0,94.0,1,4,4.82104957538,2.20169956891,5.3,1,13,0,5.0,400.0
3.1,0.0,2,400.0,22.0,0,2,0.0975329875946,2,94.0,2,21,-1.49318255126,5.08531276016,5.3,1,13,0,5.0,400.0
3.1,0.0,1,400.0,22.0,0,0,0.0971989631653,1,94.0,1,6,5.24605364197,-0.754268642848,5.3,1,13,0,5.0,400.0
3.1,0.0,2,400.0,22.0,0,-2,0.0972049236298,-2,94.0,1,18,-4.82104957538,2.20169956891,5.3,1,13,0,5.0,400.0
3.1,0.0,2,400.0,22.0,0,0,0.0971689224243,-2,94.0,1,21,-1.49318255126,5.08531276016,5.3,1,13,0,5.0,400.0
3.1,0.0,1,400.0,22.0,0,0,0.0970368385315,2,94.0,1,13,-2.86539633251,-4.45864372401,5.3,1,13,0,5.0,400.0
3.1,0.0,2,400.0,22.0,0,-2,0.0971839427948,0,94.0,1,15,-4.82104957538,-2.20169956891,5.3,1,13,0,5.0,400.0
3.1,0.0,2,400.0,22.0,0,2,0.0972061157227,1,94.0,1,7,4.82104957538,-2.20169956891,5.3,1,13,0,5.0,400.0
3.1,0.0,1,400.0,22.0,0,0,0.0971779823303,0,94.0,1,13,-2.86539633251,-4.45864372401,5.3,1,13,0,5.0,400.0
3.1,0.0,1,400.0,22.0,0,0,0.0970242023468,0,94.0,1,20,-2.86539633251,4.45864372401,5.3,1,13,0,5.0,400.0
3.1,0.0,2,400.0,22.0,0,0,0.0970120429993,0,94.0,2,18,-4.82104957538,2.20169956891,5.3,1,13,0,5.0,400.0
3.1,0.0,1,400.0,22.0,0,-1,0.0971970558167,-1,94.0,1,12,-1.49318255126,-5.08531276016,5.3,1,13,0,5.0,400.0
3.1,0.0,1,400.0,22.0,0,0,0.0971779823303,0,94.0,1,7,4.82104957538,-2.20169956891,5.3,1,13,0,5.0,400.0
3.1,0.0,1,400.0,22.0,0,-1,0.0970180034637,2,94.0,1,18,-4.82104957538,2.20169956891,5.3,1,13,0,5.0,400.0
3.1,0.0,1,400.0,22.0,0,0,0.0971901416779,0,94.0,1,9,2.86539633251,-4.45864372401,5.3,1,13,0,5.0,400.0
3.1,0.0,2,400.0,22.0,0,1,0.0971817970276,1,94.0,2,10,1.49318255126,-5.08531276016,5.3,1,13,0,5.0,400.0
3.1,0.0,2,400.0,22.0,0,0,0.0970211029053,0,94.0,2,3,4.00547274408,3.47076188991,5.3,1,13,0,5.0,400.0
3.1,0.0,2,400.0,22.0,0,-1,0.0971829891205,-1,94.0,2,18,-4.82104957538,2.20169956891,5.3,1,13,0,5.0,400.0
3.1,0.0,1,400.0,22.0,0,0,0.0971751213074,0,94.0,1,4,4.82104957538,2.20169956891,5.3,1,13,0,5.0,400.0
3.1,0.0,2,400.0,22.0,0,0,0.0970029830933,0,94.0,2,4,4.82104957538,2.20169956891,5.3,1,13,0,5.0,400.0
3.1,0.0,1,400.0,22.0,0,0,0.0970151424408,0,94.0,1,13,-2.86539633251,-4.45864372401,5.3,1,13,0,5.0,400.0
3.1,0.0,2,400.0,22.0,0,1,0.0969989299774,1,94.0,2,3,4.00547274408,3.47076188991,5.3,1,13,0,5.0,400.0
3.1,0.0,2,400.0,22.0,0,0,0.0970170497894,0,94.0,2,11,6.49041367526e-16,-5.3,5.3,1,13,0,5.0,400.0
3.1,0.0,2,400.0,22.0,0,1,0.096999168396,1,94.0,2,3,4.00547274408,3.47076188991,5.3,1,13,0,5.0,400.0
3.1,0.0,2,400.0,22.0,0,-1,0.0972049236298,-1,94.0,2,7,4.82104957538,-2.20169956891,5.3,1,13,0,5.0,400.0
3.1,0.0,1,400.0,22.0,0,0,0.0972039699554,0,94.0,1,0,0.0,5.3,5.3,1,13,0,5.0,400.0
3.1,0.0,1,400.0,22.0,0,1,0.0972020626068,1,94.0,1,11,6.49041367526e-16,-5.3,5.3,1,13,0,5.0,400.0
3.1,0.0,2,400.0,22.0,0,0,0.0971961021423,0,94.0,2,8,4.00547274408,-3.47076188991,5.3,1,13,0,5.0,400.0
3.1,0.0,1,400.0,22.0,0,2,0.0972130298615,2,94.0,1,17,-5.24605364197,0.754268642848,5.3,1,13,0,5.0,400.0
3.1,0.0,2,400.0,22.0,0,-1,0.097198009491,-1,94.0,2,7,4.82104957538,-2.20169956891,5.3,1,13,0,5.0,400.0
3.1,0.0,2,400.0,22.0,0,0,0.0972101688385,0,94.0,2,18,-4.82104957538,2.20169956891,5.3,1,13,0,5.0,400.0
3.1,0.0,1,400.0,22.0,0,-2,0.0972218513489,0,94.0,2,11,6.49041367526e-16,-5.3,5.3,1,13,0,5.0,400.0
3.1,0.0,1,400.0,22.0,0,0,0.0971848964691,0,94.0,1,6,5.24605364197,-0.754268642848,5.3,1,13,0,5.0,400.0
3.1,0.0,1,400.0,22.0,0,1,0.0971930027008,1,94.0,1,9,2.86539633251,-4.45864372401,5.3,1,13,0,5.0,400.0
3.1,0.0,1,400.0,22.0,0,1,0.0971810817719,1,94.0,2,14,-4.00547274408,-3.47076188991,5.3,1,13,0,5.0,400.0
3.1,0.0,1,400.0,22.0,0,-1,0.0970289707184,2,94.0,2,21,-1.49318255126,5.08531276016,5.3,1,13,0,5.0,400.0
3.1,0.0,1,400.0,22.0,0,-1,0.0971949100494,-1,94.0,1,21,-1.49318255126,5.08531276016,5.3,1,13,0,5.0,400.0
3.1,0.0,2,400.0,22.0,0,2,0.0971879959106,0,94.0,1,15,-4.82104957538,-2.20169956891,5.3,1,13,0,5.0,400.0
3.1,0.0,1,400.0,22.0,0,0,0.0971939563751,0,94.0,1,19,-4.00547274408,3.47076188991,5.3,1,13,0,5.0,400.0
3.1,0.0,2,400.0,22.0,0,2,0.0971601009369,2,94.0,2,1,1.49318255126,5.08531276016,5.3,1,13,0,5.0,400.0
3.1,0.0,1,400.0,22.0,0,-1,0.0970330238342,-1,94.0,1,17,-5.24605364197,0.754268642848,5.3,1,13,0,5.0,400.0
3.1,0.0,1,400.0,22.0,0,1,0.0971918106079,2,94.0,1,2,2.86539633251,4.45864372401,5.3,1,13,0,5.0,400.0
3.1,0.0,1,400.0,22.0,0,0,0.0970289707184,0,94.0,1,2,2.86539633251,4.45864372401,5.3,1,13,0,5.0,400.0
3.1,0.0,2,400.0,22.0,0,2,0.0970900058746,0,94.0,1,5,5.24605364197,0.754268642848,5.3,1,13,0,5.0,400.0
3.1,0.0,1,400.0,22.0,0,0,0.0971949100494,0,94.0,1,1,1.49318255126,5.08531276016,5.3,1,13,0,5.0,400.0
3.1,0.0,1,400.0,22.0,0,0,0.0972108840942,0,94.0,1,18,-4.82104957538,2.20169956891,5.3,1,13,0,5.0,400.0
3.1,0.0,1,400.0,22.0,0,2,0.0971732139587,2,94.0,1,19,-4.00547274408,3.47076188991,5.3,1,13,0,5.0,400.0
3.1,0.0,2,400.0,22.0,0,-1,0.0970540046692,-1,94.0,2,15,-4.82104957538,-2.20169956891,5.3,1,13,0,5.0,400.0
3.1,0.0,1,400.0,22.0,0,0,0.097186088562,0,94.0,1,1,1.49318255126,5.08531276016,5.3,1,13,0,5.0,400.0
3.1,0.0,2,400.0,22.0,0,-1,0.0970180034637,-1,94.0,2,3,4.00547274408,3.47076188991,5.3,1,13,0,5.0,400.0
3.1,0.0,2,400.0,22.0,0,-2,0.0971829891205,-2,94.0,2,12,-1.49318255126,-5.08531276016,5.3,1,13,0,5.0,400.0
3.1,0.0,2,400.0,22.0,0,-2,0.0970070362091,-2,94.0,2,21,-1.49318255126,5.08531276016,5.3,1,13,0,5.0,400.0
3.1,0.0,1,400.0,22.0,0,-1,0.097030878067,-1,94.0,2,19,-4.00547274408,3.47076188991,5.3,1,13,0,5.0,400.0
3.1,0.0,2,400.0,22.0,0,0,0.097067117691,0,94.0,2,0,0.0,5.3,5.3,1,13,0,5.0,400.0
3.1,0.0,2,400.0,22.0,0,1,0.0970029830933,1,94.0,2,16,-5.24605364197,-0.754268642848,5.3,1,13,0,5.0,400.0
3.1,0.0,2,400.0,22.0,0,-1,0.0971820354462,-1,94.0,2,13,-2.86539633251,-4.45864372401,5.3,1,13,0,5.0,400.0
3.1,0.0,1,400.0,22.0,0,1,0.0971949100494,1,94.0,1,14,-4.00547274408,-3.47076188991,5.3,1,13,0,5.0,400.0
3.1,0.0,2,400.0,22.0,0,1,0.0969979763031,1,94.0,2,5,5.24605364197,0.754268642848,5.3,1,13,0,5.0,400.0
3.1,0.0,2,400.0,22.0,0,0,0.0971970558167,0,94.0,2,6,5.24605364197,-0.754268642848,5.3,1,13,0,5.0,400.0
3.1,0.0,2,400.0,22.0,0,0,0.0972108840942,0,94.0,2,4,4.82104957538,2.20169956891,5.3,1,13,0,5.0,400.0
3.1,0.0,1,400.0,22.0,0,0,0.0972089767456,0,94.0,1,13,-2.86539633251,-4.45864372401,5.3,1,13,0,5.0,400.0
3.1,0.0,1,400.0,22.0,0,0,0.0972008705139,0,94.0,1,5,5.24605364197,0.754268642848,5.3,1,13,0,5.0,400.0
3.1,0.0,2,400.0,22.0,0,2,0.0970768928528,2,94.0,2,2,2.86539633251,4.45864372401,5.3,1,13,0,5.0,400.0
3.1,0.0,2,400.0,22.0,0,-2,0.0971629619598,-2,94.0,2,10,1.49318255126,-5.08531276016,5.3,1,13,0,5.0,400.0
3.1,0.0,1,400.0,22.0,0,0,0.097207069397,0,94.0,1,11,6.49041367526e-16,-5.3,5.3,1,13,0,5.0,400.0
3.1,0.0,2,400.0,22.0,0,0,0.0972080230713,0,94.0,2,7,4.82104957538,-2.20169956891,5.3,1,13,0,5.0,400.0
3.1,0.0,1,400.0,22.0,0,1,0.0971908569336,1,94.0,1,18,-4.82104957538,2.20169956891,5.3,1,13,0,5.0,400.0
3.1,0.0,2,400.0,22.0,0,-2,0.0972111225128,-2,94.0,2,19,-4.00547274408,3.47076188991,5.3,1,13,0,5.0,400.0
3.1,0.0,2,400.0,22.0,0,0,0.09716796875,0,94.0,2,5,5.24605364197,0.754268642848,5.3,1,13,0,5.0,400.0
3.1,0.0,2,400.0,22.0,0,-2,0.0970799922943,-1,94.0,2,14,-4.00547274408,-3.47076188991,5.3,1,13,0,5.0,400.0
3.1,0.0,1,400.0,22.0,0,2,0.0971639156342,2,94.0,1,3,4.00547274408,3.47076188991,5.3,1,13,0,5.0,400.0
3.1,0.0,1,400.0,22.0,0,-2,0.0972020626068,2,94.0,2,19,-4.00547274408,3.47076188991,5.3,1,13,0,5.0,400.0
3.1,0.0,2,400.0,22.0,0,0,0.097198009491,0,94.0,2,3,4.00547274408,3.47076188991,5.3,1,13,0,5.0,400.0
3.1,0.0,1,400.0,22.0,0,-1,0.0972008705139,1,94.0,1,14,-4.00547274408,-3.47076188991,5.3,1,13,0,5.0,400.0
3.1,0.0,1,400.0,22.0,0,-1,0.0971760749817,-1,94.0,1,21,-1.49318255126,5.08531276016,5.3,1,13,0,5.0,400.0
3.1,0.0,1,400.0,22.0,0,1,0.097186088562,1,94.0,1,1,1.49318255126,5.08531276016,5.3,1,13,0,5.0,400.0
3.1,0.0,2,400.0,22.0,0,0,0.097021818161,0,94.0,2,21,-1.49318255126,5.08531276016,5.3,1,13,0,5.0,400.0
3.1,0.0,1,400.0,22.0,0,-1,0.0971858501434,-1,94.0,1,10,1.49318255126,-5.08531276016,5.3,1,13,0,5.0,400.0
3.1,0.0,1,400.0,22.0,0,0,0.0971930027008,0,94.0,1,16,-5.24605364197,-0.754268642848,5.3,1,13,0,5.0,400.0
3.1,0.0,1,400.0,22.0,0,-1,0.0971491336823,-1,94.0,1,9,2.86539633251,-4.45864372401,5.3,1,13,0,5.0,400.0
3.1,0.0,2,400.0,22.0,0,0,0.0971710681915,0,94.0,2,10,1.49318255126,-5.08531276016,5.3,1,13,0,5.0,400.0
3.1,0.0,2,400.0,22.0,0,0,0.0971701145172,0,94.0,2,2,2.86539633251,4.45864372401,5.3,1,13,0,5.0,400.0
3.1,0.0,1,400.0,22.0,0,1,0.0971689224243,-2,94.0,1,13,-2.86539633251,-4.45864372401,5.3,1,13,0,5.0,400.0
3.1,0.0,2,400.0,22.0,0,0,0.097188949585,0,94.0,2,15,-4.82104957538,-2.20169956891,5.3,1,13,0,5.0,400.0
3.1,0.0,2,400.0,22.0,0,1,0.0971920490265,1,94.0,2,19,-4.00547274408,3.47076188991,5.3,1,13,0,5.0,400.0
3.1,0.0,1,400.0,22.0,0,-1,0.0971801280975,-1,94.0,1,18,-4.82104957538,2.20169956891,5.3,1,13,0,5.0,400.0
3.1,0.0,1,400.0,22.0,0,-1,0.0971918106079,-1,94.0,1,13,-2.86539633251,-4.45864372401,5.3,1,13,0,5.0,400.0
3.1,0.0,1,400.0,22.0,0,-1,0.097177028656,-1,94.0,1,8,4.00547274408,-3.47076188991,5.3,1,13,0,5.0,400.0
3.1,0.0,2,400.0,22.0,0,0,0.097188949585,0,94.0,2,15,-4.82104957538,-2.20169956891,5.3,1,13,0,5.0,400.0
3.1,0.0,1,400.0,22.0,0,1,0.0971779823303,1,94.0,1,15,-4.82104957538,-2.20169956891,5.3,1,13,0,5.0,400.0
3.1,0.0,1,400.0,22.0,0,0,0.0969989299774,0,94.0,1,21,-1.49318255126,5.08531276016,5.3,1,13,0,5.0,400.0
3.1,0.0,1,400.0,22.0,0,-2,0.0971920490265,-2,94.0,1,20,-2.86539633251,4.45864372401,5.3,1,13,0,5.0,400.0
3.1,0.0,1,400.0,22.0,0,0,0.0970029830933,0,94.0,1,5,5.24605364197,0.754268642848,5.3,1,13,0,5.0,400.0
3.1,0.0,1,400.0,22.0,0,0,0.0972049236298,0,94.0,1,17,-5.24605364197,0.754268642848,5.3,1,13,0,5.0,400.0
3.1,0.0,2,400.0,22.0,0,2,0.0972061157227,2,94.0,2,0,0.0,5.3,5.3,1,13,0,5.0,400.0
3.1,0.0,1,400.0,22.0,0,0,0.0972089767456,-1,94.0,1,10,1.49318255126,-5.08531276016,5.3,1,13,0,5.0,400.0
3.1,0.0,2,400.0,22.0,0,1,0.0972061157227,1,94.0,1,12,-1.49318255126,-5.08531276016,5.3,1,13,0,5.0,400.0
3.1,0.0,1,400.0,22.0,0,1,0.0972030162811,0,94.0,2,21,-1.49318255126,5.08531276016,5.3,1,13,0,5.0,400.0
3.1,0.0,2,400.0,22.0,0,-1,0.0971958637238,-1,94.0,2,18,-4.82104957538,2.20169956891,5.3,1,13,0,5.0,400.0
3.1,0.0,1,400.0,22.0,0,-1,0.0972049236298,-1,94.0,1,8,4.00547274408,-3.47076188991,5.3,1,13,0,5.0,400.0
3.1,0.0,1,400.0,22.0,0,0,0.0971779823303,0,94.0,1,20,-2.86539633251,4.45864372401,5.3,1,13,0,5.0,400.0
3.1,0.0,2,400.0,22.0,0,0,0.0970568656921,0,94.0,2,6,5.24605364197,-0.754268642848,5.3,1,13,0,5.0,400.0
3.1,0.0,2,400.0,22.0,0,0,0.0971651077271,0,94.0,2,2,2.86539633251,4.45864372401,5.3,1,13,0,5.0,400.0
3.1,0.0,2,400.0,22.0,0,-1,0.0971989631653,1,94.0,1,15,-4.82104957538,-2.20169956891,5.3,1,13,0,5.0,400.0
3.1,0.0,1,400.0,22.0,0,2,0.0972321033478,2,94.0,1,18,-4.82104957538,2.20169956891,5.3,1,13,0,5.0,400.0
3.1,0.0,1,400.0,22.0,0,2,0.0972011089325,2,94.0,1,5,5.24605364197,0.754268642848,5.3,1,13,0,5.0,400.0
3.1,0.0,1,400.0,22.0,0,-1,0.0972530841827,-1,94.0,1,17,-5.24605364197,0.754268642848,5.3,1,13,0,5.0,400.0
3.1,0.0,2,400.0,22.0,0,0,0.0972080230713,-1,94.0,1,9,2.86539633251,-4.45864372401,5.3,1,13,0,5.0,400.0
3.1,0.0,2,400.0,22.0,0,0,0.097216129303,0,94.0,2,0,0.0,5.3,5.3,1,13,0,5.0,400.0
3.1,0.0,2,400.0,22.0,0,-1,0.097204208374,-1,94.0,2,10,1.49318255126,-5.08531276016,5.3,1,13,0,5.0,400.0
3.1,0.0,2,400.0,22.0,0,2,0.097030878067,-1,94.0,1,12,-1.49318255126,-5.08531276016,5.3,1,13,0,5.0,400.0
3.1,0.0,1,400.0,22.0,0,0,0.0972030162811,0,94.0,1,6,5.24605364197,-0.754268642848,5.3,1,13,0,5.0,400.0
3.1,0.0,1,400.0,22.0,0,-2,0.0971720218658,-2,94.0,1,5,5.24605364197,0.754268642848,5.3,1,13,0,5.0,400.0
3.1,0.0,1,400.0,22.0,0,-2,0.0970439910889,-1,94.0,2,17,-5.24605364197,0.754268642848,5.3,1,13,0,5.0,400.0
3.1,0.0,1,400.0,22.0,0,1,0.097179889679,1,94.0,1,3,4.00547274408,3.47076188991,5.3,1,13,0,5.0,400.0
3.1,0.0,2,400.0,22.0,0,-1,0.0971879959106,-1,94.0,2,20,-2.86539633251,4.45864372401,5.3,1,13,0,5.0,400.0
3.1,0.0,2,400.0,22.0,0,0,0.0971751213074,0,94.0,2,5,5.24605364197,0.754268642848,5.3,1,13,0,5.0,400.0
3.1,0.0,1,400.0,22.0,0,-1,0.0971779823303,-1,94.0,1,20,-2.86539633251,4.45864372401,5.3,1,13,0,5.0,400.0
3.1,0.0,1,400.0,22.0,0,0,0.0969979763031,0,94.0,1,8,4.00547274408,-3.47076188991,5.3,1,13,0,5.0,400.0
3.1,0.0,2,400.0,22.0,0,2,0.0969910621643,2,94.0,2,12,-1.49318255126,-5.08531276016,5.3,1,13,0,5.0,400.0
3.1,0.0,2,400.0,22.0,0,1,0.0969979763031,2,94.0,1,1,1.49318255126,5.08531276016,5.3,1,13,0,5.0,400.0
3.1,0.0,1,400.0,22.0,0,1,0.09716796875,0,94.0,1,14,-4.00547274408,-3.47076188991,5.3,1,13,0,5.0,400.0
3.1,0.0,1,400.0,22.0,0,-1,0.0971848964691,-1,94.0,1,2,2.86539633251,4.45864372401,5.3,1,13,0,5.0,400.0
3.1,0.0,2,400.0,22.0,0,-1,0.0971939563751,2,94.0,1,14,-4.00547274408,-3.47076188991,5.3,1,13,0,5.0,400.0
3.1,0.0,1,400.0,22.0,0,0,0.0971999168396,0,94.0,1,15,-4.82104957538,-2.20169956891,5.3,1,13,0,5.0,400.0
3.1,0.0,1,400.0,22.0,0,0,0.0972130298615,-2,94.0,2,2,2.86539633251,4.45864372401,5.3,1,13,0,5.0,400.0
3.1,0.0,2,400.0,22.0,0,0,0.0972201824188,0,94.0,2,12,-1.49318255126,-5.08531276016,5.3,1,13,0,5.0,400.0
3.1,0.0,2,400.0,22.0,0,1,0.0971939563751,1,94.0,2,12,-1.49318255126,-5.08531276016,5.3,1,13,0,5.0,400.0
3.1,0.0,1,400.0,22.0,0,2,0.0972051620483,2,94.0,1,3,4.00547274408,3.47076188991,5.3,1,13,0,5.0,400.0
3.1,0.0,1,400.0,22.0,0,0,0.0972039699554,0,94.0,1,3,4.00547274408,3.47076188991,5.3,1,13,0,5.0,400.0
3.1,0.0,1,400.0,22.0,0,0,0.0972008705139,0,94.0,1,0,0.0,5.3,5.3,1,13,0,5.0,400.0
3.1,0.0,2,400.0,22.0,0,-1,0.0972039699554,-1,94.0,2,18,-4.82104957538,2.20169956891,5.3,1,13,0,5.0,400.0
3.1,0.0,2,400.0,22.0,0,1,0.0971910953522,1,94.0,2,3,4.00547274408,3.47076188991,5.3,1,13,0,5.0,400.0
3.1,0.0,2,400.0,22.0,0,0,0.0971958637238,-2,94.0,2,12,-1.49318255126,-5.08531276016,5.3,1,13,0,5.0,400.0
3.1,0.0,2,400.0,22.0,0,0,0.0971961021423,0,94.0,1,5,5.24605364197,0.754268642848,5.3,1,13,0,5.0,400.0
3.1,0.0,2,400.0,22.0,0,-1,0.0971817970276,-1,94.0,2,3,4.00547274408,3.47076188991,5.3,1,13,0,5.0,400.0
3.1,0.0,1,400.0,22.0,0,-1,0.0971658229828,-1,94.0,1,7,4.82104957538,-2.20169956891,5.3,1,13,0,5.0,400.0
3.1,0.0,2,400.0,22.0,0,2,0.0970611572266,-2,94.0,2,14,-4.00547274408,-3.47076188991,5.3,1,13,0,5.0,400.0
3.1,0.0,2,400.0,22.0,0,-1,0.0971992015839,-1,94.0,2,19,-4.00547274408,3.47076188991,5.3,1,13,0,5.0,400.0
3.1,0.0,2,400.0,22.0,0,0,0.0971670150757,0,94.0,2,18,-4.82104957538,2.20169956891,5.3,1,13,0,5.0,400.0
3.1,0.0,2,400.0,22.0,0,0,0.0972127914429,0,94.0,2,0,0.0,5.3,5.3,1,13,0,5.0,400.0
3.1,0.0,1,400.0,22.0,0,0,0.0971739292145,-1,94.0,1,2,2.86539633251,4.45864372401,5.3,1,13,0,5.0,400.0
3.1,0.0,2,400.0,22.0,0,0,0.0971949100494,-2,94.0,2,10,1.49318255126,-5.08531276016,5.3,1,13,0,5.0,400.0
3.1,0.0,2,400.0,22.0,0,0,0.0972101688385,-2,94.0,2,7,4.82104957538,-2.20169956891,5.3,1,13,0,5.0,400.0
3.1,0.0,1,400.0,22.0,0,1,0.0970311164856,1,94.0,1,1,1.49318255126,5.08531276016,5.3,1,13,0,5.0,400.0
3.1,0.0,1,400.0,22.0,0,1,0.0970160961151,1,94.0,2,14,-4.00547274408,-3.47076188991,5.3,1,13,0,5.0,400.0
3.1,0.0,1,400.0,22.0,0,1,0.0970280170441,1,94.0,1,2,2.86539633251,4.45864372401,5.3,1,13,0,5.0,400.0
3.1,0.0,1,400.0,22.0,0,-1,0.0971748828888,-1,94.0,1,7,4.82104957538,-2.20169956891,5.3,1,13,0,5.0,400.0
3.1,0.0,1,400.0,22.0,0,0,0.0971820354462,0,94.0,1,11,6.49041367526e-16,-5.3,5.3,1,13,0,5.0,400.0
3.1,0.0,2,400.0,22.0,0,1,0.0970160961151,1,94.0,2,9,2.86539633251,-4.45864372401,5.3,1,13,0,5.0,400.0
3.1,0.0,2,400.0,22.0,0,2,0.0971739292145,2,94.0,1,3,4.00547274408,3.47076188991,5.3,1,13,0,5.0,400.0
3.1,0.0,2,400.0,22.0,0,1,0.0971930027008,1,94.0,2,15,-4.82104957538,-2.20169956891,5.3,1,13,0,5.0,400.0
3.1,0.0,2,400.0,22.0,0,0,0.0971708297729,0,94.0,2,7,4.82104957538,-2.20169956891,5.3,1,13,0,5.0,400.0
3.1,0.0,1,400.0,22.0,0,0,0.0971760749817,0,94.0,1,3,4.00547274408,3.47076188991,5.3,1,13,0,5.0,400.0
3.1,0.0,1,400.0,22.0,0,-2,0.0971839427948,-2,94.0,1,21,-1.49318255126,5.08531276016,5.3,1,13,0,5.0,400.0
3.1,0.0,2,400.0,22.0,0,0,0.0969941616058,0,94.0,2,9,2.86539633251,-4.45864372401,5.3,1,13,0,5.0,400.0
3.1,0.0,2,400.0,22.0,0,2,0.0971820354462,2,94.0,2,5,5.24605364197,0.754268642848,5.3,1,13,0,5.0,400.0
3.1,0.0,1,400.0,22.0,0,-1,0.0971989631653,-1,94.0,1,1,1.49318255126,5.08531276016,5.3,1,13,0,5.0,400.0
3.1,0.0,1,400.0,22.0,0,-2,0.0972208976746,-1,94.0,1,9,2.86539633251,-4.45864372401,5.3,1,13,0,5.0,400.0
3.1,0.0,1,400.0,22.0,0,-1,0.0970299243927,-1,94.0,1,14,-4.00547274408,-3.47076188991,5.3,1,13,0,5.0,400.0
3.1,0.0,1,400.0,22.0,0,1,0.0972080230713,2,94.0,1,7,4.82104957538,-2.20169956891,5.3,1,13,0,5.0,400.0
3.1,0.0,1,400.0,22.0,0,2,0.0972199440002,2,94.0,1,21,-1.49318255126,5.08531276016,5.3,1,13,0,5.0,400.0
3.1,0.0,2,400.0,22.0,0,-2,0.0972249507904,-2,94.0,2,15,-4.82104957538,-2.20169956891,5.3,1,13,0,5.0,400.0
3.1,0.0,1,400.0,22.0,0,2,0.0971989631653,2,94.0,1,21,-1.49318255126,5.08531276016,5.3,1,13,0,5.0,400.0
3.1,0.0,1,400.0,22.0,0,2,0.0971970558167,2,94.0,1,3,4.00547274408,3.47076188991,5.3,1,13,0,5.0,400.0
3.1,0.0,2,400.0,22.0,0,1,0.0971989631653,1,94.0,2,12,-1.49318255126,-5.08531276016,5.3,1,13,0,5.0,400.0
3.1,0.0,2,400.0,22.0,0,0,0.0972120761871,0,94.0,2,10,1.49318255126,-5.08531276016,5.3,1,13,0,5.0,400.0
3.1,0.0,2,400.0,22.0,0,-2,0.097198009491,-2,94.0,2,21,-1.49318255126,5.08531276016,5.3,1,13,0,5.0,400.0
3.1,0.0,2,400.0,22.0,0,0,0.0971710681915,0,94.0,2,13,-2.86539633251,-4.45864372401,5.3,1,13,0,5.0,400.0
3.1,0.0,1,400.0,22.0,0,1,0.0971901416779,1,94.0,1,20,-2.86539633251,4.45864372401,5.3,1,13,0,5.0,400.0
3.1,0.0,2,400.0,22.0,0,-1,0.0971789360046,-1,94.0,2,19,-4.00547274408,3.47076188991,5.3,1,13,0,5.0,400.0
3.1,0.0,2,400.0,22.0,0,0,0.0970311164856,0,94.0,2,1,1.49318255126,5.08531276016,5.3,1,13,0,5.0,400.0
3.1,0.0,2,400.0,22.0,0,1,0.0972011089325,1,94.0,2,13,-2.86539633251,-4.45864372401,5.3,1,13,0,5.0,400.0
3.1,0.0,2,400.0,22.0,0,0,0.097195148468,0,94.0,2,14,-4.00547274408,-3.47076188991,5.3,1,13,0,5.0,400.0
3.1,0.0,2,400.0,22.0,0,0,0.0971729755402,0,94.0,2,14,-4.00547274408,-3.47076188991,5.3,1,13,0,5.0,400.0
3.1,0.0,1,400.0,22.0,0,0,0.09716796875,0,94.0,1,7,4.82104957538,-2.20169956891,5.3,1,13,0,5.0,400.0
3.1,0.0,1,400.0,22.0,0,1,0.0972120761871,1,94.0,1,2,2.86539633251,4.45864372401,5.3,1,13,0,5.0,400.0
3.1,0.0,1,400.0,22.0,0,-1,0.0971450805664,-1,94.0,1,6,5.24605364197,-0.754268642848,5.3,1,13,0,5.0,400.0
3.1,0.0,1,400.0,22.0,0,-1,0.0971999168396,-1,94.0,1,19,-4.00547274408,3.47076188991,5.3,1,13,0,5.0,400.0
3.1,0.0,2,400.0,22.0,0,-2,0.0971958637238,0,94.0,2,13,-2.86539633251,-4.45864372401,5.3,1,13,0,5.0,400.0
3.1,0.0,1,400.0,22.0,0,0,0.0972611904144,0,94.0,1,18,-4.82104957538,2.20169956891,5.3,1,13,0,5.0,400.0
3.1,0.0,2,400.0,22.0,0,2,0.0970199108124,-1,94.0,1,3,4.00547274408,3.47076188991,5.3,1,13,0,5.0,400.0
3.1,0.0,1,400.0,22.0,0,0,0.0970180034637,0,94.0,1,11,6.49041367526e-16,-5.3,5.3,1,13,0,5.0,400.0
3.1,0.0,2,400.0,22.0,0,0,0.0970151424408,0,94.0,2,11,6.49041367526e-16,-5.3,5.3,1,13,0,5.0,400.0
3.1,0.0,2,400.0,22.0,0,-1,0.0971741676331,-1,94.0,2,0,0.0,5.3,5.3,1,13,0,5.0,400.0
3.1,0.0,2,400.0,22.0,0,1,0.09716796875,1,94.0,2,1,1.49318255126,5.08531276016,5.3,1,13,0,5.0,400.0
3.1,0.0,2,400.0,22.0,0,2,0.0971729755402,2,94.0,2,2,2.86539633251,4.45864372401,5.3,1,13,0,5.0,400.0
3.1,0.0,1,400.0,22.0,0,0,0.0971691608429,0,94.0,1,6,5.24605364197,-0.754268642848,5.3,1,13,0,5.0,400.0
3.1,0.0,2,400.0,22.0,0,0,0.0970070362091,0,94.0,2,11,6.49041367526e-16,-5.3,5.3,1,13,0,5.0,400.0
3.1,0.0,2,400.0,22.0,0,-1,0.0971839427948,-1,94.0,2,8,4.00547274408,-3.47076188991,5.3,1,13,0,5.0,400.0
3.1,0.0,1,400.0,22.0,0,1,0.0972130298615,1,94.0,1,21,-1.49318255126,5.08531276016,5.3,1,13,0,5.0,400.0
3.1,0.0,2,400.0,22.0,0,-1,0.0972149372101,0,94.0,2,1,1.49318255126,5.08531276016,5.3,1,13,0,5.0,400.0
3.1,0.0,2,400.0,22.0,0,1,0.0972008705139,1,94.0,2,2,2.86539633251,4.45864372401,5.3,1,13,0,5.0,400.0
3.1,0.0,2,400.0,22.0,0,-2,0.0971968173981,-2,94.0,2,1,1.49318255126,5.08531276016,5.3,1,13,0,5.0,400.0
3.1,0.0,1,400.0,22.0,0,1,0.0972158908844,1,94.0,1,14,-4.00547274408,-3.47076188991,5.3,1,13,0,5.0,400.0
3.1,0.0,1,400.0,22.0,0,1,0.0971939563751,1,94.0,1,2,2.86539633251,4.45864372401,5.3,1,13,0,5.0,400.0
3.1,0.0,1,400.0,22.0,0,-1,0.0972058773041,-1,94.0,1,12,-1.49318255126,-5.08531276016,5.3,1,13,0,5.0,400.0
3.1,0.0,1,400.0,22.0,0,-2,0.0971930027008,-2,94.0,1,12,-1.49318255126,-5.08531276016,5.3,1,13,0,5.0,400.0
3.1,0.0,2,400.0,22.0,0,-2,0.0972020626068,-2,94.0,2,0,0.0,5.3,5.3,1,13,0,5.0,400.0
3.1,0.0,1,400.0,22.0,0,0,0.0971949100494,0,94.0,1,7,4.82104957538,-2.20169956891,5.3,1,13,0,5.0,400.0
3.1,0.0,2,400.0,22.0,0,1,0.0971879959106,1,94.0,2,14,-4.00547274408,-3.47076188991,5.3,1,13,0,5.0,400.0
3.1,0.0,1,400.0,22.0,0,-1,0.0972099304199,-1,94.0,1,14,-4.00547274408,-3.47076188991,5.3,1,13,0,5.0,400.0
3.1,0.0,1,400.0,22.0,0,1,0.0971839427948,1,94.0,1,11,6.49041367526e-16,-5.3,5.3,1,13,0,5.0,400.0
3.1,0.0,2,400.0,22.0,0,-1,0.0970571041107,-1,94.0,2,18,-4.82104957538,2.20169956891,5.3,1,13,0,5.0,400.0
3.1,0.0,1,400.0,22.0,0,1,0.0970661640167,1,94.0,1,2,2.86539633251,4.45864372401,5.3,1,13,0,5.0,400.0
3.1,0.0,2,400.0,22.0,0,-2,0.0971779823303,-2,94.0,2,6,5.24605364197,-0.754268642848,5.3,1,13,0,5.0,400.0
3.1,0.0,2,400.0,22.0,0,-1,0.0971920490265,-1,94.0,2,18,-4.82104957538,2.20169956891,5.3,1,13,0,5.0,400.0
3.1,0.0,1,400.0,22.0,0,1,0.0971891880035,1,94.0,1,3,4.00547274408,3.47076188991,5.3,1,13,0,5.0,400.0
3.1,0.0,1,400.0,22.0,0,0,0.097188949585,0,94.0,1,15,-4.82104957538,-2.20169956891,5.3,1,13,0,5.0,400.0
3.1,0.0,2,400.0,22.0,0,0,0.0971858501434,0,94.0,2,1,1.49318255126,5.08531276016,5.3,1,13,0,5.0,400.0
3.1,0.0,2,400.0,22.0,0,1,0.0970299243927,1,94.0,2,18,-4.82104957538,2.20169956891,5.3,1,13,0,5.0,400.0
3.1,0.0,1,400.0,22.0,0,0,0.0972099304199,0,94.0,1,21,-1.49318255126,5.08531276016,5.3,1,13,0,5.0,400.0
3.1,0.0,1,400.0,22.0,0,0,0.0971841812134,0,94.0,1,4,4.82104957538,2.20169956891,5.3,1,13,0,5.0,400.0
3.1,0.0,2,400.0,22.0,0,1,0.0971751213074,1,94.0,2,13,-2.86539633251,-4.45864372401,5.3,1,13,0,5.0,400.0
3.1,0.0,2,400.0,22.0,0,0,0.0972020626068,0,94.0,2,15,-4.82104957538,-2.20169956891,5.3,1,13,0,5.0,400.0
3.1,0.0,1,400.0,22.0,0,2,0.0970160961151,2,94.0,1,12,-1.49318255126,-5.08531276016,5.3,1,13,0,5.0,400.0
3.1,0.0,1,400.0,22.0,0,0,0.0971748828888,0,94.0,1,6,5.24605364197,-0.754268642848,5.3,1,13,0,5.0,400.0
3.1,0.0,2,400.0,22.0,0,-2,0.0971729755402,-2,94.0,2,20,-2.86539633251,4.45864372401,5.3,1,13,0,5.0,400.0
3.1,0.0,1,400.0,22.0,0,-1,0.097011089325,-1,94.0,1,16,-5.24605364197,-0.754268642848,5.3,1,13,0,5.0,400.0
3.1,0.0,1,400.0,22.0,0,0,0.0971920490265,0,94.0,1,2,2.86539633251,4.45864372401,5.3,1,13,0,5.0,400.0
3.1,0.0,1,400.0,22.0,0,-1,0.0971748828888,-1,94.0,1,13,-2.86539633251,-4.45864372401,5.3,1,13,0,5.0,400.0
3.1,0.0,1,400.0,22.0,0,-2,0.0970129966736,-2,94.0,1,2,2.86539633251,4.45864372401,5.3,1,13,0,5.0,400.0
3.1,0.0,1,400.0,22.0,0,0,0.0972061157227,0,94.0,1,17,-5.24605364197,0.754268642848,5.3,1,13,0,5.0,400.0
3.1,0.0,2,400.0,22.0,0,0,0.0971729755402,0,94.0,2,12,-1.49318255126,-5.08531276016,5.3,1,13,0,5.0,400.0
3.1,0.0,2,400.0,22.0,0,-1,0.0971801280975,-1,94.0,2,2,2.86539633251,4.45864372401,5.3,1,13,0,5.0,400.0
3.1,0.0,1,400.0,22.0,0,2,0.0971839427948,2,94.0,1,20,-2.86539633251,4.45864372401,5.3,1,13,0,5.0,400.0
3.1,0.0,2,400.0,22.0,0,0,0.0972108840942,0,94.0,2,17,-5.24605364197,0.754268642848,5.3,1,13,0,5.0,400.0
3.1,0.0,1,400.0,22.0,0,1,0.0972051620483,1,94.0,1,1,1.49318255126,5.08531276016,5.3,1,13,0,5.0,400.0
3.1,0.0,1,400.0,22.0,0,0,0.0972409248352,0,94.0,1,17,-5.24605364197,0.754268642848,5.3,1,13,0,5.0,400.0
3.1,0.0,2,400.0,22.0,0,2,0.0972521305084,2,94.0,2,17,-5.24605364197,0.754268642848,5.3,1,13,0,5.0,400.0
3.1,0.0,1,400.0,22.0,0,-1,0.0972061157227,-1,94.0,1,21,-1.49318255126,5.08531276016,5.3,1,13,0,5.0,400.0
3.1,0.0,1,400.0,22.0,0,0,0.0972208976746,0,94.0,1,1,1.49318255126,5.08531276016,5.3,1,13,0,5.0,400.0
3.1,0.0,2,400.0,22.0,0,0,0.0971920490265,0,94.0,2,14,-4.00547274408,-3.47076188991,5.3,1,13,0,5.0,400.0
3.1,0.0,1,400.0,22.0,0,0,0.0971789360046,-2,94.0,1,8,4.00547274408,-3.47076188991,5.3,1,13,0,5.0,400.0
3.1,0.0,2,400.0,22.0,0,1,0.0971779823303,-1,94.0,2,2,2.86539633251,4.45864372401,5.3,1,13,0,5.0,400.0
3.1,0.0,1,400.0,22.0,0,2,0.0971939563751,-1,94.0,1,13,-2.86539633251,-4.45864372401,5.3,1,13,0,5.0,400.0
3.1,0.0,2,400.0,22.0,0,2,0.097225189209,2,94.0,2,10,1.49318255126,-5.08531276016,5.3,1,13,0,5.0,400.0
3.1,0.0,1,400.0,22.0,0,1,0.0971949100494,1,94.0,2,12,-1.49318255126,-5.08531276016,5.3,1,13,0,5.0,400.0
3.1,0.0,2,400.0,22.0,0,0,0.0971899032593,0,94.0,2,16,-5.24605364197,-0.754268642848,5.3,1,13,0,5.0,400.0
3.1,0.0,1,400.0,22.0,0,0,0.0972230434418,0,94.0,1,17,-5.24605364197,0.754268642848,5.3,1,13,0,5.0,400.0
3.1,0.0,2,400.0,22.0,0,0,0.0971851348877,0,94.0,2,4,4.82104957538,2.20169956891,5.3,1,13,0,5.0,400.0
3.1,0.0,2,400.0,22.0,0,1,0.09716796875,1,94.0,2,16,-5.24605364197,-0.754268642848,5.3,1,13,0,5.0,400.0
3.1,0.0,2,400.0,22.0,0,0,0.0970280170441,0,94.0,1,2,2.86539633251,4.45864372401,5.3,1,13,0,5.0,400.0
3.1,0.0,2,400.0,22.0,0,0,0.0970239639282,0,94.0,2,11,6.49041367526e-16,-5.3,5.3,1,13,0,5.0,400.0
3.1,0.0,2,400.0,22.0,0,1,0.0972020626068,1,94.0,2,0,0.0,5.3,5.3,1,13,0,5.0,400.0
3.1,0.0,1,400.0,22.0,0,0,0.0970759391785,0,94.0,1,0,0.0,5.3,5.3,1,13,0,5.0,400.0
3.1,0.0,2,400.0,22.0,0,-2,0.0971629619598,-2,94.0,2,18,-4.82104957538,2.20169956891,5.3,1,13,0,5.0,400.0
3.1,0.0,1,400.0,22.0,0,-1,0.0970211029053,-1,94.0,1,12,-1.49318255126,-5.08531276016,5.3,1,13,0,5.0,400.0
3.1,0.0,2,400.0,22.0,0,0,0.0970208644867,0,94.0,2,5,5.24605364197,0.754268642848,5.3,1,13,0,5.0,400.0
3.1,0.0,1,400.0,22.0,0,0,0.0970149040222,0,94.0,1,16,-5.24605364197,-0.754268642848,5.3,1,13,0,5.0,400.0
3.1,0.0,2,400.0,22.0,0,0,0.0970590114594,0,94.0,2,15,-4.82104957538,-2.20169956891,5.3,1,13,0,5.0,400.0
3.1,0.0,2,400.0,22.0,0,0,0.0971829891205,0,94.0,2,8,4.00547274408,-3.47076188991,5.3,1,13,0,5.0,400.0
3.1,0.0,2,400.0,22.0,0,0,0.097188949585,0,94.0,1,5,5.24605364197,0.754268642848,5.3,1,13,0,5.0,400.0
3.1,0.0,1,400.0,22.0,0,1,0.0971629619598,1,94.0,1,7,4.82104957538,-2.20169956891,5.3,1,13,0,5.0,400.0
3.1,0.0,2,400.0,22.0,0,0,0.0970149040222,0,94.0,2,6,5.24605364197,-0.754268642848,5.3,1,13,0,5.0,400.0
3.1,0.0,1,400.0,22.0,0,0,0.0971901416779,0,94.0,1,21,-1.49318255126,5.08531276016,5.3,1,13,0,5.0,400.0
3.1,0.0,1,400.0,22.0,0,0,0.0972058773041,0,94.0,1,18,-4.82104957538,2.20169956891,5.3,1,13,0,5.0,400.0
3.1,0.0,1,400.0,22.0,0,1,0.0972158908844,1,94.0,1,14,-4.00547274408,-3.47076188991,5.3,1,13,0,5.0,400.0
3.1,0.0,1,400.0,22.0,0,1,0.0972130298615,1,94.0,1,13,-2.86539633251,-4.45864372401,5.3,1,13,0,5.0,400.0
3.1,0.0,2,400.0,22.0,0,0,0.0972139835358,0,94.0,2,1,1.49318255126,5.08531276016,5.3,1,13,0,5.0,400.0
3.1,0.0,1,400.0,22.0,0,2,0.0971930027008,1,94.0,1,10,1.49318255126,-5.08531276016,5.3,1,13,0,5.0,400.0
3.1,0.0,2,400.0,22.0,0,-1,0.0971930027008,-1,94.0,2,7,4.82104957538,-2.20169956891,5.3,1,13,0,5.0,400.0
3.1,0.0,1,400.0,22.0,0,0,0.0972139835358,-2,94.0,2,8,4.00547274408,-3.47076188991,5.3,1,13,0,5.0,400.0
3.1,0.0,2,400.0,22.0,0,0,0.0972321033478,0,94.0,2,13,-2.86539633251,-4.45864372401,5.3,1,13,0,5.0,400.0
3.1,0.0,1,400.0,22.0,0,1,0.0971958637238,1,94.0,1,14,-4.00547274408,-3.47076188991,5.3,1,13,0,5.0,400.0
3.1,0.0,1,400.0,22.0,0,2,0.0972139835358,0,94.0,2,17,-5.24605364197,0.754268642848,5.3,1,13,0,5.0,400.0
3.1,0.0,1,400.0,22.0,0,-1,0.0971839427948,-1,94.0,1,20,-2.86539633251,4.45864372401,5.3,1,13,0,5.0,400.0
3.1,0.0,2,400.0,22.0,0,0,0.0972108840942,0,94.0,2,20,-2.86539633251,4.45864372401,5.3,1,13,0,5.0,400.0
3.1,0.0,1,400.0,22.0,0,-2,0.0971901416779,-2,94.0,1,9,2.86539633251,-4.45864372401,5.3,1,13,0,5.0,400.0
3.1,0.0,2,400.0,22.0,0,-1,0.0972099304199,-1,94.0,2,11,6.49041367526e-16,-5.3,5.3,1,13,0,5.0,400.0
3.1,0.0,2,400.0,22.0,0,0,0.0970430374146,0,94.0,2,11,6.49041367526e-16,-5.3,5.3,1,13,0,5.0,400.0
3.1,0.0,2,400.0,22.0,0,1,0.0971899032593,1,94.0,2,5,5.24605364197,0.754268642848,5.3,1,13,0,5.0,400.0
3.1,0.0,2,400.0,22.0,0,1,0.0971641540527,1,94.0,2,2,2.86539633251,4.45864372401,5.3,1,13,0,5.0,400.0
3.1,0.0,2,400.0,22.0,0,0,0.0971868038177,0,94.0,2,18,-4.82104957538,2.20169956891,5.3,1,13,0,5.0,400.0
3.1,0.0,2,400.0,22.0,0,-2,0.0971741676331,-2,94.0,2,17,-5.24605364197,0.754268642848,5.3,1,13,0,5.0,400.0
3.1,0.0,2,400.0,22.0,0,-1,0.0971908569336,-1,94.0,2,16,-5.24605364197,-0.754268642848,5.3,1,13,0,5.0,400.0
