cue-length,ms-precue,resp-v-hv,ms-st-cue,nitems,offset2,resp-h-pos,actualStimOn,resp-v-pos,ms-stimon,resp-h-hv,cue-loc-int,cue-loc-x,cue-loc-y,radius,bars-or-spot,version,offset,npractice,ntrials
3.1,0.0,2,400.0,22.0,0,1,0.100133895874,1,94.0,1,2,2.86539633251,4.45864372401,5.3,0,11,-12,5.0,400.0
3.1,0.0,2,400.0,22.0,0,0,0.100120067596,2,94.0,1,1,1.49318255126,5.08531276016,5.3,0,11,-12,5.0,400.0
3.1,0.0,1,400.0,22.0,0,0,0.100198984146,2,94.0,2,14,-4.00547274408,-3.47076188991,5.3,0,11,-12,5.0,400.0
3.1,0.0,2,400.0,22.0,0,0,0.100126028061,1,94.0,2,2,2.86539633251,4.45864372401,5.3,0,11,-12,5.0,400.0
3.1,0.0,1,400.0,22.0,0,-1,0.10011100769,-2,94.0,1,9,2.86539633251,-4.45864372401,5.3,0,11,-12,5.0,400.0
3.1,0.0,1,400.0,22.0,0,-1,0.100134134293,0,94.0,2,18,-4.82104957538,2.20169956891,5.3,0,11,-12,5.0,400.0
3.1,0.0,2,400.0,22.0,0,2,0.100104093552,1,94.0,2,8,4.00547274408,-3.47076188991,5.3,0,11,-12,5.0,400.0
3.1,0.0,2,400.0,22.0,0,0,0.100150108337,-1,94.0,2,21,-1.49318255126,5.08531276016,5.3,0,11,-12,5.0,400.0
3.1,0.0,2,400.0,22.0,0,-2,0.0999448299408,0,94.0,2,8,4.00547274408,-3.47076188991,5.3,0,11,-12,5.0,400.0
3.1,0.0,1,400.0,22.0,0,-1,0.100118875504,-1,94.0,2,11,6.49041367526e-16,-5.3,5.3,0,11,-12,5.0,400.0
3.1,0.0,1,400.0,22.0,0,0,0.100126981735,1,94.0,1,15,-4.82104957538,-2.20169956891,5.3,0,11,-12,5.0,400.0
3.1,0.0,1,400.0,22.0,0,1,0.100103139877,2,94.0,1,2,2.86539633251,4.45864372401,5.3,0,11,-12,5.0,400.0
3.1,0.0,1,400.0,22.0,0,2,0.099986076355,0,94.0,2,10,1.49318255126,-5.08531276016,5.3,0,11,-12,5.0,400.0
3.1,0.0,1,400.0,22.0,0,1,0.100126981735,-1,94.0,1,9,2.86539633251,-4.45864372401,5.3,0,11,-12,5.0,400.0
3.1,0.0,2,400.0,22.0,0,0,0.10009598732,-2,94.0,1,8,4.00547274408,-3.47076188991,5.3,0,11,-12,5.0,400.0
3.1,0.0,2,400.0,22.0,0,0,0.100083112717,-1,94.0,2,20,-2.86539633251,4.45864372401,5.3,0,11,-12,5.0,400.0
3.1,0.0,2,400.0,22.0,0,-1,0.0998129844666,0,94.0,1,14,-4.00547274408,-3.47076188991,5.3,0,11,-12,5.0,400.0
3.1,0.0,1,400.0,22.0,0,0,0.100050926208,-1,94.0,2,8,4.00547274408,-3.47076188991,5.3,0,11,-12,5.0,400.0
3.1,0.0,2,400.0,22.0,0,1,0.100342988968,0,94.0,1,3,4.00547274408,3.47076188991,5.3,0,11,-12,5.0,400.0
3.1,0.0,1,400.0,22.0,0,-1,0.100061178207,0,94.0,2,19,-4.00547274408,3.47076188991,5.3,0,11,-12,5.0,400.0
3.1,0.0,1,400.0,22.0,0,1,0.10010099411,0,94.0,2,12,-1.49318255126,-5.08531276016,5.3,0,11,-12,5.0,400.0
3.1,0.0,2,400.0,22.0,0,0,0.100113868713,-1,94.0,2,4,4.82104957538,2.20169956891,5.3,0,11,-12,5.0,400.0
3.1,0.0,1,400.0,22.0,0,2,0.100138902664,0,94.0,1,13,-2.86539633251,-4.45864372401,5.3,0,11,-12,5.0,400.0
3.1,0.0,2,400.0,22.0,0,0,0.100102901459,-1,94.0,1,19,-4.00547274408,3.47076188991,5.3,0,11,-12,5.0,400.0
3.1,0.0,1,400.0,22.0,0,0,0.100143194199,-2,94.0,2,19,-4.00547274408,3.47076188991,5.3,0,11,-12,5.0,400.0
3.1,0.0,2,400.0,22.0,0,0,0.100121974945,-2,94.0,2,9,2.86539633251,-4.45864372401,5.3,0,11,-12,5.0,400.0
3.1,0.0,1,400.0,22.0,0,0,0.0999109745026,-1,94.0,1,1,1.49318255126,5.08531276016,5.3,0,11,-12,5.0,400.0
3.1,0.0,2,400.0,22.0,0,0,0.10009598732,0,94.0,1,1,1.49318255126,5.08531276016,5.3,0,11,-12,5.0,400.0
3.1,0.0,2,400.0,22.0,0,2,0.099925994873,-1,94.0,1,21,-1.49318255126,5.08531276016,5.3,0,11,-12,5.0,400.0
3.1,0.0,2,400.0,22.0,0,1,0.100107908249,0,94.0,2,2,2.86539633251,4.45864372401,5.3,0,11,-12,5.0,400.0
3.1,0.0,1,400.0,22.0,0,1,0.100065946579,0,94.0,2,2,2.86539633251,4.45864372401,5.3,0,11,-12,5.0,400.0
3.1,0.0,2,400.0,22.0,0,0,0.100116014481,2,94.0,2,3,4.00547274408,3.47076188991,5.3,0,11,-12,5.0,400.0
3.1,0.0,1,400.0,22.0,0,0,0.100128889084,-1,94.0,1,8,4.00547274408,-3.47076188991,5.3,0,11,-12,5.0,400.0
3.1,0.0,1,400.0,22.0,0,-2,0.099543094635,0,94.0,2,13,-2.86539633251,-4.45864372401,5.3,0,11,-12,5.0,400.0
3.1,0.0,2,400.0,22.0,0,2,0.0997190475464,-1,94.0,2,7,4.82104957538,-2.20169956891,5.3,0,11,-12,5.0,400.0
3.1,0.0,1,400.0,22.0,0,-1,0.0999040603638,-2,94.0,1,5,5.24605364197,0.754268642848,5.3,0,11,-12,5.0,400.0
3.1,0.0,2,400.0,22.0,0,2,0.099837064743,0,94.0,1,20,-2.86539633251,4.45864372401,5.3,0,11,-12,5.0,400.0
3.1,0.0,2,400.0,22.0,0,-1,0.100162029266,1,94.0,1,13,-2.86539633251,-4.45864372401,5.3,0,11,-12,5.0,400.0
3.1,0.0,2,400.0,22.0,0,-1,0.099986076355,0,94.0,1,1,1.49318255126,5.08531276016,5.3,0,11,-12,5.0,400.0
3.1,0.0,2,400.0,22.0,0,1,0.100117921829,0,94.0,1,13,-2.86539633251,-4.45864372401,5.3,0,11,-12,5.0,400.0
3.1,0.0,2,400.0,22.0,0,0,0.100139141083,-1,94.0,1,20,-2.86539633251,4.45864372401,5.3,0,11,-12,5.0,400.0
3.1,0.0,1,400.0,22.0,0,0,0.10012793541,0,94.0,2,12,-1.49318255126,-5.08531276016,5.3,0,11,-12,5.0,400.0
3.1,0.0,2,400.0,22.0,0,-1,0.10014295578,-1,94.0,1,8,4.00547274408,-3.47076188991,5.3,0,11,-12,5.0,400.0
3.1,0.0,2,400.0,22.0,0,2,0.10013794899,0,94.0,2,0,0.0,5.3,5.3,0,11,-12,5.0,400.0
3.1,0.0,2,400.0,22.0,0,-1,0.100045204163,-1,94.0,1,18,-4.82104957538,2.20169956891,5.3,0,11,-12,5.0,400.0
3.1,0.0,2,400.0,22.0,0,1,0.100080966949,-1,94.0,2,21,-1.49318255126,5.08531276016,5.3,0,11,-12,5.0,400.0
3.1,0.0,1,400.0,22.0,0,2,0.100055217743,0,94.0,2,4,4.82104957538,2.20169956891,5.3,0,11,-12,5.0,400.0
3.1,0.0,2,400.0,22.0,0,0,0.100134134293,0,94.0,2,4,4.82104957538,2.20169956891,5.3,0,11,-12,5.0,400.0
3.1,0.0,1,400.0,22.0,0,-1,0.100134849548,-1,94.0,2,12,-1.49318255126,-5.08531276016,5.3,0,11,-12,5.0,400.0
3.1,0.0,1,400.0,22.0,0,0,0.100100040436,-1,94.0,2,11,6.49041367526e-16,-5.3,5.3,0,11,-12,5.0,400.0
3.1,0.0,2,400.0,22.0,0,-2,0.100060939789,0,94.0,1,3,4.00547274408,3.47076188991,5.3,0,11,-12,5.0,400.0
3.1,0.0,2,400.0,22.0,0,0,0.0999410152435,-1,94.0,1,14,-4.00547274408,-3.47076188991,5.3,0,11,-12,5.0,400.0
3.1,0.0,2,400.0,22.0,0,0,0.100068092346,0,94.0,2,13,-2.86539633251,-4.45864372401,5.3,0,11,-12,5.0,400.0
3.1,0.0,2,400.0,22.0,0,0,0.100111961365,2,94.0,1,11,6.49041367526e-16,-5.3,5.3,0,11,-12,5.0,400.0
3.1,0.0,2,400.0,22.0,0,-2,0.100099086761,-1,94.0,1,7,4.82104957538,-2.20169956891,5.3,0,11,-12,5.0,400.0
3.1,0.0,1,400.0,22.0,0,2,0.100109100342,0,94.0,2,11,6.49041367526e-16,-5.3,5.3,0,11,-12,5.0,400.0
3.1,0.0,2,400.0,22.0,0,1,0.0998890399933,0,94.0,1,6,5.24605364197,-0.754268642848,5.3,0,11,-12,5.0,400.0
3.1,0.0,2,400.0,22.0,0,1,0.100077867508,2,94.0,2,15,-4.82104957538,-2.20169956891,5.3,0,11,-12,5.0,400.0
3.1,0.0,2,400.0,22.0,0,-2,0.100134849548,0,94.0,2,4,4.82104957538,2.20169956891,5.3,0,11,-12,5.0,400.0
3.1,0.0,2,400.0,22.0,0,2,0.100003004074,1,94.0,2,16,-5.24605364197,-0.754268642848,5.3,0,11,-12,5.0,400.0
3.1,0.0,2,400.0,22.0,0,0,0.100117921829,0,94.0,1,9,2.86539633251,-4.45864372401,5.3,0,11,-12,5.0,400.0
3.1,0.0,1,400.0,22.0,0,1,0.0998039245605,1,94.0,2,13,-2.86539633251,-4.45864372401,5.3,0,11,-12,5.0,400.0
3.1,0.0,2,400.0,22.0,0,0,0.10010099411,0,94.0,1,2,2.86539633251,4.45864372401,5.3,0,11,-12,5.0,400.0
3.1,0.0,2,400.0,22.0,0,-1,0.1001060009,0,94.0,1,4,4.82104957538,2.20169956891,5.3,0,11,-12,5.0,400.0
3.1,0.0,2,400.0,22.0,0,-2,0.100224018097,0,94.0,2,10,1.49318255126,-5.08531276016,5.3,0,11,-12,5.0,400.0
3.1,0.0,2,400.0,22.0,0,0,0.100129842758,2,94.0,1,19,-4.00547274408,3.47076188991,5.3,0,11,-12,5.0,400.0
3.1,0.0,2,400.0,22.0,0,0,0.100117921829,-2,94.0,1,1,1.49318255126,5.08531276016,5.3,0,11,-12,5.0,400.0
3.1,0.0,1,400.0,22.0,0,0,0.100073099136,0,94.0,2,1,1.49318255126,5.08531276016,5.3,0,11,-12,5.0,400.0
3.1,0.0,2,400.0,22.0,0,0,0.100268125534,0,94.0,2,1,1.49318255126,5.08531276016,5.3,0,11,-12,5.0,400.0
3.1,0.0,2,400.0,22.0,0,-1,0.10015296936,0,94.0,1,11,6.49041367526e-16,-5.3,5.3,0,11,-12,5.0,400.0
3.1,0.0,2,400.0,22.0,0,2,0.0999631881714,0,94.0,1,11,6.49041367526e-16,-5.3,5.3,0,11,-12,5.0,400.0
3.1,0.0,2,400.0,22.0,0,1,0.10146021843,0,94.0,1,10,1.49318255126,-5.08531276016,5.3,0,11,-12,5.0,400.0
3.1,0.0,2,400.0,22.0,0,0,0.100157022476,-2,94.0,2,3,4.00547274408,3.47076188991,5.3,0,11,-12,5.0,400.0
3.1,0.0,1,400.0,22.0,0,-2,0.100095033646,-1,94.0,1,4,4.82104957538,2.20169956891,5.3,0,11,-12,5.0,400.0
3.1,0.0,1,400.0,22.0,0,0,0.100045919418,1,94.0,2,15,-4.82104957538,-2.20169956891,5.3,0,11,-12,5.0,400.0
3.1,0.0,2,400.0,22.0,0,0,0.100106954575,-1,94.0,1,8,4.00547274408,-3.47076188991,5.3,0,11,-12,5.0,400.0
3.1,0.0,2,400.0,22.0,0,1,0.100138187408,0,94.0,1,21,-1.49318255126,5.08531276016,5.3,0,11,-12,5.0,400.0
3.1,0.0,2,400.0,22.0,0,-1,0.100151062012,-1,94.0,1,18,-4.82104957538,2.20169956891,5.3,0,11,-12,5.0,400.0
3.1,0.0,2,400.0,22.0,0,0,0.100044965744,-1,94.0,2,16,-5.24605364197,-0.754268642848,5.3,0,11,-12,5.0,400.0
3.1,0.0,1,400.0,22.0,0,2,0.100155115128,0,94.0,2,10,1.49318255126,-5.08531276016,5.3,0,11,-12,5.0,400.0
3.1,0.0,2,400.0,22.0,0,0,0.100100040436,1,94.0,1,5,5.24605364197,0.754268642848,5.3,0,11,-12,5.0,400.0
3.1,0.0,1,400.0,22.0,0,0,0.100062847137,-1,94.0,2,10,1.49318255126,-5.08531276016,5.3,0,11,-12,5.0,400.0
3.1,0.0,1,400.0,22.0,0,0,0.100345134735,1,94.0,2,18,-4.82104957538,2.20169956891,5.3,0,11,-12,5.0,400.0
3.1,0.0,2,400.0,22.0,0,-1,0.100085020065,0,94.0,2,18,-4.82104957538,2.20169956891,5.3,0,11,-12,5.0,400.0
3.1,0.0,1,400.0,22.0,0,1,0.100147008896,0,94.0,2,18,-4.82104957538,2.20169956891,5.3,0,11,-12,5.0,400.0
3.1,0.0,2,400.0,22.0,0,-2,0.10014295578,0,94.0,1,2,2.86539633251,4.45864372401,5.3,0,11,-12,5.0,400.0
3.1,0.0,2,400.0,22.0,0,1,0.100131034851,0,94.0,1,4,4.82104957538,2.20169956891,5.3,0,11,-12,5.0,400.0
3.1,0.0,2,400.0,22.0,0,-1,0.100156068802,0,94.0,2,19,-4.00547274408,3.47076188991,5.3,0,11,-12,5.0,400.0
3.1,0.0,2,400.0,22.0,0,2,0.100093841553,0,94.0,1,5,5.24605364197,0.754268642848,5.3,0,11,-12,5.0,400.0
3.1,0.0,2,400.0,22.0,0,-2,0.100132226944,-1,94.0,2,9,2.86539633251,-4.45864372401,5.3,0,11,-12,5.0,400.0
3.1,0.0,2,400.0,22.0,0,0,0.100090026855,0,94.0,1,5,5.24605364197,0.754268642848,5.3,0,11,-12,5.0,400.0
3.1,0.0,2,400.0,22.0,0,1,0.10012793541,-2,94.0,1,12,-1.49318255126,-5.08531276016,5.3,0,11,-12,5.0,400.0
3.1,0.0,1,400.0,22.0,0,0,0.100102901459,-1,94.0,2,11,6.49041367526e-16,-5.3,5.3,0,11,-12,5.0,400.0
3.1,0.0,2,400.0,22.0,0,0,0.100031137466,0,94.0,1,21,-1.49318255126,5.08531276016,5.3,0,11,-12,5.0,400.0
3.1,0.0,2,400.0,22.0,0,0,0.10009598732,0,94.0,1,19,-4.00547274408,3.47076188991,5.3,0,11,-12,5.0,400.0
3.1,0.0,2,400.0,22.0,0,2,0.100140094757,0,94.0,1,5,5.24605364197,0.754268642848,5.3,0,11,-12,5.0,400.0
3.1,0.0,2,400.0,22.0,0,0,0.0999851226807,-1,94.0,1,10,1.49318255126,-5.08531276016,5.3,0,11,-12,5.0,400.0
3.1,0.0,2,400.0,22.0,0,-1,0.10012793541,-2,94.0,1,8,4.00547274408,-3.47076188991,5.3,0,11,-12,5.0,400.0
3.1,0.0,2,400.0,22.0,0,-1,0.100166797638,0,94.0,1,5,5.24605364197,0.754268642848,5.3,0,11,-12,5.0,400.0
3.1,0.0,2,400.0,22.0,0,-1,0.100071907043,0,94.0,1,7,4.82104957538,-2.20169956891,5.3,0,11,-12,5.0,400.0
3.1,0.0,2,400.0,22.0,0,1,0.100095033646,-1,94.0,2,8,4.00547274408,-3.47076188991,5.3,0,11,-12,5.0,400.0
3.1,0.0,2,400.0,22.0,0,2,0.100058078766,-2,94.0,2,13,-2.86539633251,-4.45864372401,5.3,0,11,-12,5.0,400.0
3.1,0.0,2,400.0,22.0,0,2,0.100100040436,0,94.0,1,5,5.24605364197,0.754268642848,5.3,0,11,-12,5.0,400.0
3.1,0.0,2,400.0,22.0,0,1,0.100087881088,1,94.0,1,14,-4.00547274408,-3.47076188991,5.3,0,11,-12,5.0,400.0
3.1,0.0,2,400.0,22.0,0,0,0.100077867508,2,94.0,1,18,-4.82104957538,2.20169956891,5.3,0,11,-12,5.0,400.0
3.1,0.0,2,400.0,22.0,0,-2,0.0999779701233,1,94.0,1,14,-4.00547274408,-3.47076188991,5.3,0,11,-12,5.0,400.0
3.1,0.0,2,400.0,22.0,0,0,0.100075960159,-1,94.0,2,16,-5.24605364197,-0.754268642848,5.3,0,11,-12,5.0,400.0
3.1,0.0,2,400.0,22.0,0,-1,0.100138187408,-1,94.0,1,0,0.0,5.3,5.3,0,11,-12,5.0,400.0
3.1,0.0,1,400.0,22.0,0,1,0.100488901138,-1,94.0,2,3,4.00547274408,3.47076188991,5.3,0,11,-12,5.0,400.0
3.1,0.0,2,400.0,22.0,0,-2,0.100081920624,0,94.0,2,1,1.49318255126,5.08531276016,5.3,0,11,-12,5.0,400.0
3.1,0.0,1,400.0,22.0,0,-1,0.100094079971,0,94.0,1,18,-4.82104957538,2.20169956891,5.3,0,11,-12,5.0,400.0
3.1,0.0,2,400.0,22.0,0,-1,0.100183010101,0,94.0,1,16,-5.24605364197,-0.754268642848,5.3,0,11,-12,5.0,400.0
3.1,0.0,2,400.0,22.0,0,-2,0.100104093552,-1,94.0,2,4,4.82104957538,2.20169956891,5.3,0,11,-12,5.0,400.0
3.1,0.0,1,400.0,22.0,0,-1,0.100122928619,-1,94.0,2,13,-2.86539633251,-4.45864372401,5.3,0,11,-12,5.0,400.0
3.1,0.0,2,400.0,22.0,0,-1,0.100089073181,2,94.0,1,12,-1.49318255126,-5.08531276016,5.3,0,11,-12,5.0,400.0
3.1,0.0,2,400.0,22.0,0,0,0.100109815598,0,94.0,1,5,5.24605364197,0.754268642848,5.3,0,11,-12,5.0,400.0
3.1,0.0,2,400.0,22.0,0,0,0.100153923035,2,94.0,2,0,0.0,5.3,5.3,0,11,-12,5.0,400.0
3.1,0.0,2,400.0,22.0,0,2,0.100136041641,-2,94.0,2,9,2.86539633251,-4.45864372401,5.3,0,11,-12,5.0,400.0
3.1,0.0,2,400.0,22.0,0,2,0.100104808807,0,94.0,1,18,-4.82104957538,2.20169956891,5.3,0,11,-12,5.0,400.0
3.1,0.0,2,400.0,22.0,0,0,0.100018978119,1,94.0,1,9,2.86539633251,-4.45864372401,5.3,0,11,-12,5.0,400.0
3.1,0.0,1,400.0,22.0,0,0,0.100082874298,0,94.0,2,4,4.82104957538,2.20169956891,5.3,0,11,-12,5.0,400.0
3.1,0.0,2,400.0,22.0,0,1,0.100148916245,0,94.0,1,21,-1.49318255126,5.08531276016,5.3,0,11,-12,5.0,400.0
3.1,0.0,2,400.0,22.0,0,0,0.100166797638,0,94.0,1,21,-1.49318255126,5.08531276016,5.3,0,11,-12,5.0,400.0
3.1,0.0,1,400.0,22.0,0,2,0.100114107132,-2,94.0,2,14,-4.00547274408,-3.47076188991,5.3,0,11,-12,5.0,400.0
3.1,0.0,1,400.0,22.0,0,0,0.100070953369,0,94.0,2,21,-1.49318255126,5.08531276016,5.3,0,11,-12,5.0,400.0
3.1,0.0,1,400.0,22.0,0,0,0.100045204163,1,94.0,1,6,5.24605364197,-0.754268642848,5.3,0,11,-12,5.0,400.0
3.1,0.0,2,400.0,22.0,0,0,0.100119829178,-1,94.0,1,7,4.82104957538,-2.20169956891,5.3,0,11,-12,5.0,400.0
3.1,0.0,1,400.0,22.0,0,0,0.100348949432,-1,94.0,1,15,-4.82104957538,-2.20169956891,5.3,0,11,-12,5.0,400.0
3.1,0.0,1,400.0,22.0,0,0,0.100138187408,0,94.0,2,18,-4.82104957538,2.20169956891,5.3,0,11,-12,5.0,400.0
3.1,0.0,1,400.0,22.0,0,0,0.100052833557,-2,94.0,1,14,-4.00547274408,-3.47076188991,5.3,0,11,-12,5.0,400.0
3.1,0.0,1,400.0,22.0,0,-2,0.100061893463,1,94.0,2,13,-2.86539633251,-4.45864372401,5.3,0,11,-12,5.0,400.0
3.1,0.0,2,400.0,22.0,0,0,0.100118160248,0,94.0,1,5,5.24605364197,0.754268642848,5.3,0,11,-12,5.0,400.0
3.1,0.0,2,400.0,22.0,0,0,0.100143909454,0,94.0,1,2,2.86539633251,4.45864372401,5.3,0,11,-12,5.0,400.0
3.1,0.0,2,400.0,22.0,0,2,0.099781036377,2,94.0,1,19,-4.00547274408,3.47076188991,5.3,0,11,-12,5.0,400.0
3.1,0.0,2,400.0,22.0,0,0,0.100062131882,0,94.0,1,19,-4.00547274408,3.47076188991,5.3,0,11,-12,5.0,400.0
3.1,0.0,1,400.0,22.0,0,-2,0.100142002106,-2,94.0,2,21,-1.49318255126,5.08531276016,5.3,0,11,-12,5.0,400.0
3.1,0.0,2,400.0,22.0,0,0,0.100155830383,0,94.0,1,5,5.24605364197,0.754268642848,5.3,0,11,-12,5.0,400.0
3.1,0.0,2,400.0,22.0,0,-2,0.100085020065,0,94.0,1,16,-5.24605364197,-0.754268642848,5.3,0,11,-12,5.0,400.0
3.1,0.0,2,400.0,22.0,0,0,0.10011100769,1,94.0,1,7,4.82104957538,-2.20169956891,5.3,0,11,-12,5.0,400.0
3.1,0.0,1,400.0,22.0,0,-2,0.100069999695,0,94.0,2,6,5.24605364197,-0.754268642848,5.3,0,11,-12,5.0,400.0
3.1,0.0,1,400.0,22.0,0,-1,0.100136995316,2,94.0,2,3,4.00547274408,3.47076188991,5.3,0,11,-12,5.0,400.0
3.1,0.0,2,400.0,22.0,0,0,0.100064992905,-1,94.0,1,3,4.00547274408,3.47076188991,5.3,0,11,-12,5.0,400.0
3.1,0.0,2,400.0,22.0,0,-2,0.100101947784,0,94.0,2,3,4.00547274408,3.47076188991,5.3,0,11,-12,5.0,400.0
3.1,0.0,2,400.0,22.0,0,0,0.100103139877,0,94.0,1,1,1.49318255126,5.08531276016,5.3,0,11,-12,5.0,400.0
3.1,0.0,1,400.0,22.0,0,0,0.100080966949,1,94.0,1,16,-5.24605364197,-0.754268642848,5.3,0,11,-12,5.0,400.0
3.1,0.0,1,400.0,22.0,0,1,0.100060939789,-2,94.0,2,14,-4.00547274408,-3.47076188991,5.3,0,11,-12,5.0,400.0
3.1,0.0,1,400.0,22.0,0,1,0.0999250411987,0,94.0,2,8,4.00547274408,-3.47076188991,5.3,0,11,-12,5.0,400.0
3.1,0.0,1,400.0,22.0,0,2,0.100107908249,0,94.0,1,19,-4.00547274408,3.47076188991,5.3,0,11,-12,5.0,400.0
3.1,0.0,1,400.0,22.0,0,1,0.10014796257,2,94.0,1,12,-1.49318255126,-5.08531276016,5.3,0,11,-12,5.0,400.0
3.1,0.0,1,400.0,22.0,0,1,0.100123167038,0,94.0,2,15,-4.82104957538,-2.20169956891,5.3,0,11,-12,5.0,400.0
3.1,0.0,2,400.0,22.0,0,-1,0.0999629497528,0,94.0,1,8,4.00547274408,-3.47076188991,5.3,0,11,-12,5.0,400.0
3.1,0.0,2,400.0,22.0,0,0,0.100133895874,0,94.0,1,18,-4.82104957538,2.20169956891,5.3,0,11,-12,5.0,400.0
3.1,0.0,2,400.0,22.0,0,0,0.100130081177,-1,94.0,2,16,-5.24605364197,-0.754268642848,5.3,0,11,-12,5.0,400.0
3.1,0.0,2,400.0,22.0,0,0,0.100118160248,0,94.0,1,1,1.49318255126,5.08531276016,5.3,0,11,-12,5.0,400.0
3.1,0.0,1,400.0,22.0,0,-1,0.100075960159,0,94.0,2,15,-4.82104957538,-2.20169956891,5.3,0,11,-12,5.0,400.0
3.1,0.0,1,400.0,22.0,0,-1,0.100077867508,1,94.0,2,11,6.49041367526e-16,-5.3,5.3,0,11,-12,5.0,400.0
3.1,0.0,1,400.0,22.0,0,1,0.100126028061,0,94.0,2,20,-2.86539633251,4.45864372401,5.3,0,11,-12,5.0,400.0
3.1,0.0,1,400.0,22.0,0,0,0.100054979324,-1,94.0,1,7,4.82104957538,-2.20169956891,5.3,0,11,-12,5.0,400.0
3.1,0.0,2,400.0,22.0,0,0,0.10009098053,2,94.0,1,12,-1.49318255126,-5.08531276016,5.3,0,11,-12,5.0,400.0
3.1,0.0,2,400.0,22.0,0,0,0.100131988525,0,94.0,1,15,-4.82104957538,-2.20169956891,5.3,0,11,-12,5.0,400.0
3.1,0.0,2,400.0,22.0,0,-2,0.100136995316,0,94.0,1,16,-5.24605364197,-0.754268642848,5.3,0,11,-12,5.0,400.0
3.1,0.0,2,400.0,22.0,0,0,0.100151062012,-1,94.0,2,12,-1.49318255126,-5.08531276016,5.3,0,11,-12,5.0,400.0
3.1,0.0,2,400.0,22.0,0,1,0.100149154663,0,94.0,1,11,6.49041367526e-16,-5.3,5.3,0,11,-12,5.0,400.0
3.1,0.0,2,400.0,22.0,0,1,0.100078105927,1,94.0,1,19,-4.00547274408,3.47076188991,5.3,0,11,-12,5.0,400.0
3.1,0.0,1,400.0,22.0,0,2,0.10009598732,2,94.0,2,13,-2.86539633251,-4.45864372401,5.3,0,11,-12,5.0,400.0
3.1,0.0,2,400.0,22.0,0,0,0.0997400283813,-1,94.0,1,19,-4.00547274408,3.47076188991,5.3,0,11,-12,5.0,400.0
3.1,0.0,2,400.0,22.0,0,-1,0.100118875504,-2,94.0,2,2,2.86539633251,4.45864372401,5.3,0,11,-12,5.0,400.0
3.1,0.0,1,400.0,22.0,0,0,0.100202083588,2,94.0,1,19,-4.00547274408,3.47076188991,5.3,0,11,-12,5.0,400.0
3.1,0.0,1,400.0,22.0,0,-2,0.100111961365,2,94.0,2,15,-4.82104957538,-2.20169956891,5.3,0,11,-12,5.0,400.0
3.1,0.0,1,400.0,22.0,0,1,0.100054979324,2,94.0,1,8,4.00547274408,-3.47076188991,5.3,0,11,-12,5.0,400.0
3.1,0.0,2,400.0,22.0,0,0,0.100021123886,0,94.0,1,6,5.24605364197,-0.754268642848,5.3,0,11,-12,5.0,400.0
3.1,0.0,2,400.0,22.0,0,0,0.100023031235,0,94.0,1,0,0.0,5.3,5.3,0,11,-12,5.0,400.0
3.1,0.0,2,400.0,22.0,0,0,0.100147008896,0,94.0,1,18,-4.82104957538,2.20169956891,5.3,0,11,-12,5.0,400.0
3.1,0.0,2,400.0,22.0,0,2,0.100178003311,-1,94.0,1,18,-4.82104957538,2.20169956891,5.3,0,11,-12,5.0,400.0
3.1,0.0,2,400.0,22.0,0,0,0.100001096725,0,94.0,1,18,-4.82104957538,2.20169956891,5.3,0,11,-12,5.0,400.0
3.1,0.0,2,400.0,22.0,0,-1,0.100145101547,-2,94.0,2,2,2.86539633251,4.45864372401,5.3,0,11,-12,5.0,400.0
3.1,0.0,1,400.0,22.0,0,0,0.10011100769,-1,94.0,2,5,5.24605364197,0.754268642848,5.3,0,11,-12,5.0,400.0
3.1,0.0,2,400.0,22.0,0,-1,0.100111961365,-2,94.0,1,16,-5.24605364197,-0.754268642848,5.3,0,11,-12,5.0,400.0
3.1,0.0,1,400.0,22.0,0,0,0.100119829178,0,94.0,2,6,5.24605364197,-0.754268642848,5.3,0,11,-12,5.0,400.0
3.1,0.0,2,400.0,22.0,0,0,0.100105047226,0,94.0,1,7,4.82104957538,-2.20169956891,5.3,0,11,-12,5.0,400.0
3.1,0.0,1,400.0,22.0,0,0,0.0999829769135,-1,94.0,1,11,6.49041367526e-16,-5.3,5.3,0,11,-12,5.0,400.0
3.1,0.0,2,400.0,22.0,0,1,0.100131034851,0,94.0,1,3,4.00547274408,3.47076188991,5.3,0,11,-12,5.0,400.0
3.1,0.0,2,400.0,22.0,0,0,0.0998928546906,0,94.0,1,21,-1.49318255126,5.08531276016,5.3,0,11,-12,5.0,400.0
3.1,0.0,1,400.0,22.0,0,0,0.100113868713,-1,94.0,2,16,-5.24605364197,-0.754268642848,5.3,0,11,-12,5.0,400.0
3.1,0.0,2,400.0,22.0,0,0,0.100168943405,0,94.0,1,2,2.86539633251,4.45864372401,5.3,0,11,-12,5.0,400.0
3.1,0.0,1,400.0,22.0,0,2,0.100106954575,0,94.0,2,15,-4.82104957538,-2.20169956891,5.3,0,11,-12,5.0,400.0
3.1,0.0,2,400.0,22.0,0,1,0.0999228954315,-1,94.0,1,21,-1.49318255126,5.08531276016,5.3,0,11,-12,5.0,400.0
3.1,0.0,2,400.0,22.0,0,1,0.100092887878,-2,94.0,1,13,-2.86539633251,-4.45864372401,5.3,0,11,-12,5.0,400.0
3.1,0.0,2,400.0,22.0,0,-1,0.100033044815,0,94.0,2,3,4.00547274408,3.47076188991,5.3,0,11,-12,5.0,400.0
3.1,0.0,1,400.0,22.0,0,0,0.100067853928,-2,94.0,1,8,4.00547274408,-3.47076188991,5.3,0,11,-12,5.0,400.0
3.1,0.0,1,400.0,22.0,0,0,0.100120067596,-2,94.0,1,16,-5.24605364197,-0.754268642848,5.3,0,11,-12,5.0,400.0
3.1,0.0,1,400.0,22.0,0,0,0.100126028061,0,94.0,2,13,-2.86539633251,-4.45864372401,5.3,0,11,-12,5.0,400.0
3.1,0.0,2,400.0,22.0,0,0,0.10014796257,0,94.0,1,15,-4.82104957538,-2.20169956891,5.3,0,11,-12,5.0,400.0
3.1,0.0,1,400.0,22.0,0,0,0.100105047226,1,94.0,1,13,-2.86539633251,-4.45864372401,5.3,0,11,-12,5.0,400.0
3.1,0.0,2,400.0,22.0,0,0,0.100147008896,0,94.0,1,15,-4.82104957538,-2.20169956891,5.3,0,11,-12,5.0,400.0
3.1,0.0,2,400.0,22.0,0,-1,0.100112915039,0,94.0,1,20,-2.86539633251,4.45864372401,5.3,0,11,-12,5.0,400.0
3.1,0.0,2,400.0,22.0,0,2,0.0999660491943,0,94.0,1,13,-2.86539633251,-4.45864372401,5.3,0,11,-12,5.0,400.0
3.1,0.0,2,400.0,22.0,0,1,0.100069999695,0,94.0,2,16,-5.24605364197,-0.754268642848,5.3,0,11,-12,5.0,400.0
3.1,0.0,1,400.0,22.0,0,-1,0.100100040436,-1,94.0,2,12,-1.49318255126,-5.08531276016,5.3,0,11,-12,5.0,400.0
3.1,0.0,1,400.0,22.0,0,0,0.100095033646,0,94.0,2,16,-5.24605364197,-0.754268642848,5.3,0,11,-12,5.0,400.0
3.1,0.0,1,400.0,22.0,0,0,0.100085020065,0,94.0,2,2,2.86539633251,4.45864372401,5.3,0,11,-12,5.0,400.0
3.1,0.0,1,400.0,22.0,0,0,0.100135803223,2,94.0,1,9,2.86539633251,-4.45864372401,5.3,0,11,-12,5.0,400.0
3.1,0.0,1,400.0,22.0,0,1,0.100099086761,2,94.0,1,3,4.00547274408,3.47076188991,5.3,0,11,-12,5.0,400.0
3.1,0.0,2,400.0,22.0,0,-1,0.100074768066,0,94.0,1,2,2.86539633251,4.45864372401,5.3,0,11,-12,5.0,400.0
3.1,0.0,1,400.0,22.0,0,0,0.100086212158,-1,94.0,1,11,6.49041367526e-16,-5.3,5.3,0,11,-12,5.0,400.0
3.1,0.0,1,400.0,22.0,0,0,0.100124835968,0,94.0,2,5,5.24605364197,0.754268642848,5.3,0,11,-12,5.0,400.0
3.1,0.0,2,400.0,22.0,0,-1,0.100151062012,0,94.0,1,18,-4.82104957538,2.20169956891,5.3,0,11,-12,5.0,400.0
3.1,0.0,2,400.0,22.0,0,-1,0.100090026855,0,94.0,1,19,-4.00547274408,3.47076188991,5.3,0,11,-12,5.0,400.0
3.1,0.0,1,400.0,22.0,0,0,0.100097894669,0,94.0,2,1,1.49318255126,5.08531276016,5.3,0,11,-12,5.0,400.0
3.1,0.0,2,400.0,22.0,0,-1,0.100121974945,0,94.0,2,2,2.86539633251,4.45864372401,5.3,0,11,-12,5.0,400.0
3.1,0.0,2,400.0,22.0,0,0,0.10009598732,0,94.0,1,18,-4.82104957538,2.20169956891,5.3,0,11,-12,5.0,400.0
3.1,0.0,2,400.0,22.0,0,-1,0.100154876709,0,94.0,2,12,-1.49318255126,-5.08531276016,5.3,0,11,-12,5.0,400.0
3.1,0.0,2,400.0,22.0,0,0,0.100062131882,0,94.0,1,5,5.24605364197,0.754268642848,5.3,0,11,-12,5.0,400.0
3.1,0.0,1,400.0,22.0,0,-2,0.100076913834,0,94.0,2,9,2.86539633251,-4.45864372401,5.3,0,11,-12,5.0,400.0
3.1,0.0,1,400.0,22.0,0,2,0.100088119507,0,94.0,1,16,-5.24605364197,-0.754268642848,5.3,0,11,-12,5.0,400.0
3.1,0.0,2,400.0,22.0,0,0,0.0999040603638,1,94.0,2,13,-2.86539633251,-4.45864372401,5.3,0,11,-12,5.0,400.0
3.1,0.0,2,400.0,22.0,0,-1,0.10014796257,0,94.0,1,17,-5.24605364197,0.754268642848,5.3,0,11,-12,5.0,400.0
3.1,0.0,2,400.0,22.0,0,2,0.0998268127441,2,94.0,2,14,-4.00547274408,-3.47076188991,5.3,0,11,-12,5.0,400.0
3.1,0.0,1,400.0,22.0,0,1,0.100094079971,1,94.0,2,13,-2.86539633251,-4.45864372401,5.3,0,11,-12,5.0,400.0
3.1,0.0,2,400.0,22.0,0,0,0.0999071598053,0,94.0,1,16,-5.24605364197,-0.754268642848,5.3,0,11,-12,5.0,400.0
3.1,0.0,2,400.0,22.0,0,-1,0.100042819977,1,94.0,1,12,-1.49318255126,-5.08531276016,5.3,0,11,-12,5.0,400.0
3.1,0.0,2,400.0,22.0,0,-2,0.100125074387,2,94.0,2,12,-1.49318255126,-5.08531276016,5.3,0,11,-12,5.0,400.0
3.1,0.0,2,400.0,22.0,0,2,0.100036144257,0,94.0,2,1,1.49318255126,5.08531276016,5.3,0,11,-12,5.0,400.0
3.1,0.0,1,400.0,22.0,0,-2,0.100089073181,-1,94.0,1,5,5.24605364197,0.754268642848,5.3,0,11,-12,5.0,400.0
3.1,0.0,1,400.0,22.0,0,0,0.100067138672,2,94.0,1,5,5.24605364197,0.754268642848,5.3,0,11,-12,5.0,400.0
3.1,0.0,2,400.0,22.0,0,0,0.100126981735,-1,94.0,2,18,-4.82104957538,2.20169956891,5.3,0,11,-12,5.0,400.0
3.1,0.0,1,400.0,22.0,0,-2,0.10014295578,0,94.0,2,19,-4.00547274408,3.47076188991,5.3,0,11,-12,5.0,400.0
3.1,0.0,1,400.0,22.0,0,0,0.100214958191,0,94.0,2,0,0.0,5.3,5.3,0,11,-12,5.0,400.0
3.1,0.0,1,400.0,22.0,0,2,0.100135087967,-2,94.0,2,14,-4.00547274408,-3.47076188991,5.3,0,11,-12,5.0,400.0
3.1,0.0,2,400.0,22.0,0,0,0.100166082382,0,94.0,1,16,-5.24605364197,-0.754268642848,5.3,0,11,-12,5.0,400.0
3.1,0.0,2,400.0,22.0,0,0,0.100075960159,-1,94.0,1,7,4.82104957538,-2.20169956891,5.3,0,11,-12,5.0,400.0
3.1,0.0,2,400.0,22.0,0,0,0.100147008896,1,94.0,2,16,-5.24605364197,-0.754268642848,5.3,0,11,-12,5.0,400.0
3.1,0.0,2,400.0,22.0,0,-1,0.100101947784,-1,94.0,1,8,4.00547274408,-3.47076188991,5.3,0,11,-12,5.0,400.0
3.1,0.0,2,400.0,22.0,0,-1,0.100089073181,-2,94.0,1,10,1.49318255126,-5.08531276016,5.3,0,11,-12,5.0,400.0
3.1,0.0,2,400.0,22.0,0,-2,0.100093841553,0,94.0,1,4,4.82104957538,2.20169956891,5.3,0,11,-12,5.0,400.0
3.1,0.0,1,400.0,22.0,0,0,0.100161075592,-1,94.0,1,0,0.0,5.3,5.3,0,11,-12,5.0,400.0
3.1,0.0,2,400.0,22.0,0,2,0.100099802017,0,94.0,2,19,-4.00547274408,3.47076188991,5.3,0,11,-12,5.0,400.0
3.1,0.0,2,400.0,22.0,0,0,0.100094079971,0,94.0,2,7,4.82104957538,-2.20169956891,5.3,0,11,-12,5.0,400.0
3.1,0.0,2,400.0,22.0,0,0,0.100123882294,-1,94.0,1,6,5.24605364197,-0.754268642848,5.3,0,11,-12,5.0,400.0
3.1,0.0,2,400.0,22.0,0,0,0.100085020065,0,94.0,1,11,6.49041367526e-16,-5.3,5.3,0,11,-12,5.0,400.0
3.1,0.0,2,400.0,22.0,0,-1,0.100068092346,0,94.0,2,11,6.49041367526e-16,-5.3,5.3,0,11,-12,5.0,400.0
3.1,0.0,2,400.0,22.0,0,2,0.100066900253,1,94.0,1,12,-1.49318255126,-5.08531276016,5.3,0,11,-12,5.0,400.0
3.1,0.0,2,400.0,22.0,0,0,0.100083827972,0,94.0,1,1,1.49318255126,5.08531276016,5.3,0,11,-12,5.0,400.0
3.1,0.0,2,400.0,22.0,0,-2,0.100129127502,0,94.0,1,16,-5.24605364197,-0.754268642848,5.3,0,11,-12,5.0,400.0
3.1,0.0,2,400.0,22.0,0,2,0.100131034851,0,94.0,1,1,1.49318255126,5.08531276016,5.3,0,11,-12,5.0,400.0
3.1,0.0,2,400.0,22.0,0,0,0.0999901294708,2,94.0,1,15,-4.82104957538,-2.20169956891,5.3,0,11,-12,5.0,400.0
3.1,0.0,2,400.0,22.0,0,0,0.100093841553,0,94.0,1,1,1.49318255126,5.08531276016,5.3,0,11,-12,5.0,400.0
3.1,0.0,2,400.0,22.0,0,2,0.0999188423157,2,94.0,2,6,5.24605364197,-0.754268642848,5.3,0,11,-12,5.0,400.0
3.1,0.0,2,400.0,22.0,0,2,0.101932048798,0,94.0,2,15,-4.82104957538,-2.20169956891,5.3,0,11,-12,5.0,400.0
3.1,0.0,2,400.0,22.0,0,0,0.100159168243,-1,94.0,2,13,-2.86539633251,-4.45864372401,5.3,0,11,-12,5.0,400.0
3.1,0.0,2,400.0,22.0,0,-1,0.100051879883,2,94.0,2,12,-1.49318255126,-5.08531276016,5.3,0,11,-12,5.0,400.0
3.1,0.0,2,400.0,22.0,0,0,0.100086927414,0,94.0,1,16,-5.24605364197,-0.754268642848,5.3,0,11,-12,5.0,400.0
3.1,0.0,2,400.0,22.0,0,-1,0.0999119281769,1,94.0,1,21,-1.49318255126,5.08531276016,5.3,0,11,-12,5.0,400.0
3.1,0.0,2,400.0,22.0,0,2,0.100138902664,0,94.0,1,18,-4.82104957538,2.20169956891,5.3,0,11,-12,5.0,400.0
3.1,0.0,2,400.0,22.0,0,2,0.100075006485,0,94.0,2,6,5.24605364197,-0.754268642848,5.3,0,11,-12,5.0,400.0
3.1,0.0,2,400.0,22.0,0,2,0.100045919418,1,94.0,2,4,4.82104957538,2.20169956891,5.3,0,11,-12,5.0,400.0
3.1,0.0,2,400.0,22.0,0,-1,0.100171089172,2,94.0,1,7,4.82104957538,-2.20169956891,5.3,0,11,-12,5.0,400.0
3.1,0.0,1,400.0,22.0,0,2,0.100094079971,-2,94.0,1,19,-4.00547274408,3.47076188991,5.3,0,11,-12,5.0,400.0
3.1,0.0,2,400.0,22.0,0,0,0.100153923035,-2,94.0,2,6,5.24605364197,-0.754268642848,5.3,0,11,-12,5.0,400.0
3.1,0.0,1,400.0,22.0,0,1,0.100105047226,0,94.0,2,14,-4.00547274408,-3.47076188991,5.3,0,11,-12,5.0,400.0
3.1,0.0,2,400.0,22.0,0,0,0.10014295578,-1,94.0,2,7,4.82104957538,-2.20169956891,5.3,0,11,-12,5.0,400.0
3.1,0.0,2,400.0,22.0,0,-1,0.100087881088,0,94.0,2,17,-5.24605364197,0.754268642848,5.3,0,11,-12,5.0,400.0
3.1,0.0,2,400.0,22.0,0,0,0.100116014481,0,94.0,1,16,-5.24605364197,-0.754268642848,5.3,0,11,-12,5.0,400.0
3.1,0.0,1,400.0,22.0,0,-1,0.100183010101,-2,94.0,2,9,2.86539633251,-4.45864372401,5.3,0,11,-12,5.0,400.0
3.1,0.0,2,400.0,22.0,0,0,0.100111961365,-1,94.0,2,5,5.24605364197,0.754268642848,5.3,0,11,-12,5.0,400.0
3.1,0.0,2,400.0,22.0,0,-1,0.100139141083,0,94.0,1,20,-2.86539633251,4.45864372401,5.3,0,11,-12,5.0,400.0
3.1,0.0,2,400.0,22.0,0,0,0.100146055222,-2,94.0,2,14,-4.00547274408,-3.47076188991,5.3,0,11,-12,5.0,400.0
3.1,0.0,1,400.0,22.0,0,0,0.100109100342,2,94.0,2,19,-4.00547274408,3.47076188991,5.3,0,11,-12,5.0,400.0
3.1,0.0,2,400.0,22.0,0,0,0.100401878357,0,94.0,1,6,5.24605364197,-0.754268642848,5.3,0,11,-12,5.0,400.0
3.1,0.0,1,400.0,22.0,0,0,0.100152015686,2,94.0,1,12,-1.49318255126,-5.08531276016,5.3,0,11,-12,5.0,400.0
3.1,0.0,1,400.0,22.0,0,2,0.100086212158,0,94.0,2,20,-2.86539633251,4.45864372401,5.3,0,11,-12,5.0,400.0
3.1,0.0,2,400.0,22.0,0,0,0.100095033646,1,94.0,1,14,-4.00547274408,-3.47076188991,5.3,0,11,-12,5.0,400.0
3.1,0.0,2,400.0,22.0,0,1,0.100099086761,-1,94.0,2,9,2.86539633251,-4.45864372401,5.3,0,11,-12,5.0,400.0
3.1,0.0,2,400.0,22.0,0,1,0.100102186203,0,94.0,2,7,4.82104957538,-2.20169956891,5.3,0,11,-12,5.0,400.0
3.1,0.0,1,400.0,22.0,0,-1,0.100099086761,0,94.0,2,11,6.49041367526e-16,-5.3,5.3,0,11,-12,5.0,400.0
3.1,0.0,2,400.0,22.0,0,1,0.100173950195,0,94.0,1,6,5.24605364197,-0.754268642848,5.3,0,11,-12,5.0,400.0
3.1,0.0,2,400.0,22.0,0,-1,0.100116014481,1,94.0,1,13,-2.86539633251,-4.45864372401,5.3,0,11,-12,5.0,400.0
3.1,0.0,2,400.0,22.0,0,1,0.0995512008667,0,94.0,1,20,-2.86539633251,4.45864372401,5.3,0,11,-12,5.0,400.0
3.1,0.0,2,400.0,22.0,0,-1,0.100040912628,0,94.0,1,7,4.82104957538,-2.20169956891,5.3,0,11,-12,5.0,400.0
3.1,0.0,1,400.0,22.0,0,0,0.0998301506042,1,94.0,1,13,-2.86539633251,-4.45864372401,5.3,0,11,-12,5.0,400.0
3.1,0.0,2,400.0,22.0,0,0,0.100100040436,0,94.0,1,4,4.82104957538,2.20169956891,5.3,0,11,-12,5.0,400.0
3.1,0.0,1,400.0,22.0,0,2,0.100100040436,-2,94.0,2,1,1.49318255126,5.08531276016,5.3,0,11,-12,5.0,400.0
3.1,0.0,1,400.0,22.0,0,-1,0.100569009781,-1,94.0,1,21,-1.49318255126,5.08531276016,5.3,0,11,-12,5.0,400.0
3.1,0.0,1,400.0,22.0,0,0,0.100155115128,-2,94.0,1,14,-4.00547274408,-3.47076188991,5.3,0,11,-12,5.0,400.0
3.1,0.0,2,400.0,22.0,0,1,0.100130081177,0,94.0,1,7,4.82104957538,-2.20169956891,5.3,0,11,-12,5.0,400.0
3.1,0.0,2,400.0,22.0,0,-1,0.10009598732,2,94.0,1,19,-4.00547274408,3.47076188991,5.3,0,11,-12,5.0,400.0
3.1,0.0,1,400.0,22.0,0,0,0.100114107132,-2,94.0,2,12,-1.49318255126,-5.08531276016,5.3,0,11,-12,5.0,400.0
3.1,0.0,2,400.0,22.0,0,0,0.100133180618,0,94.0,1,19,-4.00547274408,3.47076188991,5.3,0,11,-12,5.0,400.0
3.1,0.0,2,400.0,22.0,0,0,0.0999200344086,-2,94.0,2,0,0.0,5.3,5.3,0,11,-12,5.0,400.0
3.1,0.0,1,400.0,22.0,0,1,0.10014796257,2,94.0,2,15,-4.82104957538,-2.20169956891,5.3,0,11,-12,5.0,400.0
3.1,0.0,1,400.0,22.0,0,2,0.100130081177,-1,94.0,2,3,4.00547274408,3.47076188991,5.3,0,11,-12,5.0,400.0
3.1,0.0,2,400.0,22.0,0,-1,0.100146055222,2,94.0,1,16,-5.24605364197,-0.754268642848,5.3,0,11,-12,5.0,400.0
3.1,0.0,1,400.0,22.0,0,0,0.100108146667,0,94.0,2,1,1.49318255126,5.08531276016,5.3,0,11,-12,5.0,400.0
3.1,0.0,2,400.0,22.0,0,0,0.100118875504,0,94.0,1,1,1.49318255126,5.08531276016,5.3,0,11,-12,5.0,400.0
3.1,0.0,1,400.0,22.0,0,0,0.10009598732,2,94.0,1,18,-4.82104957538,2.20169956891,5.3,0,11,-12,5.0,400.0
3.1,0.0,2,400.0,22.0,0,0,0.100128889084,0,94.0,1,18,-4.82104957538,2.20169956891,5.3,0,11,-12,5.0,400.0
3.1,0.0,2,400.0,22.0,0,0,0.100109100342,1,94.0,2,12,-1.49318255126,-5.08531276016,5.3,0,11,-12,5.0,400.0
3.1,0.0,1,400.0,22.0,0,0,0.0998930931091,1,94.0,2,4,4.82104957538,2.20169956891,5.3,0,11,-12,5.0,400.0
3.1,0.0,1,400.0,22.0,0,-1,0.101050853729,0,94.0,2,11,6.49041367526e-16,-5.3,5.3,0,11,-12,5.0,400.0
3.1,0.0,2,400.0,22.0,0,0,0.100123167038,0,94.0,1,7,4.82104957538,-2.20169956891,5.3,0,11,-12,5.0,400.0
3.1,0.0,2,400.0,22.0,0,-1,0.10015296936,0,94.0,1,1,1.49318255126,5.08531276016,5.3,0,11,-12,5.0,400.0
3.1,0.0,1,400.0,22.0,0,2,0.1001060009,1,94.0,2,1,1.49318255126,5.08531276016,5.3,0,11,-12,5.0,400.0
3.1,0.0,2,400.0,22.0,0,-2,0.100113868713,-1,94.0,2,19,-4.00547274408,3.47076188991,5.3,0,11,-12,5.0,400.0
3.1,0.0,2,400.0,22.0,0,1,0.100147008896,0,94.0,2,0,0.0,5.3,5.3,0,11,-12,5.0,400.0
3.1,0.0,2,400.0,22.0,0,1,0.1001060009,1,94.0,1,12,-1.49318255126,-5.08531276016,5.3,0,11,-12,5.0,400.0
3.1,0.0,1,400.0,22.0,0,0,0.100116968155,0,94.0,2,3,4.00547274408,3.47076188991,5.3,0,11,-12,5.0,400.0
3.1,0.0,1,400.0,22.0,0,0,0.0998110771179,-1,94.0,1,3,4.00547274408,3.47076188991,5.3,0,11,-12,5.0,400.0
3.1,0.0,2,400.0,22.0,0,0,0.100028038025,1,94.0,1,14,-4.00547274408,-3.47076188991,5.3,0,11,-12,5.0,400.0
3.1,0.0,2,400.0,22.0,0,-1,0.100125789642,0,94.0,1,2,2.86539633251,4.45864372401,5.3,0,11,-12,5.0,400.0
3.1,0.0,2,400.0,22.0,0,1,0.100096940994,0,94.0,2,17,-5.24605364197,0.754268642848,5.3,0,11,-12,5.0,400.0
3.1,0.0,2,400.0,22.0,0,0,0.100088119507,0,94.0,1,1,1.49318255126,5.08531276016,5.3,0,11,-12,5.0,400.0
3.1,0.0,1,400.0,22.0,0,0,0.100142002106,2,94.0,1,5,5.24605364197,0.754268642848,5.3,0,11,-12,5.0,400.0
3.1,0.0,2,400.0,22.0,0,0,0.100124835968,0,94.0,1,0,0.0,5.3,5.3,0,11,-12,5.0,400.0
3.1,0.0,2,400.0,22.0,0,0,0.100110054016,-2,94.0,2,11,6.49041367526e-16,-5.3,5.3,0,11,-12,5.0,400.0
3.1,0.0,1,400.0,22.0,0,1,0.10010099411,2,94.0,2,12,-1.49318255126,-5.08531276016,5.3,0,11,-12,5.0,400.0
3.1,0.0,2,400.0,22.0,0,-1,0.100098848343,0,94.0,1,13,-2.86539633251,-4.45864372401,5.3,0,11,-12,5.0,400.0
3.1,0.0,2,400.0,22.0,0,-1,0.0999519824982,0,94.0,2,7,4.82104957538,-2.20169956891,5.3,0,11,-12,5.0,400.0
3.1,0.0,1,400.0,22.0,0,0,0.100103855133,1,94.0,1,10,1.49318255126,-5.08531276016,5.3,0,11,-12,5.0,400.0
3.1,0.0,2,400.0,22.0,0,-1,0.100090026855,1,94.0,2,16,-5.24605364197,-0.754268642848,5.3,0,11,-12,5.0,400.0
3.1,0.0,2,400.0,22.0,0,1,0.100144863129,0,94.0,2,5,5.24605364197,0.754268642848,5.3,0,11,-12,5.0,400.0
3.1,0.0,2,400.0,22.0,0,0,0.100155830383,0,94.0,1,4,4.82104957538,2.20169956891,5.3,0,11,-12,5.0,400.0
3.1,0.0,2,400.0,22.0,0,0,0.100111961365,0,94.0,1,21,-1.49318255126,5.08531276016,5.3,0,11,-12,5.0,400.0
3.1,0.0,1,400.0,22.0,0,-1,0.0999410152435,-2,94.0,2,15,-4.82104957538,-2.20169956891,5.3,0,11,-12,5.0,400.0
3.1,0.0,2,400.0,22.0,0,-1,0.100104808807,-1,94.0,1,8,4.00547274408,-3.47076188991,5.3,0,11,-12,5.0,400.0
3.1,0.0,1,400.0,22.0,0,1,0.100115060806,-2,94.0,1,12,-1.49318255126,-5.08531276016,5.3,0,11,-12,5.0,400.0
3.1,0.0,2,400.0,22.0,0,-1,0.100173950195,-2,94.0,1,5,5.24605364197,0.754268642848,5.3,0,11,-12,5.0,400.0
3.1,0.0,2,400.0,22.0,0,-2,0.100316047668,1,94.0,2,17,-5.24605364197,0.754268642848,5.3,0,11,-12,5.0,400.0
3.1,0.0,2,400.0,22.0,0,2,0.100119113922,0,94.0,1,18,-4.82104957538,2.20169956891,5.3,0,11,-12,5.0,400.0
3.1,0.0,2,400.0,22.0,0,2,0.100125074387,0,94.0,2,6,5.24605364197,-0.754268642848,5.3,0,11,-12,5.0,400.0
3.1,0.0,2,400.0,22.0,0,1,0.099867105484,0,94.0,2,19,-4.00547274408,3.47076188991,5.3,0,11,-12,5.0,400.0
3.1,0.0,2,400.0,22.0,0,0,0.100100040436,0,94.0,1,6,5.24605364197,-0.754268642848,5.3,0,11,-12,5.0,400.0
3.1,0.0,2,400.0,22.0,0,0,0.100136041641,0,94.0,1,16,-5.24605364197,-0.754268642848,5.3,0,11,-12,5.0,400.0
3.1,0.0,2,400.0,22.0,0,0,0.100113153458,0,94.0,1,1,1.49318255126,5.08531276016,5.3,0,11,-12,5.0,400.0
3.1,0.0,2,400.0,22.0,0,1,0.0995271205902,0,94.0,2,5,5.24605364197,0.754268642848,5.3,0,11,-12,5.0,400.0
3.1,0.0,2,400.0,22.0,0,0,0.100116968155,2,94.0,1,8,4.00547274408,-3.47076188991,5.3,0,11,-12,5.0,400.0
3.1,0.0,2,400.0,22.0,0,0,0.100118875504,0,94.0,1,17,-5.24605364197,0.754268642848,5.3,0,11,-12,5.0,400.0
3.1,0.0,2,400.0,22.0,0,2,0.100369215012,0,94.0,2,0,0.0,5.3,5.3,0,11,-12,5.0,400.0
3.1,0.0,2,400.0,22.0,0,0,0.100056886673,0,94.0,1,3,4.00547274408,3.47076188991,5.3,0,11,-12,5.0,400.0
3.1,0.0,1,400.0,22.0,0,-2,0.100097179413,0,94.0,2,9,2.86539633251,-4.45864372401,5.3,0,11,-12,5.0,400.0
3.1,0.0,1,400.0,22.0,0,0,0.100051164627,1,94.0,1,13,-2.86539633251,-4.45864372401,5.3,0,11,-12,5.0,400.0
3.1,0.0,2,400.0,22.0,0,0,0.0999119281769,0,94.0,1,6,5.24605364197,-0.754268642848,5.3,0,11,-12,5.0,400.0
3.1,0.0,2,400.0,22.0,0,-2,0.100074052811,2,94.0,1,13,-2.86539633251,-4.45864372401,5.3,0,11,-12,5.0,400.0
3.1,0.0,2,400.0,22.0,0,0,0.100153207779,0,94.0,1,15,-4.82104957538,-2.20169956891,5.3,0,11,-12,5.0,400.0
3.1,0.0,2,400.0,22.0,0,2,0.100064992905,-1,94.0,1,11,6.49041367526e-16,-5.3,5.3,0,11,-12,5.0,400.0
3.1,0.0,2,400.0,22.0,0,-2,0.100237846375,-1,94.0,1,8,4.00547274408,-3.47076188991,5.3,0,11,-12,5.0,400.0
3.1,0.0,2,400.0,22.0,0,-1,0.100130081177,0,94.0,2,16,-5.24605364197,-0.754268642848,5.3,0,11,-12,5.0,400.0
3.1,0.0,2,400.0,22.0,0,-2,0.100165128708,1,94.0,2,6,5.24605364197,-0.754268642848,5.3,0,11,-12,5.0,400.0
3.1,0.0,2,400.0,22.0,0,0,0.100122928619,-2,94.0,1,0,0.0,5.3,5.3,0,11,-12,5.0,400.0
3.1,0.0,1,400.0,22.0,0,-1,0.10013794899,2,94.0,1,12,-1.49318255126,-5.08531276016,5.3,0,11,-12,5.0,400.0
3.1,0.0,2,400.0,22.0,0,0,0.100134134293,0,94.0,1,0,0.0,5.3,5.3,0,11,-12,5.0,400.0
3.1,0.0,2,400.0,22.0,0,0,0.100121021271,0,94.0,1,18,-4.82104957538,2.20169956891,5.3,0,11,-12,5.0,400.0
3.1,0.0,2,400.0,22.0,0,2,0.100142002106,-1,94.0,2,18,-4.82104957538,2.20169956891,5.3,0,11,-12,5.0,400.0
3.1,0.0,1,400.0,22.0,0,-2,0.0998950004578,2,94.0,1,12,-1.49318255126,-5.08531276016,5.3,0,11,-12,5.0,400.0
3.1,0.0,2,400.0,22.0,0,0,0.100303888321,0,94.0,1,21,-1.49318255126,5.08531276016,5.3,0,11,-12,5.0,400.0
3.1,0.0,1,400.0,22.0,0,1,0.100158214569,0,94.0,1,13,-2.86539633251,-4.45864372401,5.3,0,11,-12,5.0,400.0
3.1,0.0,2,400.0,22.0,0,-2,0.100095033646,0,94.0,2,2,2.86539633251,4.45864372401,5.3,0,11,-12,5.0,400.0
3.1,0.0,2,400.0,22.0,0,-1,0.100131034851,-1,94.0,1,6,5.24605364197,-0.754268642848,5.3,0,11,-12,5.0,400.0
3.1,0.0,2,400.0,22.0,0,-1,0.100101947784,-2,94.0,2,11,6.49041367526e-16,-5.3,5.3,0,11,-12,5.0,400.0
3.1,0.0,1,400.0,22.0,0,0,0.100337028503,-1,94.0,2,19,-4.00547274408,3.47076188991,5.3,0,11,-12,5.0,400.0
3.1,0.0,2,400.0,22.0,0,0,0.10014295578,0,94.0,1,5,5.24605364197,0.754268642848,5.3,0,11,-12,5.0,400.0
3.1,0.0,2,400.0,22.0,0,0,0.100125074387,-1,94.0,1,12,-1.49318255126,-5.08531276016,5.3,0,11,-12,5.0,400.0
3.1,0.0,2,400.0,22.0,0,0,0.099949836731,-1,94.0,2,18,-4.82104957538,2.20169956891,5.3,0,11,-12,5.0,400.0
3.1,0.0,2,400.0,22.0,0,0,0.100100040436,0,94.0,1,0,0.0,5.3,5.3,0,11,-12,5.0,400.0
3.1,0.0,2,400.0,22.0,0,0,0.10009098053,-1,94.0,1,2,2.86539633251,4.45864372401,5.3,0,11,-12,5.0,400.0
3.1,0.0,1,400.0,22.0,0,0,0.100136041641,-1,94.0,2,18,-4.82104957538,2.20169956891,5.3,0,11,-12,5.0,400.0
3.1,0.0,2,400.0,22.0,0,0,0.100161075592,0,94.0,1,21,-1.49318255126,5.08531276016,5.3,0,11,-12,5.0,400.0
3.1,0.0,2,400.0,22.0,0,-1,0.100086927414,2,94.0,1,13,-2.86539633251,-4.45864372401,5.3,0,11,-12,5.0,400.0
3.1,0.0,2,400.0,22.0,0,-1,0.100097179413,0,94.0,2,13,-2.86539633251,-4.45864372401,5.3,0,11,-12,5.0,400.0
3.1,0.0,2,400.0,22.0,0,1,0.100090026855,1,94.0,1,19,-4.00547274408,3.47076188991,5.3,0,11,-12,5.0,400.0
3.1,0.0,2,400.0,22.0,0,-1,0.100130796432,0,94.0,1,21,-1.49318255126,5.08531276016,5.3,0,11,-12,5.0,400.0
3.1,0.0,2,400.0,22.0,0,-2,0.100160121918,-1,94.0,1,12,-1.49318255126,-5.08531276016,5.3,0,11,-12,5.0,400.0
3.1,0.0,2,400.0,22.0,0,-1,0.101009130478,0,94.0,1,17,-5.24605364197,0.754268642848,5.3,0,11,-12,5.0,400.0
3.1,0.0,2,400.0,22.0,0,1,0.100088119507,0,94.0,1,2,2.86539633251,4.45864372401,5.3,0,11,-12,5.0,400.0
3.1,0.0,2,400.0,22.0,0,0,0.100114107132,1,94.0,1,15,-4.82104957538,-2.20169956891,5.3,0,11,-12,5.0,400.0
3.1,0.0,2,400.0,22.0,0,-2,0.100089073181,2,94.0,2,21,-1.49318255126,5.08531276016,5.3,0,11,-12,5.0,400.0
3.1,0.0,1,400.0,22.0,0,0,0.100181102753,1,94.0,2,7,4.82104957538,-2.20169956891,5.3,0,11,-12,5.0,400.0
3.1,0.0,2,400.0,22.0,0,-1,0.100112199783,0,94.0,1,5,5.24605364197,0.754268642848,5.3,0,11,-12,5.0,400.0
3.1,0.0,2,400.0,22.0,0,0,0.10011100769,0,94.0,1,14,-4.00547274408,-3.47076188991,5.3,0,11,-12,5.0,400.0
3.1,0.0,2,400.0,22.0,0,0,0.100108861923,-1,94.0,2,9,2.86539633251,-4.45864372401,5.3,0,11,-12,5.0,400.0
3.1,0.0,2,400.0,22.0,0,0,0.100059986115,-2,94.0,1,21,-1.49318255126,5.08531276016,5.3,0,11,-12,5.0,400.0
3.1,0.0,2,400.0,22.0,0,2,0.100133895874,0,94.0,1,21,-1.49318255126,5.08531276016,5.3,0,11,-12,5.0,400.0
3.1,0.0,1,400.0,22.0,0,-2,0.100103139877,2,94.0,2,9,2.86539633251,-4.45864372401,5.3,0,11,-12,5.0,400.0
3.1,0.0,2,400.0,22.0,0,0,0.100118160248,0,94.0,1,6,5.24605364197,-0.754268642848,5.3,0,11,-12,5.0,400.0
3.1,0.0,2,400.0,22.0,0,0,0.100111961365,0,94.0,1,20,-2.86539633251,4.45864372401,5.3,0,11,-12,5.0,400.0
3.1,0.0,2,400.0,22.0,0,-1,0.0999619960785,0,94.0,1,17,-5.24605364197,0.754268642848,5.3,0,11,-12,5.0,400.0
3.1,0.0,2,400.0,22.0,0,0,0.100062131882,1,94.0,1,4,4.82104957538,2.20169956891,5.3,0,11,-12,5.0,400.0
3.1,0.0,2,400.0,22.0,0,2,0.10008597374,0,94.0,1,1,1.49318255126,5.08531276016,5.3,0,11,-12,5.0,400.0
3.1,0.0,1,400.0,22.0,0,0,0.100111961365,-2,94.0,2,13,-2.86539633251,-4.45864372401,5.3,0,11,-12,5.0,400.0
3.1,0.0,2,400.0,22.0,0,0,0.100144863129,0,94.0,1,2,2.86539633251,4.45864372401,5.3,0,11,-12,5.0,400.0
3.1,0.0,1,400.0,22.0,0,0,0.100100040436,2,94.0,1,3,4.00547274408,3.47076188991,5.3,0,11,-12,5.0,400.0
3.1,0.0,1,400.0,22.0,0,0,0.10010099411,2,94.0,2,1,1.49318255126,5.08531276016,5.3,0,11,-12,5.0,400.0
3.1,0.0,2,400.0,22.0,0,-2,0.100108146667,0,94.0,1,21,-1.49318255126,5.08531276016,5.3,0,11,-12,5.0,400.0
3.1,0.0,2,400.0,22.0,0,-2,0.100048065186,0,94.0,1,2,2.86539633251,4.45864372401,5.3,0,11,-12,5.0,400.0
3.1,0.0,2,400.0,22.0,0,-1,0.10008597374,2,94.0,1,13,-2.86539633251,-4.45864372401,5.3,0,11,-12,5.0,400.0
3.1,0.0,1,400.0,22.0,0,0,0.1001329422,0,94.0,2,4,4.82104957538,2.20169956891,5.3,0,11,-12,5.0,400.0
3.1,0.0,2,400.0,22.0,0,-1,0.100119113922,-2,94.0,1,16,-5.24605364197,-0.754268642848,5.3,0,11,-12,5.0,400.0
3.1,0.0,2,400.0,22.0,0,-1,0.100130796432,1,94.0,1,20,-2.86539633251,4.45864372401,5.3,0,11,-12,5.0,400.0
3.1,0.0,2,400.0,22.0,0,0,0.100166082382,0,94.0,1,4,4.82104957538,2.20169956891,5.3,0,11,-12,5.0,400.0
3.1,0.0,1,400.0,22.0,0,0,0.10009098053,1,94.0,1,7,4.82104957538,-2.20169956891,5.3,0,11,-12,5.0,400.0
3.1,0.0,2,400.0,22.0,0,-2,0.10011100769,-1,94.0,1,8,4.00547274408,-3.47076188991,5.3,0,11,-12,5.0,400.0
