cue-length,ms-precue,resp-v-hv,ms-st-cue,nitems,offset2,resp-h-pos,actualStimOn,resp-v-pos,ms-stimon,resp-h-hv,cue-loc-int,cue-loc-x,cue-loc-y,radius,bars-or-spot,version,offset,npractice,ntrials
3.1,0.0,1,400.0,22.0,0,0,0.097186088562,0,94.0,1,4,4.82104957538,2.20169956891,5.3,0,11,-12,5.0,300.0
3.1,0.0,2,400.0,22.0,0,2,0.0971729755402,0,94.0,2,17,-5.24605364197,0.754268642848,5.3,0,11,-12,5.0,300.0
3.1,0.0,1,400.0,22.0,0,1,0.097048997879,0,94.0,1,4,4.82104957538,2.20169956891,5.3,0,11,-12,5.0,300.0
3.1,0.0,2,400.0,22.0,0,-2,0.0970268249512,-1,94.0,2,20,-2.86539633251,4.45864372401,5.3,0,11,-12,5.0,300.0
3.1,0.0,1,400.0,22.0,0,0,0.0971858501434,2,94.0,2,17,-5.24605364197,0.754268642848,5.3,0,11,-12,5.0,300.0
3.1,0.0,2,400.0,22.0,0,1,0.0970160961151,0,94.0,2,21,-1.49318255126,5.08531276016,5.3,0,11,-12,5.0,300.0
3.1,0.0,2,400.0,22.0,0,-2,0.0971961021423,-1,94.0,2,10,1.49318255126,-5.08531276016,5.3,0,11,-12,5.0,300.0
3.1,0.0,2,400.0,22.0,0,0,0.0971899032593,0,94.0,1,18,-4.82104957538,2.20169956891,5.3,0,11,-12,5.0,300.0
3.1,0.0,2,400.0,22.0,0,-2,0.0971810817719,-2,94.0,1,9,2.86539633251,-4.45864372401,5.3,0,11,-12,5.0,300.0
3.1,0.0,2,400.0,22.0,0,-1,0.0970249176025,0,94.0,2,21,-1.49318255126,5.08531276016,5.3,0,11,-12,5.0,300.0
3.1,0.0,2,400.0,22.0,0,0,0.0971918106079,-2,94.0,2,10,1.49318255126,-5.08531276016,5.3,0,11,-12,5.0,300.0
3.1,0.0,2,400.0,22.0,0,1,0.0971958637238,2,94.0,1,12,-1.49318255126,-5.08531276016,5.3,0,11,-12,5.0,300.0
3.1,0.0,2,400.0,22.0,0,0,0.0971949100494,0,94.0,1,6,5.24605364197,-0.754268642848,5.3,0,11,-12,5.0,300.0
3.1,0.0,1,400.0,22.0,0,0,0.0970280170441,0,94.0,2,5,5.24605364197,0.754268642848,5.3,0,11,-12,5.0,300.0
3.1,0.0,2,400.0,22.0,0,-2,0.0972020626068,-1,94.0,2,9,2.86539633251,-4.45864372401,5.3,0,11,-12,5.0,300.0
3.1,0.0,2,400.0,22.0,0,2,0.097186088562,0,94.0,2,2,2.86539633251,4.45864372401,5.3,0,11,-12,5.0,300.0
3.1,0.0,2,400.0,22.0,0,1,0.0971939563751,0,94.0,2,7,4.82104957538,-2.20169956891,5.3,0,11,-12,5.0,300.0
3.1,0.0,2,400.0,22.0,0,-2,0.0972437858582,1,94.0,2,18,-4.82104957538,2.20169956891,5.3,0,11,-12,5.0,300.0
3.1,0.0,1,400.0,22.0,0,2,0.0970640182495,-2,94.0,2,18,-4.82104957538,2.20169956891,5.3,0,11,-12,5.0,300.0
3.1,0.0,2,400.0,22.0,0,0,0.0971858501434,-1,94.0,1,13,-2.86539633251,-4.45864372401,5.3,0,11,-12,5.0,300.0
3.1,0.0,2,400.0,22.0,0,0,0.0970199108124,0,94.0,1,13,-2.86539633251,-4.45864372401,5.3,0,11,-12,5.0,300.0
3.1,0.0,2,400.0,22.0,0,0,0.0971839427948,0,94.0,1,19,-4.00547274408,3.47076188991,5.3,0,11,-12,5.0,300.0
3.1,0.0,2,400.0,22.0,0,0,0.0971848964691,0,94.0,1,19,-4.00547274408,3.47076188991,5.3,0,11,-12,5.0,300.0
3.1,0.0,1,400.0,22.0,0,1,0.0971879959106,-2,94.0,1,2,2.86539633251,4.45864372401,5.3,0,11,-12,5.0,300.0
3.1,0.0,2,400.0,22.0,0,0,0.0971851348877,-1,94.0,2,21,-1.49318255126,5.08531276016,5.3,0,11,-12,5.0,300.0
3.1,0.0,2,400.0,22.0,0,-2,0.0971961021423,1,94.0,2,18,-4.82104957538,2.20169956891,5.3,0,11,-12,5.0,300.0
3.1,0.0,2,400.0,22.0,0,1,0.0971879959106,0,94.0,2,4,4.82104957538,2.20169956891,5.3,0,11,-12,5.0,300.0
3.1,0.0,2,400.0,22.0,0,0,0.0970199108124,2,94.0,1,16,-5.24605364197,-0.754268642848,5.3,0,11,-12,5.0,300.0
3.1,0.0,2,400.0,22.0,0,0,0.097177028656,-1,94.0,1,15,-4.82104957538,-2.20169956891,5.3,0,11,-12,5.0,300.0
3.1,0.0,2,400.0,22.0,0,2,0.0971920490265,1,94.0,1,21,-1.49318255126,5.08531276016,5.3,0,11,-12,5.0,300.0
3.1,0.0,2,400.0,22.0,0,1,0.0971899032593,0,94.0,2,15,-4.82104957538,-2.20169956891,5.3,0,11,-12,5.0,300.0
3.1,0.0,2,400.0,22.0,0,0,0.0971851348877,1,94.0,2,2,2.86539633251,4.45864372401,5.3,0,11,-12,5.0,300.0
3.1,0.0,2,400.0,22.0,0,-1,0.0971989631653,1,94.0,2,20,-2.86539633251,4.45864372401,5.3,0,11,-12,5.0,300.0
3.1,0.0,1,400.0,22.0,0,2,0.0971868038177,-1,94.0,2,8,4.00547274408,-3.47076188991,5.3,0,11,-12,5.0,300.0
3.1,0.0,2,400.0,22.0,0,2,0.0970120429993,-2,94.0,1,3,4.00547274408,3.47076188991,5.3,0,11,-12,5.0,300.0
3.1,0.0,2,400.0,22.0,0,0,0.0971949100494,0,94.0,1,7,4.82104957538,-2.20169956891,5.3,0,11,-12,5.0,300.0
3.1,0.0,1,400.0,22.0,0,1,0.0970149040222,2,94.0,1,16,-5.24605364197,-0.754268642848,5.3,0,11,-12,5.0,300.0
3.1,0.0,2,400.0,22.0,0,0,0.0972130298615,0,94.0,1,7,4.82104957538,-2.20169956891,5.3,0,11,-12,5.0,300.0
3.1,0.0,2,400.0,22.0,0,0,0.0972099304199,0,94.0,1,8,4.00547274408,-3.47076188991,5.3,0,11,-12,5.0,300.0
3.1,0.0,2,400.0,22.0,0,0,0.0970079898834,1,94.0,1,5,5.24605364197,0.754268642848,5.3,0,11,-12,5.0,300.0
3.1,0.0,1,400.0,22.0,0,1,0.0970001220703,2,94.0,2,9,2.86539633251,-4.45864372401,5.3,0,11,-12,5.0,300.0
3.1,0.0,2,400.0,22.0,0,0,0.0969970226288,1,94.0,2,18,-4.82104957538,2.20169956891,5.3,0,11,-12,5.0,300.0
3.1,0.0,2,400.0,22.0,0,0,0.0971851348877,1,94.0,1,19,-4.00547274408,3.47076188991,5.3,0,11,-12,5.0,300.0
3.1,0.0,2,400.0,22.0,0,0,0.0970048904419,0,94.0,1,1,1.49318255126,5.08531276016,5.3,0,11,-12,5.0,300.0
3.1,0.0,2,400.0,22.0,0,1,0.0971691608429,-1,94.0,1,1,1.49318255126,5.08531276016,5.3,0,11,-12,5.0,300.0
3.1,0.0,2,400.0,22.0,0,-2,0.0971789360046,0,94.0,1,18,-4.82104957538,2.20169956891,5.3,0,11,-12,5.0,300.0
3.1,0.0,2,400.0,22.0,0,0,0.0970070362091,-1,94.0,1,11,6.49041367526e-16,-5.3,5.3,0,11,-12,5.0,300.0
3.1,0.0,2,400.0,22.0,0,0,0.097198009491,-1,94.0,1,12,-1.49318255126,-5.08531276016,5.3,0,11,-12,5.0,300.0
3.1,0.0,1,400.0,22.0,0,2,0.0971999168396,1,94.0,1,6,5.24605364197,-0.754268642848,5.3,0,11,-12,5.0,300.0
3.1,0.0,2,400.0,22.0,0,0,0.0970098972321,0,94.0,1,20,-2.86539633251,4.45864372401,5.3,0,11,-12,5.0,300.0
3.1,0.0,2,400.0,22.0,0,0,0.0971858501434,0,94.0,1,1,1.49318255126,5.08531276016,5.3,0,11,-12,5.0,300.0
3.1,0.0,2,400.0,22.0,0,-1,0.0970180034637,1,94.0,2,16,-5.24605364197,-0.754268642848,5.3,0,11,-12,5.0,300.0
3.1,0.0,2,400.0,22.0,0,-2,0.0971868038177,-1,94.0,2,2,2.86539633251,4.45864372401,5.3,0,11,-12,5.0,300.0
3.1,0.0,1,400.0,22.0,0,2,0.0970010757446,0,94.0,1,0,0.0,5.3,5.3,0,11,-12,5.0,300.0
3.1,0.0,2,400.0,22.0,0,0,0.0971829891205,0,94.0,1,18,-4.82104957538,2.20169956891,5.3,0,11,-12,5.0,300.0
3.1,0.0,2,400.0,22.0,0,0,0.0970108509064,0,94.0,1,15,-4.82104957538,-2.20169956891,5.3,0,11,-12,5.0,300.0
3.1,0.0,2,400.0,22.0,0,-1,0.0970029830933,-2,94.0,2,13,-2.86539633251,-4.45864372401,5.3,0,11,-12,5.0,300.0
3.1,0.0,1,400.0,22.0,0,0,0.0972039699554,0,94.0,2,14,-4.00547274408,-3.47076188991,5.3,0,11,-12,5.0,300.0
3.1,0.0,1,400.0,22.0,0,0,0.097198009491,-1,94.0,1,19,-4.00547274408,3.47076188991,5.3,0,11,-12,5.0,300.0
3.1,0.0,2,400.0,22.0,0,-1,0.0971989631653,-1,94.0,1,9,2.86539633251,-4.45864372401,5.3,0,11,-12,5.0,300.0
3.1,0.0,2,400.0,22.0,0,0,0.0970139503479,0,94.0,1,13,-2.86539633251,-4.45864372401,5.3,0,11,-12,5.0,300.0
3.1,0.0,2,400.0,22.0,0,0,0.0970098972321,0,94.0,1,6,5.24605364197,-0.754268642848,5.3,0,11,-12,5.0,300.0
3.1,0.0,2,400.0,22.0,0,-1,0.0970268249512,0,94.0,1,19,-4.00547274408,3.47076188991,5.3,0,11,-12,5.0,300.0
3.1,0.0,2,400.0,22.0,0,0,0.0970301628113,0,94.0,1,5,5.24605364197,0.754268642848,5.3,0,11,-12,5.0,300.0
3.1,0.0,2,400.0,22.0,0,0,0.0970129966736,1,94.0,2,18,-4.82104957538,2.20169956891,5.3,0,11,-12,5.0,300.0
3.1,0.0,2,400.0,22.0,0,0,0.0970139503479,1,94.0,1,0,0.0,5.3,5.3,0,11,-12,5.0,300.0
3.1,0.0,1,400.0,22.0,0,-1,0.0970120429993,1,94.0,2,19,-4.00547274408,3.47076188991,5.3,0,11,-12,5.0,300.0
3.1,0.0,1,400.0,22.0,0,-2,0.0970120429993,2,94.0,2,15,-4.82104957538,-2.20169956891,5.3,0,11,-12,5.0,300.0
3.1,0.0,2,400.0,22.0,0,-1,0.0970060825348,0,94.0,1,13,-2.86539633251,-4.45864372401,5.3,0,11,-12,5.0,300.0
3.1,0.0,2,400.0,22.0,0,0,0.0970029830933,0,94.0,1,0,0.0,5.3,5.3,0,11,-12,5.0,300.0
3.1,0.0,2,400.0,22.0,0,0,0.0970118045807,0,94.0,1,21,-1.49318255126,5.08531276016,5.3,0,11,-12,5.0,300.0
3.1,0.0,2,400.0,22.0,0,-1,0.0970091819763,0,94.0,1,13,-2.86539633251,-4.45864372401,5.3,0,11,-12,5.0,300.0
3.1,0.0,2,400.0,22.0,0,0,0.0970139503479,0,94.0,1,16,-5.24605364197,-0.754268642848,5.3,0,11,-12,5.0,300.0
3.1,0.0,2,400.0,22.0,0,0,0.0970199108124,2,94.0,1,21,-1.49318255126,5.08531276016,5.3,0,11,-12,5.0,300.0
3.1,0.0,2,400.0,22.0,0,1,0.0971817970276,-2,94.0,1,10,1.49318255126,-5.08531276016,5.3,0,11,-12,5.0,300.0
3.1,0.0,2,400.0,22.0,0,0,0.0971989631653,0,94.0,1,13,-2.86539633251,-4.45864372401,5.3,0,11,-12,5.0,300.0
3.1,0.0,1,400.0,22.0,0,0,0.0972139835358,-1,94.0,2,2,2.86539633251,4.45864372401,5.3,0,11,-12,5.0,300.0
3.1,0.0,2,400.0,22.0,0,-1,0.0970678329468,-2,94.0,1,9,2.86539633251,-4.45864372401,5.3,0,11,-12,5.0,300.0
3.1,0.0,2,400.0,22.0,0,-1,0.0972030162811,-1,94.0,1,10,1.49318255126,-5.08531276016,5.3,0,11,-12,5.0,300.0
3.1,0.0,2,400.0,22.0,0,0,0.0977101325989,0,94.0,1,21,-1.49318255126,5.08531276016,5.3,0,11,-12,5.0,300.0
3.1,0.0,2,400.0,22.0,0,-1,0.0972101688385,0,94.0,2,1,1.49318255126,5.08531276016,5.3,0,11,-12,5.0,300.0
3.1,0.0,2,400.0,22.0,0,0,0.0971989631653,-1,94.0,1,21,-1.49318255126,5.08531276016,5.3,0,11,-12,5.0,300.0
3.1,0.0,2,400.0,22.0,0,-2,0.0972340106964,0,94.0,1,2,2.86539633251,4.45864372401,5.3,0,11,-12,5.0,300.0
3.1,0.0,2,400.0,22.0,0,0,0.0972189903259,0,94.0,1,5,5.24605364197,0.754268642848,5.3,0,11,-12,5.0,300.0
3.1,0.0,2,400.0,22.0,0,-2,0.097198009491,-1,94.0,2,12,-1.49318255126,-5.08531276016,5.3,0,11,-12,5.0,300.0
3.1,0.0,1,400.0,22.0,0,0,0.0972108840942,-1,94.0,2,11,6.49041367526e-16,-5.3,5.3,0,11,-12,5.0,300.0
3.1,0.0,2,400.0,22.0,0,0,0.0972008705139,-2,94.0,1,4,4.82104957538,2.20169956891,5.3,0,11,-12,5.0,300.0
3.1,0.0,1,400.0,22.0,0,1,0.0972080230713,0,94.0,2,6,5.24605364197,-0.754268642848,5.3,0,11,-12,5.0,300.0
3.1,0.0,2,400.0,22.0,0,1,0.0972049236298,0,94.0,1,0,0.0,5.3,5.3,0,11,-12,5.0,300.0
3.1,0.0,2,400.0,22.0,0,0,0.0971879959106,0,94.0,1,6,5.24605364197,-0.754268642848,5.3,0,11,-12,5.0,300.0
3.1,0.0,2,400.0,22.0,0,0,0.0972170829773,0,94.0,1,5,5.24605364197,0.754268642848,5.3,0,11,-12,5.0,300.0
3.1,0.0,1,400.0,22.0,0,-2,0.0972108840942,0,94.0,1,9,2.86539633251,-4.45864372401,5.3,0,11,-12,5.0,300.0
3.1,0.0,1,400.0,22.0,0,0,0.0972170829773,-1,94.0,1,6,5.24605364197,-0.754268642848,5.3,0,11,-12,5.0,300.0
3.1,0.0,2,400.0,22.0,0,0,0.0971970558167,0,94.0,1,11,6.49041367526e-16,-5.3,5.3,0,11,-12,5.0,300.0
3.1,0.0,1,400.0,22.0,0,2,0.0972127914429,1,94.0,1,19,-4.00547274408,3.47076188991,5.3,0,11,-12,5.0,300.0
3.1,0.0,2,400.0,22.0,0,0,0.0972149372101,0,94.0,1,17,-5.24605364197,0.754268642848,5.3,0,11,-12,5.0,300.0
3.1,0.0,1,400.0,22.0,0,2,0.0972058773041,1,94.0,1,19,-4.00547274408,3.47076188991,5.3,0,11,-12,5.0,300.0
3.1,0.0,2,400.0,22.0,0,-2,0.0971908569336,-1,94.0,1,6,5.24605364197,-0.754268642848,5.3,0,11,-12,5.0,300.0
3.1,0.0,2,400.0,22.0,0,1,0.097030878067,1,94.0,1,19,-4.00547274408,3.47076188991,5.3,0,11,-12,5.0,300.0
3.1,0.0,2,400.0,22.0,0,-2,0.0972208976746,2,94.0,2,13,-2.86539633251,-4.45864372401,5.3,0,11,-12,5.0,300.0
3.1,0.0,2,400.0,22.0,0,0,0.0972089767456,1,94.0,1,17,-5.24605364197,0.754268642848,5.3,0,11,-12,5.0,300.0
3.1,0.0,2,400.0,22.0,0,1,0.0972211360931,-1,94.0,2,9,2.86539633251,-4.45864372401,5.3,0,11,-12,5.0,300.0
3.1,0.0,2,400.0,22.0,0,0,0.097226858139,1,94.0,1,7,4.82104957538,-2.20169956891,5.3,0,11,-12,5.0,300.0
3.1,0.0,2,400.0,22.0,0,-2,0.0972039699554,0,94.0,2,8,4.00547274408,-3.47076188991,5.3,0,11,-12,5.0,300.0
3.1,0.0,2,400.0,22.0,0,-2,0.0971910953522,0,94.0,1,18,-4.82104957538,2.20169956891,5.3,0,11,-12,5.0,300.0
3.1,0.0,2,400.0,22.0,0,2,0.0970571041107,0,94.0,1,6,5.24605364197,-0.754268642848,5.3,0,11,-12,5.0,300.0
3.1,0.0,2,400.0,22.0,0,-2,0.0972149372101,0,94.0,1,6,5.24605364197,-0.754268642848,5.3,0,11,-12,5.0,300.0
3.1,0.0,2,400.0,22.0,0,0,0.0972151756287,-1,94.0,2,13,-2.86539633251,-4.45864372401,5.3,0,11,-12,5.0,300.0
3.1,0.0,2,400.0,22.0,0,1,0.0972108840942,0,94.0,1,4,4.82104957538,2.20169956891,5.3,0,11,-12,5.0,300.0
3.1,0.0,2,400.0,22.0,0,-2,0.0971009731293,0,94.0,2,21,-1.49318255126,5.08531276016,5.3,0,11,-12,5.0,300.0
3.1,0.0,2,400.0,22.0,0,-1,0.0970828533173,-2,94.0,1,12,-1.49318255126,-5.08531276016,5.3,0,11,-12,5.0,300.0
3.1,0.0,2,400.0,22.0,0,-2,0.0972139835358,0,94.0,1,14,-4.00547274408,-3.47076188991,5.3,0,11,-12,5.0,300.0
3.1,0.0,2,400.0,22.0,0,0,0.0972330570221,0,94.0,1,12,-1.49318255126,-5.08531276016,5.3,0,11,-12,5.0,300.0
3.1,0.0,2,400.0,22.0,0,-2,0.0972099304199,0,94.0,1,20,-2.86539633251,4.45864372401,5.3,0,11,-12,5.0,300.0
3.1,0.0,1,400.0,22.0,0,-1,0.0972061157227,0,94.0,1,1,1.49318255126,5.08531276016,5.3,0,11,-12,5.0,300.0
3.1,0.0,1,400.0,22.0,0,1,0.0971920490265,-1,94.0,2,8,4.00547274408,-3.47076188991,5.3,0,11,-12,5.0,300.0
3.1,0.0,2,400.0,22.0,0,2,0.097039937973,0,94.0,1,5,5.24605364197,0.754268642848,5.3,0,11,-12,5.0,300.0
3.1,0.0,2,400.0,22.0,0,0,0.0970649719238,0,94.0,1,17,-5.24605364197,0.754268642848,5.3,0,11,-12,5.0,300.0
3.1,0.0,2,400.0,22.0,0,0,0.0970380306244,0,94.0,1,18,-4.82104957538,2.20169956891,5.3,0,11,-12,5.0,300.0
3.1,0.0,2,400.0,22.0,0,0,0.0970540046692,0,94.0,1,4,4.82104957538,2.20169956891,5.3,0,11,-12,5.0,300.0
3.1,0.0,2,400.0,22.0,0,0,0.0970439910889,-1,94.0,2,21,-1.49318255126,5.08531276016,5.3,0,11,-12,5.0,300.0
3.1,0.0,2,400.0,22.0,0,-1,0.0972509384155,0,94.0,1,7,4.82104957538,-2.20169956891,5.3,0,11,-12,5.0,300.0
3.1,0.0,1,400.0,22.0,0,1,0.0972168445587,-1,94.0,1,3,4.00547274408,3.47076188991,5.3,0,11,-12,5.0,300.0
3.1,0.0,2,400.0,22.0,0,-1,0.0972101688385,0,94.0,2,1,1.49318255126,5.08531276016,5.3,0,11,-12,5.0,300.0
3.1,0.0,2,400.0,22.0,0,1,0.0972189903259,0,94.0,1,6,5.24605364197,-0.754268642848,5.3,0,11,-12,5.0,300.0
3.1,0.0,1,400.0,22.0,0,-2,0.0972170829773,-2,94.0,2,2,2.86539633251,4.45864372401,5.3,0,11,-12,5.0,300.0
3.1,0.0,2,400.0,22.0,0,0,0.0972211360931,0,94.0,1,6,5.24605364197,-0.754268642848,5.3,0,11,-12,5.0,300.0
3.1,0.0,2,400.0,22.0,0,1,0.0972158908844,0,94.0,1,1,1.49318255126,5.08531276016,5.3,0,11,-12,5.0,300.0
3.1,0.0,1,400.0,22.0,0,1,0.0972089767456,0,94.0,2,10,1.49318255126,-5.08531276016,5.3,0,11,-12,5.0,300.0
3.1,0.0,2,400.0,22.0,0,-2,0.0972061157227,0,94.0,2,13,-2.86539633251,-4.45864372401,5.3,0,11,-12,5.0,300.0
3.1,0.0,1,400.0,22.0,0,-1,0.0971751213074,0,94.0,2,11,6.49041367526e-16,-5.3,5.3,0,11,-12,5.0,300.0
3.1,0.0,1,400.0,22.0,0,1,0.0970649719238,0,94.0,1,0,0.0,5.3,5.3,0,11,-12,5.0,300.0
3.1,0.0,2,400.0,22.0,0,2,0.0970530509949,0,94.0,2,0,0.0,5.3,5.3,0,11,-12,5.0,300.0
3.1,0.0,2,400.0,22.0,0,1,0.0970599651337,0,94.0,1,15,-4.82104957538,-2.20169956891,5.3,0,11,-12,5.0,300.0
3.1,0.0,2,400.0,22.0,0,0,0.0971419811249,1,94.0,1,14,-4.00547274408,-3.47076188991,5.3,0,11,-12,5.0,300.0
3.1,0.0,2,400.0,22.0,0,0,0.0970659255981,0,94.0,1,3,4.00547274408,3.47076188991,5.3,0,11,-12,5.0,300.0
3.1,0.0,1,400.0,22.0,0,-2,0.0970668792725,-1,94.0,2,4,4.82104957538,2.20169956891,5.3,0,11,-12,5.0,300.0
3.1,0.0,2,400.0,22.0,0,0,0.0969948768616,0,94.0,1,0,0.0,5.3,5.3,0,11,-12,5.0,300.0
3.1,0.0,2,400.0,22.0,0,-1,0.0970449447632,0,94.0,1,3,4.00547274408,3.47076188991,5.3,0,11,-12,5.0,300.0
3.1,0.0,2,400.0,22.0,0,0,0.0971851348877,0,94.0,1,11,6.49041367526e-16,-5.3,5.3,0,11,-12,5.0,300.0
3.1,0.0,2,400.0,22.0,0,0,0.0970687866211,0,94.0,1,20,-2.86539633251,4.45864372401,5.3,0,11,-12,5.0,300.0
3.1,0.0,2,400.0,22.0,0,0,0.0970928668976,1,94.0,1,12,-1.49318255126,-5.08531276016,5.3,0,11,-12,5.0,300.0
3.1,0.0,2,400.0,22.0,0,0,0.0970349311829,-1,94.0,2,13,-2.86539633251,-4.45864372401,5.3,0,11,-12,5.0,300.0
3.1,0.0,2,400.0,22.0,0,0,0.0970411300659,0,94.0,1,8,4.00547274408,-3.47076188991,5.3,0,11,-12,5.0,300.0
3.1,0.0,2,400.0,22.0,0,-2,0.0970370769501,-2,94.0,1,13,-2.86539633251,-4.45864372401,5.3,0,11,-12,5.0,300.0
3.1,0.0,2,400.0,22.0,0,1,0.0970401763916,0,94.0,1,15,-4.82104957538,-2.20169956891,5.3,0,11,-12,5.0,300.0
3.1,0.0,2,400.0,22.0,0,2,0.0970389842987,0,94.0,1,1,1.49318255126,5.08531276016,5.3,0,11,-12,5.0,300.0
3.1,0.0,2,400.0,22.0,0,0,0.0971779823303,0,94.0,1,7,4.82104957538,-2.20169956891,5.3,0,11,-12,5.0,300.0
3.1,0.0,2,400.0,22.0,0,0,0.097177028656,0,94.0,1,7,4.82104957538,-2.20169956891,5.3,0,11,-12,5.0,300.0
3.1,0.0,2,400.0,22.0,0,0,0.0970342159271,0,94.0,1,11,6.49041367526e-16,-5.3,5.3,0,11,-12,5.0,300.0
3.1,0.0,2,400.0,22.0,0,0,0.0970430374146,0,94.0,1,1,1.49318255126,5.08531276016,5.3,0,11,-12,5.0,300.0
3.1,0.0,2,400.0,22.0,0,0,0.0970528125763,0,94.0,1,12,-1.49318255126,-5.08531276016,5.3,0,11,-12,5.0,300.0
3.1,0.0,2,400.0,22.0,0,0,0.0971639156342,0,94.0,1,10,1.49318255126,-5.08531276016,5.3,0,11,-12,5.0,300.0
3.1,0.0,1,400.0,22.0,0,1,0.0970361232758,0,94.0,1,19,-4.00547274408,3.47076188991,5.3,0,11,-12,5.0,300.0
3.1,0.0,2,400.0,22.0,0,0,0.0972139835358,0,94.0,1,5,5.24605364197,0.754268642848,5.3,0,11,-12,5.0,300.0
3.1,0.0,2,400.0,22.0,0,-2,0.0970349311829,0,94.0,1,14,-4.00547274408,-3.47076188991,5.3,0,11,-12,5.0,300.0
3.1,0.0,2,400.0,22.0,0,1,0.0972089767456,0,94.0,1,13,-2.86539633251,-4.45864372401,5.3,0,11,-12,5.0,300.0
3.1,0.0,2,400.0,22.0,0,0,0.0971808433533,0,94.0,1,1,1.49318255126,5.08531276016,5.3,0,11,-12,5.0,300.0
3.1,0.0,2,400.0,22.0,0,0,0.0970299243927,0,94.0,1,4,4.82104957538,2.20169956891,5.3,0,11,-12,5.0,300.0
3.1,0.0,2,400.0,22.0,0,0,0.0970928668976,1,94.0,1,13,-2.86539633251,-4.45864372401,5.3,0,11,-12,5.0,300.0
3.1,0.0,2,400.0,22.0,0,0,0.097177028656,0,94.0,1,8,4.00547274408,-3.47076188991,5.3,0,11,-12,5.0,300.0
3.1,0.0,2,400.0,22.0,0,0,0.0970380306244,0,94.0,1,5,5.24605364197,0.754268642848,5.3,0,11,-12,5.0,300.0
3.1,0.0,2,400.0,22.0,0,0,0.0970401763916,-1,94.0,1,2,2.86539633251,4.45864372401,5.3,0,11,-12,5.0,300.0
3.1,0.0,2,400.0,22.0,0,1,0.0972330570221,0,94.0,2,0,0.0,5.3,5.3,0,11,-12,5.0,300.0
3.1,0.0,2,400.0,22.0,0,1,0.0971870422363,0,94.0,1,19,-4.00547274408,3.47076188991,5.3,0,11,-12,5.0,300.0
3.1,0.0,2,400.0,22.0,0,0,0.0971810817719,0,94.0,1,0,0.0,5.3,5.3,0,11,-12,5.0,300.0
3.1,0.0,2,400.0,22.0,0,-1,0.0970640182495,-2,94.0,2,10,1.49318255126,-5.08531276016,5.3,0,11,-12,5.0,300.0
3.1,0.0,2,400.0,22.0,0,-2,0.0971789360046,0,94.0,1,1,1.49318255126,5.08531276016,5.3,0,11,-12,5.0,300.0
3.1,0.0,1,400.0,22.0,0,-2,0.0970339775085,-1,94.0,1,10,1.49318255126,-5.08531276016,5.3,0,11,-12,5.0,300.0
3.1,0.0,2,400.0,22.0,0,-1,0.0971751213074,-1,94.0,1,19,-4.00547274408,3.47076188991,5.3,0,11,-12,5.0,300.0
3.1,0.0,2,400.0,22.0,0,1,0.097030878067,0,94.0,1,10,1.49318255126,-5.08531276016,5.3,0,11,-12,5.0,300.0
3.1,0.0,2,400.0,22.0,0,2,0.0971808433533,-2,94.0,2,10,1.49318255126,-5.08531276016,5.3,0,11,-12,5.0,300.0
3.1,0.0,2,400.0,22.0,0,0,0.0970320701599,0,94.0,1,5,5.24605364197,0.754268642848,5.3,0,11,-12,5.0,300.0
3.1,0.0,2,400.0,22.0,0,0,0.0971810817719,0,94.0,1,11,6.49041367526e-16,-5.3,5.3,0,11,-12,5.0,300.0
3.1,0.0,1,400.0,22.0,0,0,0.0970358848572,-1,94.0,1,7,4.82104957538,-2.20169956891,5.3,0,11,-12,5.0,300.0
3.1,0.0,2,400.0,22.0,0,1,0.0970299243927,-1,94.0,1,18,-4.82104957538,2.20169956891,5.3,0,11,-12,5.0,300.0
3.1,0.0,2,400.0,22.0,0,0,0.0970668792725,0,94.0,1,6,5.24605364197,-0.754268642848,5.3,0,11,-12,5.0,300.0
3.1,0.0,2,400.0,22.0,0,2,0.0971789360046,0,94.0,2,15,-4.82104957538,-2.20169956891,5.3,0,11,-12,5.0,300.0
3.1,0.0,1,400.0,22.0,0,0,0.0970358848572,-2,94.0,1,13,-2.86539633251,-4.45864372401,5.3,0,11,-12,5.0,300.0
3.1,0.0,2,400.0,22.0,0,0,0.0972940921783,0,94.0,1,5,5.24605364197,0.754268642848,5.3,0,11,-12,5.0,300.0
3.1,0.0,1,400.0,22.0,0,0,0.0970468521118,-1,94.0,1,11,6.49041367526e-16,-5.3,5.3,0,11,-12,5.0,300.0
3.1,0.0,2,400.0,22.0,0,0,0.0971779823303,-1,94.0,1,8,4.00547274408,-3.47076188991,5.3,0,11,-12,5.0,300.0
3.1,0.0,2,400.0,22.0,0,0,0.0970392227173,0,94.0,1,13,-2.86539633251,-4.45864372401,5.3,0,11,-12,5.0,300.0
3.1,0.0,2,400.0,22.0,0,0,0.0970370769501,0,94.0,1,7,4.82104957538,-2.20169956891,5.3,0,11,-12,5.0,300.0
3.1,0.0,2,400.0,22.0,0,0,0.0970599651337,0,94.0,1,18,-4.82104957538,2.20169956891,5.3,0,11,-12,5.0,300.0
3.1,0.0,2,400.0,22.0,0,0,0.097188949585,-1,94.0,2,21,-1.49318255126,5.08531276016,5.3,0,11,-12,5.0,300.0
3.1,0.0,2,400.0,22.0,0,-1,0.097030878067,-1,94.0,1,9,2.86539633251,-4.45864372401,5.3,0,11,-12,5.0,300.0
3.1,0.0,2,400.0,22.0,0,0,0.0971629619598,1,94.0,2,18,-4.82104957538,2.20169956891,5.3,0,11,-12,5.0,300.0
3.1,0.0,2,400.0,22.0,0,2,0.0971801280975,1,94.0,2,11,6.49041367526e-16,-5.3,5.3,0,11,-12,5.0,300.0
3.1,0.0,2,400.0,22.0,0,1,0.0970549583435,0,94.0,2,2,2.86539633251,4.45864372401,5.3,0,11,-12,5.0,300.0
3.1,0.0,2,400.0,22.0,0,0,0.0970439910889,-1,94.0,1,9,2.86539633251,-4.45864372401,5.3,0,11,-12,5.0,300.0
3.1,0.0,2,400.0,22.0,0,0,0.0970380306244,0,94.0,1,6,5.24605364197,-0.754268642848,5.3,0,11,-12,5.0,300.0
3.1,0.0,1,400.0,22.0,0,0,0.0970602035522,1,94.0,1,13,-2.86539633251,-4.45864372401,5.3,0,11,-12,5.0,300.0
3.1,0.0,1,400.0,22.0,0,0,0.0970389842987,-1,94.0,1,9,2.86539633251,-4.45864372401,5.3,0,11,-12,5.0,300.0
3.1,0.0,2,400.0,22.0,0,2,0.097020149231,0,94.0,2,17,-5.24605364197,0.754268642848,5.3,0,11,-12,5.0,300.0
3.1,0.0,2,400.0,22.0,0,-1,0.0970418453217,0,94.0,2,13,-2.86539633251,-4.45864372401,5.3,0,11,-12,5.0,300.0
3.1,0.0,1,400.0,22.0,0,0,0.0970361232758,-2,94.0,2,19,-4.00547274408,3.47076188991,5.3,0,11,-12,5.0,300.0
3.1,0.0,2,400.0,22.0,0,1,0.0970239639282,0,94.0,2,16,-5.24605364197,-0.754268642848,5.3,0,11,-12,5.0,300.0
3.1,0.0,2,400.0,22.0,0,0,0.0970220565796,0,94.0,1,5,5.24605364197,0.754268642848,5.3,0,11,-12,5.0,300.0
3.1,0.0,2,400.0,22.0,0,-1,0.0970242023468,0,94.0,2,21,-1.49318255126,5.08531276016,5.3,0,11,-12,5.0,300.0
3.1,0.0,2,400.0,22.0,0,0,0.0970249176025,0,94.0,1,6,5.24605364197,-0.754268642848,5.3,0,11,-12,5.0,300.0
3.1,0.0,1,400.0,22.0,0,-2,0.0970268249512,-2,94.0,2,14,-4.00547274408,-3.47076188991,5.3,0,11,-12,5.0,300.0
3.1,0.0,2,400.0,22.0,0,-1,0.0970549583435,-1,94.0,1,8,4.00547274408,-3.47076188991,5.3,0,11,-12,5.0,300.0
3.1,0.0,2,400.0,22.0,0,0,0.0970220565796,0,94.0,1,11,6.49041367526e-16,-5.3,5.3,0,11,-12,5.0,300.0
3.1,0.0,1,400.0,22.0,0,0,0.0970621109009,-1,94.0,2,1,1.49318255126,5.08531276016,5.3,0,11,-12,5.0,300.0
3.1,0.0,1,400.0,22.0,0,1,0.0970220565796,-1,94.0,2,15,-4.82104957538,-2.20169956891,5.3,0,11,-12,5.0,300.0
3.1,0.0,2,400.0,22.0,0,0,0.0970280170441,1,94.0,1,19,-4.00547274408,3.47076188991,5.3,0,11,-12,5.0,300.0
3.1,0.0,2,400.0,22.0,0,2,0.0971758365631,0,94.0,1,2,2.86539633251,4.45864372401,5.3,0,11,-12,5.0,300.0
3.1,0.0,2,400.0,22.0,0,-1,0.0970299243927,0,94.0,1,13,-2.86539633251,-4.45864372401,5.3,0,11,-12,5.0,300.0
3.1,0.0,2,400.0,22.0,0,0,0.0971689224243,0,94.0,1,3,4.00547274408,3.47076188991,5.3,0,11,-12,5.0,300.0
3.1,0.0,2,400.0,22.0,0,1,0.0970249176025,1,94.0,1,20,-2.86539633251,4.45864372401,5.3,0,11,-12,5.0,300.0
3.1,0.0,1,400.0,22.0,0,0,0.0970289707184,1,94.0,2,19,-4.00547274408,3.47076188991,5.3,0,11,-12,5.0,300.0
3.1,0.0,2,400.0,22.0,0,0,0.0970299243927,0,94.0,1,2,2.86539633251,4.45864372401,5.3,0,11,-12,5.0,300.0
3.1,0.0,2,400.0,22.0,0,2,0.0970220565796,0,94.0,1,12,-1.49318255126,-5.08531276016,5.3,0,11,-12,5.0,300.0
3.1,0.0,2,400.0,22.0,0,0,0.0970270633698,0,94.0,1,6,5.24605364197,-0.754268642848,5.3,0,11,-12,5.0,300.0
3.1,0.0,1,400.0,22.0,0,0,0.0970242023468,1,94.0,1,4,4.82104957538,2.20169956891,5.3,0,11,-12,5.0,300.0
3.1,0.0,2,400.0,22.0,0,1,0.097020149231,0,94.0,2,15,-4.82104957538,-2.20169956891,5.3,0,11,-12,5.0,300.0
3.1,0.0,1,400.0,22.0,0,0,0.0970299243927,0,94.0,2,6,5.24605364197,-0.754268642848,5.3,0,11,-12,5.0,300.0
3.1,0.0,2,400.0,22.0,0,0,0.097275018692,0,94.0,1,16,-5.24605364197,-0.754268642848,5.3,0,11,-12,5.0,300.0
3.1,0.0,2,400.0,22.0,0,0,0.0971829891205,0,94.0,1,6,5.24605364197,-0.754268642848,5.3,0,11,-12,5.0,300.0
3.1,0.0,2,400.0,22.0,0,0,0.0971901416779,0,94.0,1,6,5.24605364197,-0.754268642848,5.3,0,11,-12,5.0,300.0
3.1,0.0,1,400.0,22.0,0,0,0.0972089767456,0,94.0,2,8,4.00547274408,-3.47076188991,5.3,0,11,-12,5.0,300.0
3.1,0.0,2,400.0,22.0,0,1,0.0970380306244,0,94.0,1,12,-1.49318255126,-5.08531276016,5.3,0,11,-12,5.0,300.0
3.1,0.0,2,400.0,22.0,0,-1,0.0971260070801,0,94.0,1,4,4.82104957538,2.20169956891,5.3,0,11,-12,5.0,300.0
3.1,0.0,2,400.0,22.0,0,1,0.0970268249512,0,94.0,1,12,-1.49318255126,-5.08531276016,5.3,0,11,-12,5.0,300.0
3.1,0.0,2,400.0,22.0,0,0,0.0970120429993,1,94.0,2,2,2.86539633251,4.45864372401,5.3,0,11,-12,5.0,300.0
3.1,0.0,2,400.0,22.0,0,1,0.0971779823303,0,94.0,2,2,2.86539633251,4.45864372401,5.3,0,11,-12,5.0,300.0
3.1,0.0,2,400.0,22.0,0,2,0.0970239639282,0,94.0,2,13,-2.86539633251,-4.45864372401,5.3,0,11,-12,5.0,300.0
3.1,0.0,2,400.0,22.0,0,2,0.0970559120178,0,94.0,1,15,-4.82104957538,-2.20169956891,5.3,0,11,-12,5.0,300.0
3.1,0.0,2,400.0,22.0,0,0,0.0970242023468,0,94.0,1,11,6.49041367526e-16,-5.3,5.3,0,11,-12,5.0,300.0
3.1,0.0,2,400.0,22.0,0,0,0.0970258712769,-1,94.0,2,17,-5.24605364197,0.754268642848,5.3,0,11,-12,5.0,300.0
3.1,0.0,2,400.0,22.0,0,0,0.0970261096954,0,94.0,1,15,-4.82104957538,-2.20169956891,5.3,0,11,-12,5.0,300.0
3.1,0.0,1,400.0,22.0,0,0,0.0970258712769,1,94.0,2,10,1.49318255126,-5.08531276016,5.3,0,11,-12,5.0,300.0
3.1,0.0,2,400.0,22.0,0,0,0.0971839427948,0,94.0,1,5,5.24605364197,0.754268642848,5.3,0,11,-12,5.0,300.0
3.1,0.0,2,400.0,22.0,0,0,0.0971870422363,0,94.0,1,15,-4.82104957538,-2.20169956891,5.3,0,11,-12,5.0,300.0
3.1,0.0,2,400.0,22.0,0,0,0.0972049236298,-1,94.0,1,4,4.82104957538,2.20169956891,5.3,0,11,-12,5.0,300.0
3.1,0.0,2,400.0,22.0,0,0,0.0971820354462,0,94.0,1,15,-4.82104957538,-2.20169956891,5.3,0,11,-12,5.0,300.0
3.1,0.0,1,400.0,22.0,0,0,0.0971851348877,0,94.0,2,17,-5.24605364197,0.754268642848,5.3,0,11,-12,5.0,300.0
3.1,0.0,2,400.0,22.0,0,1,0.0971820354462,-1,94.0,2,19,-4.00547274408,3.47076188991,5.3,0,11,-12,5.0,300.0
3.1,0.0,2,400.0,22.0,0,0,0.0970280170441,-1,94.0,2,8,4.00547274408,-3.47076188991,5.3,0,11,-12,5.0,300.0
3.1,0.0,2,400.0,22.0,0,0,0.0971899032593,0,94.0,1,13,-2.86539633251,-4.45864372401,5.3,0,11,-12,5.0,300.0
3.1,0.0,2,400.0,22.0,0,-2,0.0971839427948,-1,94.0,2,21,-1.49318255126,5.08531276016,5.3,0,11,-12,5.0,300.0
3.1,0.0,2,400.0,22.0,0,0,0.097188949585,1,94.0,2,16,-5.24605364197,-0.754268642848,5.3,0,11,-12,5.0,300.0
3.1,0.0,2,400.0,22.0,0,2,0.0971908569336,0,94.0,1,2,2.86539633251,4.45864372401,5.3,0,11,-12,5.0,300.0
3.1,0.0,1,400.0,22.0,0,0,0.0971879959106,1,94.0,1,21,-1.49318255126,5.08531276016,5.3,0,11,-12,5.0,300.0
3.1,0.0,2,400.0,22.0,0,0,0.097177028656,-2,94.0,1,17,-5.24605364197,0.754268642848,5.3,0,11,-12,5.0,300.0
3.1,0.0,2,400.0,22.0,0,0,0.0972001552582,0,94.0,1,15,-4.82104957538,-2.20169956891,5.3,0,11,-12,5.0,300.0
3.1,0.0,2,400.0,22.0,0,0,0.0971851348877,0,94.0,1,11,6.49041367526e-16,-5.3,5.3,0,11,-12,5.0,300.0
3.1,0.0,2,400.0,22.0,0,0,0.097156047821,0,94.0,1,21,-1.49318255126,5.08531276016,5.3,0,11,-12,5.0,300.0
3.1,0.0,2,400.0,22.0,0,-1,0.0971879959106,0,94.0,1,19,-4.00547274408,3.47076188991,5.3,0,11,-12,5.0,300.0
3.1,0.0,2,400.0,22.0,0,0,0.097186088562,-2,94.0,2,20,-2.86539633251,4.45864372401,5.3,0,11,-12,5.0,300.0
3.1,0.0,2,400.0,22.0,0,0,0.0971920490265,1,94.0,2,15,-4.82104957538,-2.20169956891,5.3,0,11,-12,5.0,300.0
3.1,0.0,2,400.0,22.0,0,0,0.0971939563751,0,94.0,1,11,6.49041367526e-16,-5.3,5.3,0,11,-12,5.0,300.0
3.1,0.0,1,400.0,22.0,0,2,0.0971758365631,0,94.0,1,4,4.82104957538,2.20169956891,5.3,0,11,-12,5.0,300.0
3.1,0.0,2,400.0,22.0,0,0,0.0971789360046,0,94.0,1,17,-5.24605364197,0.754268642848,5.3,0,11,-12,5.0,300.0
3.1,0.0,2,400.0,22.0,0,0,0.0971438884735,0,94.0,1,5,5.24605364197,0.754268642848,5.3,0,11,-12,5.0,300.0
3.1,0.0,1,400.0,22.0,0,1,0.0970950126648,1,94.0,2,17,-5.24605364197,0.754268642848,5.3,0,11,-12,5.0,300.0
3.1,0.0,2,400.0,22.0,0,0,0.0971779823303,0,94.0,1,15,-4.82104957538,-2.20169956891,5.3,0,11,-12,5.0,300.0
3.1,0.0,2,400.0,22.0,0,-2,0.0972089767456,0,94.0,1,3,4.00547274408,3.47076188991,5.3,0,11,-12,5.0,300.0
3.1,0.0,2,400.0,22.0,0,-1,0.0971779823303,0,94.0,2,16,-5.24605364197,-0.754268642848,5.3,0,11,-12,5.0,300.0
3.1,0.0,2,400.0,22.0,0,2,0.0970439910889,-1,94.0,2,19,-4.00547274408,3.47076188991,5.3,0,11,-12,5.0,300.0
3.1,0.0,2,400.0,22.0,0,0,0.0971810817719,-2,94.0,1,12,-1.49318255126,-5.08531276016,5.3,0,11,-12,5.0,300.0
3.1,0.0,2,400.0,22.0,0,0,0.0970079898834,0,94.0,1,6,5.24605364197,-0.754268642848,5.3,0,11,-12,5.0,300.0
3.1,0.0,2,400.0,22.0,0,0,0.0971858501434,1,94.0,1,12,-1.49318255126,-5.08531276016,5.3,0,11,-12,5.0,300.0
3.1,0.0,2,400.0,22.0,0,0,0.0970089435577,0,94.0,1,12,-1.49318255126,-5.08531276016,5.3,0,11,-12,5.0,300.0
3.1,0.0,2,400.0,22.0,0,0,0.0971720218658,1,94.0,1,5,5.24605364197,0.754268642848,5.3,0,11,-12,5.0,300.0
3.1,0.0,1,400.0,22.0,0,0,0.0971820354462,0,94.0,2,2,2.86539633251,4.45864372401,5.3,0,11,-12,5.0,300.0
3.1,0.0,1,400.0,22.0,0,0,0.0970098972321,1,94.0,1,4,4.82104957538,2.20169956891,5.3,0,11,-12,5.0,300.0
3.1,0.0,2,400.0,22.0,0,0,0.0971789360046,0,94.0,1,15,-4.82104957538,-2.20169956891,5.3,0,11,-12,5.0,300.0
3.1,0.0,2,400.0,22.0,0,0,0.0970089435577,0,94.0,1,7,4.82104957538,-2.20169956891,5.3,0,11,-12,5.0,300.0
3.1,0.0,2,400.0,22.0,0,1,0.0970342159271,0,94.0,2,8,4.00547274408,-3.47076188991,5.3,0,11,-12,5.0,300.0
3.1,0.0,1,400.0,22.0,0,0,0.0970709323883,1,94.0,1,15,-4.82104957538,-2.20169956891,5.3,0,11,-12,5.0,300.0
3.1,0.0,2,400.0,22.0,0,-1,0.0971839427948,0,94.0,2,8,4.00547274408,-3.47076188991,5.3,0,11,-12,5.0,300.0
3.1,0.0,1,400.0,22.0,0,1,0.097186088562,-2,94.0,2,12,-1.49318255126,-5.08531276016,5.3,0,11,-12,5.0,300.0
3.1,0.0,2,400.0,22.0,0,0,0.0971870422363,0,94.0,1,17,-5.24605364197,0.754268642848,5.3,0,11,-12,5.0,300.0
3.1,0.0,2,400.0,22.0,0,0,0.0970010757446,0,94.0,1,21,-1.49318255126,5.08531276016,5.3,0,11,-12,5.0,300.0
3.1,0.0,2,400.0,22.0,0,1,0.0972049236298,-1,94.0,1,9,2.86539633251,-4.45864372401,5.3,0,11,-12,5.0,300.0
3.1,0.0,2,400.0,22.0,0,0,0.0970470905304,1,94.0,2,18,-4.82104957538,2.20169956891,5.3,0,11,-12,5.0,300.0
3.1,0.0,2,400.0,22.0,0,2,0.0971901416779,0,94.0,1,14,-4.00547274408,-3.47076188991,5.3,0,11,-12,5.0,300.0
3.1,0.0,1,400.0,22.0,0,0,0.0972819328308,-1,94.0,1,14,-4.00547274408,-3.47076188991,5.3,0,11,-12,5.0,300.0
3.1,0.0,2,400.0,22.0,0,0,0.0970039367676,0,94.0,1,6,5.24605364197,-0.754268642848,5.3,0,11,-12,5.0,300.0
3.1,0.0,2,400.0,22.0,0,-1,0.0969989299774,-1,94.0,1,18,-4.82104957538,2.20169956891,5.3,0,11,-12,5.0,300.0
3.1,0.0,2,400.0,22.0,0,0,0.0971989631653,-1,94.0,1,19,-4.00547274408,3.47076188991,5.3,0,11,-12,5.0,300.0
3.1,0.0,2,400.0,22.0,0,0,0.0971839427948,0,94.0,1,17,-5.24605364197,0.754268642848,5.3,0,11,-12,5.0,300.0
3.1,0.0,2,400.0,22.0,0,1,0.0970091819763,0,94.0,2,11,6.49041367526e-16,-5.3,5.3,0,11,-12,5.0,300.0
3.1,0.0,2,400.0,22.0,0,1,0.097177028656,0,94.0,1,2,2.86539633251,4.45864372401,5.3,0,11,-12,5.0,300.0
3.1,0.0,1,400.0,22.0,0,1,0.0970499515533,0,94.0,1,15,-4.82104957538,-2.20169956891,5.3,0,11,-12,5.0,300.0
3.1,0.0,2,400.0,22.0,0,0,0.0971949100494,1,94.0,1,3,4.00547274408,3.47076188991,5.3,0,11,-12,5.0,300.0
3.1,0.0,2,400.0,22.0,0,0,0.0972020626068,-1,94.0,1,0,0.0,5.3,5.3,0,11,-12,5.0,300.0
3.1,0.0,2,400.0,22.0,0,-1,0.0972120761871,0,94.0,2,1,1.49318255126,5.08531276016,5.3,0,11,-12,5.0,300.0
3.1,0.0,1,400.0,22.0,0,1,0.0972030162811,2,94.0,2,20,-2.86539633251,4.45864372401,5.3,0,11,-12,5.0,300.0
3.1,0.0,2,400.0,22.0,0,0,0.0972101688385,0,94.0,1,17,-5.24605364197,0.754268642848,5.3,0,11,-12,5.0,300.0
3.1,0.0,2,400.0,22.0,0,0,0.0972139835358,0,94.0,1,5,5.24605364197,0.754268642848,5.3,0,11,-12,5.0,300.0
3.1,0.0,1,400.0,22.0,0,0,0.0971910953522,2,94.0,1,10,1.49318255126,-5.08531276016,5.3,0,11,-12,5.0,300.0
3.1,0.0,2,400.0,22.0,0,0,0.0972130298615,0,94.0,1,17,-5.24605364197,0.754268642848,5.3,0,11,-12,5.0,300.0
3.1,0.0,2,400.0,22.0,0,0,0.0971989631653,0,94.0,1,5,5.24605364197,0.754268642848,5.3,0,11,-12,5.0,300.0
3.1,0.0,2,400.0,22.0,0,0,0.0972180366516,0,94.0,1,15,-4.82104957538,-2.20169956891,5.3,0,11,-12,5.0,300.0
3.1,0.0,2,400.0,22.0,0,0,0.0972108840942,0,94.0,1,10,1.49318255126,-5.08531276016,5.3,0,11,-12,5.0,300.0
3.1,0.0,2,400.0,22.0,0,-2,0.0971899032593,1,94.0,1,14,-4.00547274408,-3.47076188991,5.3,0,11,-12,5.0,300.0
3.1,0.0,2,400.0,22.0,0,0,0.0970139503479,0,94.0,1,5,5.24605364197,0.754268642848,5.3,0,11,-12,5.0,300.0
