cue-length,ms-precue,resp-v-hv,ms-st-cue,nitems,resp-h-pos,actualStimOn,resp-v-pos,ms-stimon,resp-h-hv,cue-loc-int,cue-loc-x,cue-loc-y,radius,bars-or-spot,npractice,ntrials,offsett
3.1,0.0,1,400.0,22.0,-2,0.0970180034637,-2,94.0,1,16,-5.24605364197,-0.754268642848,5.3,3.0,5.0,500.0,5
3.1,0.0,2,400.0,22.0,0,0.0970060825348,0,94.0,1,16,-5.24605364197,-0.754268642848,5.3,3.0,5.0,500.0,5
3.1,0.0,1,400.0,22.0,-1,0.0970098972321,0,94.0,2,1,1.49318255126,5.08531276016,5.3,3.0,5.0,500.0,5
3.1,0.0,2,400.0,22.0,-1,0.0970048904419,2,94.0,2,6,5.24605364197,-0.754268642848,5.3,3.0,5.0,500.0,5
3.1,0.0,2,400.0,22.0,0,0.0971391201019,0,94.0,1,14,-4.00547274408,-3.47076188991,5.3,3.0,5.0,500.0,5
3.1,0.0,2,400.0,22.0,0,0.0970132350922,0,94.0,1,18,-4.82104957538,2.20169956891,5.3,3.0,5.0,500.0,5
3.1,0.0,2,400.0,22.0,0,0.0970318317413,1,94.0,2,11,6.49041367526e-16,-5.3,5.3,3.0,5.0,500.0,5
3.1,0.0,2,400.0,22.0,-1,0.0971570014954,-1,94.0,1,9,2.86539633251,-4.45864372401,5.3,3.0,5.0,500.0,5
3.1,0.0,1,400.0,22.0,0,0.0971579551697,2,94.0,1,12,-1.49318255126,-5.08531276016,5.3,3.0,5.0,500.0,5
3.1,0.0,2,400.0,22.0,-2,0.0971999168396,2,94.0,2,5,5.24605364197,0.754268642848,5.3,3.0,5.0,500.0,5
3.1,0.0,1,400.0,22.0,-2,0.0971698760986,1,94.0,1,14,-4.00547274408,-3.47076188991,5.3,3.0,5.0,500.0,5
3.1,0.0,2,400.0,22.0,0,0.0971720218658,0,94.0,1,15,-4.82104957538,-2.20169956891,5.3,3.0,5.0,500.0,5
3.1,0.0,2,400.0,22.0,-2,0.0970351696014,1,94.0,2,5,5.24605364197,0.754268642848,5.3,3.0,5.0,500.0,5
3.1,0.0,2,400.0,22.0,0,0.0970358848572,-2,94.0,1,16,-5.24605364197,-0.754268642848,5.3,3.0,5.0,500.0,5
3.1,0.0,2,400.0,22.0,0,0.0971751213074,0,94.0,1,13,-2.86539633251,-4.45864372401,5.3,3.0,5.0,500.0,5
3.1,0.0,1,400.0,22.0,0,0.0971760749817,-1,94.0,1,17,-5.24605364197,0.754268642848,5.3,3.0,5.0,500.0,5
3.1,0.0,2,400.0,22.0,0,0.0970349311829,-1,94.0,1,19,-4.00547274408,3.47076188991,5.3,3.0,5.0,500.0,5
3.1,0.0,2,400.0,22.0,0,0.0970149040222,0,94.0,1,3,4.00547274408,3.47076188991,5.3,3.0,5.0,500.0,5
3.1,0.0,1,400.0,22.0,0,0.0971541404724,0,94.0,2,11,6.49041367526e-16,-5.3,5.3,3.0,5.0,500.0,5
3.1,0.0,2,400.0,22.0,0,0.0971660614014,1,94.0,1,14,-4.00547274408,-3.47076188991,5.3,3.0,5.0,500.0,5
3.1,0.0,2,400.0,22.0,0,0.0970120429993,-1,94.0,1,7,4.82104957538,-2.20169956891,5.3,3.0,5.0,500.0,5
3.1,0.0,2,400.0,22.0,0,0.0970208644867,0,94.0,1,18,-4.82104957538,2.20169956891,5.3,3.0,5.0,500.0,5
3.1,0.0,2,400.0,22.0,1,0.0970170497894,0,94.0,1,17,-5.24605364197,0.754268642848,5.3,3.0,5.0,500.0,5
3.1,0.0,2,400.0,22.0,0,0.0970079898834,1,94.0,1,14,-4.00547274408,-3.47076188991,5.3,3.0,5.0,500.0,5
3.1,0.0,2,400.0,22.0,0,0.0970020294189,0,94.0,1,17,-5.24605364197,0.754268642848,5.3,3.0,5.0,500.0,5
3.1,0.0,2,400.0,22.0,0,0.0971660614014,0,94.0,1,20,-2.86539633251,4.45864372401,5.3,3.0,5.0,500.0,5
3.1,0.0,2,400.0,22.0,0,0.0970017910004,0,94.0,1,8,4.00547274408,-3.47076188991,5.3,3.0,5.0,500.0,5
3.1,0.0,2,400.0,22.0,2,0.096999168396,-2,94.0,2,8,4.00547274408,-3.47076188991,5.3,3.0,5.0,500.0,5
3.1,0.0,2,400.0,22.0,0,0.0969932079315,0,94.0,1,2,2.86539633251,4.45864372401,5.3,3.0,5.0,500.0,5
3.1,0.0,2,400.0,22.0,1,0.0969970226288,0,94.0,2,3,4.00547274408,3.47076188991,5.3,3.0,5.0,500.0,5
3.1,0.0,1,400.0,22.0,0,0.0970621109009,1,94.0,2,0,0.0,5.3,5.3,3.0,5.0,500.0,5
3.1,0.0,2,400.0,22.0,-1,0.097195148468,0,94.0,2,11,6.49041367526e-16,-5.3,5.3,3.0,5.0,500.0,5
3.1,0.0,2,400.0,22.0,-1,0.0971901416779,-1,94.0,1,8,4.00547274408,-3.47076188991,5.3,3.0,5.0,500.0,5
3.1,0.0,2,400.0,22.0,-2,0.09716796875,2,94.0,1,21,-1.49318255126,5.08531276016,5.3,3.0,5.0,500.0,5
3.1,0.0,2,400.0,22.0,1,0.0972092151642,0,94.0,2,15,-4.82104957538,-2.20169956891,5.3,3.0,5.0,500.0,5
3.1,0.0,1,400.0,22.0,-1,0.097058057785,2,94.0,1,20,-2.86539633251,4.45864372401,5.3,3.0,5.0,500.0,5
3.1,0.0,1,400.0,22.0,0,0.0971481800079,-2,94.0,1,4,4.82104957538,2.20169956891,5.3,3.0,5.0,500.0,5
3.1,0.0,2,400.0,22.0,0,0.0971729755402,2,94.0,1,11,6.49041367526e-16,-5.3,5.3,3.0,5.0,500.0,5
3.1,0.0,2,400.0,22.0,0,0.0971510410309,-1,94.0,1,1,1.49318255126,5.08531276016,5.3,3.0,5.0,500.0,5
3.1,0.0,2,400.0,22.0,-1,0.097090959549,0,94.0,1,20,-2.86539633251,4.45864372401,5.3,3.0,5.0,500.0,5
3.1,0.0,1,400.0,22.0,0,0.0971870422363,1,94.0,1,19,-4.00547274408,3.47076188991,5.3,3.0,5.0,500.0,5
3.1,0.0,2,400.0,22.0,0,0.0971801280975,0,94.0,1,15,-4.82104957538,-2.20169956891,5.3,3.0,5.0,500.0,5
3.1,0.0,2,400.0,22.0,-1,0.097146987915,0,94.0,2,19,-4.00547274408,3.47076188991,5.3,3.0,5.0,500.0,5
3.1,0.0,1,400.0,22.0,0,0.0971610546112,-2,94.0,1,15,-4.82104957538,-2.20169956891,5.3,3.0,5.0,500.0,5
3.1,0.0,1,400.0,22.0,2,0.0971660614014,0,94.0,1,13,-2.86539633251,-4.45864372401,5.3,3.0,5.0,500.0,5
3.1,0.0,2,400.0,22.0,0,0.0971698760986,0,94.0,1,17,-5.24605364197,0.754268642848,5.3,3.0,5.0,500.0,5
3.1,0.0,2,400.0,22.0,0,0.0971829891205,0,94.0,1,6,5.24605364197,-0.754268642848,5.3,3.0,5.0,500.0,5
3.1,0.0,2,400.0,22.0,0,0.0970149040222,0,94.0,1,17,-5.24605364197,0.754268642848,5.3,3.0,5.0,500.0,5
3.1,0.0,2,400.0,22.0,0,0.0971689224243,1,94.0,1,11,6.49041367526e-16,-5.3,5.3,3.0,5.0,500.0,5
3.1,0.0,2,400.0,22.0,0,0.0970158576965,0,94.0,1,21,-1.49318255126,5.08531276016,5.3,3.0,5.0,500.0,5
3.1,0.0,2,400.0,22.0,0,0.0971670150757,0,94.0,1,7,4.82104957538,-2.20169956891,5.3,3.0,5.0,500.0,5
3.1,0.0,1,400.0,22.0,-1,0.0970311164856,1,94.0,1,20,-2.86539633251,4.45864372401,5.3,3.0,5.0,500.0,5
3.1,0.0,2,400.0,22.0,0,0.0970158576965,0,94.0,1,20,-2.86539633251,4.45864372401,5.3,3.0,5.0,500.0,5
3.1,0.0,2,400.0,22.0,-1,0.0970749855042,0,94.0,2,11,6.49041367526e-16,-5.3,5.3,3.0,5.0,500.0,5
3.1,0.0,2,400.0,22.0,-1,0.0970020294189,0,94.0,2,19,-4.00547274408,3.47076188991,5.3,3.0,5.0,500.0,5
3.1,0.0,2,400.0,22.0,0,0.0970602035522,0,94.0,1,8,4.00547274408,-3.47076188991,5.3,3.0,5.0,500.0,5
3.1,0.0,2,400.0,22.0,0,0.0971419811249,0,94.0,1,1,1.49318255126,5.08531276016,5.3,3.0,5.0,500.0,5
3.1,0.0,2,400.0,22.0,0,0.0971710681915,0,94.0,1,11,6.49041367526e-16,-5.3,5.3,3.0,5.0,500.0,5
3.1,0.0,2,400.0,22.0,0,0.0971579551697,0,94.0,1,9,2.86539633251,-4.45864372401,5.3,3.0,5.0,500.0,5
3.1,0.0,2,400.0,22.0,0,0.0971639156342,0,94.0,1,11,6.49041367526e-16,-5.3,5.3,3.0,5.0,500.0,5
3.1,0.0,2,400.0,22.0,-1,0.0971689224243,-1,94.0,1,7,4.82104957538,-2.20169956891,5.3,3.0,5.0,500.0,5
3.1,0.0,2,400.0,22.0,0,0.0972061157227,0,94.0,1,7,4.82104957538,-2.20169956891,5.3,3.0,5.0,500.0,5
3.1,0.0,2,400.0,22.0,-1,0.0971992015839,-2,94.0,1,21,-1.49318255126,5.08531276016,5.3,3.0,5.0,500.0,5
3.1,0.0,2,400.0,22.0,1,0.0971989631653,1,94.0,1,12,-1.49318255126,-5.08531276016,5.3,3.0,5.0,500.0,5
3.1,0.0,2,400.0,22.0,0,0.097195148468,0,94.0,1,13,-2.86539633251,-4.45864372401,5.3,3.0,5.0,500.0,5
3.1,0.0,2,400.0,22.0,0,0.0971949100494,0,94.0,1,5,5.24605364197,0.754268642848,5.3,3.0,5.0,500.0,5
3.1,0.0,2,400.0,22.0,2,0.0971748828888,0,94.0,2,14,-4.00547274408,-3.47076188991,5.3,3.0,5.0,500.0,5
3.1,0.0,1,400.0,22.0,2,0.0971879959106,0,94.0,2,4,4.82104957538,2.20169956891,5.3,3.0,5.0,500.0,5
3.1,0.0,2,400.0,22.0,0,0.0970811843872,0,94.0,1,19,-4.00547274408,3.47076188991,5.3,3.0,5.0,500.0,5
3.1,0.0,2,400.0,22.0,0,0.0970268249512,0,94.0,1,19,-4.00547274408,3.47076188991,5.3,3.0,5.0,500.0,5
3.1,0.0,1,400.0,22.0,2,0.097030878067,2,94.0,2,13,-2.86539633251,-4.45864372401,5.3,3.0,5.0,500.0,5
3.1,0.0,2,400.0,22.0,0,0.097158908844,1,94.0,1,14,-4.00547274408,-3.47076188991,5.3,3.0,5.0,500.0,5
3.1,0.0,2,400.0,22.0,0,0.09716796875,1,94.0,1,11,6.49041367526e-16,-5.3,5.3,3.0,5.0,500.0,5
3.1,0.0,2,400.0,22.0,2,0.0971579551697,-1,94.0,1,12,-1.49318255126,-5.08531276016,5.3,3.0,5.0,500.0,5
3.1,0.0,1,400.0,22.0,-1,0.0970540046692,2,94.0,1,18,-4.82104957538,2.20169956891,5.3,3.0,5.0,500.0,5
3.1,0.0,2,400.0,22.0,2,0.0971741676331,0,94.0,1,8,4.00547274408,-3.47076188991,5.3,3.0,5.0,500.0,5
3.1,0.0,2,400.0,22.0,1,0.0971488952637,0,94.0,1,11,6.49041367526e-16,-5.3,5.3,3.0,5.0,500.0,5
3.1,0.0,2,400.0,22.0,0,0.0971758365631,1,94.0,1,6,5.24605364197,-0.754268642848,5.3,3.0,5.0,500.0,5
3.1,0.0,2,400.0,22.0,0,0.0971670150757,0,94.0,1,8,4.00547274408,-3.47076188991,5.3,3.0,5.0,500.0,5
3.1,0.0,2,400.0,22.0,0,0.0971891880035,2,94.0,1,11,6.49041367526e-16,-5.3,5.3,3.0,5.0,500.0,5
3.1,0.0,2,400.0,22.0,-1,0.0971670150757,0,94.0,2,16,-5.24605364197,-0.754268642848,5.3,3.0,5.0,500.0,5
3.1,0.0,1,400.0,22.0,1,0.097021818161,1,94.0,2,14,-4.00547274408,-3.47076188991,5.3,3.0,5.0,500.0,5
3.1,0.0,1,400.0,22.0,-1,0.0970208644867,0,94.0,1,0,0.0,5.3,5.3,3.0,5.0,500.0,5
3.1,0.0,1,400.0,22.0,0,0.0970160961151,0,94.0,2,11,6.49041367526e-16,-5.3,5.3,3.0,5.0,500.0,5
3.1,0.0,1,400.0,22.0,0,0.0971529483795,-2,94.0,1,6,5.24605364197,-0.754268642848,5.3,3.0,5.0,500.0,5
3.1,0.0,2,400.0,22.0,1,0.0971729755402,2,94.0,1,14,-4.00547274408,-3.47076188991,5.3,3.0,5.0,500.0,5
3.1,0.0,2,400.0,22.0,-1,0.0971691608429,0,94.0,2,5,5.24605364197,0.754268642848,5.3,3.0,5.0,500.0,5
3.1,0.0,2,400.0,22.0,0,0.0971541404724,0,94.0,1,13,-2.86539633251,-4.45864372401,5.3,3.0,5.0,500.0,5
3.1,0.0,2,400.0,22.0,0,0.0971930027008,0,94.0,1,6,5.24605364197,-0.754268642848,5.3,3.0,5.0,500.0,5
3.1,0.0,2,400.0,22.0,-1,0.097188949585,-1,94.0,1,2,2.86539633251,4.45864372401,5.3,3.0,5.0,500.0,5
3.1,0.0,2,400.0,22.0,0,0.0970160961151,0,94.0,1,3,4.00547274408,3.47076188991,5.3,3.0,5.0,500.0,5
3.1,0.0,2,400.0,22.0,0,0.0971670150757,2,94.0,2,14,-4.00547274408,-3.47076188991,5.3,3.0,5.0,500.0,5
3.1,0.0,2,400.0,22.0,1,0.0972001552582,1,94.0,1,3,4.00547274408,3.47076188991,5.3,3.0,5.0,500.0,5
3.1,0.0,2,400.0,22.0,2,0.0970611572266,0,94.0,1,1,1.49318255126,5.08531276016,5.3,3.0,5.0,500.0,5
3.1,0.0,2,400.0,22.0,-2,0.0970458984375,2,94.0,1,18,-4.82104957538,2.20169956891,5.3,3.0,5.0,500.0,5
3.1,0.0,2,400.0,22.0,0,0.0970151424408,0,94.0,1,1,1.49318255126,5.08531276016,5.3,3.0,5.0,500.0,5
3.1,0.0,1,400.0,22.0,0,0.0971641540527,0,94.0,2,14,-4.00547274408,-3.47076188991,5.3,3.0,5.0,500.0,5
3.1,0.0,2,400.0,22.0,-1,0.0971519947052,0,94.0,1,9,2.86539633251,-4.45864372401,5.3,3.0,5.0,500.0,5
3.1,0.0,1,400.0,22.0,0,0.0972020626068,1,94.0,1,3,4.00547274408,3.47076188991,5.3,3.0,5.0,500.0,5
3.1,0.0,2,400.0,22.0,0,0.0971758365631,0,94.0,1,18,-4.82104957538,2.20169956891,5.3,3.0,5.0,500.0,5
3.1,0.0,2,400.0,22.0,0,0.097149848938,0,94.0,1,10,1.49318255126,-5.08531276016,5.3,3.0,5.0,500.0,5
3.1,0.0,2,400.0,22.0,-1,0.0971629619598,0,94.0,1,20,-2.86539633251,4.45864372401,5.3,3.0,5.0,500.0,5
3.1,0.0,1,400.0,22.0,1,0.0971848964691,-1,94.0,2,7,4.82104957538,-2.20169956891,5.3,3.0,5.0,500.0,5
3.1,0.0,1,400.0,22.0,0,0.0971441268921,0,94.0,1,2,2.86539633251,4.45864372401,5.3,3.0,5.0,500.0,5
3.1,0.0,2,400.0,22.0,0,0.0970418453217,2,94.0,1,19,-4.00547274408,3.47076188991,5.3,3.0,5.0,500.0,5
3.1,0.0,1,400.0,22.0,0,0.0971229076385,1,94.0,1,7,4.82104957538,-2.20169956891,5.3,3.0,5.0,500.0,5
3.1,0.0,1,400.0,22.0,0,0.0970451831818,0,94.0,1,1,1.49318255126,5.08531276016,5.3,3.0,5.0,500.0,5
3.1,0.0,2,400.0,22.0,0,0.0971801280975,0,94.0,1,7,4.82104957538,-2.20169956891,5.3,3.0,5.0,500.0,5
3.1,0.0,2,400.0,22.0,0,0.0971639156342,0,94.0,1,15,-4.82104957538,-2.20169956891,5.3,3.0,5.0,500.0,5
3.1,0.0,1,400.0,22.0,1,0.0970380306244,0,94.0,2,16,-5.24605364197,-0.754268642848,5.3,3.0,5.0,500.0,5
3.1,0.0,2,400.0,22.0,0,0.0971670150757,0,94.0,1,16,-5.24605364197,-0.754268642848,5.3,3.0,5.0,500.0,5
3.1,0.0,2,400.0,22.0,-1,0.0971691608429,-1,94.0,1,20,-2.86539633251,4.45864372401,5.3,3.0,5.0,500.0,5
3.1,0.0,1,400.0,22.0,0,0.0970468521118,0,94.0,1,20,-2.86539633251,4.45864372401,5.3,3.0,5.0,500.0,5
3.1,0.0,2,400.0,22.0,0,0.0970239639282,0,94.0,1,5,5.24605364197,0.754268642848,5.3,3.0,5.0,500.0,5
3.1,0.0,1,400.0,22.0,0,0.0970261096954,1,94.0,1,15,-4.82104957538,-2.20169956891,5.3,3.0,5.0,500.0,5
3.1,0.0,2,400.0,22.0,0,0.097021818161,0,94.0,1,3,4.00547274408,3.47076188991,5.3,3.0,5.0,500.0,5
3.1,0.0,2,400.0,22.0,0,0.0970118045807,0,94.0,1,13,-2.86539633251,-4.45864372401,5.3,3.0,5.0,500.0,5
3.1,0.0,2,400.0,22.0,0,0.09716796875,0,94.0,1,11,6.49041367526e-16,-5.3,5.3,3.0,5.0,500.0,5
3.1,0.0,2,400.0,22.0,2,0.097128868103,2,94.0,1,12,-1.49318255126,-5.08531276016,5.3,3.0,5.0,500.0,5
3.1,0.0,2,400.0,22.0,0,0.0970571041107,-1,94.0,1,15,-4.82104957538,-2.20169956891,5.3,3.0,5.0,500.0,5
3.1,0.0,2,400.0,22.0,2,0.0971691608429,-1,94.0,1,19,-4.00547274408,3.47076188991,5.3,3.0,5.0,500.0,5
3.1,0.0,1,400.0,22.0,1,0.0971670150757,1,94.0,1,13,-2.86539633251,-4.45864372401,5.3,3.0,5.0,500.0,5
3.1,0.0,1,400.0,22.0,1,0.0970690250397,0,94.0,2,21,-1.49318255126,5.08531276016,5.3,3.0,5.0,500.0,5
3.1,0.0,2,400.0,22.0,0,0.0971729755402,2,94.0,1,1,1.49318255126,5.08531276016,5.3,3.0,5.0,500.0,5
3.1,0.0,1,400.0,22.0,-1,0.0971171855927,-1,94.0,2,1,1.49318255126,5.08531276016,5.3,3.0,5.0,500.0,5
3.1,0.0,2,400.0,22.0,0,0.0972030162811,0,94.0,1,4,4.82104957538,2.20169956891,5.3,3.0,5.0,500.0,5
3.1,0.0,2,400.0,22.0,0,0.0972018241882,0,94.0,1,18,-4.82104957538,2.20169956891,5.3,3.0,5.0,500.0,5
3.1,0.0,2,400.0,22.0,-1,0.0971908569336,0,94.0,1,11,6.49041367526e-16,-5.3,5.3,3.0,5.0,500.0,5
3.1,0.0,2,400.0,22.0,0,0.0971739292145,-1,94.0,1,16,-5.24605364197,-0.754268642848,5.3,3.0,5.0,500.0,5
3.1,0.0,2,400.0,22.0,1,0.0971689224243,0,94.0,1,14,-4.00547274408,-3.47076188991,5.3,3.0,5.0,500.0,5
3.1,0.0,1,400.0,22.0,-1,0.0971479415894,-1,94.0,2,14,-4.00547274408,-3.47076188991,5.3,3.0,5.0,500.0,5
3.1,0.0,2,400.0,22.0,2,0.0971460342407,0,94.0,1,6,5.24605364197,-0.754268642848,5.3,3.0,5.0,500.0,5
3.1,0.0,2,400.0,22.0,0,0.097158908844,0,94.0,1,19,-4.00547274408,3.47076188991,5.3,3.0,5.0,500.0,5
3.1,0.0,1,400.0,22.0,1,0.0971570014954,0,94.0,2,8,4.00547274408,-3.47076188991,5.3,3.0,5.0,500.0,5
3.1,0.0,1,400.0,22.0,0,0.097158908844,0,94.0,1,9,2.86539633251,-4.45864372401,5.3,3.0,5.0,500.0,5
3.1,0.0,2,400.0,22.0,0,0.0973348617554,0,94.0,1,5,5.24605364197,0.754268642848,5.3,3.0,5.0,500.0,5
3.1,0.0,1,400.0,22.0,0,0.0971159934998,1,94.0,1,1,1.49318255126,5.08531276016,5.3,3.0,5.0,500.0,5
3.1,0.0,2,400.0,22.0,0,0.0971710681915,-1,94.0,1,1,1.49318255126,5.08531276016,5.3,3.0,5.0,500.0,5
3.1,0.0,2,400.0,22.0,1,0.0971710681915,1,94.0,1,15,-4.82104957538,-2.20169956891,5.3,3.0,5.0,500.0,5
3.1,0.0,1,400.0,22.0,-2,0.0971701145172,-1,94.0,1,1,1.49318255126,5.08531276016,5.3,3.0,5.0,500.0,5
3.1,0.0,2,400.0,22.0,0,0.0971789360046,0,94.0,1,1,1.49318255126,5.08531276016,5.3,3.0,5.0,500.0,5
3.1,0.0,2,400.0,22.0,0,0.0971689224243,0,94.0,1,9,2.86539633251,-4.45864372401,5.3,3.0,5.0,500.0,5
3.1,0.0,2,400.0,22.0,0,0.0971801280975,0,94.0,1,3,4.00547274408,3.47076188991,5.3,3.0,5.0,500.0,5
3.1,0.0,1,400.0,22.0,-2,0.0971698760986,-1,94.0,1,2,2.86539633251,4.45864372401,5.3,3.0,5.0,500.0,5
3.1,0.0,2,400.0,22.0,0,0.0970180034637,0,94.0,1,0,0.0,5.3,5.3,3.0,5.0,500.0,5
3.1,0.0,1,400.0,22.0,0,0.0971639156342,-1,94.0,1,3,4.00547274408,3.47076188991,5.3,3.0,5.0,500.0,5
3.1,0.0,2,400.0,22.0,-2,0.0971760749817,0,94.0,2,13,-2.86539633251,-4.45864372401,5.3,3.0,5.0,500.0,5
3.1,0.0,2,400.0,22.0,0,0.0971701145172,0,94.0,1,20,-2.86539633251,4.45864372401,5.3,3.0,5.0,500.0,5
3.1,0.0,2,400.0,22.0,1,0.0971629619598,1,94.0,1,10,1.49318255126,-5.08531276016,5.3,3.0,5.0,500.0,5
3.1,0.0,2,400.0,22.0,-1,0.0971639156342,1,94.0,2,20,-2.86539633251,4.45864372401,5.3,3.0,5.0,500.0,5
3.1,0.0,1,400.0,22.0,1,0.0971808433533,0,94.0,2,12,-1.49318255126,-5.08531276016,5.3,3.0,5.0,500.0,5
3.1,0.0,1,400.0,22.0,0,0.0971899032593,-2,94.0,1,4,4.82104957538,2.20169956891,5.3,3.0,5.0,500.0,5
3.1,0.0,1,400.0,22.0,0,0.0970020294189,-2,94.0,1,21,-1.49318255126,5.08531276016,5.3,3.0,5.0,500.0,5
3.1,0.0,2,400.0,22.0,0,0.0970208644867,1,94.0,1,1,1.49318255126,5.08531276016,5.3,3.0,5.0,500.0,5
3.1,0.0,2,400.0,22.0,2,0.0970039367676,0,94.0,1,15,-4.82104957538,-2.20169956891,5.3,3.0,5.0,500.0,5
3.1,0.0,1,400.0,22.0,1,0.0969970226288,2,94.0,1,12,-1.49318255126,-5.08531276016,5.3,3.0,5.0,500.0,5
3.1,0.0,2,400.0,22.0,-1,0.0971701145172,0,94.0,1,18,-4.82104957538,2.20169956891,5.3,3.0,5.0,500.0,5
3.1,0.0,2,400.0,22.0,0,0.097020149231,0,94.0,1,18,-4.82104957538,2.20169956891,5.3,3.0,5.0,500.0,5
3.1,0.0,1,400.0,22.0,-2,0.0971660614014,1,94.0,1,12,-1.49318255126,-5.08531276016,5.3,3.0,5.0,500.0,5
3.1,0.0,2,400.0,22.0,0,0.0972008705139,0,94.0,1,4,4.82104957538,2.20169956891,5.3,3.0,5.0,500.0,5
3.1,0.0,2,400.0,22.0,0,0.0971870422363,1,94.0,1,8,4.00547274408,-3.47076188991,5.3,3.0,5.0,500.0,5
3.1,0.0,2,400.0,22.0,0,0.0970220565796,0,94.0,1,7,4.82104957538,-2.20169956891,5.3,3.0,5.0,500.0,5
3.1,0.0,2,400.0,22.0,0,0.0971970558167,-1,94.0,1,14,-4.00547274408,-3.47076188991,5.3,3.0,5.0,500.0,5
3.1,0.0,2,400.0,22.0,0,0.0971620082855,0,94.0,1,8,4.00547274408,-3.47076188991,5.3,3.0,5.0,500.0,5
3.1,0.0,2,400.0,22.0,0,0.0970268249512,1,94.0,1,21,-1.49318255126,5.08531276016,5.3,3.0,5.0,500.0,5
3.1,0.0,2,400.0,22.0,0,0.0971901416779,0,94.0,1,18,-4.82104957538,2.20169956891,5.3,3.0,5.0,500.0,5
3.1,0.0,1,400.0,22.0,0,0.0971620082855,0,94.0,2,5,5.24605364197,0.754268642848,5.3,3.0,5.0,500.0,5
3.1,0.0,1,400.0,22.0,0,0.0971639156342,0,94.0,2,3,4.00547274408,3.47076188991,5.3,3.0,5.0,500.0,5
3.1,0.0,2,400.0,22.0,0,0.0971729755402,1,94.0,1,2,2.86539633251,4.45864372401,5.3,3.0,5.0,500.0,5
3.1,0.0,2,400.0,22.0,0,0.09716796875,1,94.0,1,10,1.49318255126,-5.08531276016,5.3,3.0,5.0,500.0,5
3.1,0.0,2,400.0,22.0,0,0.0971541404724,0,94.0,1,4,4.82104957538,2.20169956891,5.3,3.0,5.0,500.0,5
3.1,0.0,2,400.0,22.0,2,0.0971858501434,0,94.0,1,7,4.82104957538,-2.20169956891,5.3,3.0,5.0,500.0,5
3.1,0.0,2,400.0,22.0,1,0.0971729755402,0,94.0,2,2,2.86539633251,4.45864372401,5.3,3.0,5.0,500.0,5
3.1,0.0,1,400.0,22.0,1,0.0971729755402,0,94.0,2,8,4.00547274408,-3.47076188991,5.3,3.0,5.0,500.0,5
3.1,0.0,2,400.0,22.0,0,0.0970139503479,0,94.0,1,0,0.0,5.3,5.3,3.0,5.0,500.0,5
3.1,0.0,2,400.0,22.0,0,0.0971701145172,0,94.0,1,1,1.49318255126,5.08531276016,5.3,3.0,5.0,500.0,5
3.1,0.0,2,400.0,22.0,0,0.0971660614014,0,94.0,1,14,-4.00547274408,-3.47076188991,5.3,3.0,5.0,500.0,5
3.1,0.0,2,400.0,22.0,1,0.0971488952637,-1,94.0,1,12,-1.49318255126,-5.08531276016,5.3,3.0,5.0,500.0,5
3.1,0.0,2,400.0,22.0,0,0.0971579551697,0,94.0,1,10,1.49318255126,-5.08531276016,5.3,3.0,5.0,500.0,5
3.1,0.0,2,400.0,22.0,0,0.0971441268921,0,94.0,1,16,-5.24605364197,-0.754268642848,5.3,3.0,5.0,500.0,5
3.1,0.0,2,400.0,22.0,-2,0.0970602035522,-1,94.0,1,0,0.0,5.3,5.3,3.0,5.0,500.0,5
3.1,0.0,2,400.0,22.0,0,0.0970559120178,0,94.0,1,5,5.24605364197,0.754268642848,5.3,3.0,5.0,500.0,5
3.1,0.0,2,400.0,22.0,0,0.0971641540527,0,94.0,1,6,5.24605364197,-0.754268642848,5.3,3.0,5.0,500.0,5
3.1,0.0,2,400.0,22.0,0,0.0971629619598,0,94.0,1,10,1.49318255126,-5.08531276016,5.3,3.0,5.0,500.0,5
3.1,0.0,2,400.0,22.0,-1,0.0971660614014,-1,94.0,1,18,-4.82104957538,2.20169956891,5.3,3.0,5.0,500.0,5
3.1,0.0,2,400.0,22.0,-1,0.0971670150757,1,94.0,1,21,-1.49318255126,5.08531276016,5.3,3.0,5.0,500.0,5
3.1,0.0,2,400.0,22.0,0,0.0971670150757,0,94.0,1,4,4.82104957538,2.20169956891,5.3,3.0,5.0,500.0,5
3.1,0.0,2,400.0,22.0,0,0.0970079898834,0,94.0,1,6,5.24605364197,-0.754268642848,5.3,3.0,5.0,500.0,5
3.1,0.0,1,400.0,22.0,-1,0.0971930027008,-1,94.0,1,11,6.49041367526e-16,-5.3,5.3,3.0,5.0,500.0,5
3.1,0.0,2,400.0,22.0,0,0.0971591472626,0,94.0,1,4,4.82104957538,2.20169956891,5.3,3.0,5.0,500.0,5
3.1,0.0,2,400.0,22.0,0,0.0971550941467,0,94.0,1,10,1.49318255126,-5.08531276016,5.3,3.0,5.0,500.0,5
3.1,0.0,1,400.0,22.0,0,0.0971899032593,-2,94.0,1,6,5.24605364197,-0.754268642848,5.3,3.0,5.0,500.0,5
3.1,0.0,2,400.0,22.0,-2,0.0971579551697,0,94.0,2,1,1.49318255126,5.08531276016,5.3,3.0,5.0,500.0,5
3.1,0.0,2,400.0,22.0,-2,0.0972130298615,-1,94.0,2,1,1.49318255126,5.08531276016,5.3,3.0,5.0,500.0,5
3.1,0.0,2,400.0,22.0,0,0.0971601009369,-2,94.0,1,1,1.49318255126,5.08531276016,5.3,3.0,5.0,500.0,5
3.1,0.0,2,400.0,22.0,0,0.0971901416779,0,94.0,1,17,-5.24605364197,0.754268642848,5.3,3.0,5.0,500.0,5
3.1,0.0,2,400.0,22.0,0,0.097158908844,0,94.0,1,19,-4.00547274408,3.47076188991,5.3,3.0,5.0,500.0,5
3.1,0.0,2,400.0,22.0,0,0.0971698760986,0,94.0,1,16,-5.24605364197,-0.754268642848,5.3,3.0,5.0,500.0,5
3.1,0.0,2,400.0,22.0,1,0.097177028656,0,94.0,1,13,-2.86539633251,-4.45864372401,5.3,3.0,5.0,500.0,5
3.1,0.0,2,400.0,22.0,0,0.0971691608429,0,94.0,2,12,-1.49318255126,-5.08531276016,5.3,3.0,5.0,500.0,5
3.1,0.0,2,400.0,22.0,1,0.0971579551697,1,94.0,2,20,-2.86539633251,4.45864372401,5.3,3.0,5.0,500.0,5
3.1,0.0,2,400.0,22.0,0,0.0972008705139,0,94.0,1,14,-4.00547274408,-3.47076188991,5.3,3.0,5.0,500.0,5
3.1,0.0,2,400.0,22.0,0,0.097090959549,0,94.0,2,15,-4.82104957538,-2.20169956891,5.3,3.0,5.0,500.0,5
3.1,0.0,2,400.0,22.0,0,0.0971708297729,0,94.0,2,18,-4.82104957538,2.20169956891,5.3,3.0,5.0,500.0,5
3.1,0.0,1,400.0,22.0,0,0.0971689224243,1,94.0,1,9,2.86539633251,-4.45864372401,5.3,3.0,5.0,500.0,5
3.1,0.0,2,400.0,22.0,0,0.0971629619598,0,94.0,1,15,-4.82104957538,-2.20169956891,5.3,3.0,5.0,500.0,5
3.1,0.0,2,400.0,22.0,0,0.0972108840942,0,94.0,1,18,-4.82104957538,2.20169956891,5.3,3.0,5.0,500.0,5
3.1,0.0,2,400.0,22.0,0,0.0971791744232,-1,94.0,2,10,1.49318255126,-5.08531276016,5.3,3.0,5.0,500.0,5
3.1,0.0,2,400.0,22.0,0,0.0971620082855,0,94.0,1,8,4.00547274408,-3.47076188991,5.3,3.0,5.0,500.0,5
3.1,0.0,1,400.0,22.0,0,0.0971839427948,-1,94.0,1,10,1.49318255126,-5.08531276016,5.3,3.0,5.0,500.0,5
3.1,0.0,2,400.0,22.0,0,0.0970189571381,0,94.0,1,20,-2.86539633251,4.45864372401,5.3,3.0,5.0,500.0,5
3.1,0.0,1,400.0,22.0,2,0.0971338748932,-2,94.0,1,13,-2.86539633251,-4.45864372401,5.3,3.0,5.0,500.0,5
3.1,0.0,2,400.0,22.0,0,0.0971720218658,0,94.0,1,2,2.86539633251,4.45864372401,5.3,3.0,5.0,500.0,5
3.1,0.0,2,400.0,22.0,0,0.0971579551697,0,94.0,1,0,0.0,5.3,5.3,3.0,5.0,500.0,5
3.1,0.0,2,400.0,22.0,0,0.0971629619598,-1,94.0,1,20,-2.86539633251,4.45864372401,5.3,3.0,5.0,500.0,5
3.1,0.0,2,400.0,22.0,0,0.0970211029053,0,94.0,1,18,-4.82104957538,2.20169956891,5.3,3.0,5.0,500.0,5
3.1,0.0,2,400.0,22.0,0,0.0971710681915,-2,94.0,1,14,-4.00547274408,-3.47076188991,5.3,3.0,5.0,500.0,5
3.1,0.0,2,400.0,22.0,0,0.0970120429993,0,94.0,1,5,5.24605364197,0.754268642848,5.3,3.0,5.0,500.0,5
3.1,0.0,2,400.0,22.0,0,0.0971479415894,1,94.0,1,6,5.24605364197,-0.754268642848,5.3,3.0,5.0,500.0,5
3.1,0.0,2,400.0,22.0,1,0.0971910953522,1,94.0,1,13,-2.86539633251,-4.45864372401,5.3,3.0,5.0,500.0,5
3.1,0.0,2,400.0,22.0,1,0.0971789360046,1,94.0,2,13,-2.86539633251,-4.45864372401,5.3,3.0,5.0,500.0,5
3.1,0.0,1,400.0,22.0,0,0.0970029830933,2,94.0,1,8,4.00547274408,-3.47076188991,5.3,3.0,5.0,500.0,5
3.1,0.0,1,400.0,22.0,0,0.097008228302,0,94.0,1,11,6.49041367526e-16,-5.3,5.3,3.0,5.0,500.0,5
3.1,0.0,2,400.0,22.0,0,0.0971570014954,0,94.0,1,19,-4.00547274408,3.47076188991,5.3,3.0,5.0,500.0,5
3.1,0.0,2,400.0,22.0,0,0.0970389842987,0,94.0,1,12,-1.49318255126,-5.08531276016,5.3,3.0,5.0,500.0,5
3.1,0.0,2,400.0,22.0,0,0.0970251560211,0,94.0,1,15,-4.82104957538,-2.20169956891,5.3,3.0,5.0,500.0,5
3.1,0.0,2,400.0,22.0,0,0.0971899032593,0,94.0,1,10,1.49318255126,-5.08531276016,5.3,3.0,5.0,500.0,5
3.1,0.0,2,400.0,22.0,0,0.0971848964691,0,94.0,2,19,-4.00547274408,3.47076188991,5.3,3.0,5.0,500.0,5
3.1,0.0,2,400.0,22.0,0,0.0972039699554,2,94.0,1,19,-4.00547274408,3.47076188991,5.3,3.0,5.0,500.0,5
3.1,0.0,2,400.0,22.0,2,0.0971541404724,0,94.0,1,11,6.49041367526e-16,-5.3,5.3,3.0,5.0,500.0,5
3.1,0.0,2,400.0,22.0,1,0.097186088562,1,94.0,2,20,-2.86539633251,4.45864372401,5.3,3.0,5.0,500.0,5
3.1,0.0,2,400.0,22.0,0,0.0971581935883,0,94.0,1,17,-5.24605364197,0.754268642848,5.3,3.0,5.0,500.0,5
3.1,0.0,1,400.0,22.0,2,0.0971801280975,0,94.0,2,12,-1.49318255126,-5.08531276016,5.3,3.0,5.0,500.0,5
3.1,0.0,2,400.0,22.0,1,0.0971910953522,0,94.0,1,15,-4.82104957538,-2.20169956891,5.3,3.0,5.0,500.0,5
3.1,0.0,1,400.0,22.0,0,0.0970270633698,0,94.0,1,12,-1.49318255126,-5.08531276016,5.3,3.0,5.0,500.0,5
3.1,0.0,2,400.0,22.0,0,0.0970349311829,0,94.0,1,4,4.82104957538,2.20169956891,5.3,3.0,5.0,500.0,5
3.1,0.0,2,400.0,22.0,0,0.0971660614014,1,94.0,1,13,-2.86539633251,-4.45864372401,5.3,3.0,5.0,500.0,5
3.1,0.0,2,400.0,22.0,0,0.0971591472626,0,94.0,1,6,5.24605364197,-0.754268642848,5.3,3.0,5.0,500.0,5
3.1,0.0,2,400.0,22.0,0,0.0971839427948,0,94.0,1,6,5.24605364197,-0.754268642848,5.3,3.0,5.0,500.0,5
3.1,0.0,2,400.0,22.0,0,0.0970430374146,0,94.0,1,5,5.24605364197,0.754268642848,5.3,3.0,5.0,500.0,5
3.1,0.0,2,400.0,22.0,1,0.09716796875,-2,94.0,2,12,-1.49318255126,-5.08531276016,5.3,3.0,5.0,500.0,5
3.1,0.0,1,400.0,22.0,1,0.0971500873566,-1,94.0,1,20,-2.86539633251,4.45864372401,5.3,3.0,5.0,500.0,5
3.1,0.0,2,400.0,22.0,0,0.0971598625183,0,94.0,1,6,5.24605364197,-0.754268642848,5.3,3.0,5.0,500.0,5
3.1,0.0,2,400.0,22.0,0,0.097146987915,0,94.0,2,20,-2.86539633251,4.45864372401,5.3,3.0,5.0,500.0,5
3.1,0.0,2,400.0,22.0,0,0.0971658229828,0,94.0,1,20,-2.86539633251,4.45864372401,5.3,3.0,5.0,500.0,5
3.1,0.0,1,400.0,22.0,0,0.097186088562,2,94.0,1,13,-2.86539633251,-4.45864372401,5.3,3.0,5.0,500.0,5
3.1,0.0,2,400.0,22.0,1,0.0971698760986,0,94.0,2,10,1.49318255126,-5.08531276016,5.3,3.0,5.0,500.0,5
3.1,0.0,1,400.0,22.0,0,0.0971369743347,0,94.0,1,8,4.00547274408,-3.47076188991,5.3,3.0,5.0,500.0,5
3.1,0.0,1,400.0,22.0,0,0.097156047821,0,94.0,2,19,-4.00547274408,3.47076188991,5.3,3.0,5.0,500.0,5
3.1,0.0,2,400.0,22.0,0,0.0970239639282,0,94.0,1,4,4.82104957538,2.20169956891,5.3,3.0,5.0,500.0,5
3.1,0.0,1,400.0,22.0,2,0.097177028656,0,94.0,2,3,4.00547274408,3.47076188991,5.3,3.0,5.0,500.0,5
3.1,0.0,2,400.0,22.0,0,0.0970299243927,0,94.0,1,19,-4.00547274408,3.47076188991,5.3,3.0,5.0,500.0,5
3.1,0.0,2,400.0,22.0,1,0.0970540046692,0,94.0,1,13,-2.86539633251,-4.45864372401,5.3,3.0,5.0,500.0,5
3.1,0.0,2,400.0,22.0,1,0.0971310138702,1,94.0,2,21,-1.49318255126,5.08531276016,5.3,3.0,5.0,500.0,5
3.1,0.0,2,400.0,22.0,-1,0.0971219539642,0,94.0,1,19,-4.00547274408,3.47076188991,5.3,3.0,5.0,500.0,5
3.1,0.0,2,400.0,22.0,0,0.0971310138702,0,94.0,1,1,1.49318255126,5.08531276016,5.3,3.0,5.0,500.0,5
3.1,0.0,2,400.0,22.0,-2,0.0971739292145,1,94.0,1,8,4.00547274408,-3.47076188991,5.3,3.0,5.0,500.0,5
3.1,0.0,2,400.0,22.0,0,0.097011089325,0,94.0,2,2,2.86539633251,4.45864372401,5.3,3.0,5.0,500.0,5
3.1,0.0,2,400.0,22.0,0,0.0971808433533,0,94.0,1,3,4.00547274408,3.47076188991,5.3,3.0,5.0,500.0,5
3.1,0.0,2,400.0,22.0,1,0.0971617698669,0,94.0,1,1,1.49318255126,5.08531276016,5.3,3.0,5.0,500.0,5
3.1,0.0,2,400.0,22.0,0,0.0971939563751,0,94.0,1,20,-2.86539633251,4.45864372401,5.3,3.0,5.0,500.0,5
3.1,0.0,1,400.0,22.0,0,0.0973279476166,1,94.0,1,18,-4.82104957538,2.20169956891,5.3,3.0,5.0,500.0,5
3.1,0.0,2,400.0,22.0,0,0.0971279144287,1,94.0,1,3,4.00547274408,3.47076188991,5.3,3.0,5.0,500.0,5
3.1,0.0,2,400.0,22.0,0,0.0970568656921,-2,94.0,2,2,2.86539633251,4.45864372401,5.3,3.0,5.0,500.0,5
3.1,0.0,2,400.0,22.0,0,0.0971658229828,-1,94.0,1,18,-4.82104957538,2.20169956891,5.3,3.0,5.0,500.0,5
3.1,0.0,2,400.0,22.0,0,0.0971481800079,2,94.0,1,0,0.0,5.3,5.3,3.0,5.0,500.0,5
3.1,0.0,2,400.0,22.0,-2,0.0971992015839,0,94.0,2,18,-4.82104957538,2.20169956891,5.3,3.0,5.0,500.0,5
3.1,0.0,2,400.0,22.0,0,0.0971841812134,0,94.0,1,11,6.49041367526e-16,-5.3,5.3,3.0,5.0,500.0,5
3.1,0.0,2,400.0,22.0,-1,0.0971608161926,-1,94.0,1,21,-1.49318255126,5.08531276016,5.3,3.0,5.0,500.0,5
3.1,0.0,1,400.0,22.0,0,0.0970470905304,1,94.0,1,15,-4.82104957538,-2.20169956891,5.3,3.0,5.0,500.0,5
3.1,0.0,2,400.0,22.0,-2,0.0970740318298,0,94.0,2,11,6.49041367526e-16,-5.3,5.3,3.0,5.0,500.0,5
3.1,0.0,2,400.0,22.0,0,0.0971970558167,2,94.0,1,1,1.49318255126,5.08531276016,5.3,3.0,5.0,500.0,5
3.1,0.0,2,400.0,22.0,0,0.0971748828888,0,94.0,1,11,6.49041367526e-16,-5.3,5.3,3.0,5.0,500.0,5
3.1,0.0,1,400.0,22.0,0,0.0972158908844,1,94.0,1,17,-5.24605364197,0.754268642848,5.3,3.0,5.0,500.0,5
3.1,0.0,2,400.0,22.0,-1,0.0971949100494,-2,94.0,1,20,-2.86539633251,4.45864372401,5.3,3.0,5.0,500.0,5
3.1,0.0,2,400.0,22.0,0,0.0971579551697,0,94.0,1,4,4.82104957538,2.20169956891,5.3,3.0,5.0,500.0,5
3.1,0.0,2,400.0,22.0,0,0.0971691608429,1,94.0,2,12,-1.49318255126,-5.08531276016,5.3,3.0,5.0,500.0,5
3.1,0.0,2,400.0,22.0,0,0.0971729755402,-1,94.0,1,10,1.49318255126,-5.08531276016,5.3,3.0,5.0,500.0,5
3.1,0.0,2,400.0,22.0,1,0.0971581935883,1,94.0,1,12,-1.49318255126,-5.08531276016,5.3,3.0,5.0,500.0,5
3.1,0.0,2,400.0,22.0,0,0.0971040725708,0,94.0,1,18,-4.82104957538,2.20169956891,5.3,3.0,5.0,500.0,5
3.1,0.0,2,400.0,22.0,0,0.0971729755402,-1,94.0,2,13,-2.86539633251,-4.45864372401,5.3,3.0,5.0,500.0,5
3.1,0.0,2,400.0,22.0,0,0.0970220565796,2,94.0,2,21,-1.49318255126,5.08531276016,5.3,3.0,5.0,500.0,5
3.1,0.0,1,400.0,22.0,1,0.0971648693085,0,94.0,2,15,-4.82104957538,-2.20169956891,5.3,3.0,5.0,500.0,5
3.1,0.0,2,400.0,22.0,-1,0.0970010757446,-2,94.0,1,9,2.86539633251,-4.45864372401,5.3,3.0,5.0,500.0,5
3.1,0.0,1,400.0,22.0,-1,0.0970001220703,-1,94.0,1,20,-2.86539633251,4.45864372401,5.3,3.0,5.0,500.0,5
3.1,0.0,2,400.0,22.0,-1,0.0972011089325,0,94.0,1,20,-2.86539633251,4.45864372401,5.3,3.0,5.0,500.0,5
3.1,0.0,2,400.0,22.0,-1,0.0970129966736,0,94.0,2,19,-4.00547274408,3.47076188991,5.3,3.0,5.0,500.0,5
3.1,0.0,2,400.0,22.0,-1,0.0971920490265,1,94.0,1,10,1.49318255126,-5.08531276016,5.3,3.0,5.0,500.0,5
3.1,0.0,2,400.0,22.0,0,0.0971260070801,0,94.0,1,15,-4.82104957538,-2.20169956891,5.3,3.0,5.0,500.0,5
3.1,0.0,2,400.0,22.0,0,0.0972030162811,2,94.0,1,1,1.49318255126,5.08531276016,5.3,3.0,5.0,500.0,5
3.1,0.0,1,400.0,22.0,1,0.0976269245148,0,94.0,1,12,-1.49318255126,-5.08531276016,5.3,3.0,5.0,500.0,5
3.1,0.0,2,400.0,22.0,2,0.0971601009369,0,94.0,1,16,-5.24605364197,-0.754268642848,5.3,3.0,5.0,500.0,5
3.1,0.0,2,400.0,22.0,0,0.0970602035522,1,94.0,1,0,0.0,5.3,5.3,3.0,5.0,500.0,5
3.1,0.0,2,400.0,22.0,0,0.0971479415894,0,94.0,1,1,1.49318255126,5.08531276016,5.3,3.0,5.0,500.0,5
3.1,0.0,2,400.0,22.0,-1,0.0971970558167,0,94.0,2,3,4.00547274408,3.47076188991,5.3,3.0,5.0,500.0,5
3.1,0.0,1,400.0,22.0,0,0.0970370769501,-1,94.0,1,7,4.82104957538,-2.20169956891,5.3,3.0,5.0,500.0,5
3.1,0.0,2,400.0,22.0,1,0.097042798996,0,94.0,1,17,-5.24605364197,0.754268642848,5.3,3.0,5.0,500.0,5
3.1,0.0,2,400.0,22.0,0,0.0971570014954,0,94.0,1,7,4.82104957538,-2.20169956891,5.3,3.0,5.0,500.0,5
3.1,0.0,2,400.0,22.0,-1,0.0971720218658,0,94.0,1,8,4.00547274408,-3.47076188991,5.3,3.0,5.0,500.0,5
3.1,0.0,1,400.0,22.0,0,0.0971550941467,0,94.0,1,7,4.82104957538,-2.20169956891,5.3,3.0,5.0,500.0,5
3.1,0.0,2,400.0,22.0,0,0.0971531867981,0,94.0,1,15,-4.82104957538,-2.20169956891,5.3,3.0,5.0,500.0,5
3.1,0.0,2,400.0,22.0,0,0.0971670150757,0,94.0,1,21,-1.49318255126,5.08531276016,5.3,3.0,5.0,500.0,5
3.1,0.0,2,400.0,22.0,0,0.097177028656,-1,94.0,1,8,4.00547274408,-3.47076188991,5.3,3.0,5.0,500.0,5
3.1,0.0,2,400.0,22.0,1,0.0971639156342,1,94.0,1,13,-2.86539633251,-4.45864372401,5.3,3.0,5.0,500.0,5
3.1,0.0,2,400.0,22.0,-1,0.0972530841827,-1,94.0,1,19,-4.00547274408,3.47076188991,5.3,3.0,5.0,500.0,5
3.1,0.0,2,400.0,22.0,0,0.0971138477325,0,94.0,1,21,-1.49318255126,5.08531276016,5.3,3.0,5.0,500.0,5
3.1,0.0,1,400.0,22.0,1,0.0971732139587,-1,94.0,2,13,-2.86539633251,-4.45864372401,5.3,3.0,5.0,500.0,5
3.1,0.0,2,400.0,22.0,0,0.0971639156342,0,94.0,1,17,-5.24605364197,0.754268642848,5.3,3.0,5.0,500.0,5
3.1,0.0,2,400.0,22.0,0,0.0971720218658,0,94.0,1,13,-2.86539633251,-4.45864372401,5.3,3.0,5.0,500.0,5
3.1,0.0,2,400.0,22.0,0,0.0971610546112,0,94.0,1,9,2.86539633251,-4.45864372401,5.3,3.0,5.0,500.0,5
3.1,0.0,2,400.0,22.0,0,0.0971758365631,0,94.0,1,12,-1.49318255126,-5.08531276016,5.3,3.0,5.0,500.0,5
3.1,0.0,2,400.0,22.0,1,0.0970270633698,0,94.0,2,11,6.49041367526e-16,-5.3,5.3,3.0,5.0,500.0,5
3.1,0.0,2,400.0,22.0,1,0.0970079898834,-1,94.0,1,2,2.86539633251,4.45864372401,5.3,3.0,5.0,500.0,5
3.1,0.0,2,400.0,22.0,0,0.0971651077271,0,94.0,1,11,6.49041367526e-16,-5.3,5.3,3.0,5.0,500.0,5
3.1,0.0,2,400.0,22.0,0,0.0971601009369,0,94.0,1,4,4.82104957538,2.20169956891,5.3,3.0,5.0,500.0,5
3.1,0.0,1,400.0,22.0,0,0.0971689224243,1,94.0,2,3,4.00547274408,3.47076188991,5.3,3.0,5.0,500.0,5
3.1,0.0,2,400.0,22.0,0,0.0971598625183,0,94.0,1,6,5.24605364197,-0.754268642848,5.3,3.0,5.0,500.0,5
3.1,0.0,2,400.0,22.0,2,0.0971651077271,1,94.0,1,2,2.86539633251,4.45864372401,5.3,3.0,5.0,500.0,5
3.1,0.0,2,400.0,22.0,1,0.0971691608429,-1,94.0,1,4,4.82104957538,2.20169956891,5.3,3.0,5.0,500.0,5
3.1,0.0,1,400.0,22.0,0,0.0971598625183,-2,94.0,1,8,4.00547274408,-3.47076188991,5.3,3.0,5.0,500.0,5
3.1,0.0,2,400.0,22.0,0,0.0971748828888,0,94.0,1,19,-4.00547274408,3.47076188991,5.3,3.0,5.0,500.0,5
3.1,0.0,1,400.0,22.0,-1,0.0970060825348,0,94.0,1,16,-5.24605364197,-0.754268642848,5.3,3.0,5.0,500.0,5
3.1,0.0,2,400.0,22.0,0,0.0971350669861,0,94.0,1,18,-4.82104957538,2.20169956891,5.3,3.0,5.0,500.0,5
3.1,0.0,2,400.0,22.0,0,0.0971660614014,0,94.0,1,15,-4.82104957538,-2.20169956891,5.3,3.0,5.0,500.0,5
3.1,0.0,2,400.0,22.0,0,0.0969920158386,0,94.0,1,16,-5.24605364197,-0.754268642848,5.3,3.0,5.0,500.0,5
3.1,0.0,1,400.0,22.0,0,0.097156047821,-1,94.0,1,15,-4.82104957538,-2.20169956891,5.3,3.0,5.0,500.0,5
3.1,0.0,2,400.0,22.0,0,0.0971689224243,0,94.0,1,16,-5.24605364197,-0.754268642848,5.3,3.0,5.0,500.0,5
3.1,0.0,1,400.0,22.0,2,0.097188949585,2,94.0,1,3,4.00547274408,3.47076188991,5.3,3.0,5.0,500.0,5
3.1,0.0,2,400.0,22.0,0,0.0970079898834,0,94.0,1,17,-5.24605364197,0.754268642848,5.3,3.0,5.0,500.0,5
3.1,0.0,2,400.0,22.0,0,0.0972020626068,0,94.0,1,11,6.49041367526e-16,-5.3,5.3,3.0,5.0,500.0,5
3.1,0.0,2,400.0,22.0,1,0.0971779823303,1,94.0,2,14,-4.00547274408,-3.47076188991,5.3,3.0,5.0,500.0,5
3.1,0.0,1,400.0,22.0,1,0.0972058773041,1,94.0,1,3,4.00547274408,3.47076188991,5.3,3.0,5.0,500.0,5
3.1,0.0,2,400.0,22.0,0,0.0971500873566,0,94.0,1,5,5.24605364197,0.754268642848,5.3,3.0,5.0,500.0,5
3.1,0.0,1,400.0,22.0,1,0.0971651077271,1,94.0,1,2,2.86539633251,4.45864372401,5.3,3.0,5.0,500.0,5
3.1,0.0,1,400.0,22.0,0,0.0971629619598,0,94.0,2,16,-5.24605364197,-0.754268642848,5.3,3.0,5.0,500.0,5
3.1,0.0,2,400.0,22.0,0,0.0971829891205,0,94.0,1,9,2.86539633251,-4.45864372401,5.3,3.0,5.0,500.0,5
3.1,0.0,2,400.0,22.0,0,0.0971579551697,0,94.0,1,9,2.86539633251,-4.45864372401,5.3,3.0,5.0,500.0,5
3.1,0.0,1,400.0,22.0,-1,0.0970549583435,-1,94.0,1,1,1.49318255126,5.08531276016,5.3,3.0,5.0,500.0,5
3.1,0.0,2,400.0,22.0,2,0.0971748828888,1,94.0,2,12,-1.49318255126,-5.08531276016,5.3,3.0,5.0,500.0,5
3.1,0.0,2,400.0,22.0,2,0.0971670150757,0,94.0,1,10,1.49318255126,-5.08531276016,5.3,3.0,5.0,500.0,5
3.1,0.0,2,400.0,22.0,0,0.0970549583435,0,94.0,1,7,4.82104957538,-2.20169956891,5.3,3.0,5.0,500.0,5
3.1,0.0,1,400.0,22.0,0,0.0972039699554,1,94.0,1,21,-1.49318255126,5.08531276016,5.3,3.0,5.0,500.0,5
3.1,0.0,2,400.0,22.0,0,0.0970780849457,-1,94.0,1,13,-2.86539633251,-4.45864372401,5.3,3.0,5.0,500.0,5
3.1,0.0,2,400.0,22.0,0,0.097188949585,0,94.0,1,7,4.82104957538,-2.20169956891,5.3,3.0,5.0,500.0,5
3.1,0.0,2,400.0,22.0,1,0.0971629619598,0,94.0,1,15,-4.82104957538,-2.20169956891,5.3,3.0,5.0,500.0,5
3.1,0.0,2,400.0,22.0,0,0.0971648693085,0,94.0,1,0,0.0,5.3,5.3,3.0,5.0,500.0,5
3.1,0.0,2,400.0,22.0,-1,0.0971639156342,-1,94.0,1,8,4.00547274408,-3.47076188991,5.3,3.0,5.0,500.0,5
3.1,0.0,2,400.0,22.0,0,0.0971789360046,0,94.0,1,18,-4.82104957538,2.20169956891,5.3,3.0,5.0,500.0,5
3.1,0.0,2,400.0,22.0,0,0.09716796875,0,94.0,1,14,-4.00547274408,-3.47076188991,5.3,3.0,5.0,500.0,5
3.1,0.0,1,400.0,22.0,0,0.0971739292145,0,94.0,2,16,-5.24605364197,-0.754268642848,5.3,3.0,5.0,500.0,5
3.1,0.0,2,400.0,22.0,0,0.0971610546112,0,94.0,1,15,-4.82104957538,-2.20169956891,5.3,3.0,5.0,500.0,5
3.1,0.0,2,400.0,22.0,0,0.0970129966736,-1,94.0,1,8,4.00547274408,-3.47076188991,5.3,3.0,5.0,500.0,5
3.1,0.0,2,400.0,22.0,1,0.0971670150757,2,94.0,2,6,5.24605364197,-0.754268642848,5.3,3.0,5.0,500.0,5
3.1,0.0,2,400.0,22.0,0,0.0971658229828,0,94.0,1,15,-4.82104957538,-2.20169956891,5.3,3.0,5.0,500.0,5
3.1,0.0,2,400.0,22.0,0,0.0971629619598,0,94.0,1,17,-5.24605364197,0.754268642848,5.3,3.0,5.0,500.0,5
3.1,0.0,2,400.0,22.0,0,0.0971689224243,0,94.0,1,14,-4.00547274408,-3.47076188991,5.3,3.0,5.0,500.0,5
3.1,0.0,2,400.0,22.0,-1,0.0971601009369,1,94.0,1,21,-1.49318255126,5.08531276016,5.3,3.0,5.0,500.0,5
3.1,0.0,2,400.0,22.0,1,0.097156047821,1,94.0,1,3,4.00547274408,3.47076188991,5.3,3.0,5.0,500.0,5
3.1,0.0,2,400.0,22.0,2,0.0971729755402,0,94.0,2,16,-5.24605364197,-0.754268642848,5.3,3.0,5.0,500.0,5
3.1,0.0,2,400.0,22.0,1,0.097198009491,2,94.0,1,2,2.86539633251,4.45864372401,5.3,3.0,5.0,500.0,5
3.1,0.0,2,400.0,22.0,0,0.0970339775085,0,94.0,1,11,6.49041367526e-16,-5.3,5.3,3.0,5.0,500.0,5
3.1,0.0,2,400.0,22.0,1,0.0971689224243,1,94.0,1,12,-1.49318255126,-5.08531276016,5.3,3.0,5.0,500.0,5
3.1,0.0,2,400.0,22.0,1,0.0971341133118,0,94.0,1,3,4.00547274408,3.47076188991,5.3,3.0,5.0,500.0,5
3.1,0.0,2,400.0,22.0,0,0.0973479747772,0,94.0,1,18,-4.82104957538,2.20169956891,5.3,3.0,5.0,500.0,5
3.1,0.0,2,400.0,22.0,0,0.0971870422363,0,94.0,1,3,4.00547274408,3.47076188991,5.3,3.0,5.0,500.0,5
3.1,0.0,2,400.0,22.0,0,0.0970480442047,0,94.0,1,18,-4.82104957538,2.20169956891,5.3,3.0,5.0,500.0,5
3.1,0.0,2,400.0,22.0,0,0.097207069397,0,94.0,1,5,5.24605364197,0.754268642848,5.3,3.0,5.0,500.0,5
3.1,0.0,1,400.0,22.0,0,0.0971648693085,-1,94.0,1,2,2.86539633251,4.45864372401,5.3,3.0,5.0,500.0,5
3.1,0.0,2,400.0,22.0,-1,0.0971670150757,-1,94.0,1,21,-1.49318255126,5.08531276016,5.3,3.0,5.0,500.0,5
3.1,0.0,1,400.0,22.0,0,0.0971989631653,1,94.0,1,0,0.0,5.3,5.3,3.0,5.0,500.0,5
3.1,0.0,2,400.0,22.0,0,0.0970170497894,-1,94.0,1,8,4.00547274408,-3.47076188991,5.3,3.0,5.0,500.0,5
3.1,0.0,2,400.0,22.0,0,0.0970160961151,0,94.0,1,6,5.24605364197,-0.754268642848,5.3,3.0,5.0,500.0,5
3.1,0.0,1,400.0,22.0,0,0.0970230102539,0,94.0,1,1,1.49318255126,5.08531276016,5.3,3.0,5.0,500.0,5
3.1,0.0,2,400.0,22.0,-1,0.0971791744232,-1,94.0,1,9,2.86539633251,-4.45864372401,5.3,3.0,5.0,500.0,5
3.1,0.0,2,400.0,22.0,1,0.0972590446472,2,94.0,1,1,1.49318255126,5.08531276016,5.3,3.0,5.0,500.0,5
3.1,0.0,2,400.0,22.0,-1,0.0970799922943,0,94.0,1,19,-4.00547274408,3.47076188991,5.3,3.0,5.0,500.0,5
3.1,0.0,2,400.0,22.0,0,0.097198009491,0,94.0,1,4,4.82104957538,2.20169956891,5.3,3.0,5.0,500.0,5
3.1,0.0,2,400.0,22.0,0,0.0971579551697,2,94.0,1,16,-5.24605364197,-0.754268642848,5.3,3.0,5.0,500.0,5
3.1,0.0,1,400.0,22.0,0,0.0971632003784,0,94.0,1,0,0.0,5.3,5.3,3.0,5.0,500.0,5
3.1,0.0,2,400.0,22.0,0,0.0971710681915,-2,94.0,1,21,-1.49318255126,5.08531276016,5.3,3.0,5.0,500.0,5
3.1,0.0,2,400.0,22.0,1,0.0971720218658,1,94.0,1,16,-5.24605364197,-0.754268642848,5.3,3.0,5.0,500.0,5
3.1,0.0,2,400.0,22.0,1,0.0971558094025,1,94.0,1,3,4.00547274408,3.47076188991,5.3,3.0,5.0,500.0,5
3.1,0.0,2,400.0,22.0,-2,0.0971808433533,-2,94.0,2,12,-1.49318255126,-5.08531276016,5.3,3.0,5.0,500.0,5
3.1,0.0,1,400.0,22.0,0,0.0970718860626,2,94.0,2,10,1.49318255126,-5.08531276016,5.3,3.0,5.0,500.0,5
3.1,0.0,1,400.0,22.0,-2,0.09716796875,0,94.0,2,15,-4.82104957538,-2.20169956891,5.3,3.0,5.0,500.0,5
3.1,0.0,2,400.0,22.0,0,0.097177028656,0,94.0,1,19,-4.00547274408,3.47076188991,5.3,3.0,5.0,500.0,5
3.1,0.0,2,400.0,22.0,0,0.0970170497894,0,94.0,1,3,4.00547274408,3.47076188991,5.3,3.0,5.0,500.0,5
3.1,0.0,1,400.0,22.0,0,0.097158908844,-2,94.0,1,9,2.86539633251,-4.45864372401,5.3,3.0,5.0,500.0,5
3.1,0.0,2,400.0,22.0,0,0.0971720218658,0,94.0,1,20,-2.86539633251,4.45864372401,5.3,3.0,5.0,500.0,5
3.1,0.0,1,400.0,22.0,0,0.0971648693085,-1,94.0,2,3,4.00547274408,3.47076188991,5.3,3.0,5.0,500.0,5
3.1,0.0,1,400.0,22.0,0,0.09716796875,0,94.0,2,2,2.86539633251,4.45864372401,5.3,3.0,5.0,500.0,5
3.1,0.0,2,400.0,22.0,0,0.0971388816833,0,94.0,1,4,4.82104957538,2.20169956891,5.3,3.0,5.0,500.0,5
3.1,0.0,2,400.0,22.0,0,0.0972049236298,0,94.0,1,3,4.00547274408,3.47076188991,5.3,3.0,5.0,500.0,5
3.1,0.0,2,400.0,22.0,0,0.0970318317413,0,94.0,1,19,-4.00547274408,3.47076188991,5.3,3.0,5.0,500.0,5
3.1,0.0,2,400.0,22.0,0,0.0971748828888,-1,94.0,1,10,1.49318255126,-5.08531276016,5.3,3.0,5.0,500.0,5
3.1,0.0,1,400.0,22.0,2,0.0970149040222,-1,94.0,2,18,-4.82104957538,2.20169956891,5.3,3.0,5.0,500.0,5
3.1,0.0,1,400.0,22.0,0,0.0971660614014,-1,94.0,1,7,4.82104957538,-2.20169956891,5.3,3.0,5.0,500.0,5
3.1,0.0,2,400.0,22.0,0,0.0971341133118,0,94.0,1,16,-5.24605364197,-0.754268642848,5.3,3.0,5.0,500.0,5
3.1,0.0,2,400.0,22.0,1,0.0971519947052,-1,94.0,1,19,-4.00547274408,3.47076188991,5.3,3.0,5.0,500.0,5
3.1,0.0,2,400.0,22.0,0,0.0971629619598,0,94.0,2,9,2.86539633251,-4.45864372401,5.3,3.0,5.0,500.0,5
3.1,0.0,2,400.0,22.0,0,0.097177028656,-1,94.0,1,15,-4.82104957538,-2.20169956891,5.3,3.0,5.0,500.0,5
3.1,0.0,2,400.0,22.0,0,0.0971632003784,0,94.0,1,4,4.82104957538,2.20169956891,5.3,3.0,5.0,500.0,5
3.1,0.0,1,400.0,22.0,-1,0.0971531867981,1,94.0,1,1,1.49318255126,5.08531276016,5.3,3.0,5.0,500.0,5
3.1,0.0,2,400.0,22.0,-2,0.0971579551697,-2,94.0,1,21,-1.49318255126,5.08531276016,5.3,3.0,5.0,500.0,5
3.1,0.0,2,400.0,22.0,0,0.0971579551697,0,94.0,1,4,4.82104957538,2.20169956891,5.3,3.0,5.0,500.0,5
3.1,0.0,2,400.0,22.0,0,0.097158908844,0,94.0,1,4,4.82104957538,2.20169956891,5.3,3.0,5.0,500.0,5
3.1,0.0,1,400.0,22.0,0,0.097198009491,1,94.0,2,1,1.49318255126,5.08531276016,5.3,3.0,5.0,500.0,5
3.1,0.0,2,400.0,22.0,1,0.0971829891205,1,94.0,1,15,-4.82104957538,-2.20169956891,5.3,3.0,5.0,500.0,5
3.1,0.0,2,400.0,22.0,-2,0.0972199440002,-1,94.0,2,20,-2.86539633251,4.45864372401,5.3,3.0,5.0,500.0,5
3.1,0.0,2,400.0,22.0,0,0.0971899032593,1,94.0,1,7,4.82104957538,-2.20169956891,5.3,3.0,5.0,500.0,5
3.1,0.0,2,400.0,22.0,0,0.0971870422363,0,94.0,1,15,-4.82104957538,-2.20169956891,5.3,3.0,5.0,500.0,5
3.1,0.0,1,400.0,22.0,0,0.0971839427948,0,94.0,1,17,-5.24605364197,0.754268642848,5.3,3.0,5.0,500.0,5
3.1,0.0,2,400.0,22.0,-1,0.0971910953522,0,94.0,2,11,6.49041367526e-16,-5.3,5.3,3.0,5.0,500.0,5
3.1,0.0,2,400.0,22.0,0,0.0971908569336,0,94.0,1,5,5.24605364197,0.754268642848,5.3,3.0,5.0,500.0,5
3.1,0.0,2,400.0,22.0,0,0.0972120761871,0,94.0,1,5,5.24605364197,0.754268642848,5.3,3.0,5.0,500.0,5
3.1,0.0,2,400.0,22.0,0,0.0971779823303,-1,94.0,1,18,-4.82104957538,2.20169956891,5.3,3.0,5.0,500.0,5
3.1,0.0,1,400.0,22.0,1,0.097177028656,0,94.0,1,11,6.49041367526e-16,-5.3,5.3,3.0,5.0,500.0,5
3.1,0.0,2,400.0,22.0,1,0.0971751213074,1,94.0,2,3,4.00547274408,3.47076188991,5.3,3.0,5.0,500.0,5
3.1,0.0,2,400.0,22.0,0,0.0970659255981,0,94.0,1,7,4.82104957538,-2.20169956891,5.3,3.0,5.0,500.0,5
3.1,0.0,1,400.0,22.0,2,0.0970239639282,0,94.0,2,3,4.00547274408,3.47076188991,5.3,3.0,5.0,500.0,5
3.1,0.0,2,400.0,22.0,-1,0.0971698760986,0,94.0,1,5,5.24605364197,0.754268642848,5.3,3.0,5.0,500.0,5
3.1,0.0,2,400.0,22.0,1,0.0970261096954,2,94.0,1,12,-1.49318255126,-5.08531276016,5.3,3.0,5.0,500.0,5
3.1,0.0,2,400.0,22.0,0,0.0972058773041,0,94.0,1,1,1.49318255126,5.08531276016,5.3,3.0,5.0,500.0,5
3.1,0.0,2,400.0,22.0,0,0.0972108840942,0,94.0,1,14,-4.00547274408,-3.47076188991,5.3,3.0,5.0,500.0,5
3.1,0.0,2,400.0,22.0,0,0.0970599651337,2,94.0,1,14,-4.00547274408,-3.47076188991,5.3,3.0,5.0,500.0,5
3.1,0.0,2,400.0,22.0,-1,0.0971717834473,-1,94.0,2,10,1.49318255126,-5.08531276016,5.3,3.0,5.0,500.0,5
3.1,0.0,1,400.0,22.0,0,0.0970578193665,0,94.0,1,17,-5.24605364197,0.754268642848,5.3,3.0,5.0,500.0,5
3.1,0.0,1,400.0,22.0,0,0.0971550941467,0,94.0,1,10,1.49318255126,-5.08531276016,5.3,3.0,5.0,500.0,5
3.1,0.0,2,400.0,22.0,0,0.0971670150757,0,94.0,1,7,4.82104957538,-2.20169956891,5.3,3.0,5.0,500.0,5
3.1,0.0,2,400.0,22.0,0,0.0971639156342,0,94.0,1,16,-5.24605364197,-0.754268642848,5.3,3.0,5.0,500.0,5
3.1,0.0,2,400.0,22.0,-1,0.0970511436462,2,94.0,1,19,-4.00547274408,3.47076188991,5.3,3.0,5.0,500.0,5
3.1,0.0,2,400.0,22.0,0,0.0971598625183,1,94.0,1,11,6.49041367526e-16,-5.3,5.3,3.0,5.0,500.0,5
3.1,0.0,2,400.0,22.0,0,0.0971751213074,0,94.0,1,11,6.49041367526e-16,-5.3,5.3,3.0,5.0,500.0,5
3.1,0.0,2,400.0,22.0,0,0.0970039367676,0,94.0,1,21,-1.49318255126,5.08531276016,5.3,3.0,5.0,500.0,5
3.1,0.0,1,400.0,22.0,1,0.0970079898834,1,94.0,1,10,1.49318255126,-5.08531276016,5.3,3.0,5.0,500.0,5
3.1,0.0,2,400.0,22.0,0,0.0972909927368,0,94.0,1,20,-2.86539633251,4.45864372401,5.3,3.0,5.0,500.0,5
3.1,0.0,2,400.0,22.0,0,0.0969970226288,0,94.0,1,13,-2.86539633251,-4.45864372401,5.3,3.0,5.0,500.0,5
3.1,0.0,2,400.0,22.0,0,0.097158908844,0,94.0,1,12,-1.49318255126,-5.08531276016,5.3,3.0,5.0,500.0,5
3.1,0.0,1,400.0,22.0,0,0.0971550941467,-1,94.0,1,13,-2.86539633251,-4.45864372401,5.3,3.0,5.0,500.0,5
3.1,0.0,1,400.0,22.0,0,0.097177028656,0,94.0,1,11,6.49041367526e-16,-5.3,5.3,3.0,5.0,500.0,5
3.1,0.0,2,400.0,22.0,0,0.0972111225128,0,94.0,1,17,-5.24605364197,0.754268642848,5.3,3.0,5.0,500.0,5
3.1,0.0,2,400.0,22.0,0,0.0971910953522,2,94.0,1,6,5.24605364197,-0.754268642848,5.3,3.0,5.0,500.0,5
3.1,0.0,2,400.0,22.0,-2,0.097188949585,-2,94.0,2,19,-4.00547274408,3.47076188991,5.3,3.0,5.0,500.0,5
3.1,0.0,1,400.0,22.0,0,0.0972139835358,0,94.0,1,9,2.86539633251,-4.45864372401,5.3,3.0,5.0,500.0,5
3.1,0.0,2,400.0,22.0,1,0.0971760749817,0,94.0,2,2,2.86539633251,4.45864372401,5.3,3.0,5.0,500.0,5
3.1,0.0,2,400.0,22.0,0,0.0972039699554,0,94.0,1,15,-4.82104957538,-2.20169956891,5.3,3.0,5.0,500.0,5
3.1,0.0,2,400.0,22.0,0,0.0971651077271,0,94.0,1,8,4.00547274408,-3.47076188991,5.3,3.0,5.0,500.0,5
3.1,0.0,2,400.0,22.0,0,0.0971329212189,0,94.0,1,8,4.00547274408,-3.47076188991,5.3,3.0,5.0,500.0,5
3.1,0.0,1,400.0,22.0,0,0.0971901416779,-1,94.0,1,5,5.24605364197,0.754268642848,5.3,3.0,5.0,500.0,5
3.1,0.0,2,400.0,22.0,0,0.0972099304199,-1,94.0,1,21,-1.49318255126,5.08531276016,5.3,3.0,5.0,500.0,5
3.1,0.0,2,400.0,22.0,1,0.0972020626068,0,94.0,1,5,5.24605364197,0.754268642848,5.3,3.0,5.0,500.0,5
3.1,0.0,2,400.0,22.0,1,0.0971450805664,1,94.0,1,10,1.49318255126,-5.08531276016,5.3,3.0,5.0,500.0,5
3.1,0.0,1,400.0,22.0,0,0.0971899032593,2,94.0,1,2,2.86539633251,4.45864372401,5.3,3.0,5.0,500.0,5
3.1,0.0,1,400.0,22.0,0,0.0971519947052,2,94.0,2,3,4.00547274408,3.47076188991,5.3,3.0,5.0,500.0,5
3.1,0.0,1,400.0,22.0,1,0.0970299243927,1,94.0,1,12,-1.49318255126,-5.08531276016,5.3,3.0,5.0,500.0,5
3.1,0.0,1,400.0,22.0,-1,0.0972220897675,0,94.0,1,11,6.49041367526e-16,-5.3,5.3,3.0,5.0,500.0,5
3.1,0.0,2,400.0,22.0,0,0.0971791744232,0,94.0,2,13,-2.86539633251,-4.45864372401,5.3,3.0,5.0,500.0,5
3.1,0.0,2,400.0,22.0,-1,0.0971419811249,-1,94.0,2,9,2.86539633251,-4.45864372401,5.3,3.0,5.0,500.0,5
3.1,0.0,2,400.0,22.0,0,0.0971767902374,-2,94.0,1,11,6.49041367526e-16,-5.3,5.3,3.0,5.0,500.0,5
3.1,0.0,2,400.0,22.0,1,0.0971720218658,0,94.0,2,1,1.49318255126,5.08531276016,5.3,3.0,5.0,500.0,5
3.1,0.0,2,400.0,22.0,-2,0.0971670150757,0,94.0,2,6,5.24605364197,-0.754268642848,5.3,3.0,5.0,500.0,5
3.1,0.0,1,400.0,22.0,0,0.0971708297729,0,94.0,2,15,-4.82104957538,-2.20169956891,5.3,3.0,5.0,500.0,5
3.1,0.0,1,400.0,22.0,-1,0.0971701145172,-1,94.0,1,18,-4.82104957538,2.20169956891,5.3,3.0,5.0,500.0,5
3.1,0.0,2,400.0,22.0,0,0.0971601009369,0,94.0,1,5,5.24605364197,0.754268642848,5.3,3.0,5.0,500.0,5
3.1,0.0,2,400.0,22.0,-2,0.0971930027008,-1,94.0,1,0,0.0,5.3,5.3,3.0,5.0,500.0,5
3.1,0.0,2,400.0,22.0,1,0.0971899032593,0,94.0,2,20,-2.86539633251,4.45864372401,5.3,3.0,5.0,500.0,5
3.1,0.0,2,400.0,22.0,0,0.0971698760986,0,94.0,1,17,-5.24605364197,0.754268642848,5.3,3.0,5.0,500.0,5
3.1,0.0,2,400.0,22.0,1,0.0971670150757,1,94.0,1,14,-4.00547274408,-3.47076188991,5.3,3.0,5.0,500.0,5
3.1,0.0,2,400.0,22.0,0,0.0971748828888,0,94.0,1,17,-5.24605364197,0.754268642848,5.3,3.0,5.0,500.0,5
3.1,0.0,1,400.0,22.0,1,0.0970129966736,1,94.0,1,7,4.82104957538,-2.20169956891,5.3,3.0,5.0,500.0,5
3.1,0.0,2,400.0,22.0,0,0.0971500873566,0,94.0,1,9,2.86539633251,-4.45864372401,5.3,3.0,5.0,500.0,5
3.1,0.0,2,400.0,22.0,-1,0.0971419811249,-1,94.0,1,21,-1.49318255126,5.08531276016,5.3,3.0,5.0,500.0,5
3.1,0.0,2,400.0,22.0,-1,0.0971279144287,0,94.0,1,4,4.82104957538,2.20169956891,5.3,3.0,5.0,500.0,5
3.1,0.0,1,400.0,22.0,0,0.0971939563751,0,94.0,1,10,1.49318255126,-5.08531276016,5.3,3.0,5.0,500.0,5
3.1,0.0,1,400.0,22.0,-1,0.0971488952637,2,94.0,1,2,2.86539633251,4.45864372401,5.3,3.0,5.0,500.0,5
3.1,0.0,2,400.0,22.0,-1,0.0971961021423,0,94.0,1,11,6.49041367526e-16,-5.3,5.3,3.0,5.0,500.0,5
3.1,0.0,2,400.0,22.0,0,0.0971539020538,-1,94.0,1,18,-4.82104957538,2.20169956891,5.3,3.0,5.0,500.0,5
3.1,0.0,2,400.0,22.0,0,0.097128868103,0,94.0,1,4,4.82104957538,2.20169956891,5.3,3.0,5.0,500.0,5
3.1,0.0,1,400.0,22.0,-1,0.097188949585,-1,94.0,1,8,4.00547274408,-3.47076188991,5.3,3.0,5.0,500.0,5
3.1,0.0,1,400.0,22.0,2,0.0971491336823,2,94.0,1,15,-4.82104957538,-2.20169956891,5.3,3.0,5.0,500.0,5
3.1,0.0,1,400.0,22.0,1,0.0971629619598,1,94.0,1,1,1.49318255126,5.08531276016,5.3,3.0,5.0,500.0,5
3.1,0.0,2,400.0,22.0,2,0.0971579551697,2,94.0,2,14,-4.00547274408,-3.47076188991,5.3,3.0,5.0,500.0,5
3.1,0.0,1,400.0,22.0,1,0.0971550941467,1,94.0,1,1,1.49318255126,5.08531276016,5.3,3.0,5.0,500.0,5
3.1,0.0,2,400.0,22.0,0,0.0970339775085,0,94.0,1,17,-5.24605364197,0.754268642848,5.3,3.0,5.0,500.0,5
3.1,0.0,2,400.0,22.0,0,0.0971729755402,0,94.0,2,4,4.82104957538,2.20169956891,5.3,3.0,5.0,500.0,5
3.1,0.0,2,400.0,22.0,0,0.0971999168396,0,94.0,1,13,-2.86539633251,-4.45864372401,5.3,3.0,5.0,500.0,5
3.1,0.0,1,400.0,22.0,-1,0.0971899032593,-1,94.0,2,21,-1.49318255126,5.08531276016,5.3,3.0,5.0,500.0,5
3.1,0.0,1,400.0,22.0,0,0.0970449447632,0,94.0,1,0,0.0,5.3,5.3,3.0,5.0,500.0,5
3.1,0.0,2,400.0,22.0,0,0.0971429347992,0,94.0,1,4,4.82104957538,2.20169956891,5.3,3.0,5.0,500.0,5
3.1,0.0,2,400.0,22.0,1,0.0971639156342,-2,94.0,1,12,-1.49318255126,-5.08531276016,5.3,3.0,5.0,500.0,5
3.1,0.0,2,400.0,22.0,0,0.0971901416779,0,94.0,1,15,-4.82104957538,-2.20169956891,5.3,3.0,5.0,500.0,5
3.1,0.0,1,400.0,22.0,0,0.0971829891205,1,94.0,1,8,4.00547274408,-3.47076188991,5.3,3.0,5.0,500.0,5
3.1,0.0,2,400.0,22.0,0,0.0971899032593,0,94.0,2,14,-4.00547274408,-3.47076188991,5.3,3.0,5.0,500.0,5
3.1,0.0,2,400.0,22.0,0,0.0971639156342,0,94.0,1,5,5.24605364197,0.754268642848,5.3,3.0,5.0,500.0,5
3.1,0.0,2,400.0,22.0,-1,0.0971758365631,-1,94.0,2,19,-4.00547274408,3.47076188991,5.3,3.0,5.0,500.0,5
3.1,0.0,2,400.0,22.0,0,0.0970330238342,0,94.0,1,5,5.24605364197,0.754268642848,5.3,3.0,5.0,500.0,5
3.1,0.0,2,400.0,22.0,0,0.0972049236298,0,94.0,1,4,4.82104957538,2.20169956891,5.3,3.0,5.0,500.0,5
3.1,0.0,1,400.0,22.0,0,0.0971460342407,0,94.0,1,1,1.49318255126,5.08531276016,5.3,3.0,5.0,500.0,5
3.1,0.0,2,400.0,22.0,1,0.0971899032593,-2,94.0,1,12,-1.49318255126,-5.08531276016,5.3,3.0,5.0,500.0,5
3.1,0.0,2,400.0,22.0,1,0.0971689224243,1,94.0,2,13,-2.86539633251,-4.45864372401,5.3,3.0,5.0,500.0,5
