cue-length,ms-precue,resp-v-hv,ms-st-cue,nitems,resp-h-pos,actualStimOn,resp-v-pos,ms-stimon,resp-h-hv,cue-loc-int,cue-loc-x,cue-loc-y,radius,bars-or-spot,npractice,ntrials,offsett
3.1,0.0,2,400.0,22.0,-2,0.097048997879,2,94.0,1,11,6.49041367526e-16,-5.3,5.3,0,5.0,400.0,-10.5
3.1,0.0,2,400.0,22.0,2,0.0970270633698,1,94.0,2,17,-5.24605364197,0.754268642848,5.3,0,5.0,400.0,-10.5
3.1,0.0,2,400.0,22.0,1,0.0970230102539,1,94.0,2,2,2.86539633251,4.45864372401,5.3,0,5.0,400.0,-10.5
3.1,0.0,2,400.0,22.0,-1,0.0970189571381,-1,94.0,1,13,-2.86539633251,-4.45864372401,5.3,0,5.0,400.0,-10.5
3.1,0.0,1,400.0,22.0,0,0.0972049236298,-2,94.0,2,5,5.24605364197,0.754268642848,5.3,0,5.0,400.0,-10.5
3.1,0.0,1,400.0,22.0,2,0.0971968173981,-2,94.0,2,0,0.0,5.3,5.3,0,5.0,400.0,-10.5
3.1,0.0,1,400.0,22.0,0,0.097039937973,1,94.0,1,15,-4.82104957538,-2.20169956891,5.3,0,5.0,400.0,-10.5
3.1,0.0,1,400.0,22.0,1,0.0971779823303,-2,94.0,2,21,-1.49318255126,5.08531276016,5.3,0,5.0,400.0,-10.5
3.1,0.0,2,400.0,22.0,0,0.0970499515533,1,94.0,1,6,5.24605364197,-0.754268642848,5.3,0,5.0,400.0,-10.5
3.1,0.0,2,400.0,22.0,0,0.0970401763916,1,94.0,1,0,0.0,5.3,5.3,0,5.0,400.0,-10.5
3.1,0.0,2,400.0,22.0,0,0.0970349311829,0,94.0,1,6,5.24605364197,-0.754268642848,5.3,0,5.0,400.0,-10.5
3.1,0.0,1,400.0,22.0,1,0.0972108840942,0,94.0,2,2,2.86539633251,4.45864372401,5.3,0,5.0,400.0,-10.5
3.1,0.0,2,400.0,22.0,2,0.0970129966736,1,94.0,2,11,6.49041367526e-16,-5.3,5.3,0,5.0,400.0,-10.5
3.1,0.0,2,400.0,22.0,-2,0.0970239639282,0,94.0,2,10,1.49318255126,-5.08531276016,5.3,0,5.0,400.0,-10.5
3.1,0.0,2,400.0,22.0,-2,0.0970199108124,-1,94.0,2,2,2.86539633251,4.45864372401,5.3,0,5.0,400.0,-10.5
3.1,0.0,1,400.0,22.0,-2,0.0970041751862,-2,94.0,1,5,5.24605364197,0.754268642848,5.3,0,5.0,400.0,-10.5
3.1,0.0,1,400.0,22.0,-2,0.0970039367676,0,94.0,2,17,-5.24605364197,0.754268642848,5.3,0,5.0,400.0,-10.5
3.1,0.0,2,400.0,22.0,0,0.0972549915314,0,94.0,2,11,6.49041367526e-16,-5.3,5.3,0,5.0,400.0,-10.5
3.1,0.0,1,400.0,22.0,1,0.0970199108124,1,94.0,1,6,5.24605364197,-0.754268642848,5.3,0,5.0,400.0,-10.5
3.1,0.0,2,400.0,22.0,0,0.0972039699554,-2,94.0,2,6,5.24605364197,-0.754268642848,5.3,0,5.0,400.0,-10.5
3.1,0.0,2,400.0,22.0,-1,0.0971870422363,2,94.0,1,10,1.49318255126,-5.08531276016,5.3,0,5.0,400.0,-10.5
3.1,0.0,1,400.0,22.0,2,0.0970280170441,1,94.0,1,14,-4.00547274408,-3.47076188991,5.3,0,5.0,400.0,-10.5
3.1,0.0,2,400.0,22.0,1,0.0970380306244,2,94.0,2,7,4.82104957538,-2.20169956891,5.3,0,5.0,400.0,-10.5
3.1,0.0,1,400.0,22.0,0,0.0971908569336,0,94.0,1,12,-1.49318255126,-5.08531276016,5.3,0,5.0,400.0,-10.5
3.1,0.0,1,400.0,22.0,1,0.0970311164856,2,94.0,1,21,-1.49318255126,5.08531276016,5.3,0,5.0,400.0,-10.5
3.1,0.0,1,400.0,22.0,1,0.097188949585,1,94.0,1,4,4.82104957538,2.20169956891,5.3,0,5.0,400.0,-10.5
3.1,0.0,2,400.0,22.0,1,0.0970349311829,2,94.0,2,20,-2.86539633251,4.45864372401,5.3,0,5.0,400.0,-10.5
3.1,0.0,1,400.0,22.0,0,0.0971910953522,0,94.0,1,2,2.86539633251,4.45864372401,5.3,0,5.0,400.0,-10.5
3.1,0.0,2,400.0,22.0,0,0.0970749855042,0,94.0,2,20,-2.86539633251,4.45864372401,5.3,0,5.0,400.0,-10.5
3.1,0.0,1,400.0,22.0,0,0.0971779823303,0,94.0,1,12,-1.49318255126,-5.08531276016,5.3,0,5.0,400.0,-10.5
3.1,0.0,2,400.0,22.0,0,0.0970630645752,0,94.0,2,14,-4.00547274408,-3.47076188991,5.3,0,5.0,400.0,-10.5
3.1,0.0,2,400.0,22.0,1,0.0970618724823,1,94.0,2,20,-2.86539633251,4.45864372401,5.3,0,5.0,400.0,-10.5
3.1,0.0,1,400.0,22.0,-1,0.0970568656921,0,94.0,1,18,-4.82104957538,2.20169956891,5.3,0,5.0,400.0,-10.5
3.1,0.0,2,400.0,22.0,-1,0.0971069335938,-1,94.0,2,11,6.49041367526e-16,-5.3,5.3,0,5.0,400.0,-10.5
3.1,0.0,1,400.0,22.0,0,0.0972259044647,0,94.0,1,11,6.49041367526e-16,-5.3,5.3,0,5.0,400.0,-10.5
3.1,0.0,2,400.0,22.0,2,0.0972108840942,2,94.0,2,8,4.00547274408,-3.47076188991,5.3,0,5.0,400.0,-10.5
3.1,0.0,1,400.0,22.0,0,0.0970749855042,0,94.0,1,10,1.49318255126,-5.08531276016,5.3,0,5.0,400.0,-10.5
3.1,0.0,1,400.0,22.0,1,0.0972139835358,1,94.0,1,6,5.24605364197,-0.754268642848,5.3,0,5.0,400.0,-10.5
3.1,0.0,2,400.0,22.0,2,0.0971958637238,0,94.0,2,12,-1.49318255126,-5.08531276016,5.3,0,5.0,400.0,-10.5
3.1,0.0,1,400.0,22.0,0,0.0972099304199,0,94.0,1,20,-2.86539633251,4.45864372401,5.3,0,5.0,400.0,-10.5
3.1,0.0,2,400.0,22.0,0,0.0972261428833,1,94.0,1,10,1.49318255126,-5.08531276016,5.3,0,5.0,400.0,-10.5
3.1,0.0,1,400.0,22.0,0,0.0972170829773,0,94.0,1,14,-4.00547274408,-3.47076188991,5.3,0,5.0,400.0,-10.5
3.1,0.0,1,400.0,22.0,-1,0.0971939563751,-1,94.0,1,16,-5.24605364197,-0.754268642848,5.3,0,5.0,400.0,-10.5
3.1,0.0,1,400.0,22.0,-2,0.0972049236298,-2,94.0,1,20,-2.86539633251,4.45864372401,5.3,0,5.0,400.0,-10.5
3.1,0.0,2,400.0,22.0,0,0.0971801280975,0,94.0,2,18,-4.82104957538,2.20169956891,5.3,0,5.0,400.0,-10.5
3.1,0.0,1,400.0,22.0,-1,0.0971910953522,-1,94.0,1,21,-1.49318255126,5.08531276016,5.3,0,5.0,400.0,-10.5
3.1,0.0,1,400.0,22.0,0,0.0970189571381,0,94.0,1,7,4.82104957538,-2.20169956891,5.3,0,5.0,400.0,-10.5
3.1,0.0,2,400.0,22.0,2,0.0971968173981,2,94.0,2,1,1.49318255126,5.08531276016,5.3,0,5.0,400.0,-10.5
3.1,0.0,1,400.0,22.0,1,0.0970289707184,1,94.0,1,10,1.49318255126,-5.08531276016,5.3,0,5.0,400.0,-10.5
3.1,0.0,1,400.0,22.0,0,0.0970320701599,0,94.0,1,9,2.86539633251,-4.45864372401,5.3,0,5.0,400.0,-10.5
3.1,0.0,2,400.0,22.0,-1,0.0971910953522,-1,94.0,2,16,-5.24605364197,-0.754268642848,5.3,0,5.0,400.0,-10.5
3.1,0.0,1,400.0,22.0,1,0.0970377922058,1,94.0,1,6,5.24605364197,-0.754268642848,5.3,0,5.0,400.0,-10.5
3.1,0.0,2,400.0,22.0,-1,0.0971879959106,-1,94.0,2,20,-2.86539633251,4.45864372401,5.3,0,5.0,400.0,-10.5
3.1,0.0,1,400.0,22.0,0,0.0970361232758,0,94.0,1,8,4.00547274408,-3.47076188991,5.3,0,5.0,400.0,-10.5
3.1,0.0,1,400.0,22.0,0,0.097186088562,2,94.0,2,6,5.24605364197,-0.754268642848,5.3,0,5.0,400.0,-10.5
3.1,0.0,2,400.0,22.0,0,0.0970401763916,0,94.0,2,0,0.0,5.3,5.3,0,5.0,400.0,-10.5
3.1,0.0,2,400.0,22.0,-1,0.0971941947937,-1,94.0,2,9,2.86539633251,-4.45864372401,5.3,0,5.0,400.0,-10.5
3.1,0.0,1,400.0,22.0,0,0.0970370769501,0,94.0,1,13,-2.86539633251,-4.45864372401,5.3,0,5.0,400.0,-10.5
3.1,0.0,2,400.0,22.0,0,0.0971848964691,-2,94.0,2,20,-2.86539633251,4.45864372401,5.3,0,5.0,400.0,-10.5
3.1,0.0,1,400.0,22.0,0,0.097207069397,0,94.0,1,12,-1.49318255126,-5.08531276016,5.3,0,5.0,400.0,-10.5
3.1,0.0,1,400.0,22.0,1,0.0970389842987,1,94.0,1,8,4.00547274408,-3.47076188991,5.3,0,5.0,400.0,-10.5
3.1,0.0,2,400.0,22.0,-1,0.0971820354462,-1,94.0,2,20,-2.86539633251,4.45864372401,5.3,0,5.0,400.0,-10.5
3.1,0.0,1,400.0,22.0,0,0.097048997879,0,94.0,1,16,-5.24605364197,-0.754268642848,5.3,0,5.0,400.0,-10.5
3.1,0.0,1,400.0,22.0,-1,0.0972180366516,-1,94.0,1,12,-1.49318255126,-5.08531276016,5.3,0,5.0,400.0,-10.5
3.1,0.0,1,400.0,22.0,-1,0.0972230434418,-1,94.0,1,0,0.0,5.3,5.3,0,5.0,400.0,-10.5
3.1,0.0,2,400.0,22.0,-1,0.0972199440002,-1,94.0,2,20,-2.86539633251,4.45864372401,5.3,0,5.0,400.0,-10.5
3.1,0.0,1,400.0,22.0,2,0.0972201824188,2,94.0,1,15,-4.82104957538,-2.20169956891,5.3,0,5.0,400.0,-10.5
3.1,0.0,1,400.0,22.0,0,0.0972139835358,0,94.0,1,15,-4.82104957538,-2.20169956891,5.3,0,5.0,400.0,-10.5
3.1,0.0,2,400.0,22.0,1,0.0972108840942,1,94.0,2,9,2.86539633251,-4.45864372401,5.3,0,5.0,400.0,-10.5
3.1,0.0,1,400.0,22.0,-2,0.0972149372101,-2,94.0,1,3,4.00547274408,3.47076188991,5.3,0,5.0,400.0,-10.5
3.1,0.0,2,400.0,22.0,0,0.0972249507904,0,94.0,2,2,2.86539633251,4.45864372401,5.3,0,5.0,400.0,-10.5
3.1,0.0,1,400.0,22.0,0,0.097226858139,0,94.0,1,0,0.0,5.3,5.3,0,5.0,400.0,-10.5
3.1,0.0,1,400.0,22.0,-1,0.0972130298615,-1,94.0,1,8,4.00547274408,-3.47076188991,5.3,0,5.0,400.0,-10.5
3.1,0.0,1,400.0,22.0,0,0.0970468521118,0,94.0,1,19,-4.00547274408,3.47076188991,5.3,0,5.0,400.0,-10.5
3.1,0.0,1,400.0,22.0,1,0.0972208976746,0,94.0,1,15,-4.82104957538,-2.20169956891,5.3,0,5.0,400.0,-10.5
3.1,0.0,1,400.0,22.0,-2,0.0972011089325,-2,94.0,1,18,-4.82104957538,2.20169956891,5.3,0,5.0,400.0,-10.5
3.1,0.0,2,400.0,22.0,0,0.097293138504,0,94.0,1,15,-4.82104957538,-2.20169956891,5.3,0,5.0,400.0,-10.5
3.1,0.0,1,400.0,22.0,-1,0.0971939563751,-1,94.0,1,13,-2.86539633251,-4.45864372401,5.3,0,5.0,400.0,-10.5
3.1,0.0,1,400.0,22.0,0,0.0971801280975,2,94.0,1,6,5.24605364197,-0.754268642848,5.3,0,5.0,400.0,-10.5
3.1,0.0,1,400.0,22.0,1,0.0970180034637,-1,94.0,2,9,2.86539633251,-4.45864372401,5.3,0,5.0,400.0,-10.5
3.1,0.0,2,400.0,22.0,1,0.0972008705139,1,94.0,2,12,-1.49318255126,-5.08531276016,5.3,0,5.0,400.0,-10.5
3.1,0.0,1,400.0,22.0,1,0.0971901416779,1,94.0,1,7,4.82104957538,-2.20169956891,5.3,0,5.0,400.0,-10.5
3.1,0.0,2,400.0,22.0,-2,0.097186088562,-2,94.0,2,10,1.49318255126,-5.08531276016,5.3,0,5.0,400.0,-10.5
3.1,0.0,2,400.0,22.0,0,0.0970299243927,0,94.0,2,1,1.49318255126,5.08531276016,5.3,0,5.0,400.0,-10.5
3.1,0.0,2,400.0,22.0,-2,0.0971710681915,-2,94.0,2,10,1.49318255126,-5.08531276016,5.3,0,5.0,400.0,-10.5
3.1,0.0,2,400.0,22.0,1,0.0972270965576,1,94.0,2,18,-4.82104957538,2.20169956891,5.3,0,5.0,400.0,-10.5
3.1,0.0,2,400.0,22.0,1,0.0971949100494,1,94.0,2,18,-4.82104957538,2.20169956891,5.3,0,5.0,400.0,-10.5
3.1,0.0,1,400.0,22.0,2,0.0972080230713,2,94.0,1,8,4.00547274408,-3.47076188991,5.3,0,5.0,400.0,-10.5
3.1,0.0,2,400.0,22.0,-1,0.0970370769501,-1,94.0,1,12,-1.49318255126,-5.08531276016,5.3,0,5.0,400.0,-10.5
3.1,0.0,1,400.0,22.0,1,0.097188949585,1,94.0,1,9,2.86539633251,-4.45864372401,5.3,0,5.0,400.0,-10.5
3.1,0.0,1,400.0,22.0,-1,0.0972011089325,-1,94.0,1,15,-4.82104957538,-2.20169956891,5.3,0,5.0,400.0,-10.5
3.1,0.0,1,400.0,22.0,-1,0.0971968173981,0,94.0,1,12,-1.49318255126,-5.08531276016,5.3,0,5.0,400.0,-10.5
3.1,0.0,2,400.0,22.0,-1,0.0970380306244,-1,94.0,2,16,-5.24605364197,-0.754268642848,5.3,0,5.0,400.0,-10.5
3.1,0.0,1,400.0,22.0,-1,0.0970890522003,-1,94.0,1,19,-4.00547274408,3.47076188991,5.3,0,5.0,400.0,-10.5
3.1,0.0,2,400.0,22.0,2,0.0972220897675,2,94.0,2,0,0.0,5.3,5.3,0,5.0,400.0,-10.5
3.1,0.0,2,400.0,22.0,-2,0.0970439910889,-2,94.0,2,21,-1.49318255126,5.08531276016,5.3,0,5.0,400.0,-10.5
3.1,0.0,2,400.0,22.0,-1,0.0972249507904,-1,94.0,2,17,-5.24605364197,0.754268642848,5.3,0,5.0,400.0,-10.5
3.1,0.0,2,400.0,22.0,0,0.0972218513489,0,94.0,1,16,-5.24605364197,-0.754268642848,5.3,0,5.0,400.0,-10.5
3.1,0.0,2,400.0,22.0,1,0.0973110198975,1,94.0,2,11,6.49041367526e-16,-5.3,5.3,0,5.0,400.0,-10.5
3.1,0.0,1,400.0,22.0,0,0.0971159934998,2,94.0,1,19,-4.00547274408,3.47076188991,5.3,0,5.0,400.0,-10.5
3.1,0.0,2,400.0,22.0,0,0.0972068309784,-1,94.0,2,1,1.49318255126,5.08531276016,5.3,0,5.0,400.0,-10.5
3.1,0.0,2,400.0,22.0,0,0.0972158908844,-2,94.0,2,0,0.0,5.3,5.3,0,5.0,400.0,-10.5
3.1,0.0,2,400.0,22.0,-1,0.097195148468,-1,94.0,2,5,5.24605364197,0.754268642848,5.3,0,5.0,400.0,-10.5
3.1,0.0,2,400.0,22.0,-2,0.0970549583435,-2,94.0,2,9,2.86539633251,-4.45864372401,5.3,0,5.0,400.0,-10.5
3.1,0.0,1,400.0,22.0,0,0.0971829891205,0,94.0,1,10,1.49318255126,-5.08531276016,5.3,0,5.0,400.0,-10.5
3.1,0.0,1,400.0,22.0,-1,0.0970499515533,-1,94.0,1,2,2.86539633251,4.45864372401,5.3,0,5.0,400.0,-10.5
3.1,0.0,2,400.0,22.0,-2,0.0971899032593,-2,94.0,2,11,6.49041367526e-16,-5.3,5.3,0,5.0,400.0,-10.5
3.1,0.0,2,400.0,22.0,0,0.0971789360046,0,94.0,2,12,-1.49318255126,-5.08531276016,5.3,0,5.0,400.0,-10.5
3.1,0.0,2,400.0,22.0,0,0.0970590114594,1,94.0,2,3,4.00547274408,3.47076188991,5.3,0,5.0,400.0,-10.5
3.1,0.0,2,400.0,22.0,-1,0.0972938537598,-1,94.0,2,5,5.24605364197,0.754268642848,5.3,0,5.0,400.0,-10.5
3.1,0.0,2,400.0,22.0,1,0.0970640182495,1,94.0,2,1,1.49318255126,5.08531276016,5.3,0,5.0,400.0,-10.5
3.1,0.0,2,400.0,22.0,0,0.0971941947937,0,94.0,2,6,5.24605364197,-0.754268642848,5.3,0,5.0,400.0,-10.5
3.1,0.0,1,400.0,22.0,2,0.0971930027008,2,94.0,1,12,-1.49318255126,-5.08531276016,5.3,0,5.0,400.0,-10.5
3.1,0.0,2,400.0,22.0,-2,0.0970799922943,-2,94.0,2,12,-1.49318255126,-5.08531276016,5.3,0,5.0,400.0,-10.5
3.1,0.0,1,400.0,22.0,0,0.0971801280975,0,94.0,1,9,2.86539633251,-4.45864372401,5.3,0,5.0,400.0,-10.5
3.1,0.0,1,400.0,22.0,-1,0.0971870422363,-1,94.0,1,21,-1.49318255126,5.08531276016,5.3,0,5.0,400.0,-10.5
3.1,0.0,1,400.0,22.0,-2,0.0970320701599,-2,94.0,1,18,-4.82104957538,2.20169956891,5.3,0,5.0,400.0,-10.5
3.1,0.0,1,400.0,22.0,0,0.0972039699554,0,94.0,1,4,4.82104957538,2.20169956891,5.3,0,5.0,400.0,-10.5
3.1,0.0,1,400.0,22.0,-1,0.0970740318298,-1,94.0,1,9,2.86539633251,-4.45864372401,5.3,0,5.0,400.0,-10.5
3.1,0.0,1,400.0,22.0,-2,0.0971908569336,-2,94.0,1,9,2.86539633251,-4.45864372401,5.3,0,5.0,400.0,-10.5
3.1,0.0,2,400.0,22.0,-1,0.0971071720123,2,94.0,1,1,1.49318255126,5.08531276016,5.3,0,5.0,400.0,-10.5
3.1,0.0,2,400.0,22.0,-1,0.0971829891205,-1,94.0,2,10,1.49318255126,-5.08531276016,5.3,0,5.0,400.0,-10.5
3.1,0.0,2,400.0,22.0,-1,0.0970900058746,-2,94.0,2,21,-1.49318255126,5.08531276016,5.3,0,5.0,400.0,-10.5
3.1,0.0,2,400.0,22.0,0,0.0975358486176,0,94.0,2,15,-4.82104957538,-2.20169956891,5.3,0,5.0,400.0,-10.5
3.1,0.0,2,400.0,22.0,0,0.0970811843872,1,94.0,1,1,1.49318255126,5.08531276016,5.3,0,5.0,400.0,-10.5
3.1,0.0,1,400.0,22.0,1,0.0971870422363,0,94.0,2,21,-1.49318255126,5.08531276016,5.3,0,5.0,400.0,-10.5
3.1,0.0,2,400.0,22.0,2,0.0970451831818,1,94.0,1,1,1.49318255126,5.08531276016,5.3,0,5.0,400.0,-10.5
3.1,0.0,1,400.0,22.0,0,0.0970578193665,0,94.0,1,5,5.24605364197,0.754268642848,5.3,0,5.0,400.0,-10.5
3.1,0.0,1,400.0,22.0,1,0.0972249507904,1,94.0,1,15,-4.82104957538,-2.20169956891,5.3,0,5.0,400.0,-10.5
3.1,0.0,1,400.0,22.0,0,0.097204208374,0,94.0,1,17,-5.24605364197,0.754268642848,5.3,0,5.0,400.0,-10.5
3.1,0.0,2,400.0,22.0,2,0.0973210334778,2,94.0,2,0,0.0,5.3,5.3,0,5.0,400.0,-10.5
3.1,0.0,1,400.0,22.0,-1,0.0972211360931,-1,94.0,1,20,-2.86539633251,4.45864372401,5.3,0,5.0,400.0,-10.5
3.1,0.0,2,400.0,22.0,-1,0.0971658229828,-1,94.0,2,18,-4.82104957538,2.20169956891,5.3,0,5.0,400.0,-10.5
3.1,0.0,2,400.0,22.0,-2,0.0971791744232,2,94.0,2,20,-2.86539633251,4.45864372401,5.3,0,5.0,400.0,-10.5
3.1,0.0,1,400.0,22.0,0,0.0972118377686,0,94.0,1,8,4.00547274408,-3.47076188991,5.3,0,5.0,400.0,-10.5
3.1,0.0,1,400.0,22.0,0,0.0972149372101,0,94.0,1,2,2.86539633251,4.45864372401,5.3,0,5.0,400.0,-10.5
3.1,0.0,2,400.0,22.0,1,0.0972120761871,1,94.0,2,15,-4.82104957538,-2.20169956891,5.3,0,5.0,400.0,-10.5
3.1,0.0,1,400.0,22.0,1,0.0972318649292,1,94.0,1,4,4.82104957538,2.20169956891,5.3,0,5.0,400.0,-10.5
3.1,0.0,1,400.0,22.0,0,0.0972168445587,0,94.0,1,16,-5.24605364197,-0.754268642848,5.3,0,5.0,400.0,-10.5
3.1,0.0,1,400.0,22.0,2,0.0972089767456,2,94.0,1,13,-2.86539633251,-4.45864372401,5.3,0,5.0,400.0,-10.5
3.1,0.0,2,400.0,22.0,-1,0.0971879959106,-1,94.0,2,13,-2.86539633251,-4.45864372401,5.3,0,5.0,400.0,-10.5
3.1,0.0,2,400.0,22.0,0,0.0970540046692,0,94.0,2,13,-2.86539633251,-4.45864372401,5.3,0,5.0,400.0,-10.5
3.1,0.0,2,400.0,22.0,0,0.0972039699554,0,94.0,2,0,0.0,5.3,5.3,0,5.0,400.0,-10.5
3.1,0.0,2,400.0,22.0,-1,0.0971977710724,1,94.0,2,2,2.86539633251,4.45864372401,5.3,0,5.0,400.0,-10.5
3.1,0.0,1,400.0,22.0,0,0.0972111225128,0,94.0,1,13,-2.86539633251,-4.45864372401,5.3,0,5.0,400.0,-10.5
3.1,0.0,2,400.0,22.0,0,0.0970637798309,0,94.0,1,15,-4.82104957538,-2.20169956891,5.3,0,5.0,400.0,-10.5
3.1,0.0,2,400.0,22.0,0,0.0971779823303,1,94.0,2,11,6.49041367526e-16,-5.3,5.3,0,5.0,400.0,-10.5
3.1,0.0,1,400.0,22.0,-1,0.0971910953522,-1,94.0,1,17,-5.24605364197,0.754268642848,5.3,0,5.0,400.0,-10.5
3.1,0.0,1,400.0,22.0,0,0.0971920490265,0,94.0,1,20,-2.86539633251,4.45864372401,5.3,0,5.0,400.0,-10.5
3.1,0.0,2,400.0,22.0,0,0.0970208644867,0,94.0,1,16,-5.24605364197,-0.754268642848,5.3,0,5.0,400.0,-10.5
3.1,0.0,1,400.0,22.0,-2,0.0971961021423,2,94.0,1,5,5.24605364197,0.754268642848,5.3,0,5.0,400.0,-10.5
3.1,0.0,2,400.0,22.0,2,0.0970339775085,2,94.0,2,13,-2.86539633251,-4.45864372401,5.3,0,5.0,400.0,-10.5
3.1,0.0,2,400.0,22.0,0,0.0971879959106,0,94.0,1,13,-2.86539633251,-4.45864372401,5.3,0,5.0,400.0,-10.5
3.1,0.0,2,400.0,22.0,1,0.0970449447632,1,94.0,2,20,-2.86539633251,4.45864372401,5.3,0,5.0,400.0,-10.5
3.1,0.0,2,400.0,22.0,2,0.0973839759827,2,94.0,2,1,1.49318255126,5.08531276016,5.3,0,5.0,400.0,-10.5
3.1,0.0,2,400.0,22.0,0,0.0971989631653,1,94.0,2,17,-5.24605364197,0.754268642848,5.3,0,5.0,400.0,-10.5
3.1,0.0,2,400.0,22.0,-1,0.0972311496735,-1,94.0,2,1,1.49318255126,5.08531276016,5.3,0,5.0,400.0,-10.5
3.1,0.0,2,400.0,22.0,1,0.097188949585,0,94.0,1,11,6.49041367526e-16,-5.3,5.3,0,5.0,400.0,-10.5
3.1,0.0,1,400.0,22.0,0,0.0970780849457,0,94.0,1,21,-1.49318255126,5.08531276016,5.3,0,5.0,400.0,-10.5
3.1,0.0,1,400.0,22.0,0,0.0972249507904,0,94.0,2,1,1.49318255126,5.08531276016,5.3,0,5.0,400.0,-10.5
3.1,0.0,1,400.0,22.0,1,0.0972027778625,2,94.0,1,11,6.49041367526e-16,-5.3,5.3,0,5.0,400.0,-10.5
3.1,0.0,1,400.0,22.0,1,0.0972180366516,1,94.0,1,6,5.24605364197,-0.754268642848,5.3,0,5.0,400.0,-10.5
3.1,0.0,1,400.0,22.0,0,0.0972151756287,0,94.0,1,10,1.49318255126,-5.08531276016,5.3,0,5.0,400.0,-10.5
3.1,0.0,1,400.0,22.0,0,0.0972259044647,0,94.0,1,5,5.24605364197,0.754268642848,5.3,0,5.0,400.0,-10.5
3.1,0.0,1,400.0,22.0,0,0.0972201824188,0,94.0,1,8,4.00547274408,-3.47076188991,5.3,0,5.0,400.0,-10.5
3.1,0.0,1,400.0,22.0,0,0.0972549915314,2,94.0,2,1,1.49318255126,5.08531276016,5.3,0,5.0,400.0,-10.5
3.1,0.0,2,400.0,22.0,0,0.0972330570221,0,94.0,1,9,2.86539633251,-4.45864372401,5.3,0,5.0,400.0,-10.5
3.1,0.0,2,400.0,22.0,1,0.0972249507904,0,94.0,1,6,5.24605364197,-0.754268642848,5.3,0,5.0,400.0,-10.5
3.1,0.0,1,400.0,22.0,-2,0.0972220897675,-2,94.0,1,19,-4.00547274408,3.47076188991,5.3,0,5.0,400.0,-10.5
3.1,0.0,1,400.0,22.0,0,0.097244977951,0,94.0,1,8,4.00547274408,-3.47076188991,5.3,0,5.0,400.0,-10.5
3.1,0.0,1,400.0,22.0,-1,0.0972039699554,-1,94.0,1,11,6.49041367526e-16,-5.3,5.3,0,5.0,400.0,-10.5
3.1,0.0,1,400.0,22.0,1,0.0974910259247,1,94.0,1,11,6.49041367526e-16,-5.3,5.3,0,5.0,400.0,-10.5
3.1,0.0,2,400.0,22.0,0,0.0972189903259,0,94.0,2,5,5.24605364197,0.754268642848,5.3,0,5.0,400.0,-10.5
3.1,0.0,2,400.0,22.0,0,0.0972030162811,0,94.0,1,10,1.49318255126,-5.08531276016,5.3,0,5.0,400.0,-10.5
3.1,0.0,1,400.0,22.0,-1,0.0971941947937,-1,94.0,1,19,-4.00547274408,3.47076188991,5.3,0,5.0,400.0,-10.5
3.1,0.0,1,400.0,22.0,-2,0.0970108509064,-2,94.0,1,21,-1.49318255126,5.08531276016,5.3,0,5.0,400.0,-10.5
3.1,0.0,1,400.0,22.0,-2,0.0970339775085,-2,94.0,1,19,-4.00547274408,3.47076188991,5.3,0,5.0,400.0,-10.5
3.1,0.0,1,400.0,22.0,0,0.0971839427948,1,94.0,2,20,-2.86539633251,4.45864372401,5.3,0,5.0,400.0,-10.5
3.1,0.0,1,400.0,22.0,0,0.0971930027008,0,94.0,1,11,6.49041367526e-16,-5.3,5.3,0,5.0,400.0,-10.5
3.1,0.0,2,400.0,22.0,1,0.0970270633698,0,94.0,2,13,-2.86539633251,-4.45864372401,5.3,0,5.0,400.0,-10.5
3.1,0.0,2,400.0,22.0,2,0.0970230102539,2,94.0,1,4,4.82104957538,2.20169956891,5.3,0,5.0,400.0,-10.5
3.1,0.0,1,400.0,22.0,-2,0.0971758365631,-2,94.0,1,15,-4.82104957538,-2.20169956891,5.3,0,5.0,400.0,-10.5
3.1,0.0,2,400.0,22.0,2,0.0970230102539,2,94.0,2,19,-4.00547274408,3.47076188991,5.3,0,5.0,400.0,-10.5
3.1,0.0,2,400.0,22.0,1,0.0971739292145,2,94.0,1,7,4.82104957538,-2.20169956891,5.3,0,5.0,400.0,-10.5
3.1,0.0,1,400.0,22.0,1,0.0971891880035,1,94.0,1,21,-1.49318255126,5.08531276016,5.3,0,5.0,400.0,-10.5
3.1,0.0,1,400.0,22.0,-2,0.0971899032593,-2,94.0,1,21,-1.49318255126,5.08531276016,5.3,0,5.0,400.0,-10.5
3.1,0.0,2,400.0,22.0,-1,0.0970420837402,-1,94.0,2,6,5.24605364197,-0.754268642848,5.3,0,5.0,400.0,-10.5
3.1,0.0,1,400.0,22.0,0,0.0971961021423,0,94.0,1,11,6.49041367526e-16,-5.3,5.3,0,5.0,400.0,-10.5
3.1,0.0,1,400.0,22.0,-1,0.0970599651337,-1,94.0,1,11,6.49041367526e-16,-5.3,5.3,0,5.0,400.0,-10.5
3.1,0.0,1,400.0,22.0,0,0.0971758365631,0,94.0,1,14,-4.00547274408,-3.47076188991,5.3,0,5.0,400.0,-10.5
3.1,0.0,2,400.0,22.0,1,0.097039937973,1,94.0,2,1,1.49318255126,5.08531276016,5.3,0,5.0,400.0,-10.5
3.1,0.0,2,400.0,22.0,1,0.0970749855042,1,94.0,2,12,-1.49318255126,-5.08531276016,5.3,0,5.0,400.0,-10.5
3.1,0.0,1,400.0,22.0,2,0.0970649719238,-1,94.0,2,4,4.82104957538,2.20169956891,5.3,0,5.0,400.0,-10.5
3.1,0.0,1,400.0,22.0,2,0.0970358848572,1,94.0,2,1,1.49318255126,5.08531276016,5.3,0,5.0,400.0,-10.5
3.1,0.0,1,400.0,22.0,-1,0.0971989631653,-1,94.0,1,21,-1.49318255126,5.08531276016,5.3,0,5.0,400.0,-10.5
3.1,0.0,1,400.0,22.0,1,0.0971701145172,1,94.0,1,8,4.00547274408,-3.47076188991,5.3,0,5.0,400.0,-10.5
3.1,0.0,2,400.0,22.0,-1,0.0972201824188,-1,94.0,2,17,-5.24605364197,0.754268642848,5.3,0,5.0,400.0,-10.5
3.1,0.0,2,400.0,22.0,0,0.0972058773041,0,94.0,2,15,-4.82104957538,-2.20169956891,5.3,0,5.0,400.0,-10.5
3.1,0.0,1,400.0,22.0,0,0.0972230434418,0,94.0,1,1,1.49318255126,5.08531276016,5.3,0,5.0,400.0,-10.5
3.1,0.0,1,400.0,22.0,2,0.0972201824188,2,94.0,1,12,-1.49318255126,-5.08531276016,5.3,0,5.0,400.0,-10.5
3.1,0.0,2,400.0,22.0,-1,0.0972230434418,2,94.0,2,20,-2.86539633251,4.45864372401,5.3,0,5.0,400.0,-10.5
3.1,0.0,2,400.0,22.0,1,0.0971870422363,-2,94.0,1,2,2.86539633251,4.45864372401,5.3,0,5.0,400.0,-10.5
3.1,0.0,1,400.0,22.0,1,0.0972239971161,1,94.0,1,11,6.49041367526e-16,-5.3,5.3,0,5.0,400.0,-10.5
3.1,0.0,2,400.0,22.0,-1,0.0972189903259,0,94.0,2,13,-2.86539633251,-4.45864372401,5.3,0,5.0,400.0,-10.5
3.1,0.0,1,400.0,22.0,0,0.0972189903259,0,94.0,1,0,0.0,5.3,5.3,0,5.0,400.0,-10.5
3.1,0.0,2,400.0,22.0,0,0.0972030162811,0,94.0,2,10,1.49318255126,-5.08531276016,5.3,0,5.0,400.0,-10.5
3.1,0.0,1,400.0,22.0,2,0.0971941947937,2,94.0,1,0,0.0,5.3,5.3,0,5.0,400.0,-10.5
3.1,0.0,1,400.0,22.0,0,0.0972158908844,1,94.0,2,20,-2.86539633251,4.45864372401,5.3,0,5.0,400.0,-10.5
3.1,0.0,2,400.0,22.0,1,0.0972030162811,-1,94.0,1,8,4.00547274408,-3.47076188991,5.3,0,5.0,400.0,-10.5
3.1,0.0,2,400.0,22.0,0,0.097158908844,-2,94.0,1,2,2.86539633251,4.45864372401,5.3,0,5.0,400.0,-10.5
3.1,0.0,2,400.0,22.0,0,0.097188949585,0,94.0,1,13,-2.86539633251,-4.45864372401,5.3,0,5.0,400.0,-10.5
3.1,0.0,1,400.0,22.0,-2,0.0970661640167,0,94.0,1,8,4.00547274408,-3.47076188991,5.3,0,5.0,400.0,-10.5
3.1,0.0,1,400.0,22.0,-1,0.0971968173981,-1,94.0,1,9,2.86539633251,-4.45864372401,5.3,0,5.0,400.0,-10.5
3.1,0.0,2,400.0,22.0,-1,0.0971930027008,-1,94.0,2,17,-5.24605364197,0.754268642848,5.3,0,5.0,400.0,-10.5
3.1,0.0,2,400.0,22.0,1,0.0971858501434,1,94.0,2,12,-1.49318255126,-5.08531276016,5.3,0,5.0,400.0,-10.5
3.1,0.0,1,400.0,22.0,-2,0.097198009491,-2,94.0,1,17,-5.24605364197,0.754268642848,5.3,0,5.0,400.0,-10.5
3.1,0.0,1,400.0,22.0,1,0.0971930027008,1,94.0,1,7,4.82104957538,-2.20169956891,5.3,0,5.0,400.0,-10.5
3.1,0.0,1,400.0,22.0,0,0.0971961021423,0,94.0,2,5,5.24605364197,0.754268642848,5.3,0,5.0,400.0,-10.5
3.1,0.0,2,400.0,22.0,-2,0.0971848964691,-1,94.0,2,1,1.49318255126,5.08531276016,5.3,0,5.0,400.0,-10.5
3.1,0.0,1,400.0,22.0,1,0.0970270633698,1,94.0,1,18,-4.82104957538,2.20169956891,5.3,0,5.0,400.0,-10.5
3.1,0.0,1,400.0,22.0,-1,0.0970320701599,-1,94.0,1,9,2.86539633251,-4.45864372401,5.3,0,5.0,400.0,-10.5
3.1,0.0,1,400.0,22.0,2,0.0970709323883,-2,94.0,1,9,2.86539633251,-4.45864372401,5.3,0,5.0,400.0,-10.5
3.1,0.0,2,400.0,22.0,-1,0.0970408916473,0,94.0,2,16,-5.24605364197,-0.754268642848,5.3,0,5.0,400.0,-10.5
3.1,0.0,1,400.0,22.0,1,0.0971801280975,2,94.0,1,16,-5.24605364197,-0.754268642848,5.3,0,5.0,400.0,-10.5
3.1,0.0,1,400.0,22.0,-2,0.097039937973,0,94.0,1,4,4.82104957538,2.20169956891,5.3,0,5.0,400.0,-10.5
3.1,0.0,2,400.0,22.0,-1,0.097207069397,-1,94.0,2,3,4.00547274408,3.47076188991,5.3,0,5.0,400.0,-10.5
3.1,0.0,1,400.0,22.0,2,0.0972239971161,1,94.0,2,20,-2.86539633251,4.45864372401,5.3,0,5.0,400.0,-10.5
3.1,0.0,1,400.0,22.0,0,0.0972030162811,0,94.0,1,6,5.24605364197,-0.754268642848,5.3,0,5.0,400.0,-10.5
3.1,0.0,1,400.0,22.0,1,0.0970349311829,1,94.0,1,11,6.49041367526e-16,-5.3,5.3,0,5.0,400.0,-10.5
3.1,0.0,2,400.0,22.0,-1,0.0972819328308,-1,94.0,2,16,-5.24605364197,-0.754268642848,5.3,0,5.0,400.0,-10.5
3.1,0.0,1,400.0,22.0,-2,0.0971901416779,0,94.0,1,0,0.0,5.3,5.3,0,5.0,400.0,-10.5
3.1,0.0,1,400.0,22.0,2,0.0970458984375,1,94.0,2,19,-4.00547274408,3.47076188991,5.3,0,5.0,400.0,-10.5
3.1,0.0,2,400.0,22.0,0,0.0971961021423,0,94.0,2,15,-4.82104957538,-2.20169956891,5.3,0,5.0,400.0,-10.5
3.1,0.0,1,400.0,22.0,2,0.0970330238342,1,94.0,1,7,4.82104957538,-2.20169956891,5.3,0,5.0,400.0,-10.5
3.1,0.0,2,400.0,22.0,0,0.0972309112549,0,94.0,2,12,-1.49318255126,-5.08531276016,5.3,0,5.0,400.0,-10.5
3.1,0.0,1,400.0,22.0,1,0.0972220897675,1,94.0,1,4,4.82104957538,2.20169956891,5.3,0,5.0,400.0,-10.5
3.1,0.0,1,400.0,22.0,-1,0.0973830223083,-1,94.0,1,7,4.82104957538,-2.20169956891,5.3,0,5.0,400.0,-10.5
3.1,0.0,2,400.0,22.0,1,0.0972058773041,1,94.0,2,9,2.86539633251,-4.45864372401,5.3,0,5.0,400.0,-10.5
3.1,0.0,1,400.0,22.0,0,0.0971219539642,0,94.0,1,7,4.82104957538,-2.20169956891,5.3,0,5.0,400.0,-10.5
3.1,0.0,1,400.0,22.0,0,0.0972120761871,-2,94.0,1,2,2.86539633251,4.45864372401,5.3,0,5.0,400.0,-10.5
3.1,0.0,2,400.0,22.0,2,0.0972230434418,2,94.0,2,3,4.00547274408,3.47076188991,5.3,0,5.0,400.0,-10.5
3.1,0.0,2,400.0,22.0,-2,0.0971930027008,0,94.0,2,0,0.0,5.3,5.3,0,5.0,400.0,-10.5
3.1,0.0,2,400.0,22.0,0,0.0972270965576,0,94.0,2,11,6.49041367526e-16,-5.3,5.3,0,5.0,400.0,-10.5
3.1,0.0,2,400.0,22.0,-2,0.0972299575806,-2,94.0,2,17,-5.24605364197,0.754268642848,5.3,0,5.0,400.0,-10.5
3.1,0.0,1,400.0,22.0,-2,0.0972180366516,-2,94.0,1,17,-5.24605364197,0.754268642848,5.3,0,5.0,400.0,-10.5
3.1,0.0,1,400.0,22.0,0,0.0972309112549,0,94.0,1,15,-4.82104957538,-2.20169956891,5.3,0,5.0,400.0,-10.5
3.1,0.0,1,400.0,22.0,-1,0.0972018241882,-1,94.0,1,17,-5.24605364197,0.754268642848,5.3,0,5.0,400.0,-10.5
3.1,0.0,1,400.0,22.0,0,0.0972011089325,0,94.0,1,14,-4.00547274408,-3.47076188991,5.3,0,5.0,400.0,-10.5
3.1,0.0,2,400.0,22.0,-1,0.0971751213074,-1,94.0,2,21,-1.49318255126,5.08531276016,5.3,0,5.0,400.0,-10.5
3.1,0.0,2,400.0,22.0,2,0.097207069397,1,94.0,1,19,-4.00547274408,3.47076188991,5.3,0,5.0,400.0,-10.5
3.1,0.0,2,400.0,22.0,1,0.0971438884735,1,94.0,2,3,4.00547274408,3.47076188991,5.3,0,5.0,400.0,-10.5
3.1,0.0,1,400.0,22.0,1,0.0970060825348,1,94.0,1,7,4.82104957538,-2.20169956891,5.3,0,5.0,400.0,-10.5
3.1,0.0,1,400.0,22.0,2,0.0971810817719,1,94.0,2,5,5.24605364197,0.754268642848,5.3,0,5.0,400.0,-10.5
3.1,0.0,1,400.0,22.0,-1,0.097188949585,-1,94.0,1,8,4.00547274408,-3.47076188991,5.3,0,5.0,400.0,-10.5
3.1,0.0,1,400.0,22.0,1,0.097244977951,0,94.0,2,14,-4.00547274408,-3.47076188991,5.3,0,5.0,400.0,-10.5
3.1,0.0,1,400.0,22.0,1,0.0970249176025,1,94.0,1,12,-1.49318255126,-5.08531276016,5.3,0,5.0,400.0,-10.5
3.1,0.0,1,400.0,22.0,0,0.0971899032593,0,94.0,1,15,-4.82104957538,-2.20169956891,5.3,0,5.0,400.0,-10.5
3.1,0.0,2,400.0,22.0,-1,0.0971939563751,-2,94.0,2,1,1.49318255126,5.08531276016,5.3,0,5.0,400.0,-10.5
3.1,0.0,1,400.0,22.0,0,0.0971910953522,0,94.0,1,10,1.49318255126,-5.08531276016,5.3,0,5.0,400.0,-10.5
3.1,0.0,1,400.0,22.0,1,0.097188949585,1,94.0,1,5,5.24605364197,0.754268642848,5.3,0,5.0,400.0,-10.5
3.1,0.0,2,400.0,22.0,1,0.0972139835358,-1,94.0,1,4,4.82104957538,2.20169956891,5.3,0,5.0,400.0,-10.5
3.1,0.0,1,400.0,22.0,-2,0.097039937973,-1,94.0,2,17,-5.24605364197,0.754268642848,5.3,0,5.0,400.0,-10.5
3.1,0.0,1,400.0,22.0,0,0.0970778465271,0,94.0,1,8,4.00547274408,-3.47076188991,5.3,0,5.0,400.0,-10.5
3.1,0.0,1,400.0,22.0,2,0.0971920490265,1,94.0,2,3,4.00547274408,3.47076188991,5.3,0,5.0,400.0,-10.5
3.1,0.0,2,400.0,22.0,-1,0.0970561504364,0,94.0,1,5,5.24605364197,0.754268642848,5.3,0,5.0,400.0,-10.5
3.1,0.0,1,400.0,22.0,1,0.0972101688385,1,94.0,1,14,-4.00547274408,-3.47076188991,5.3,0,5.0,400.0,-10.5
3.1,0.0,2,400.0,22.0,1,0.0971958637238,-2,94.0,1,3,4.00547274408,3.47076188991,5.3,0,5.0,400.0,-10.5
3.1,0.0,1,400.0,22.0,0,0.0970840454102,0,94.0,1,15,-4.82104957538,-2.20169956891,5.3,0,5.0,400.0,-10.5
3.1,0.0,1,400.0,22.0,0,0.09725689888,0,94.0,1,7,4.82104957538,-2.20169956891,5.3,0,5.0,400.0,-10.5
3.1,0.0,2,400.0,22.0,1,0.0972039699554,0,94.0,1,10,1.49318255126,-5.08531276016,5.3,0,5.0,400.0,-10.5
3.1,0.0,2,400.0,22.0,2,0.0971658229828,-1,94.0,2,7,4.82104957538,-2.20169956891,5.3,0,5.0,400.0,-10.5
3.1,0.0,2,400.0,22.0,2,0.0971817970276,-1,94.0,2,15,-4.82104957538,-2.20169956891,5.3,0,5.0,400.0,-10.5
3.1,0.0,1,400.0,22.0,0,0.0970640182495,0,94.0,1,8,4.00547274408,-3.47076188991,5.3,0,5.0,400.0,-10.5
3.1,0.0,2,400.0,22.0,0,0.0970480442047,0,94.0,1,5,5.24605364197,0.754268642848,5.3,0,5.0,400.0,-10.5
3.1,0.0,1,400.0,22.0,0,0.0972201824188,1,94.0,1,20,-2.86539633251,4.45864372401,5.3,0,5.0,400.0,-10.5
3.1,0.0,2,400.0,22.0,-2,0.0972189903259,-2,94.0,1,0,0.0,5.3,5.3,0,5.0,400.0,-10.5
3.1,0.0,1,400.0,22.0,-1,0.0972139835358,-1,94.0,2,17,-5.24605364197,0.754268642848,5.3,0,5.0,400.0,-10.5
3.1,0.0,1,400.0,22.0,-1,0.0970768928528,-1,94.0,1,0,0.0,5.3,5.3,0,5.0,400.0,-10.5
3.1,0.0,1,400.0,22.0,1,0.0972108840942,1,94.0,1,13,-2.86539633251,-4.45864372401,5.3,0,5.0,400.0,-10.5
3.1,0.0,2,400.0,22.0,0,0.0972108840942,0,94.0,2,2,2.86539633251,4.45864372401,5.3,0,5.0,400.0,-10.5
3.1,0.0,1,400.0,22.0,0,0.0972130298615,0,94.0,1,15,-4.82104957538,-2.20169956891,5.3,0,5.0,400.0,-10.5
3.1,0.0,2,400.0,22.0,0,0.0972089767456,0,94.0,2,11,6.49041367526e-16,-5.3,5.3,0,5.0,400.0,-10.5
3.1,0.0,2,400.0,22.0,0,0.0972280502319,-1,94.0,1,7,4.82104957538,-2.20169956891,5.3,0,5.0,400.0,-10.5
3.1,0.0,1,400.0,22.0,2,0.0972139835358,2,94.0,1,1,1.49318255126,5.08531276016,5.3,0,5.0,400.0,-10.5
3.1,0.0,1,400.0,22.0,2,0.0972149372101,2,94.0,1,8,4.00547274408,-3.47076188991,5.3,0,5.0,400.0,-10.5
3.1,0.0,1,400.0,22.0,0,0.0971579551697,0,94.0,1,10,1.49318255126,-5.08531276016,5.3,0,5.0,400.0,-10.5
3.1,0.0,2,400.0,22.0,-1,0.0972058773041,-1,94.0,2,12,-1.49318255126,-5.08531276016,5.3,0,5.0,400.0,-10.5
3.1,0.0,1,400.0,22.0,0,0.0971519947052,0,94.0,1,8,4.00547274408,-3.47076188991,5.3,0,5.0,400.0,-10.5
3.1,0.0,1,400.0,22.0,-2,0.0970280170441,2,94.0,1,21,-1.49318255126,5.08531276016,5.3,0,5.0,400.0,-10.5
3.1,0.0,1,400.0,22.0,-1,0.0970320701599,1,94.0,1,18,-4.82104957538,2.20169956891,5.3,0,5.0,400.0,-10.5
3.1,0.0,2,400.0,22.0,0,0.0971939563751,0,94.0,2,13,-2.86539633251,-4.45864372401,5.3,0,5.0,400.0,-10.5
3.1,0.0,1,400.0,22.0,0,0.0971510410309,0,94.0,1,17,-5.24605364197,0.754268642848,5.3,0,5.0,400.0,-10.5
3.1,0.0,1,400.0,22.0,0,0.097198009491,0,94.0,1,1,1.49318255126,5.08531276016,5.3,0,5.0,400.0,-10.5
3.1,0.0,2,400.0,22.0,-1,0.0970199108124,-1,94.0,2,6,5.24605364197,-0.754268642848,5.3,0,5.0,400.0,-10.5
3.1,0.0,1,400.0,22.0,0,0.0970239639282,0,94.0,1,11,6.49041367526e-16,-5.3,5.3,0,5.0,400.0,-10.5
3.1,0.0,1,400.0,22.0,0,0.0971240997314,0,94.0,1,7,4.82104957538,-2.20169956891,5.3,0,5.0,400.0,-10.5
3.1,0.0,1,400.0,22.0,1,0.0970230102539,1,94.0,1,3,4.00547274408,3.47076188991,5.3,0,5.0,400.0,-10.5
3.1,0.0,1,400.0,22.0,2,0.097177028656,2,94.0,1,5,5.24605364197,0.754268642848,5.3,0,5.0,400.0,-10.5
3.1,0.0,2,400.0,22.0,-1,0.0970170497894,-1,94.0,2,17,-5.24605364197,0.754268642848,5.3,0,5.0,400.0,-10.5
3.1,0.0,1,400.0,22.0,-2,0.097277879715,1,94.0,1,12,-1.49318255126,-5.08531276016,5.3,0,5.0,400.0,-10.5
3.1,0.0,2,400.0,22.0,0,0.0971949100494,0,94.0,2,12,-1.49318255126,-5.08531276016,5.3,0,5.0,400.0,-10.5
3.1,0.0,1,400.0,22.0,0,0.0970430374146,0,94.0,1,7,4.82104957538,-2.20169956891,5.3,0,5.0,400.0,-10.5
3.1,0.0,1,400.0,22.0,-1,0.097195148468,-1,94.0,1,18,-4.82104957538,2.20169956891,5.3,0,5.0,400.0,-10.5
3.1,0.0,2,400.0,22.0,-1,0.0970320701599,-1,94.0,1,14,-4.00547274408,-3.47076188991,5.3,0,5.0,400.0,-10.5
3.1,0.0,2,400.0,22.0,0,0.0970330238342,0,94.0,1,14,-4.00547274408,-3.47076188991,5.3,0,5.0,400.0,-10.5
3.1,0.0,1,400.0,22.0,-2,0.0971820354462,2,94.0,2,21,-1.49318255126,5.08531276016,5.3,0,5.0,400.0,-10.5
3.1,0.0,1,400.0,22.0,2,0.0970962047577,-2,94.0,1,1,1.49318255126,5.08531276016,5.3,0,5.0,400.0,-10.5
3.1,0.0,1,400.0,22.0,-1,0.0972001552582,-1,94.0,1,15,-4.82104957538,-2.20169956891,5.3,0,5.0,400.0,-10.5
3.1,0.0,2,400.0,22.0,-1,0.0971670150757,-1,94.0,1,3,4.00547274408,3.47076188991,5.3,0,5.0,400.0,-10.5
3.1,0.0,1,400.0,22.0,0,0.0971660614014,-1,94.0,2,4,4.82104957538,2.20169956891,5.3,0,5.0,400.0,-10.5
3.1,0.0,1,400.0,22.0,1,0.097188949585,-2,94.0,1,11,6.49041367526e-16,-5.3,5.3,0,5.0,400.0,-10.5
3.1,0.0,2,400.0,22.0,0,0.0970578193665,0,94.0,2,10,1.49318255126,-5.08531276016,5.3,0,5.0,400.0,-10.5
3.1,0.0,2,400.0,22.0,0,0.0972270965576,-2,94.0,1,16,-5.24605364197,-0.754268642848,5.3,0,5.0,400.0,-10.5
3.1,0.0,1,400.0,22.0,2,0.0972139835358,-2,94.0,2,3,4.00547274408,3.47076188991,5.3,0,5.0,400.0,-10.5
3.1,0.0,1,400.0,22.0,0,0.0972030162811,0,94.0,1,15,-4.82104957538,-2.20169956891,5.3,0,5.0,400.0,-10.5
3.1,0.0,1,400.0,22.0,2,0.0972208976746,2,94.0,1,5,5.24605364197,0.754268642848,5.3,0,5.0,400.0,-10.5
3.1,0.0,2,400.0,22.0,1,0.0972230434418,1,94.0,2,9,2.86539633251,-4.45864372401,5.3,0,5.0,400.0,-10.5
3.1,0.0,2,400.0,22.0,2,0.097225189209,2,94.0,2,15,-4.82104957538,-2.20169956891,5.3,0,5.0,400.0,-10.5
3.1,0.0,1,400.0,22.0,-2,0.0972318649292,2,94.0,2,20,-2.86539633251,4.45864372401,5.3,0,5.0,400.0,-10.5
3.1,0.0,2,400.0,22.0,2,0.097226858139,2,94.0,1,8,4.00547274408,-3.47076188991,5.3,0,5.0,400.0,-10.5
3.1,0.0,1,400.0,22.0,1,0.0972151756287,1,94.0,1,4,4.82104957538,2.20169956891,5.3,0,5.0,400.0,-10.5
3.1,0.0,1,400.0,22.0,1,0.0971839427948,2,94.0,1,17,-5.24605364197,0.754268642848,5.3,0,5.0,400.0,-10.5
3.1,0.0,1,400.0,22.0,0,0.0971801280975,0,94.0,1,16,-5.24605364197,-0.754268642848,5.3,0,5.0,400.0,-10.5
3.1,0.0,1,400.0,22.0,0,0.0970032215118,0,94.0,1,9,2.86539633251,-4.45864372401,5.3,0,5.0,400.0,-10.5
3.1,0.0,1,400.0,22.0,0,0.0970120429993,0,94.0,1,8,4.00547274408,-3.47076188991,5.3,0,5.0,400.0,-10.5
3.1,0.0,1,400.0,22.0,2,0.0971870422363,2,94.0,1,15,-4.82104957538,-2.20169956891,5.3,0,5.0,400.0,-10.5
3.1,0.0,2,400.0,22.0,0,0.0970461368561,0,94.0,2,0,0.0,5.3,5.3,0,5.0,400.0,-10.5
3.1,0.0,1,400.0,22.0,-2,0.0972080230713,-2,94.0,1,19,-4.00547274408,3.47076188991,5.3,0,5.0,400.0,-10.5
3.1,0.0,2,400.0,22.0,0,0.0972058773041,-1,94.0,1,18,-4.82104957538,2.20169956891,5.3,0,5.0,400.0,-10.5
3.1,0.0,2,400.0,22.0,2,0.0971729755402,1,94.0,2,10,1.49318255126,-5.08531276016,5.3,0,5.0,400.0,-10.5
3.1,0.0,2,400.0,22.0,2,0.0972061157227,0,94.0,2,18,-4.82104957538,2.20169956891,5.3,0,5.0,400.0,-10.5
3.1,0.0,1,400.0,22.0,0,0.0970540046692,0,94.0,1,20,-2.86539633251,4.45864372401,5.3,0,5.0,400.0,-10.5
3.1,0.0,1,400.0,22.0,1,0.0970249176025,1,94.0,1,12,-1.49318255126,-5.08531276016,5.3,0,5.0,400.0,-10.5
3.1,0.0,2,400.0,22.0,2,0.0971500873566,0,94.0,1,3,4.00547274408,3.47076188991,5.3,0,5.0,400.0,-10.5
3.1,0.0,2,400.0,22.0,1,0.097188949585,1,94.0,2,8,4.00547274408,-3.47076188991,5.3,0,5.0,400.0,-10.5
3.1,0.0,2,400.0,22.0,-1,0.0970191955566,-2,94.0,2,1,1.49318255126,5.08531276016,5.3,0,5.0,400.0,-10.5
3.1,0.0,1,400.0,22.0,2,0.0970270633698,1,94.0,1,20,-2.86539633251,4.45864372401,5.3,0,5.0,400.0,-10.5
3.1,0.0,2,400.0,22.0,-2,0.0970208644867,1,94.0,2,9,2.86539633251,-4.45864372401,5.3,0,5.0,400.0,-10.5
3.1,0.0,2,400.0,22.0,-1,0.0971930027008,-1,94.0,2,12,-1.49318255126,-5.08531276016,5.3,0,5.0,400.0,-10.5
3.1,0.0,1,400.0,22.0,2,0.0971460342407,-2,94.0,2,9,2.86539633251,-4.45864372401,5.3,0,5.0,400.0,-10.5
3.1,0.0,2,400.0,22.0,1,0.0970759391785,1,94.0,1,3,4.00547274408,3.47076188991,5.3,0,5.0,400.0,-10.5
3.1,0.0,2,400.0,22.0,-1,0.0970261096954,-1,94.0,2,18,-4.82104957538,2.20169956891,5.3,0,5.0,400.0,-10.5
3.1,0.0,2,400.0,22.0,0,0.0971829891205,0,94.0,2,12,-1.49318255126,-5.08531276016,5.3,0,5.0,400.0,-10.5
3.1,0.0,1,400.0,22.0,-1,0.0970211029053,-1,94.0,1,2,2.86539633251,4.45864372401,5.3,0,5.0,400.0,-10.5
3.1,0.0,1,400.0,22.0,-1,0.0970211029053,-1,94.0,1,0,0.0,5.3,5.3,0,5.0,400.0,-10.5
3.1,0.0,2,400.0,22.0,2,0.0971879959106,2,94.0,2,3,4.00547274408,3.47076188991,5.3,0,5.0,400.0,-10.5
3.1,0.0,1,400.0,22.0,0,0.0970590114594,1,94.0,2,5,5.24605364197,0.754268642848,5.3,0,5.0,400.0,-10.5
3.1,0.0,1,400.0,22.0,0,0.0971810817719,0,94.0,1,16,-5.24605364197,-0.754268642848,5.3,0,5.0,400.0,-10.5
3.1,0.0,1,400.0,22.0,0,0.0970370769501,0,94.0,1,20,-2.86539633251,4.45864372401,5.3,0,5.0,400.0,-10.5
3.1,0.0,1,400.0,22.0,1,0.097195148468,1,94.0,1,9,2.86539633251,-4.45864372401,5.3,0,5.0,400.0,-10.5
3.1,0.0,1,400.0,22.0,2,0.0971918106079,2,94.0,1,5,5.24605364197,0.754268642848,5.3,0,5.0,400.0,-10.5
3.1,0.0,2,400.0,22.0,-2,0.0972101688385,2,94.0,1,19,-4.00547274408,3.47076188991,5.3,0,5.0,400.0,-10.5
3.1,0.0,1,400.0,22.0,0,0.0970568656921,0,94.0,1,15,-4.82104957538,-2.20169956891,5.3,0,5.0,400.0,-10.5
3.1,0.0,1,400.0,22.0,0,0.0970370769501,0,94.0,2,7,4.82104957538,-2.20169956891,5.3,0,5.0,400.0,-10.5
3.1,0.0,2,400.0,22.0,-1,0.097198009491,0,94.0,2,0,0.0,5.3,5.3,0,5.0,400.0,-10.5
3.1,0.0,1,400.0,22.0,0,0.0971820354462,1,94.0,1,1,1.49318255126,5.08531276016,5.3,0,5.0,400.0,-10.5
3.1,0.0,1,400.0,22.0,-2,0.0970530509949,-2,94.0,2,8,4.00547274408,-3.47076188991,5.3,0,5.0,400.0,-10.5
3.1,0.0,1,400.0,22.0,2,0.0970561504364,0,94.0,1,11,6.49041367526e-16,-5.3,5.3,0,5.0,400.0,-10.5
3.1,0.0,2,400.0,22.0,1,0.0970618724823,-2,94.0,2,20,-2.86539633251,4.45864372401,5.3,0,5.0,400.0,-10.5
3.1,0.0,2,400.0,22.0,-2,0.0972270965576,-2,94.0,2,17,-5.24605364197,0.754268642848,5.3,0,5.0,400.0,-10.5
3.1,0.0,2,400.0,22.0,1,0.0972201824188,1,94.0,2,18,-4.82104957538,2.20169956891,5.3,0,5.0,400.0,-10.5
3.1,0.0,1,400.0,22.0,0,0.0971028804779,1,94.0,2,11,6.49041367526e-16,-5.3,5.3,0,5.0,400.0,-10.5
3.1,0.0,1,400.0,22.0,0,0.0972180366516,0,94.0,1,16,-5.24605364197,-0.754268642848,5.3,0,5.0,400.0,-10.5
3.1,0.0,2,400.0,22.0,1,0.0972061157227,-2,94.0,1,21,-1.49318255126,5.08531276016,5.3,0,5.0,400.0,-10.5
3.1,0.0,1,400.0,22.0,0,0.0972189903259,0,94.0,1,13,-2.86539633251,-4.45864372401,5.3,0,5.0,400.0,-10.5
3.1,0.0,1,400.0,22.0,2,0.0972409248352,2,94.0,1,21,-1.49318255126,5.08531276016,5.3,0,5.0,400.0,-10.5
3.1,0.0,1,400.0,22.0,-2,0.0972030162811,0,94.0,2,8,4.00547274408,-3.47076188991,5.3,0,5.0,400.0,-10.5
3.1,0.0,1,400.0,22.0,-2,0.0972089767456,-2,94.0,2,17,-5.24605364197,0.754268642848,5.3,0,5.0,400.0,-10.5
3.1,0.0,2,400.0,22.0,-1,0.0971870422363,-1,94.0,2,16,-5.24605364197,-0.754268642848,5.3,0,5.0,400.0,-10.5
3.1,0.0,1,400.0,22.0,-1,0.0970540046692,-1,94.0,2,10,1.49318255126,-5.08531276016,5.3,0,5.0,400.0,-10.5
3.1,0.0,1,400.0,22.0,1,0.0971810817719,0,94.0,1,4,4.82104957538,2.20169956891,5.3,0,5.0,400.0,-10.5
3.1,0.0,2,400.0,22.0,-1,0.0972089767456,-1,94.0,2,19,-4.00547274408,3.47076188991,5.3,0,5.0,400.0,-10.5
3.1,0.0,1,400.0,22.0,-1,0.0972001552582,-2,94.0,2,13,-2.86539633251,-4.45864372401,5.3,0,5.0,400.0,-10.5
3.1,0.0,2,400.0,22.0,-1,0.0972180366516,0,94.0,1,19,-4.00547274408,3.47076188991,5.3,0,5.0,400.0,-10.5
3.1,0.0,2,400.0,22.0,-1,0.0972120761871,-1,94.0,2,14,-4.00547274408,-3.47076188991,5.3,0,5.0,400.0,-10.5
3.1,0.0,1,400.0,22.0,1,0.0972189903259,1,94.0,1,11,6.49041367526e-16,-5.3,5.3,0,5.0,400.0,-10.5
3.1,0.0,1,400.0,22.0,1,0.0970261096954,2,94.0,2,2,2.86539633251,4.45864372401,5.3,0,5.0,400.0,-10.5
3.1,0.0,2,400.0,22.0,-1,0.0970089435577,2,94.0,2,7,4.82104957538,-2.20169956891,5.3,0,5.0,400.0,-10.5
3.1,0.0,2,400.0,22.0,-1,0.0972330570221,-1,94.0,2,11,6.49041367526e-16,-5.3,5.3,0,5.0,400.0,-10.5
3.1,0.0,2,400.0,22.0,-2,0.0970599651337,1,94.0,2,15,-4.82104957538,-2.20169956891,5.3,0,5.0,400.0,-10.5
3.1,0.0,2,400.0,22.0,0,0.0970590114594,0,94.0,2,2,2.86539633251,4.45864372401,5.3,0,5.0,400.0,-10.5
3.1,0.0,1,400.0,22.0,-2,0.097011089325,-2,94.0,1,0,0.0,5.3,5.3,0,5.0,400.0,-10.5
3.1,0.0,1,400.0,22.0,1,0.0971689224243,1,94.0,1,3,4.00547274408,3.47076188991,5.3,0,5.0,400.0,-10.5
3.1,0.0,1,400.0,22.0,0,0.0970289707184,0,94.0,1,3,4.00547274408,3.47076188991,5.3,0,5.0,400.0,-10.5
3.1,0.0,2,400.0,22.0,0,0.0971779823303,0,94.0,2,4,4.82104957538,2.20169956891,5.3,0,5.0,400.0,-10.5
3.1,0.0,2,400.0,22.0,0,0.097186088562,0,94.0,2,9,2.86539633251,-4.45864372401,5.3,0,5.0,400.0,-10.5
3.1,0.0,2,400.0,22.0,1,0.0971949100494,1,94.0,2,20,-2.86539633251,4.45864372401,5.3,0,5.0,400.0,-10.5
3.1,0.0,2,400.0,22.0,0,0.097207069397,0,94.0,2,4,4.82104957538,2.20169956891,5.3,0,5.0,400.0,-10.5
3.1,0.0,1,400.0,22.0,1,0.0971930027008,1,94.0,1,3,4.00547274408,3.47076188991,5.3,0,5.0,400.0,-10.5
3.1,0.0,2,400.0,22.0,-1,0.0970468521118,-1,94.0,2,10,1.49318255126,-5.08531276016,5.3,0,5.0,400.0,-10.5
3.1,0.0,1,400.0,22.0,0,0.0971319675446,0,94.0,1,15,-4.82104957538,-2.20169956891,5.3,0,5.0,400.0,-10.5
3.1,0.0,2,400.0,22.0,-1,0.0970458984375,-1,94.0,1,1,1.49318255126,5.08531276016,5.3,0,5.0,400.0,-10.5
3.1,0.0,1,400.0,22.0,1,0.0971848964691,-1,94.0,1,13,-2.86539633251,-4.45864372401,5.3,0,5.0,400.0,-10.5
3.1,0.0,2,400.0,22.0,0,0.0970358848572,0,94.0,2,10,1.49318255126,-5.08531276016,5.3,0,5.0,400.0,-10.5
3.1,0.0,2,400.0,22.0,2,0.0971870422363,2,94.0,2,18,-4.82104957538,2.20169956891,5.3,0,5.0,400.0,-10.5
3.1,0.0,2,400.0,22.0,0,0.0970408916473,0,94.0,2,13,-2.86539633251,-4.45864372401,5.3,0,5.0,400.0,-10.5
3.1,0.0,1,400.0,22.0,0,0.0972118377686,0,94.0,1,1,1.49318255126,5.08531276016,5.3,0,5.0,400.0,-10.5
3.1,0.0,2,400.0,22.0,1,0.0971920490265,1,94.0,2,12,-1.49318255126,-5.08531276016,5.3,0,5.0,400.0,-10.5
3.1,0.0,1,400.0,22.0,-2,0.0970730781555,2,94.0,2,20,-2.86539633251,4.45864372401,5.3,0,5.0,400.0,-10.5
3.1,0.0,2,400.0,22.0,1,0.0970401763916,0,94.0,1,12,-1.49318255126,-5.08531276016,5.3,0,5.0,400.0,-10.5
