cue-length,ms-precue,resp-v-hv,ms-st-cue,nitems,offset2,resp-h-pos,actualStimOn,resp-v-pos,ms-stimon,resp-h-hv,cue-loc-int,cue-loc-x,cue-loc-y,radius,bars-or-spot,version,offset,npractice,ntrials
3.1,0.0,1,400.0,22.0,0,0,0.0970349311829,1,94.0,1,17,-5.24605364197,0.754268642848,5.3,0,11,-12,5.0,300.0
3.1,0.0,1,400.0,22.0,0,0,0.097188949585,2,94.0,1,18,-4.82104957538,2.20169956891,5.3,0,11,-12,5.0,300.0
3.1,0.0,2,400.0,22.0,0,-1,0.0970540046692,0,94.0,2,6,5.24605364197,-0.754268642848,5.3,0,11,-12,5.0,300.0
3.1,0.0,1,400.0,22.0,0,-2,0.0971810817719,1,94.0,2,2,2.86539633251,4.45864372401,5.3,0,11,-12,5.0,300.0
3.1,0.0,1,400.0,22.0,0,-1,0.0971348285675,1,94.0,1,19,-4.00547274408,3.47076188991,5.3,0,11,-12,5.0,300.0
3.1,0.0,1,400.0,22.0,0,-2,0.0970318317413,-2,94.0,2,9,2.86539633251,-4.45864372401,5.3,0,11,-12,5.0,300.0
3.1,0.0,1,400.0,22.0,0,0,0.0971970558167,-1,94.0,2,0,0.0,5.3,5.3,0,11,-12,5.0,300.0
3.1,0.0,1,400.0,22.0,0,-1,0.0970468521118,-2,94.0,2,20,-2.86539633251,4.45864372401,5.3,0,11,-12,5.0,300.0
3.1,0.0,2,400.0,22.0,0,1,0.0972001552582,-1,94.0,2,7,4.82104957538,-2.20169956891,5.3,0,11,-12,5.0,300.0
3.1,0.0,2,400.0,22.0,0,0,0.0972259044647,0,94.0,1,6,5.24605364197,-0.754268642848,5.3,0,11,-12,5.0,300.0
3.1,0.0,1,400.0,22.0,0,1,0.0972709655762,1,94.0,2,13,-2.86539633251,-4.45864372401,5.3,0,11,-12,5.0,300.0
3.1,0.0,2,400.0,22.0,0,0,0.0970411300659,-1,94.0,1,8,4.00547274408,-3.47076188991,5.3,0,11,-12,5.0,300.0
3.1,0.0,1,400.0,22.0,0,2,0.0971488952637,0,94.0,2,10,1.49318255126,-5.08531276016,5.3,0,11,-12,5.0,300.0
3.1,0.0,2,400.0,22.0,0,1,0.0970311164856,-1,94.0,1,17,-5.24605364197,0.754268642848,5.3,0,11,-12,5.0,300.0
3.1,0.0,2,400.0,22.0,0,-2,0.0971801280975,0,94.0,1,10,1.49318255126,-5.08531276016,5.3,0,11,-12,5.0,300.0
3.1,0.0,2,400.0,22.0,0,0,0.0970439910889,2,94.0,2,21,-1.49318255126,5.08531276016,5.3,0,11,-12,5.0,300.0
3.1,0.0,1,400.0,22.0,0,0,0.0971782207489,-2,94.0,2,5,5.24605364197,0.754268642848,5.3,0,11,-12,5.0,300.0
3.1,0.0,2,400.0,22.0,0,-1,0.0970511436462,-2,94.0,1,9,2.86539633251,-4.45864372401,5.3,0,11,-12,5.0,300.0
3.1,0.0,1,400.0,22.0,0,1,0.0970859527588,1,94.0,2,14,-4.00547274408,-3.47076188991,5.3,0,11,-12,5.0,300.0
3.1,0.0,2,400.0,22.0,0,0,0.0972280502319,0,94.0,1,5,5.24605364197,0.754268642848,5.3,0,11,-12,5.0,300.0
3.1,0.0,1,400.0,22.0,0,0,0.0972039699554,-2,94.0,1,1,1.49318255126,5.08531276016,5.3,0,11,-12,5.0,300.0
3.1,0.0,2,400.0,22.0,0,0,0.097186088562,0,94.0,1,2,2.86539633251,4.45864372401,5.3,0,11,-12,5.0,300.0
3.1,0.0,1,400.0,22.0,0,0,0.0970859527588,-1,94.0,1,11,6.49041367526e-16,-5.3,5.3,0,11,-12,5.0,300.0
3.1,0.0,2,400.0,22.0,0,1,0.0970788002014,1,94.0,1,18,-4.82104957538,2.20169956891,5.3,0,11,-12,5.0,300.0
3.1,0.0,1,400.0,22.0,0,1,0.0971868038177,1,94.0,2,4,4.82104957538,2.20169956891,5.3,0,11,-12,5.0,300.0
3.1,0.0,2,400.0,22.0,0,-1,0.097030878067,0,94.0,1,12,-1.49318255126,-5.08531276016,5.3,0,11,-12,5.0,300.0
3.1,0.0,2,400.0,22.0,0,-1,0.0972909927368,0,94.0,2,13,-2.86539633251,-4.45864372401,5.3,0,11,-12,5.0,300.0
3.1,0.0,2,400.0,22.0,0,-2,0.097373008728,0,94.0,1,1,1.49318255126,5.08531276016,5.3,0,11,-12,5.0,300.0
3.1,0.0,2,400.0,22.0,0,0,0.0971829891205,0,94.0,1,21,-1.49318255126,5.08531276016,5.3,0,11,-12,5.0,300.0
3.1,0.0,1,400.0,22.0,0,-1,0.0970180034637,0,94.0,2,6,5.24605364197,-0.754268642848,5.3,0,11,-12,5.0,300.0
3.1,0.0,2,400.0,22.0,0,1,0.0971820354462,0,94.0,1,21,-1.49318255126,5.08531276016,5.3,0,11,-12,5.0,300.0
3.1,0.0,2,400.0,22.0,0,-1,0.0971930027008,0,94.0,1,7,4.82104957538,-2.20169956891,5.3,0,11,-12,5.0,300.0
3.1,0.0,1,400.0,22.0,0,-1,0.097195148468,-2,94.0,2,8,4.00547274408,-3.47076188991,5.3,0,11,-12,5.0,300.0
3.1,0.0,2,400.0,22.0,0,-2,0.0970351696014,0,94.0,1,15,-4.82104957538,-2.20169956891,5.3,0,11,-12,5.0,300.0
3.1,0.0,2,400.0,22.0,0,0,0.0972189903259,0,94.0,1,2,2.86539633251,4.45864372401,5.3,0,11,-12,5.0,300.0
3.1,0.0,1,400.0,22.0,0,1,0.0971870422363,0,94.0,2,0,0.0,5.3,5.3,0,11,-12,5.0,300.0
3.1,0.0,2,400.0,22.0,0,-1,0.0971372127533,-2,94.0,1,14,-4.00547274408,-3.47076188991,5.3,0,11,-12,5.0,300.0
3.1,0.0,2,400.0,22.0,0,-1,0.097179889679,-1,94.0,1,4,4.82104957538,2.20169956891,5.3,0,11,-12,5.0,300.0
3.1,0.0,1,400.0,22.0,0,0,0.0970239639282,1,94.0,1,0,0.0,5.3,5.3,0,11,-12,5.0,300.0
3.1,0.0,2,400.0,22.0,0,1,0.0971870422363,0,94.0,2,14,-4.00547274408,-3.47076188991,5.3,0,11,-12,5.0,300.0
3.1,0.0,1,400.0,22.0,0,1,0.0972080230713,2,94.0,1,15,-4.82104957538,-2.20169956891,5.3,0,11,-12,5.0,300.0
3.1,0.0,1,400.0,22.0,0,1,0.0971918106079,0,94.0,1,7,4.82104957538,-2.20169956891,5.3,0,11,-12,5.0,300.0
3.1,0.0,1,400.0,22.0,0,-1,0.0971851348877,0,94.0,2,21,-1.49318255126,5.08531276016,5.3,0,11,-12,5.0,300.0
3.1,0.0,1,400.0,22.0,0,2,0.0970268249512,-2,94.0,2,12,-1.49318255126,-5.08531276016,5.3,0,11,-12,5.0,300.0
3.1,0.0,2,400.0,22.0,0,1,0.0971729755402,0,94.0,1,5,5.24605364197,0.754268642848,5.3,0,11,-12,5.0,300.0
3.1,0.0,1,400.0,22.0,0,0,0.0970480442047,2,94.0,2,11,6.49041367526e-16,-5.3,5.3,0,11,-12,5.0,300.0
3.1,0.0,2,400.0,22.0,0,0,0.0970239639282,-2,94.0,1,3,4.00547274408,3.47076188991,5.3,0,11,-12,5.0,300.0
3.1,0.0,2,400.0,22.0,0,0,0.0971989631653,1,94.0,1,5,5.24605364197,0.754268642848,5.3,0,11,-12,5.0,300.0
3.1,0.0,2,400.0,22.0,0,0,0.0971841812134,0,94.0,1,16,-5.24605364197,-0.754268642848,5.3,0,11,-12,5.0,300.0
3.1,0.0,1,400.0,22.0,0,1,0.097207069397,1,94.0,2,5,5.24605364197,0.754268642848,5.3,0,11,-12,5.0,300.0
3.1,0.0,1,400.0,22.0,0,2,0.0971870422363,-1,94.0,2,11,6.49041367526e-16,-5.3,5.3,0,11,-12,5.0,300.0
3.1,0.0,1,400.0,22.0,0,0,0.0970239639282,-1,94.0,2,12,-1.49318255126,-5.08531276016,5.3,0,11,-12,5.0,300.0
3.1,0.0,2,400.0,22.0,0,1,0.0970189571381,0,94.0,1,15,-4.82104957538,-2.20169956891,5.3,0,11,-12,5.0,300.0
3.1,0.0,1,400.0,22.0,0,-1,0.0972068309784,1,94.0,2,6,5.24605364197,-0.754268642848,5.3,0,11,-12,5.0,300.0
3.1,0.0,2,400.0,22.0,0,0,0.09716796875,0,94.0,1,7,4.82104957538,-2.20169956891,5.3,0,11,-12,5.0,300.0
3.1,0.0,1,400.0,22.0,0,0,0.0970230102539,-2,94.0,2,10,1.49318255126,-5.08531276016,5.3,0,11,-12,5.0,300.0
3.1,0.0,1,400.0,22.0,0,0,0.0971240997314,0,94.0,2,2,2.86539633251,4.45864372401,5.3,0,11,-12,5.0,300.0
3.1,0.0,1,400.0,22.0,0,0,0.0970289707184,2,94.0,1,10,1.49318255126,-5.08531276016,5.3,0,11,-12,5.0,300.0
3.1,0.0,1,400.0,22.0,0,-1,0.0970280170441,1,94.0,1,20,-2.86539633251,4.45864372401,5.3,0,11,-12,5.0,300.0
3.1,0.0,2,400.0,22.0,0,-1,0.0971639156342,-1,94.0,1,13,-2.86539633251,-4.45864372401,5.3,0,11,-12,5.0,300.0
3.1,0.0,2,400.0,22.0,0,-2,0.0972180366516,0,94.0,2,12,-1.49318255126,-5.08531276016,5.3,0,11,-12,5.0,300.0
3.1,0.0,1,400.0,22.0,0,-1,0.0972800254822,-2,94.0,1,20,-2.86539633251,4.45864372401,5.3,0,11,-12,5.0,300.0
3.1,0.0,2,400.0,22.0,0,-1,0.0970208644867,1,94.0,2,20,-2.86539633251,4.45864372401,5.3,0,11,-12,5.0,300.0
3.1,0.0,2,400.0,22.0,0,2,0.0971891880035,0,94.0,1,19,-4.00547274408,3.47076188991,5.3,0,11,-12,5.0,300.0
3.1,0.0,2,400.0,22.0,0,0,0.0971870422363,-1,94.0,1,18,-4.82104957538,2.20169956891,5.3,0,11,-12,5.0,300.0
3.1,0.0,2,400.0,22.0,0,0,0.0970227718353,0,94.0,2,18,-4.82104957538,2.20169956891,5.3,0,11,-12,5.0,300.0
3.1,0.0,2,400.0,22.0,0,0,0.0972239971161,-1,94.0,1,6,5.24605364197,-0.754268642848,5.3,0,11,-12,5.0,300.0
3.1,0.0,1,400.0,22.0,0,1,0.0972030162811,-1,94.0,2,7,4.82104957538,-2.20169956891,5.3,0,11,-12,5.0,300.0
3.1,0.0,2,400.0,22.0,0,-2,0.0972189903259,-1,94.0,1,13,-2.86539633251,-4.45864372401,5.3,0,11,-12,5.0,300.0
3.1,0.0,1,400.0,22.0,0,2,0.0972020626068,0,94.0,2,0,0.0,5.3,5.3,0,11,-12,5.0,300.0
3.1,0.0,1,400.0,22.0,0,2,0.0971839427948,0,94.0,1,11,6.49041367526e-16,-5.3,5.3,0,11,-12,5.0,300.0
3.1,0.0,2,400.0,22.0,0,1,0.0971870422363,0,94.0,1,2,2.86539633251,4.45864372401,5.3,0,11,-12,5.0,300.0
3.1,0.0,2,400.0,22.0,0,1,0.0971910953522,-2,94.0,1,4,4.82104957538,2.20169956891,5.3,0,11,-12,5.0,300.0
3.1,0.0,2,400.0,22.0,0,0,0.0972030162811,0,94.0,1,6,5.24605364197,-0.754268642848,5.3,0,11,-12,5.0,300.0
3.1,0.0,2,400.0,22.0,0,0,0.0971829891205,1,94.0,2,19,-4.00547274408,3.47076188991,5.3,0,11,-12,5.0,300.0
3.1,0.0,1,400.0,22.0,0,-1,0.0971958637238,0,94.0,2,20,-2.86539633251,4.45864372401,5.3,0,11,-12,5.0,300.0
3.1,0.0,2,400.0,22.0,0,1,0.0971829891205,0,94.0,1,5,5.24605364197,0.754268642848,5.3,0,11,-12,5.0,300.0
3.1,0.0,2,400.0,22.0,0,-2,0.0971949100494,-1,94.0,1,2,2.86539633251,4.45864372401,5.3,0,11,-12,5.0,300.0
3.1,0.0,2,400.0,22.0,0,-1,0.0970711708069,-2,94.0,2,17,-5.24605364197,0.754268642848,5.3,0,11,-12,5.0,300.0
3.1,0.0,2,400.0,22.0,0,-1,0.0971870422363,-1,94.0,1,5,5.24605364197,0.754268642848,5.3,0,11,-12,5.0,300.0
3.1,0.0,2,400.0,22.0,0,-2,0.0970599651337,0,94.0,1,18,-4.82104957538,2.20169956891,5.3,0,11,-12,5.0,300.0
3.1,0.0,1,400.0,22.0,0,0,0.0970220565796,-2,94.0,1,5,5.24605364197,0.754268642848,5.3,0,11,-12,5.0,300.0
3.1,0.0,1,400.0,22.0,0,0,0.0971479415894,0,94.0,2,19,-4.00547274408,3.47076188991,5.3,0,11,-12,5.0,300.0
3.1,0.0,2,400.0,22.0,0,-1,0.0971708297729,0,94.0,1,19,-4.00547274408,3.47076188991,5.3,0,11,-12,5.0,300.0
3.1,0.0,2,400.0,22.0,0,0,0.0972249507904,-2,94.0,1,18,-4.82104957538,2.20169956891,5.3,0,11,-12,5.0,300.0
3.1,0.0,2,400.0,22.0,0,0,0.0971879959106,1,94.0,2,21,-1.49318255126,5.08531276016,5.3,0,11,-12,5.0,300.0
3.1,0.0,2,400.0,22.0,0,1,0.0971920490265,0,94.0,1,18,-4.82104957538,2.20169956891,5.3,0,11,-12,5.0,300.0
3.1,0.0,1,400.0,22.0,0,1,0.0972089767456,1,94.0,1,3,4.00547274408,3.47076188991,5.3,0,11,-12,5.0,300.0
3.1,0.0,2,400.0,22.0,0,0,0.0970230102539,2,94.0,1,4,4.82104957538,2.20169956891,5.3,0,11,-12,5.0,300.0
3.1,0.0,2,400.0,22.0,0,-1,0.0971899032593,0,94.0,2,2,2.86539633251,4.45864372401,5.3,0,11,-12,5.0,300.0
3.1,0.0,2,400.0,22.0,0,1,0.0971720218658,0,94.0,2,9,2.86539633251,-4.45864372401,5.3,0,11,-12,5.0,300.0
3.1,0.0,1,400.0,22.0,0,-1,0.0971870422363,-2,94.0,2,13,-2.86539633251,-4.45864372401,5.3,0,11,-12,5.0,300.0
3.1,0.0,1,400.0,22.0,0,0,0.0971779823303,0,94.0,2,0,0.0,5.3,5.3,0,11,-12,5.0,300.0
3.1,0.0,1,400.0,22.0,0,-2,0.0971820354462,-1,94.0,1,3,4.00547274408,3.47076188991,5.3,0,11,-12,5.0,300.0
3.1,0.0,1,400.0,22.0,0,2,0.0971701145172,-1,94.0,1,16,-5.24605364197,-0.754268642848,5.3,0,11,-12,5.0,300.0
3.1,0.0,1,400.0,22.0,0,0,0.0971958637238,1,94.0,2,9,2.86539633251,-4.45864372401,5.3,0,11,-12,5.0,300.0
3.1,0.0,2,400.0,22.0,0,0,0.0970280170441,-1,94.0,2,8,4.00547274408,-3.47076188991,5.3,0,11,-12,5.0,300.0
3.1,0.0,1,400.0,22.0,0,-2,0.0971450805664,-2,94.0,2,12,-1.49318255126,-5.08531276016,5.3,0,11,-12,5.0,300.0
3.1,0.0,1,400.0,22.0,0,-1,0.097146987915,2,94.0,2,6,5.24605364197,-0.754268642848,5.3,0,11,-12,5.0,300.0
3.1,0.0,2,400.0,22.0,0,0,0.0971610546112,0,94.0,1,2,2.86539633251,4.45864372401,5.3,0,11,-12,5.0,300.0
3.1,0.0,1,400.0,22.0,0,1,0.0971519947052,-1,94.0,1,6,5.24605364197,-0.754268642848,5.3,0,11,-12,5.0,300.0
3.1,0.0,2,400.0,22.0,0,0,0.0971858501434,2,94.0,1,11,6.49041367526e-16,-5.3,5.3,0,11,-12,5.0,300.0
3.1,0.0,2,400.0,22.0,0,0,0.097186088562,0,94.0,1,13,-2.86539633251,-4.45864372401,5.3,0,11,-12,5.0,300.0
3.1,0.0,2,400.0,22.0,0,0,0.0970368385315,0,94.0,1,16,-5.24605364197,-0.754268642848,5.3,0,11,-12,5.0,300.0
3.1,0.0,1,400.0,22.0,0,-1,0.0971870422363,0,94.0,2,19,-4.00547274408,3.47076188991,5.3,0,11,-12,5.0,300.0
3.1,0.0,1,400.0,22.0,0,1,0.0970709323883,-2,94.0,1,12,-1.49318255126,-5.08531276016,5.3,0,11,-12,5.0,300.0
3.1,0.0,2,400.0,22.0,0,0,0.0970180034637,0,94.0,1,11,6.49041367526e-16,-5.3,5.3,0,11,-12,5.0,300.0
3.1,0.0,2,400.0,22.0,0,1,0.0970220565796,-1,94.0,1,9,2.86539633251,-4.45864372401,5.3,0,11,-12,5.0,300.0
3.1,0.0,1,400.0,22.0,0,-1,0.0971541404724,-1,94.0,2,5,5.24605364197,0.754268642848,5.3,0,11,-12,5.0,300.0
3.1,0.0,1,400.0,22.0,0,1,0.0970270633698,0,94.0,2,16,-5.24605364197,-0.754268642848,5.3,0,11,-12,5.0,300.0
3.1,0.0,1,400.0,22.0,0,0,0.0971510410309,1,94.0,1,0,0.0,5.3,5.3,0,11,-12,5.0,300.0
3.1,0.0,2,400.0,22.0,0,1,0.0971829891205,1,94.0,2,3,4.00547274408,3.47076188991,5.3,0,11,-12,5.0,300.0
3.1,0.0,1,400.0,22.0,0,0,0.0971870422363,0,94.0,2,15,-4.82104957538,-2.20169956891,5.3,0,11,-12,5.0,300.0
3.1,0.0,2,400.0,22.0,0,2,0.0971810817719,0,94.0,1,20,-2.86539633251,4.45864372401,5.3,0,11,-12,5.0,300.0
3.1,0.0,2,400.0,22.0,0,1,0.0971410274506,0,94.0,1,2,2.86539633251,4.45864372401,5.3,0,11,-12,5.0,300.0
3.1,0.0,2,400.0,22.0,0,1,0.0971848964691,-1,94.0,2,1,1.49318255126,5.08531276016,5.3,0,11,-12,5.0,300.0
3.1,0.0,1,400.0,22.0,0,2,0.0971791744232,1,94.0,1,7,4.82104957538,-2.20169956891,5.3,0,11,-12,5.0,300.0
3.1,0.0,1,400.0,22.0,0,-1,0.0971879959106,0,94.0,2,1,1.49318255126,5.08531276016,5.3,0,11,-12,5.0,300.0
3.1,0.0,2,400.0,22.0,0,0,0.097188949585,0,94.0,1,5,5.24605364197,0.754268642848,5.3,0,11,-12,5.0,300.0
3.1,0.0,2,400.0,22.0,0,1,0.0970208644867,-1,94.0,2,14,-4.00547274408,-3.47076188991,5.3,0,11,-12,5.0,300.0
3.1,0.0,1,400.0,22.0,0,-2,0.0971539020538,2,94.0,1,2,2.86539633251,4.45864372401,5.3,0,11,-12,5.0,300.0
3.1,0.0,1,400.0,22.0,0,1,0.0971670150757,-1,94.0,1,9,2.86539633251,-4.45864372401,5.3,0,11,-12,5.0,300.0
3.1,0.0,1,400.0,22.0,0,1,0.0971548557281,0,94.0,1,9,2.86539633251,-4.45864372401,5.3,0,11,-12,5.0,300.0
3.1,0.0,2,400.0,22.0,0,0,0.0971829891205,0,94.0,1,21,-1.49318255126,5.08531276016,5.3,0,11,-12,5.0,300.0
3.1,0.0,2,400.0,22.0,0,-2,0.0971801280975,1,94.0,1,20,-2.86539633251,4.45864372401,5.3,0,11,-12,5.0,300.0
3.1,0.0,2,400.0,22.0,0,1,0.0970339775085,0,94.0,1,7,4.82104957538,-2.20169956891,5.3,0,11,-12,5.0,300.0
3.1,0.0,1,400.0,22.0,0,1,0.097295999527,-1,94.0,1,10,1.49318255126,-5.08531276016,5.3,0,11,-12,5.0,300.0
3.1,0.0,1,400.0,22.0,0,-1,0.0971429347992,-2,94.0,1,13,-2.86539633251,-4.45864372401,5.3,0,11,-12,5.0,300.0
3.1,0.0,1,400.0,22.0,0,2,0.0971961021423,2,94.0,1,1,1.49318255126,5.08531276016,5.3,0,11,-12,5.0,300.0
3.1,0.0,1,400.0,22.0,0,1,0.0970938205719,1,94.0,2,10,1.49318255126,-5.08531276016,5.3,0,11,-12,5.0,300.0
3.1,0.0,2,400.0,22.0,0,2,0.0971457958221,0,94.0,2,19,-4.00547274408,3.47076188991,5.3,0,11,-12,5.0,300.0
3.1,0.0,2,400.0,22.0,0,0,0.0971410274506,-2,94.0,2,21,-1.49318255126,5.08531276016,5.3,0,11,-12,5.0,300.0
3.1,0.0,2,400.0,22.0,0,0,0.0971579551697,1,94.0,1,18,-4.82104957538,2.20169956891,5.3,0,11,-12,5.0,300.0
3.1,0.0,1,400.0,22.0,0,-2,0.0971999168396,0,94.0,2,6,5.24605364197,-0.754268642848,5.3,0,11,-12,5.0,300.0
3.1,0.0,1,400.0,22.0,0,1,0.0972011089325,-2,94.0,1,14,-4.00547274408,-3.47076188991,5.3,0,11,-12,5.0,300.0
3.1,0.0,2,400.0,22.0,0,-1,0.0971958637238,1,94.0,2,20,-2.86539633251,4.45864372401,5.3,0,11,-12,5.0,300.0
3.1,0.0,1,400.0,22.0,0,2,0.097177028656,0,94.0,1,18,-4.82104957538,2.20169956891,5.3,0,11,-12,5.0,300.0
3.1,0.0,2,400.0,22.0,0,0,0.0971939563751,2,94.0,1,4,4.82104957538,2.20169956891,5.3,0,11,-12,5.0,300.0
3.1,0.0,1,400.0,22.0,0,2,0.0971739292145,2,94.0,1,6,5.24605364197,-0.754268642848,5.3,0,11,-12,5.0,300.0
3.1,0.0,2,400.0,22.0,0,1,0.0971710681915,-2,94.0,2,2,2.86539633251,4.45864372401,5.3,0,11,-12,5.0,300.0
3.1,0.0,1,400.0,22.0,0,1,0.097156047821,-2,94.0,2,21,-1.49318255126,5.08531276016,5.3,0,11,-12,5.0,300.0
3.1,0.0,1,400.0,22.0,0,-1,0.097188949585,1,94.0,1,2,2.86539633251,4.45864372401,5.3,0,11,-12,5.0,300.0
3.1,0.0,2,400.0,22.0,0,1,0.0970079898834,0,94.0,1,1,1.49318255126,5.08531276016,5.3,0,11,-12,5.0,300.0
3.1,0.0,2,400.0,22.0,0,0,0.0971920490265,0,94.0,1,5,5.24605364197,0.754268642848,5.3,0,11,-12,5.0,300.0
3.1,0.0,1,400.0,22.0,0,0,0.0971930027008,2,94.0,1,18,-4.82104957538,2.20169956891,5.3,0,11,-12,5.0,300.0
3.1,0.0,2,400.0,22.0,0,-1,0.0971670150757,2,94.0,2,11,6.49041367526e-16,-5.3,5.3,0,11,-12,5.0,300.0
3.1,0.0,2,400.0,22.0,0,2,0.0970630645752,0,94.0,1,8,4.00547274408,-3.47076188991,5.3,0,11,-12,5.0,300.0
3.1,0.0,2,400.0,22.0,0,2,0.097011089325,0,94.0,1,8,4.00547274408,-3.47076188991,5.3,0,11,-12,5.0,300.0
3.1,0.0,2,400.0,22.0,0,1,0.0971519947052,0,94.0,2,8,4.00547274408,-3.47076188991,5.3,0,11,-12,5.0,300.0
3.1,0.0,2,400.0,22.0,0,0,0.0972080230713,0,94.0,1,3,4.00547274408,3.47076188991,5.3,0,11,-12,5.0,300.0
3.1,0.0,2,400.0,22.0,0,0,0.0970098972321,0,94.0,1,13,-2.86539633251,-4.45864372401,5.3,0,11,-12,5.0,300.0
3.1,0.0,1,400.0,22.0,0,0,0.097149848938,1,94.0,2,0,0.0,5.3,5.3,0,11,-12,5.0,300.0
3.1,0.0,1,400.0,22.0,0,0,0.0972220897675,-1,94.0,1,6,5.24605364197,-0.754268642848,5.3,0,11,-12,5.0,300.0
3.1,0.0,2,400.0,22.0,0,0,0.0970070362091,-1,94.0,1,13,-2.86539633251,-4.45864372401,5.3,0,11,-12,5.0,300.0
3.1,0.0,1,400.0,22.0,0,0,0.097146987915,-2,94.0,1,9,2.86539633251,-4.45864372401,5.3,0,11,-12,5.0,300.0
3.1,0.0,2,400.0,22.0,0,0,0.0971500873566,1,94.0,1,12,-1.49318255126,-5.08531276016,5.3,0,11,-12,5.0,300.0
3.1,0.0,2,400.0,22.0,0,-1,0.0970590114594,0,94.0,1,3,4.00547274408,3.47076188991,5.3,0,11,-12,5.0,300.0
3.1,0.0,1,400.0,22.0,0,-1,0.097179889679,0,94.0,2,3,4.00547274408,3.47076188991,5.3,0,11,-12,5.0,300.0
3.1,0.0,2,400.0,22.0,0,1,0.0972080230713,0,94.0,2,18,-4.82104957538,2.20169956891,5.3,0,11,-12,5.0,300.0
3.1,0.0,2,400.0,22.0,0,-2,0.0971939563751,2,94.0,1,11,6.49041367526e-16,-5.3,5.3,0,11,-12,5.0,300.0
3.1,0.0,2,400.0,22.0,0,0,0.0970051288605,0,94.0,2,15,-4.82104957538,-2.20169956891,5.3,0,11,-12,5.0,300.0
3.1,0.0,1,400.0,22.0,0,0,0.0970070362091,2,94.0,1,0,0.0,5.3,5.3,0,11,-12,5.0,300.0
3.1,0.0,1,400.0,22.0,0,0,0.0971839427948,1,94.0,1,18,-4.82104957538,2.20169956891,5.3,0,11,-12,5.0,300.0
3.1,0.0,2,400.0,22.0,0,-2,0.0972008705139,0,94.0,2,16,-5.24605364197,-0.754268642848,5.3,0,11,-12,5.0,300.0
3.1,0.0,1,400.0,22.0,0,0,0.0971899032593,-1,94.0,1,13,-2.86539633251,-4.45864372401,5.3,0,11,-12,5.0,300.0
3.1,0.0,1,400.0,22.0,0,1,0.0971510410309,-1,94.0,1,2,2.86539633251,4.45864372401,5.3,0,11,-12,5.0,300.0
3.1,0.0,1,400.0,22.0,0,0,0.0972108840942,1,94.0,1,5,5.24605364197,0.754268642848,5.3,0,11,-12,5.0,300.0
3.1,0.0,1,400.0,22.0,0,0,0.0971841812134,0,94.0,2,7,4.82104957538,-2.20169956891,5.3,0,11,-12,5.0,300.0
3.1,0.0,1,400.0,22.0,0,0,0.0971581935883,0,94.0,1,16,-5.24605364197,-0.754268642848,5.3,0,11,-12,5.0,300.0
3.1,0.0,2,400.0,22.0,0,-1,0.0972349643707,0,94.0,1,1,1.49318255126,5.08531276016,5.3,0,11,-12,5.0,300.0
3.1,0.0,2,400.0,22.0,0,-2,0.0971720218658,-2,94.0,2,19,-4.00547274408,3.47076188991,5.3,0,11,-12,5.0,300.0
3.1,0.0,2,400.0,22.0,0,-1,0.0970509052277,0,94.0,1,9,2.86539633251,-4.45864372401,5.3,0,11,-12,5.0,300.0
3.1,0.0,2,400.0,22.0,0,-2,0.0971879959106,1,94.0,2,13,-2.86539633251,-4.45864372401,5.3,0,11,-12,5.0,300.0
3.1,0.0,1,400.0,22.0,0,-1,0.0972101688385,2,94.0,1,14,-4.00547274408,-3.47076188991,5.3,0,11,-12,5.0,300.0
3.1,0.0,1,400.0,22.0,0,1,0.0971660614014,-1,94.0,1,20,-2.86539633251,4.45864372401,5.3,0,11,-12,5.0,300.0
3.1,0.0,1,400.0,22.0,0,-2,0.0971739292145,2,94.0,2,21,-1.49318255126,5.08531276016,5.3,0,11,-12,5.0,300.0
3.1,0.0,2,400.0,22.0,0,2,0.0971817970276,2,94.0,2,17,-5.24605364197,0.754268642848,5.3,0,11,-12,5.0,300.0
3.1,0.0,2,400.0,22.0,0,2,0.0972151756287,-1,94.0,2,11,6.49041367526e-16,-5.3,5.3,0,11,-12,5.0,300.0
3.1,0.0,1,400.0,22.0,0,0,0.0972130298615,0,94.0,1,2,2.86539633251,4.45864372401,5.3,0,11,-12,5.0,300.0
3.1,0.0,2,400.0,22.0,0,0,0.0972099304199,2,94.0,2,9,2.86539633251,-4.45864372401,5.3,0,11,-12,5.0,300.0
3.1,0.0,1,400.0,22.0,0,1,0.0972230434418,-1,94.0,1,17,-5.24605364197,0.754268642848,5.3,0,11,-12,5.0,300.0
3.1,0.0,2,400.0,22.0,0,2,0.097188949585,0,94.0,2,2,2.86539633251,4.45864372401,5.3,0,11,-12,5.0,300.0
3.1,0.0,2,400.0,22.0,0,-2,0.0972020626068,0,94.0,2,21,-1.49318255126,5.08531276016,5.3,0,11,-12,5.0,300.0
3.1,0.0,1,400.0,22.0,0,0,0.097207069397,0,94.0,1,16,-5.24605364197,-0.754268642848,5.3,0,11,-12,5.0,300.0
3.1,0.0,1,400.0,22.0,0,-1,0.0971832275391,2,94.0,2,19,-4.00547274408,3.47076188991,5.3,0,11,-12,5.0,300.0
3.1,0.0,1,400.0,22.0,0,1,0.0973291397095,0,94.0,2,2,2.86539633251,4.45864372401,5.3,0,11,-12,5.0,300.0
3.1,0.0,1,400.0,22.0,0,-2,0.0972080230713,1,94.0,2,15,-4.82104957538,-2.20169956891,5.3,0,11,-12,5.0,300.0
3.1,0.0,1,400.0,22.0,0,2,0.0972261428833,1,94.0,2,4,4.82104957538,2.20169956891,5.3,0,11,-12,5.0,300.0
3.1,0.0,1,400.0,22.0,0,0,0.0972080230713,-1,94.0,1,13,-2.86539633251,-4.45864372401,5.3,0,11,-12,5.0,300.0
3.1,0.0,1,400.0,22.0,0,1,0.0972120761871,0,94.0,1,0,0.0,5.3,5.3,0,11,-12,5.0,300.0
3.1,0.0,2,400.0,22.0,0,-1,0.0972309112549,0,94.0,2,3,4.00547274408,3.47076188991,5.3,0,11,-12,5.0,300.0
3.1,0.0,1,400.0,22.0,0,-1,0.0971820354462,2,94.0,1,7,4.82104957538,-2.20169956891,5.3,0,11,-12,5.0,300.0
3.1,0.0,2,400.0,22.0,0,-1,0.0972149372101,2,94.0,1,9,2.86539633251,-4.45864372401,5.3,0,11,-12,5.0,300.0
3.1,0.0,1,400.0,22.0,0,1,0.097226858139,1,94.0,2,15,-4.82104957538,-2.20169956891,5.3,0,11,-12,5.0,300.0
3.1,0.0,1,400.0,22.0,0,2,0.0972111225128,1,94.0,2,3,4.00547274408,3.47076188991,5.3,0,11,-12,5.0,300.0
3.1,0.0,1,400.0,22.0,0,-2,0.0972239971161,-2,94.0,2,2,2.86539633251,4.45864372401,5.3,0,11,-12,5.0,300.0
3.1,0.0,2,400.0,22.0,0,0,0.0972151756287,-1,94.0,1,13,-2.86539633251,-4.45864372401,5.3,0,11,-12,5.0,300.0
3.1,0.0,2,400.0,22.0,0,0,0.0972061157227,-1,94.0,1,10,1.49318255126,-5.08531276016,5.3,0,11,-12,5.0,300.0
3.1,0.0,2,400.0,22.0,0,-2,0.0971758365631,-1,94.0,1,5,5.24605364197,0.754268642848,5.3,0,11,-12,5.0,300.0
3.1,0.0,2,400.0,22.0,0,1,0.0974669456482,0,94.0,1,20,-2.86539633251,4.45864372401,5.3,0,11,-12,5.0,300.0
3.1,0.0,2,400.0,22.0,0,0,0.0972149372101,0,94.0,1,0,0.0,5.3,5.3,0,11,-12,5.0,300.0
3.1,0.0,2,400.0,22.0,0,-1,0.0972080230713,0,94.0,1,12,-1.49318255126,-5.08531276016,5.3,0,11,-12,5.0,300.0
3.1,0.0,1,400.0,22.0,0,0,0.0972261428833,1,94.0,1,10,1.49318255126,-5.08531276016,5.3,0,11,-12,5.0,300.0
3.1,0.0,2,400.0,22.0,0,0,0.0972220897675,1,94.0,1,18,-4.82104957538,2.20169956891,5.3,0,11,-12,5.0,300.0
3.1,0.0,2,400.0,22.0,0,2,0.0972020626068,0,94.0,1,1,1.49318255126,5.08531276016,5.3,0,11,-12,5.0,300.0
3.1,0.0,2,400.0,22.0,0,0,0.0970120429993,2,94.0,1,3,4.00547274408,3.47076188991,5.3,0,11,-12,5.0,300.0
3.1,0.0,2,400.0,22.0,0,-2,0.0972049236298,-2,94.0,1,15,-4.82104957538,-2.20169956891,5.3,0,11,-12,5.0,300.0
3.1,0.0,1,400.0,22.0,0,2,0.097177028656,2,94.0,2,12,-1.49318255126,-5.08531276016,5.3,0,11,-12,5.0,300.0
3.1,0.0,1,400.0,22.0,0,1,0.0971689224243,1,94.0,2,5,5.24605364197,0.754268642848,5.3,0,11,-12,5.0,300.0
3.1,0.0,1,400.0,22.0,0,-1,0.0972130298615,1,94.0,1,13,-2.86539633251,-4.45864372401,5.3,0,11,-12,5.0,300.0
3.1,0.0,2,400.0,22.0,0,2,0.0972170829773,0,94.0,1,3,4.00547274408,3.47076188991,5.3,0,11,-12,5.0,300.0
3.1,0.0,2,400.0,22.0,0,0,0.0972249507904,0,94.0,1,17,-5.24605364197,0.754268642848,5.3,0,11,-12,5.0,300.0
3.1,0.0,2,400.0,22.0,0,-2,0.0972371101379,2,94.0,2,21,-1.49318255126,5.08531276016,5.3,0,11,-12,5.0,300.0
3.1,0.0,2,400.0,22.0,0,0,0.0971789360046,-1,94.0,1,11,6.49041367526e-16,-5.3,5.3,0,11,-12,5.0,300.0
3.1,0.0,1,400.0,22.0,0,1,0.0975708961487,2,94.0,2,4,4.82104957538,2.20169956891,5.3,0,11,-12,5.0,300.0
3.1,0.0,2,400.0,22.0,0,-1,0.0974128246307,2,94.0,1,11,6.49041367526e-16,-5.3,5.3,0,11,-12,5.0,300.0
3.1,0.0,1,400.0,22.0,0,2,0.0974519252777,-2,94.0,2,5,5.24605364197,0.754268642848,5.3,0,11,-12,5.0,300.0
3.1,0.0,2,400.0,22.0,0,-2,0.0971789360046,-1,94.0,1,5,5.24605364197,0.754268642848,5.3,0,11,-12,5.0,300.0
3.1,0.0,1,400.0,22.0,0,0,0.0971729755402,0,94.0,2,1,1.49318255126,5.08531276016,5.3,0,11,-12,5.0,300.0
3.1,0.0,2,400.0,22.0,0,-2,0.0972249507904,-1,94.0,2,6,5.24605364197,-0.754268642848,5.3,0,11,-12,5.0,300.0
3.1,0.0,1,400.0,22.0,0,0,0.097207069397,-1,94.0,2,18,-4.82104957538,2.20169956891,5.3,0,11,-12,5.0,300.0
3.1,0.0,2,400.0,22.0,0,-1,0.0972030162811,2,94.0,2,13,-2.86539633251,-4.45864372401,5.3,0,11,-12,5.0,300.0
3.1,0.0,1,400.0,22.0,0,-1,0.0971739292145,-1,94.0,2,17,-5.24605364197,0.754268642848,5.3,0,11,-12,5.0,300.0
3.1,0.0,1,400.0,22.0,0,-1,0.0971548557281,-2,94.0,2,6,5.24605364197,-0.754268642848,5.3,0,11,-12,5.0,300.0
3.1,0.0,2,400.0,22.0,0,2,0.097179889679,-1,94.0,1,11,6.49041367526e-16,-5.3,5.3,0,11,-12,5.0,300.0
3.1,0.0,2,400.0,22.0,0,0,0.0972299575806,-1,94.0,1,1,1.49318255126,5.08531276016,5.3,0,11,-12,5.0,300.0
3.1,0.0,1,400.0,22.0,0,0,0.09716796875,2,94.0,1,17,-5.24605364197,0.754268642848,5.3,0,11,-12,5.0,300.0
3.1,0.0,2,400.0,22.0,0,0,0.0972242355347,-1,94.0,2,7,4.82104957538,-2.20169956891,5.3,0,11,-12,5.0,300.0
3.1,0.0,1,400.0,22.0,0,-2,0.0972249507904,0,94.0,1,6,5.24605364197,-0.754268642848,5.3,0,11,-12,5.0,300.0
3.1,0.0,1,400.0,22.0,0,-2,0.0970478057861,0,94.0,2,19,-4.00547274408,3.47076188991,5.3,0,11,-12,5.0,300.0
3.1,0.0,2,400.0,22.0,0,-2,0.0972080230713,0,94.0,1,6,5.24605364197,-0.754268642848,5.3,0,11,-12,5.0,300.0
3.1,0.0,2,400.0,22.0,0,-2,0.0972239971161,0,94.0,1,11,6.49041367526e-16,-5.3,5.3,0,11,-12,5.0,300.0
3.1,0.0,1,400.0,22.0,0,-1,0.0975520610809,1,94.0,2,21,-1.49318255126,5.08531276016,5.3,0,11,-12,5.0,300.0
3.1,0.0,1,400.0,22.0,0,-1,0.0970721244812,-1,94.0,1,3,4.00547274408,3.47076188991,5.3,0,11,-12,5.0,300.0
3.1,0.0,2,400.0,22.0,0,-1,0.0971720218658,0,94.0,1,10,1.49318255126,-5.08531276016,5.3,0,11,-12,5.0,300.0
3.1,0.0,2,400.0,22.0,0,-2,0.0972130298615,2,94.0,1,8,4.00547274408,-3.47076188991,5.3,0,11,-12,5.0,300.0
3.1,0.0,2,400.0,22.0,0,1,0.0971779823303,1,94.0,1,11,6.49041367526e-16,-5.3,5.3,0,11,-12,5.0,300.0
3.1,0.0,2,400.0,22.0,0,1,0.0972011089325,-1,94.0,1,12,-1.49318255126,-5.08531276016,5.3,0,11,-12,5.0,300.0
3.1,0.0,2,400.0,22.0,0,0,0.0972180366516,2,94.0,1,0,0.0,5.3,5.3,0,11,-12,5.0,300.0
3.1,0.0,1,400.0,22.0,0,1,0.0971808433533,1,94.0,2,19,-4.00547274408,3.47076188991,5.3,0,11,-12,5.0,300.0
3.1,0.0,1,400.0,22.0,0,1,0.0972299575806,-2,94.0,1,6,5.24605364197,-0.754268642848,5.3,0,11,-12,5.0,300.0
3.1,0.0,2,400.0,22.0,0,1,0.0972020626068,-1,94.0,2,8,4.00547274408,-3.47076188991,5.3,0,11,-12,5.0,300.0
3.1,0.0,1,400.0,22.0,0,0,0.0972051620483,2,94.0,2,11,6.49041367526e-16,-5.3,5.3,0,11,-12,5.0,300.0
3.1,0.0,2,400.0,22.0,0,2,0.0972068309784,0,94.0,2,16,-5.24605364197,-0.754268642848,5.3,0,11,-12,5.0,300.0
3.1,0.0,1,400.0,22.0,0,0,0.0972158908844,0,94.0,2,18,-4.82104957538,2.20169956891,5.3,0,11,-12,5.0,300.0
3.1,0.0,2,400.0,22.0,0,0,0.0971908569336,-1,94.0,2,10,1.49318255126,-5.08531276016,5.3,0,11,-12,5.0,300.0
3.1,0.0,2,400.0,22.0,0,1,0.0971910953522,0,94.0,1,15,-4.82104957538,-2.20169956891,5.3,0,11,-12,5.0,300.0
3.1,0.0,1,400.0,22.0,0,1,0.097195148468,-1,94.0,1,21,-1.49318255126,5.08531276016,5.3,0,11,-12,5.0,300.0
3.1,0.0,1,400.0,22.0,0,-1,0.0970120429993,0,94.0,1,6,5.24605364197,-0.754268642848,5.3,0,11,-12,5.0,300.0
3.1,0.0,2,400.0,22.0,0,-2,0.0971479415894,-1,94.0,1,19,-4.00547274408,3.47076188991,5.3,0,11,-12,5.0,300.0
3.1,0.0,1,400.0,22.0,0,0,0.097042798996,0,94.0,2,12,-1.49318255126,-5.08531276016,5.3,0,11,-12,5.0,300.0
3.1,0.0,1,400.0,22.0,0,-2,0.0972089767456,-2,94.0,2,11,6.49041367526e-16,-5.3,5.3,0,11,-12,5.0,300.0
3.1,0.0,1,400.0,22.0,0,1,0.0972201824188,2,94.0,1,5,5.24605364197,0.754268642848,5.3,0,11,-12,5.0,300.0
3.1,0.0,1,400.0,22.0,0,-2,0.0972080230713,0,94.0,1,10,1.49318255126,-5.08531276016,5.3,0,11,-12,5.0,300.0
3.1,0.0,2,400.0,22.0,0,-2,0.0971789360046,-1,94.0,1,17,-5.24605364197,0.754268642848,5.3,0,11,-12,5.0,300.0
3.1,0.0,1,400.0,22.0,0,0,0.0972130298615,2,94.0,2,12,-1.49318255126,-5.08531276016,5.3,0,11,-12,5.0,300.0
3.1,0.0,1,400.0,22.0,0,0,0.0971839427948,0,94.0,2,5,5.24605364197,0.754268642848,5.3,0,11,-12,5.0,300.0
3.1,0.0,2,400.0,22.0,0,1,0.097198009491,-1,94.0,1,18,-4.82104957538,2.20169956891,5.3,0,11,-12,5.0,300.0
3.1,0.0,1,400.0,22.0,0,1,0.09716796875,-2,94.0,1,20,-2.86539633251,4.45864372401,5.3,0,11,-12,5.0,300.0
3.1,0.0,2,400.0,22.0,0,-1,0.0971660614014,1,94.0,1,2,2.86539633251,4.45864372401,5.3,0,11,-12,5.0,300.0
3.1,0.0,2,400.0,22.0,0,-1,0.0971870422363,0,94.0,1,16,-5.24605364197,-0.754268642848,5.3,0,11,-12,5.0,300.0
3.1,0.0,2,400.0,22.0,0,2,0.0972149372101,1,94.0,1,2,2.86539633251,4.45864372401,5.3,0,11,-12,5.0,300.0
3.1,0.0,2,400.0,22.0,0,-2,0.0972230434418,1,94.0,2,15,-4.82104957538,-2.20169956891,5.3,0,11,-12,5.0,300.0
3.1,0.0,2,400.0,22.0,0,2,0.0972230434418,-1,94.0,1,1,1.49318255126,5.08531276016,5.3,0,11,-12,5.0,300.0
3.1,0.0,2,400.0,22.0,0,0,0.0970540046692,1,94.0,2,2,2.86539633251,4.45864372401,5.3,0,11,-12,5.0,300.0
3.1,0.0,1,400.0,22.0,0,2,0.0972390174866,-1,94.0,1,9,2.86539633251,-4.45864372401,5.3,0,11,-12,5.0,300.0
3.1,0.0,1,400.0,22.0,0,0,0.0971989631653,1,94.0,2,9,2.86539633251,-4.45864372401,5.3,0,11,-12,5.0,300.0
3.1,0.0,2,400.0,22.0,0,0,0.0971908569336,0,94.0,1,21,-1.49318255126,5.08531276016,5.3,0,11,-12,5.0,300.0
3.1,0.0,1,400.0,22.0,0,-1,0.0970990657806,-1,94.0,1,18,-4.82104957538,2.20169956891,5.3,0,11,-12,5.0,300.0
3.1,0.0,2,400.0,22.0,0,0,0.0972030162811,0,94.0,1,17,-5.24605364197,0.754268642848,5.3,0,11,-12,5.0,300.0
3.1,0.0,2,400.0,22.0,0,0,0.0972180366516,-1,94.0,2,2,2.86539633251,4.45864372401,5.3,0,11,-12,5.0,300.0
3.1,0.0,1,400.0,22.0,0,2,0.0972130298615,1,94.0,2,2,2.86539633251,4.45864372401,5.3,0,11,-12,5.0,300.0
3.1,0.0,2,400.0,22.0,0,1,0.0971789360046,1,94.0,1,10,1.49318255126,-5.08531276016,5.3,0,11,-12,5.0,300.0
3.1,0.0,1,400.0,22.0,0,1,0.0972049236298,-2,94.0,1,19,-4.00547274408,3.47076188991,5.3,0,11,-12,5.0,300.0
3.1,0.0,2,400.0,22.0,0,-1,0.0972459316254,-2,94.0,1,13,-2.86539633251,-4.45864372401,5.3,0,11,-12,5.0,300.0
3.1,0.0,2,400.0,22.0,0,0,0.0972149372101,0,94.0,1,16,-5.24605364197,-0.754268642848,5.3,0,11,-12,5.0,300.0
3.1,0.0,2,400.0,22.0,0,-1,0.0972149372101,-1,94.0,1,7,4.82104957538,-2.20169956891,5.3,0,11,-12,5.0,300.0
3.1,0.0,2,400.0,22.0,0,2,0.0971968173981,-2,94.0,1,12,-1.49318255126,-5.08531276016,5.3,0,11,-12,5.0,300.0
3.1,0.0,1,400.0,22.0,0,2,0.0972108840942,2,94.0,2,1,1.49318255126,5.08531276016,5.3,0,11,-12,5.0,300.0
3.1,0.0,1,400.0,22.0,0,1,0.0971999168396,1,94.0,1,14,-4.00547274408,-3.47076188991,5.3,0,11,-12,5.0,300.0
3.1,0.0,1,400.0,22.0,0,0,0.0970509052277,0,94.0,2,5,5.24605364197,0.754268642848,5.3,0,11,-12,5.0,300.0
3.1,0.0,1,400.0,22.0,0,0,0.097207069397,2,94.0,2,9,2.86539633251,-4.45864372401,5.3,0,11,-12,5.0,300.0
3.1,0.0,2,400.0,22.0,0,2,0.0971999168396,2,94.0,1,9,2.86539633251,-4.45864372401,5.3,0,11,-12,5.0,300.0
3.1,0.0,1,400.0,22.0,0,1,0.0972199440002,0,94.0,2,10,1.49318255126,-5.08531276016,5.3,0,11,-12,5.0,300.0
3.1,0.0,1,400.0,22.0,0,-1,0.0972089767456,-2,94.0,2,14,-4.00547274408,-3.47076188991,5.3,0,11,-12,5.0,300.0
3.1,0.0,2,400.0,22.0,0,-2,0.0972259044647,-2,94.0,1,2,2.86539633251,4.45864372401,5.3,0,11,-12,5.0,300.0
3.1,0.0,1,400.0,22.0,0,2,0.097216129303,0,94.0,2,0,0.0,5.3,5.3,0,11,-12,5.0,300.0
3.1,0.0,2,400.0,22.0,0,0,0.0972170829773,2,94.0,1,1,1.49318255126,5.08531276016,5.3,0,11,-12,5.0,300.0
3.1,0.0,2,400.0,22.0,0,-1,0.0972421169281,0,94.0,1,5,5.24605364197,0.754268642848,5.3,0,11,-12,5.0,300.0
3.1,0.0,2,400.0,22.0,0,-2,0.0972149372101,1,94.0,1,19,-4.00547274408,3.47076188991,5.3,0,11,-12,5.0,300.0
3.1,0.0,2,400.0,22.0,0,2,0.097235918045,2,94.0,2,6,5.24605364197,-0.754268642848,5.3,0,11,-12,5.0,300.0
3.1,0.0,2,400.0,22.0,0,-1,0.0972139835358,2,94.0,2,2,2.86539633251,4.45864372401,5.3,0,11,-12,5.0,300.0
3.1,0.0,2,400.0,22.0,0,1,0.0971829891205,-2,94.0,1,11,6.49041367526e-16,-5.3,5.3,0,11,-12,5.0,300.0
3.1,0.0,1,400.0,22.0,0,0,0.0971930027008,-1,94.0,2,21,-1.49318255126,5.08531276016,5.3,0,11,-12,5.0,300.0
3.1,0.0,1,400.0,22.0,0,-2,0.0971901416779,0,94.0,2,3,4.00547274408,3.47076188991,5.3,0,11,-12,5.0,300.0
3.1,0.0,2,400.0,22.0,0,2,0.0971920490265,0,94.0,1,2,2.86539633251,4.45864372401,5.3,0,11,-12,5.0,300.0
3.1,0.0,1,400.0,22.0,0,-2,0.0971851348877,0,94.0,2,19,-4.00547274408,3.47076188991,5.3,0,11,-12,5.0,300.0
3.1,0.0,1,400.0,22.0,0,1,0.097069978714,-2,94.0,2,9,2.86539633251,-4.45864372401,5.3,0,11,-12,5.0,300.0
3.1,0.0,1,400.0,22.0,0,-1,0.0972168445587,-1,94.0,1,19,-4.00547274408,3.47076188991,5.3,0,11,-12,5.0,300.0
3.1,0.0,1,400.0,22.0,0,0,0.0971908569336,2,94.0,2,7,4.82104957538,-2.20169956891,5.3,0,11,-12,5.0,300.0
