cue-length,ms-precue,resp-v-hv,ms-st-cue,nitems,offset2,resp-h-pos,actualStimOn,resp-v-pos,ms-stimon,resp-h-hv,cue-loc-int,cue-loc-x,cue-loc-y,radius,bars-or-spot,version,offset,npractice,ntrials
3.1,0.0,2,400.0,22.0,0,0,0.100082874298,-1,94.0,1,19,-4.00547274408,3.47076188991,5.3,0,6,-9,5.0,400.0
3.1,0.0,1,400.0,22.0,0,0,0.100131034851,2,94.0,1,8,4.00547274408,-3.47076188991,5.3,0,6,-9,5.0,400.0
3.1,0.0,2,400.0,22.0,0,0,0.0997080802917,-2,94.0,2,17,-5.24605364197,0.754268642848,5.3,0,6,-9,5.0,400.0
3.1,0.0,1,400.0,22.0,0,1,0.0999372005463,0,94.0,2,19,-4.00547274408,3.47076188991,5.3,0,6,-9,5.0,400.0
3.1,0.0,1,400.0,22.0,0,1,0.100110054016,0,94.0,1,19,-4.00547274408,3.47076188991,5.3,0,6,-9,5.0,400.0
3.1,0.0,2,400.0,22.0,0,1,0.100116014481,-2,94.0,2,19,-4.00547274408,3.47076188991,5.3,0,6,-9,5.0,400.0
3.1,0.0,1,400.0,22.0,0,-1,0.100103139877,1,94.0,1,16,-5.24605364197,-0.754268642848,5.3,0,6,-9,5.0,400.0
3.1,0.0,1,400.0,22.0,0,2,0.100100040436,0,94.0,2,20,-2.86539633251,4.45864372401,5.3,0,6,-9,5.0,400.0
3.1,0.0,2,400.0,22.0,0,0,0.10008597374,0,94.0,1,19,-4.00547274408,3.47076188991,5.3,0,6,-9,5.0,400.0
3.1,0.0,2,400.0,22.0,0,1,0.100050210953,1,94.0,1,20,-2.86539633251,4.45864372401,5.3,0,6,-9,5.0,400.0
3.1,0.0,1,400.0,22.0,0,-1,0.100101947784,2,94.0,2,6,5.24605364197,-0.754268642848,5.3,0,6,-9,5.0,400.0
3.1,0.0,1,400.0,22.0,0,1,0.100010156631,0,94.0,1,4,4.82104957538,2.20169956891,5.3,0,6,-9,5.0,400.0
3.1,0.0,2,400.0,22.0,0,0,0.100109100342,0,94.0,1,4,4.82104957538,2.20169956891,5.3,0,6,-9,5.0,400.0
3.1,0.0,1,400.0,22.0,0,0,0.100116014481,1,94.0,1,14,-4.00547274408,-3.47076188991,5.3,0,6,-9,5.0,400.0
3.1,0.0,2,400.0,22.0,0,1,0.100038051605,0,94.0,2,6,5.24605364197,-0.754268642848,5.3,0,6,-9,5.0,400.0
3.1,0.0,2,400.0,22.0,0,0,0.100096940994,0,94.0,1,1,1.49318255126,5.08531276016,5.3,0,6,-9,5.0,400.0
3.1,0.0,1,400.0,22.0,0,0,0.100138902664,0,94.0,1,9,2.86539633251,-4.45864372401,5.3,0,6,-9,5.0,400.0
3.1,0.0,1,400.0,22.0,0,0,0.100026845932,-2,94.0,1,2,2.86539633251,4.45864372401,5.3,0,6,-9,5.0,400.0
3.1,0.0,2,400.0,22.0,0,-2,0.100083827972,0,94.0,2,0,0.0,5.3,5.3,0,6,-9,5.0,400.0
3.1,0.0,2,400.0,22.0,0,-2,0.100131034851,0,94.0,2,2,2.86539633251,4.45864372401,5.3,0,6,-9,5.0,400.0
3.1,0.0,2,400.0,22.0,0,-2,0.100068092346,-1,94.0,1,14,-4.00547274408,-3.47076188991,5.3,0,6,-9,5.0,400.0
3.1,0.0,1,400.0,22.0,0,0,0.100177049637,0,94.0,1,6,5.24605364197,-0.754268642848,5.3,0,6,-9,5.0,400.0
3.1,0.0,2,400.0,22.0,0,2,0.100109100342,-2,94.0,2,8,4.00547274408,-3.47076188991,5.3,0,6,-9,5.0,400.0
3.1,0.0,1,400.0,22.0,0,0,0.100183963776,1,94.0,1,18,-4.82104957538,2.20169956891,5.3,0,6,-9,5.0,400.0
3.1,0.0,1,400.0,22.0,0,-1,0.0999231338501,0,94.0,2,19,-4.00547274408,3.47076188991,5.3,0,6,-9,5.0,400.0
3.1,0.0,2,400.0,22.0,0,2,0.100058078766,1,94.0,1,7,4.82104957538,-2.20169956891,5.3,0,6,-9,5.0,400.0
3.1,0.0,2,400.0,22.0,0,0,0.100109100342,0,94.0,1,17,-5.24605364197,0.754268642848,5.3,0,6,-9,5.0,400.0
3.1,0.0,2,400.0,22.0,0,0,0.10009598732,-1,94.0,2,12,-1.49318255126,-5.08531276016,5.3,0,6,-9,5.0,400.0
3.1,0.0,1,400.0,22.0,0,0,0.100082159042,0,94.0,1,3,4.00547274408,3.47076188991,5.3,0,6,-9,5.0,400.0
3.1,0.0,2,400.0,22.0,0,0,0.100092887878,0,94.0,2,0,0.0,5.3,5.3,0,6,-9,5.0,400.0
3.1,0.0,1,400.0,22.0,0,-2,0.100056886673,2,94.0,2,16,-5.24605364197,-0.754268642848,5.3,0,6,-9,5.0,400.0
3.1,0.0,2,400.0,22.0,0,-1,0.100107192993,1,94.0,1,8,4.00547274408,-3.47076188991,5.3,0,6,-9,5.0,400.0
3.1,0.0,2,400.0,22.0,0,-2,0.100056886673,2,94.0,2,20,-2.86539633251,4.45864372401,5.3,0,6,-9,5.0,400.0
3.1,0.0,1,400.0,22.0,0,0,0.0998799800873,-1,94.0,2,18,-4.82104957538,2.20169956891,5.3,0,6,-9,5.0,400.0
3.1,0.0,2,400.0,22.0,0,0,0.100061893463,0,94.0,1,18,-4.82104957538,2.20169956891,5.3,0,6,-9,5.0,400.0
3.1,0.0,2,400.0,22.0,0,-1,0.100056171417,0,94.0,2,20,-2.86539633251,4.45864372401,5.3,0,6,-9,5.0,400.0
3.1,0.0,2,400.0,22.0,0,-2,0.100084066391,0,94.0,2,5,5.24605364197,0.754268642848,5.3,0,6,-9,5.0,400.0
3.1,0.0,2,400.0,22.0,0,0,0.10010099411,0,94.0,1,17,-5.24605364197,0.754268642848,5.3,0,6,-9,5.0,400.0
3.1,0.0,2,400.0,22.0,0,1,0.099986076355,0,94.0,2,18,-4.82104957538,2.20169956891,5.3,0,6,-9,5.0,400.0
3.1,0.0,1,400.0,22.0,0,-2,0.100111961365,-1,94.0,1,20,-2.86539633251,4.45864372401,5.3,0,6,-9,5.0,400.0
3.1,0.0,2,400.0,22.0,0,1,0.100099086761,0,94.0,1,3,4.00547274408,3.47076188991,5.3,0,6,-9,5.0,400.0
3.1,0.0,2,400.0,22.0,0,0,0.100032806396,-1,94.0,1,1,1.49318255126,5.08531276016,5.3,0,6,-9,5.0,400.0
3.1,0.0,1,400.0,22.0,0,1,0.0999948978424,-1,94.0,1,10,1.49318255126,-5.08531276016,5.3,0,6,-9,5.0,400.0
3.1,0.0,2,400.0,22.0,0,1,0.10009098053,0,94.0,2,13,-2.86539633251,-4.45864372401,5.3,0,6,-9,5.0,400.0
3.1,0.0,1,400.0,22.0,0,0,0.100485086441,0,94.0,2,14,-4.00547274408,-3.47076188991,5.3,0,6,-9,5.0,400.0
3.1,0.0,2,400.0,22.0,0,1,0.100136041641,-1,94.0,2,8,4.00547274408,-3.47076188991,5.3,0,6,-9,5.0,400.0
3.1,0.0,1,400.0,22.0,0,0,0.0997369289398,-1,94.0,2,9,2.86539633251,-4.45864372401,5.3,0,6,-9,5.0,400.0
3.1,0.0,2,400.0,22.0,0,-1,0.100080013275,0,94.0,2,10,1.49318255126,-5.08531276016,5.3,0,6,-9,5.0,400.0
3.1,0.0,1,400.0,22.0,0,-2,0.100075960159,0,94.0,2,14,-4.00547274408,-3.47076188991,5.3,0,6,-9,5.0,400.0
3.1,0.0,2,400.0,22.0,0,0,0.100126981735,0,94.0,1,8,4.00547274408,-3.47076188991,5.3,0,6,-9,5.0,400.0
3.1,0.0,1,400.0,22.0,0,0,0.100026845932,2,94.0,1,1,1.49318255126,5.08531276016,5.3,0,6,-9,5.0,400.0
3.1,0.0,1,400.0,22.0,0,2,0.100104808807,-2,94.0,2,0,0.0,5.3,5.3,0,6,-9,5.0,400.0
3.1,0.0,2,400.0,22.0,0,-1,0.100054979324,-2,94.0,1,10,1.49318255126,-5.08531276016,5.3,0,6,-9,5.0,400.0
3.1,0.0,2,400.0,22.0,0,0,0.100057125092,0,94.0,1,6,5.24605364197,-0.754268642848,5.3,0,6,-9,5.0,400.0
3.1,0.0,2,400.0,22.0,0,0,0.100072145462,-1,94.0,1,9,2.86539633251,-4.45864372401,5.3,0,6,-9,5.0,400.0
3.1,0.0,2,400.0,22.0,0,1,0.10005903244,2,94.0,1,20,-2.86539633251,4.45864372401,5.3,0,6,-9,5.0,400.0
3.1,0.0,2,400.0,22.0,0,0,0.0998151302338,0,94.0,1,17,-5.24605364197,0.754268642848,5.3,0,6,-9,5.0,400.0
3.1,0.0,2,400.0,22.0,0,0,0.100066900253,0,94.0,1,5,5.24605364197,0.754268642848,5.3,0,6,-9,5.0,400.0
3.1,0.0,2,400.0,22.0,0,-2,0.099925994873,-1,94.0,1,8,4.00547274408,-3.47076188991,5.3,0,6,-9,5.0,400.0
3.1,0.0,2,400.0,22.0,0,2,0.100016117096,0,94.0,1,14,-4.00547274408,-3.47076188991,5.3,0,6,-9,5.0,400.0
3.1,0.0,2,400.0,22.0,0,1,0.10003900528,0,94.0,1,16,-5.24605364197,-0.754268642848,5.3,0,6,-9,5.0,400.0
3.1,0.0,2,400.0,22.0,0,1,0.10009098053,-1,94.0,1,20,-2.86539633251,4.45864372401,5.3,0,6,-9,5.0,400.0
3.1,0.0,2,400.0,22.0,0,0,0.100075006485,0,94.0,1,9,2.86539633251,-4.45864372401,5.3,0,6,-9,5.0,400.0
3.1,0.0,2,400.0,22.0,0,1,0.100053071976,0,94.0,2,8,4.00547274408,-3.47076188991,5.3,0,6,-9,5.0,400.0
3.1,0.0,1,400.0,22.0,0,-1,0.100084066391,-1,94.0,2,16,-5.24605364197,-0.754268642848,5.3,0,6,-9,5.0,400.0
3.1,0.0,1,400.0,22.0,0,0,0.100154876709,2,94.0,2,21,-1.49318255126,5.08531276016,5.3,0,6,-9,5.0,400.0
3.1,0.0,2,400.0,22.0,0,0,0.10003900528,0,94.0,1,21,-1.49318255126,5.08531276016,5.3,0,6,-9,5.0,400.0
3.1,0.0,1,400.0,22.0,0,-1,0.100085020065,0,94.0,1,12,-1.49318255126,-5.08531276016,5.3,0,6,-9,5.0,400.0
3.1,0.0,1,400.0,22.0,0,1,0.100161075592,0,94.0,1,4,4.82104957538,2.20169956891,5.3,0,6,-9,5.0,400.0
3.1,0.0,2,400.0,22.0,0,1,0.0999581813812,1,94.0,1,13,-2.86539633251,-4.45864372401,5.3,0,6,-9,5.0,400.0
3.1,0.0,2,400.0,22.0,0,1,0.100078105927,0,94.0,1,5,5.24605364197,0.754268642848,5.3,0,6,-9,5.0,400.0
3.1,0.0,2,400.0,22.0,0,1,0.100114107132,1,94.0,1,2,2.86539633251,4.45864372401,5.3,0,6,-9,5.0,400.0
3.1,0.0,2,400.0,22.0,0,-1,0.10009598732,0,94.0,1,18,-4.82104957538,2.20169956891,5.3,0,6,-9,5.0,400.0
3.1,0.0,2,400.0,22.0,0,0,0.100023031235,0,94.0,1,5,5.24605364197,0.754268642848,5.3,0,6,-9,5.0,400.0
3.1,0.0,2,400.0,22.0,0,-2,0.100006103516,0,94.0,2,2,2.86539633251,4.45864372401,5.3,0,6,-9,5.0,400.0
3.1,0.0,1,400.0,22.0,0,1,0.100048065186,2,94.0,2,11,6.49041367526e-16,-5.3,5.3,0,6,-9,5.0,400.0
3.1,0.0,2,400.0,22.0,0,0,0.100077152252,0,94.0,1,0,0.0,5.3,5.3,0,6,-9,5.0,400.0
3.1,0.0,2,400.0,22.0,0,-2,0.0999779701233,0,94.0,1,0,0.0,5.3,5.3,0,6,-9,5.0,400.0
3.1,0.0,2,400.0,22.0,0,2,0.100070953369,1,94.0,2,2,2.86539633251,4.45864372401,5.3,0,6,-9,5.0,400.0
3.1,0.0,2,400.0,22.0,0,1,0.100198984146,0,94.0,1,0,0.0,5.3,5.3,0,6,-9,5.0,400.0
3.1,0.0,1,400.0,22.0,0,0,0.100050926208,2,94.0,1,6,5.24605364197,-0.754268642848,5.3,0,6,-9,5.0,400.0
3.1,0.0,2,400.0,22.0,0,0,0.0998690128326,0,94.0,1,13,-2.86539633251,-4.45864372401,5.3,0,6,-9,5.0,400.0
3.1,0.0,2,400.0,22.0,0,0,0.100242137909,1,94.0,1,12,-1.49318255126,-5.08531276016,5.3,0,6,-9,5.0,400.0
3.1,0.0,2,400.0,22.0,0,1,0.100098133087,0,94.0,2,10,1.49318255126,-5.08531276016,5.3,0,6,-9,5.0,400.0
3.1,0.0,1,400.0,22.0,0,2,0.100131988525,2,94.0,1,2,2.86539633251,4.45864372401,5.3,0,6,-9,5.0,400.0
3.1,0.0,2,400.0,22.0,0,-1,0.100115060806,-1,94.0,2,18,-4.82104957538,2.20169956891,5.3,0,6,-9,5.0,400.0
3.1,0.0,2,400.0,22.0,0,2,0.10009098053,-1,94.0,1,18,-4.82104957538,2.20169956891,5.3,0,6,-9,5.0,400.0
3.1,0.0,2,400.0,22.0,0,2,0.10009598732,2,94.0,2,7,4.82104957538,-2.20169956891,5.3,0,6,-9,5.0,400.0
3.1,0.0,2,400.0,22.0,0,0,0.100106954575,0,94.0,1,5,5.24605364197,0.754268642848,5.3,0,6,-9,5.0,400.0
3.1,0.0,2,400.0,22.0,0,2,0.0998728275299,0,94.0,1,14,-4.00547274408,-3.47076188991,5.3,0,6,-9,5.0,400.0
3.1,0.0,2,400.0,22.0,0,1,0.100275993347,1,94.0,2,14,-4.00547274408,-3.47076188991,5.3,0,6,-9,5.0,400.0
3.1,0.0,2,400.0,22.0,0,1,0.0997779369354,1,94.0,2,21,-1.49318255126,5.08531276016,5.3,0,6,-9,5.0,400.0
3.1,0.0,2,400.0,22.0,0,1,0.100101947784,0,94.0,1,5,5.24605364197,0.754268642848,5.3,0,6,-9,5.0,400.0
3.1,0.0,1,400.0,22.0,0,2,0.10009098053,0,94.0,1,10,1.49318255126,-5.08531276016,5.3,0,6,-9,5.0,400.0
3.1,0.0,2,400.0,22.0,0,0,0.100077867508,0,94.0,1,12,-1.49318255126,-5.08531276016,5.3,0,6,-9,5.0,400.0
3.1,0.0,1,400.0,22.0,0,0,0.100036144257,0,94.0,1,17,-5.24605364197,0.754268642848,5.3,0,6,-9,5.0,400.0
3.1,0.0,2,400.0,22.0,0,0,0.100082874298,0,94.0,1,16,-5.24605364197,-0.754268642848,5.3,0,6,-9,5.0,400.0
3.1,0.0,1,400.0,22.0,0,-1,0.100046873093,0,94.0,1,14,-4.00547274408,-3.47076188991,5.3,0,6,-9,5.0,400.0
3.1,0.0,2,400.0,22.0,0,0,0.100131034851,0,94.0,1,17,-5.24605364197,0.754268642848,5.3,0,6,-9,5.0,400.0
3.1,0.0,2,400.0,22.0,0,0,0.100072145462,0,94.0,1,13,-2.86539633251,-4.45864372401,5.3,0,6,-9,5.0,400.0
3.1,0.0,1,400.0,22.0,0,-1,0.100111961365,1,94.0,1,8,4.00547274408,-3.47076188991,5.3,0,6,-9,5.0,400.0
3.1,0.0,2,400.0,22.0,0,-2,0.100071907043,0,94.0,2,9,2.86539633251,-4.45864372401,5.3,0,6,-9,5.0,400.0
3.1,0.0,1,400.0,22.0,0,0,0.100082159042,0,94.0,1,3,4.00547274408,3.47076188991,5.3,0,6,-9,5.0,400.0
3.1,0.0,2,400.0,22.0,0,-1,0.100090026855,0,94.0,2,20,-2.86539633251,4.45864372401,5.3,0,6,-9,5.0,400.0
3.1,0.0,2,400.0,22.0,0,1,0.100109815598,0,94.0,1,7,4.82104957538,-2.20169956891,5.3,0,6,-9,5.0,400.0
3.1,0.0,2,400.0,22.0,0,2,0.0995209217072,2,94.0,2,20,-2.86539633251,4.45864372401,5.3,0,6,-9,5.0,400.0
3.1,0.0,1,400.0,22.0,0,1,0.100116014481,1,94.0,1,0,0.0,5.3,5.3,0,6,-9,5.0,400.0
3.1,0.0,2,400.0,22.0,0,2,0.100139141083,0,94.0,1,7,4.82104957538,-2.20169956891,5.3,0,6,-9,5.0,400.0
3.1,0.0,2,400.0,22.0,0,-2,0.100126981735,-1,94.0,1,0,0.0,5.3,5.3,0,6,-9,5.0,400.0
3.1,0.0,2,400.0,22.0,0,0,0.100072860718,0,94.0,1,14,-4.00547274408,-3.47076188991,5.3,0,6,-9,5.0,400.0
3.1,0.0,1,400.0,22.0,0,1,0.100139141083,0,94.0,2,2,2.86539633251,4.45864372401,5.3,0,6,-9,5.0,400.0
3.1,0.0,2,400.0,22.0,0,0,0.100157976151,1,94.0,1,5,5.24605364197,0.754268642848,5.3,0,6,-9,5.0,400.0
3.1,0.0,2,400.0,22.0,0,1,0.100135087967,1,94.0,1,18,-4.82104957538,2.20169956891,5.3,0,6,-9,5.0,400.0
3.1,0.0,2,400.0,22.0,0,0,0.100131988525,0,94.0,1,0,0.0,5.3,5.3,0,6,-9,5.0,400.0
3.1,0.0,2,400.0,22.0,0,-2,0.101184129715,0,94.0,1,1,1.49318255126,5.08531276016,5.3,0,6,-9,5.0,400.0
3.1,0.0,2,400.0,22.0,0,0,0.100104093552,0,94.0,1,10,1.49318255126,-5.08531276016,5.3,0,6,-9,5.0,400.0
3.1,0.0,1,400.0,22.0,0,0,0.0998690128326,0,94.0,1,4,4.82104957538,2.20169956891,5.3,0,6,-9,5.0,400.0
3.1,0.0,2,400.0,22.0,0,-1,0.100052118301,-1,94.0,2,13,-2.86539633251,-4.45864372401,5.3,0,6,-9,5.0,400.0
3.1,0.0,2,400.0,22.0,0,-2,0.100096940994,0,94.0,2,1,1.49318255126,5.08531276016,5.3,0,6,-9,5.0,400.0
3.1,0.0,2,400.0,22.0,0,0,0.100018024445,0,94.0,1,2,2.86539633251,4.45864372401,5.3,0,6,-9,5.0,400.0
3.1,0.0,1,400.0,22.0,0,1,0.100028038025,1,94.0,1,10,1.49318255126,-5.08531276016,5.3,0,6,-9,5.0,400.0
3.1,0.0,2,400.0,22.0,0,1,0.100061893463,1,94.0,2,12,-1.49318255126,-5.08531276016,5.3,0,6,-9,5.0,400.0
3.1,0.0,2,400.0,22.0,0,-1,0.100120782852,0,94.0,2,8,4.00547274408,-3.47076188991,5.3,0,6,-9,5.0,400.0
3.1,0.0,2,400.0,22.0,0,-2,0.100032091141,2,94.0,1,1,1.49318255126,5.08531276016,5.3,0,6,-9,5.0,400.0
3.1,0.0,2,400.0,22.0,0,0,0.100080966949,0,94.0,1,4,4.82104957538,2.20169956891,5.3,0,6,-9,5.0,400.0
3.1,0.0,2,400.0,22.0,0,0,0.100116968155,-2,94.0,2,16,-5.24605364197,-0.754268642848,5.3,0,6,-9,5.0,400.0
3.1,0.0,2,400.0,22.0,0,1,0.0999228954315,0,94.0,1,7,4.82104957538,-2.20169956891,5.3,0,6,-9,5.0,400.0
3.1,0.0,2,400.0,22.0,0,0,0.100108146667,0,94.0,1,7,4.82104957538,-2.20169956891,5.3,0,6,-9,5.0,400.0
3.1,0.0,2,400.0,22.0,0,-2,0.100135087967,0,94.0,2,6,5.24605364197,-0.754268642848,5.3,0,6,-9,5.0,400.0
3.1,0.0,2,400.0,22.0,0,0,0.100076913834,1,94.0,1,2,2.86539633251,4.45864372401,5.3,0,6,-9,5.0,400.0
3.1,0.0,1,400.0,22.0,0,1,0.10009598732,2,94.0,2,15,-4.82104957538,-2.20169956891,5.3,0,6,-9,5.0,400.0
3.1,0.0,1,400.0,22.0,0,-1,0.100061893463,-1,94.0,1,19,-4.00547274408,3.47076188991,5.3,0,6,-9,5.0,400.0
3.1,0.0,2,400.0,22.0,0,0,0.099732875824,0,94.0,2,10,1.49318255126,-5.08531276016,5.3,0,6,-9,5.0,400.0
3.1,0.0,2,400.0,22.0,0,-1,0.0999372005463,-1,94.0,2,2,2.86539633251,4.45864372401,5.3,0,6,-9,5.0,400.0
3.1,0.0,2,400.0,22.0,0,0,0.100068092346,0,94.0,1,16,-5.24605364197,-0.754268642848,5.3,0,6,-9,5.0,400.0
3.1,0.0,2,400.0,22.0,0,-2,0.100075006485,1,94.0,1,17,-5.24605364197,0.754268642848,5.3,0,6,-9,5.0,400.0
3.1,0.0,1,400.0,22.0,0,-1,0.10005402565,-1,94.0,1,13,-2.86539633251,-4.45864372401,5.3,0,6,-9,5.0,400.0
3.1,0.0,1,400.0,22.0,0,1,0.100113868713,1,94.0,1,11,6.49041367526e-16,-5.3,5.3,0,6,-9,5.0,400.0
3.1,0.0,2,400.0,22.0,0,1,0.100129842758,0,94.0,1,12,-1.49318255126,-5.08531276016,5.3,0,6,-9,5.0,400.0
3.1,0.0,1,400.0,22.0,0,1,0.100105047226,1,94.0,1,17,-5.24605364197,0.754268642848,5.3,0,6,-9,5.0,400.0
3.1,0.0,1,400.0,22.0,0,2,0.1001060009,2,94.0,1,13,-2.86539633251,-4.45864372401,5.3,0,6,-9,5.0,400.0
3.1,0.0,2,400.0,22.0,0,0,0.100180149078,0,94.0,2,1,1.49318255126,5.08531276016,5.3,0,6,-9,5.0,400.0
3.1,0.0,2,400.0,22.0,0,0,0.100830793381,0,94.0,1,2,2.86539633251,4.45864372401,5.3,0,6,-9,5.0,400.0
3.1,0.0,2,400.0,22.0,0,1,0.100248098373,1,94.0,2,20,-2.86539633251,4.45864372401,5.3,0,6,-9,5.0,400.0
3.1,0.0,1,400.0,22.0,0,0,0.10009598732,0,94.0,1,8,4.00547274408,-3.47076188991,5.3,0,6,-9,5.0,400.0
3.1,0.0,2,400.0,22.0,0,0,0.100193023682,0,94.0,1,9,2.86539633251,-4.45864372401,5.3,0,6,-9,5.0,400.0
3.1,0.0,2,400.0,22.0,0,1,0.10009098053,1,94.0,1,1,1.49318255126,5.08531276016,5.3,0,6,-9,5.0,400.0
3.1,0.0,1,400.0,22.0,0,0,0.100091934204,-1,94.0,2,15,-4.82104957538,-2.20169956891,5.3,0,6,-9,5.0,400.0
3.1,0.0,2,400.0,22.0,0,-2,0.100073099136,0,94.0,1,12,-1.49318255126,-5.08531276016,5.3,0,6,-9,5.0,400.0
3.1,0.0,2,400.0,22.0,0,0,0.0999460220337,0,94.0,2,2,2.86539633251,4.45864372401,5.3,0,6,-9,5.0,400.0
3.1,0.0,1,400.0,22.0,0,1,0.09987616539,0,94.0,1,3,4.00547274408,3.47076188991,5.3,0,6,-9,5.0,400.0
3.1,0.0,2,400.0,22.0,0,0,0.100134134293,0,94.0,1,7,4.82104957538,-2.20169956891,5.3,0,6,-9,5.0,400.0
3.1,0.0,2,400.0,22.0,0,2,0.10006403923,0,94.0,2,17,-5.24605364197,0.754268642848,5.3,0,6,-9,5.0,400.0
3.1,0.0,2,400.0,22.0,0,-2,0.0999150276184,-2,94.0,1,9,2.86539633251,-4.45864372401,5.3,0,6,-9,5.0,400.0
3.1,0.0,1,400.0,22.0,0,0,0.100103139877,-2,94.0,1,14,-4.00547274408,-3.47076188991,5.3,0,6,-9,5.0,400.0
3.1,0.0,2,400.0,22.0,0,0,0.10011100769,0,94.0,2,19,-4.00547274408,3.47076188991,5.3,0,6,-9,5.0,400.0
3.1,0.0,2,400.0,22.0,0,1,0.100097894669,-2,94.0,2,16,-5.24605364197,-0.754268642848,5.3,0,6,-9,5.0,400.0
3.1,0.0,2,400.0,22.0,0,1,0.100115060806,0,94.0,1,14,-4.00547274408,-3.47076188991,5.3,0,6,-9,5.0,400.0
3.1,0.0,1,400.0,22.0,0,1,0.100041866302,-1,94.0,1,18,-4.82104957538,2.20169956891,5.3,0,6,-9,5.0,400.0
3.1,0.0,1,400.0,22.0,0,2,0.100050926208,0,94.0,2,3,4.00547274408,3.47076188991,5.3,0,6,-9,5.0,400.0
3.1,0.0,2,400.0,22.0,0,0,0.100106954575,0,94.0,1,12,-1.49318255126,-5.08531276016,5.3,0,6,-9,5.0,400.0
3.1,0.0,2,400.0,22.0,0,0,0.100063800812,0,94.0,1,17,-5.24605364197,0.754268642848,5.3,0,6,-9,5.0,400.0
3.1,0.0,1,400.0,22.0,0,-2,0.100117921829,1,94.0,1,10,1.49318255126,-5.08531276016,5.3,0,6,-9,5.0,400.0
3.1,0.0,2,400.0,22.0,0,0,0.100023984909,-2,94.0,1,7,4.82104957538,-2.20169956891,5.3,0,6,-9,5.0,400.0
3.1,0.0,1,400.0,22.0,0,0,0.100131988525,-1,94.0,1,10,1.49318255126,-5.08531276016,5.3,0,6,-9,5.0,400.0
3.1,0.0,2,400.0,22.0,0,0,0.100083112717,0,94.0,1,7,4.82104957538,-2.20169956891,5.3,0,6,-9,5.0,400.0
3.1,0.0,2,400.0,22.0,0,0,0.100101947784,-1,94.0,2,18,-4.82104957538,2.20169956891,5.3,0,6,-9,5.0,400.0
3.1,0.0,1,400.0,22.0,0,0,0.100102186203,-2,94.0,2,16,-5.24605364197,-0.754268642848,5.3,0,6,-9,5.0,400.0
3.1,0.0,2,400.0,22.0,0,1,0.100154876709,1,94.0,2,2,2.86539633251,4.45864372401,5.3,0,6,-9,5.0,400.0
3.1,0.0,2,400.0,22.0,0,2,0.0997021198273,0,94.0,1,1,1.49318255126,5.08531276016,5.3,0,6,-9,5.0,400.0
3.1,0.0,2,400.0,22.0,0,1,0.10018491745,1,94.0,2,13,-2.86539633251,-4.45864372401,5.3,0,6,-9,5.0,400.0
3.1,0.0,2,400.0,22.0,0,-1,0.100115060806,0,94.0,2,9,2.86539633251,-4.45864372401,5.3,0,6,-9,5.0,400.0
3.1,0.0,2,400.0,22.0,0,0,0.100081920624,0,94.0,2,20,-2.86539633251,4.45864372401,5.3,0,6,-9,5.0,400.0
3.1,0.0,2,400.0,22.0,0,1,0.100080013275,-1,94.0,1,0,0.0,5.3,5.3,0,6,-9,5.0,400.0
3.1,0.0,2,400.0,22.0,0,0,0.100103139877,-1,94.0,1,8,4.00547274408,-3.47076188991,5.3,0,6,-9,5.0,400.0
3.1,0.0,1,400.0,22.0,0,2,0.100131034851,0,94.0,1,13,-2.86539633251,-4.45864372401,5.3,0,6,-9,5.0,400.0
3.1,0.0,2,400.0,22.0,0,1,0.1001329422,0,94.0,1,5,5.24605364197,0.754268642848,5.3,0,6,-9,5.0,400.0
3.1,0.0,1,400.0,22.0,0,0,0.100131034851,0,94.0,1,10,1.49318255126,-5.08531276016,5.3,0,6,-9,5.0,400.0
3.1,0.0,2,400.0,22.0,0,0,0.100130796432,0,94.0,1,7,4.82104957538,-2.20169956891,5.3,0,6,-9,5.0,400.0
3.1,0.0,2,400.0,22.0,0,0,0.100100040436,0,94.0,1,8,4.00547274408,-3.47076188991,5.3,0,6,-9,5.0,400.0
3.1,0.0,2,400.0,22.0,0,-2,0.100152015686,0,94.0,2,10,1.49318255126,-5.08531276016,5.3,0,6,-9,5.0,400.0
3.1,0.0,1,400.0,22.0,0,-2,0.10009598732,-1,94.0,2,5,5.24605364197,0.754268642848,5.3,0,6,-9,5.0,400.0
3.1,0.0,1,400.0,22.0,0,2,0.100078821182,2,94.0,1,20,-2.86539633251,4.45864372401,5.3,0,6,-9,5.0,400.0
3.1,0.0,2,400.0,22.0,0,1,0.100045919418,-2,94.0,2,8,4.00547274408,-3.47076188991,5.3,0,6,-9,5.0,400.0
3.1,0.0,2,400.0,22.0,0,1,0.100087165833,0,94.0,2,9,2.86539633251,-4.45864372401,5.3,0,6,-9,5.0,400.0
3.1,0.0,2,400.0,22.0,0,0,0.100105047226,0,94.0,1,7,4.82104957538,-2.20169956891,5.3,0,6,-9,5.0,400.0
3.1,0.0,2,400.0,22.0,0,1,0.0999541282654,0,94.0,1,4,4.82104957538,2.20169956891,5.3,0,6,-9,5.0,400.0
3.1,0.0,1,400.0,22.0,0,-1,0.10009098053,0,94.0,1,15,-4.82104957538,-2.20169956891,5.3,0,6,-9,5.0,400.0
3.1,0.0,2,400.0,22.0,0,1,0.100082159042,0,94.0,2,11,6.49041367526e-16,-5.3,5.3,0,6,-9,5.0,400.0
3.1,0.0,2,400.0,22.0,0,0,0.100078105927,-1,94.0,2,20,-2.86539633251,4.45864372401,5.3,0,6,-9,5.0,400.0
3.1,0.0,1,400.0,22.0,0,0,0.10010099411,2,94.0,1,8,4.00547274408,-3.47076188991,5.3,0,6,-9,5.0,400.0
3.1,0.0,2,400.0,22.0,0,1,0.100040912628,1,94.0,1,1,1.49318255126,5.08531276016,5.3,0,6,-9,5.0,400.0
3.1,0.0,2,400.0,22.0,0,0,0.100069999695,1,94.0,1,13,-2.86539633251,-4.45864372401,5.3,0,6,-9,5.0,400.0
3.1,0.0,1,400.0,22.0,0,2,0.100197076797,1,94.0,1,17,-5.24605364197,0.754268642848,5.3,0,6,-9,5.0,400.0
3.1,0.0,1,400.0,22.0,0,-1,0.0998830795288,-1,94.0,1,15,-4.82104957538,-2.20169956891,5.3,0,6,-9,5.0,400.0
3.1,0.0,1,400.0,22.0,0,0,0.100130081177,1,94.0,1,7,4.82104957538,-2.20169956891,5.3,0,6,-9,5.0,400.0
3.1,0.0,2,400.0,22.0,0,-1,0.10005402565,-1,94.0,2,15,-4.82104957538,-2.20169956891,5.3,0,6,-9,5.0,400.0
3.1,0.0,2,400.0,22.0,0,0,0.100158929825,0,94.0,1,14,-4.00547274408,-3.47076188991,5.3,0,6,-9,5.0,400.0
3.1,0.0,2,400.0,22.0,0,0,0.100097894669,0,94.0,2,17,-5.24605364197,0.754268642848,5.3,0,6,-9,5.0,400.0
3.1,0.0,1,400.0,22.0,0,1,0.100008010864,1,94.0,1,15,-4.82104957538,-2.20169956891,5.3,0,6,-9,5.0,400.0
3.1,0.0,2,400.0,22.0,0,-2,0.100172042847,-2,94.0,2,10,1.49318255126,-5.08531276016,5.3,0,6,-9,5.0,400.0
3.1,0.0,2,400.0,22.0,0,-1,0.100113153458,0,94.0,1,10,1.49318255126,-5.08531276016,5.3,0,6,-9,5.0,400.0
3.1,0.0,1,400.0,22.0,0,1,0.100122928619,1,94.0,1,1,1.49318255126,5.08531276016,5.3,0,6,-9,5.0,400.0
3.1,0.0,1,400.0,22.0,0,2,0.100115060806,2,94.0,1,17,-5.24605364197,0.754268642848,5.3,0,6,-9,5.0,400.0
3.1,0.0,2,400.0,22.0,0,1,0.0998060703278,-1,94.0,2,15,-4.82104957538,-2.20169956891,5.3,0,6,-9,5.0,400.0
3.1,0.0,2,400.0,22.0,0,0,0.100109100342,0,94.0,2,16,-5.24605364197,-0.754268642848,5.3,0,6,-9,5.0,400.0
3.1,0.0,2,400.0,22.0,0,2,0.100055217743,0,94.0,2,3,4.00547274408,3.47076188991,5.3,0,6,-9,5.0,400.0
3.1,0.0,2,400.0,22.0,0,1,0.100162029266,1,94.0,1,16,-5.24605364197,-0.754268642848,5.3,0,6,-9,5.0,400.0
3.1,0.0,1,400.0,22.0,0,1,0.0999059677124,-2,94.0,2,7,4.82104957538,-2.20169956891,5.3,0,6,-9,5.0,400.0
3.1,0.0,2,400.0,22.0,0,-2,0.1001060009,0,94.0,2,5,5.24605364197,0.754268642848,5.3,0,6,-9,5.0,400.0
3.1,0.0,2,400.0,22.0,0,-2,0.100102901459,-2,94.0,2,15,-4.82104957538,-2.20169956891,5.3,0,6,-9,5.0,400.0
3.1,0.0,2,400.0,22.0,0,2,0.100116968155,0,94.0,2,19,-4.00547274408,3.47076188991,5.3,0,6,-9,5.0,400.0
3.1,0.0,2,400.0,22.0,0,0,0.100063085556,0,94.0,1,16,-5.24605364197,-0.754268642848,5.3,0,6,-9,5.0,400.0
3.1,0.0,2,400.0,22.0,0,0,0.100077867508,2,94.0,1,17,-5.24605364197,0.754268642848,5.3,0,6,-9,5.0,400.0
3.1,0.0,1,400.0,22.0,0,-1,0.100117921829,-1,94.0,1,17,-5.24605364197,0.754268642848,5.3,0,6,-9,5.0,400.0
3.1,0.0,2,400.0,22.0,0,0,0.100075006485,0,94.0,1,5,5.24605364197,0.754268642848,5.3,0,6,-9,5.0,400.0
3.1,0.0,2,400.0,22.0,0,0,0.100159168243,0,94.0,1,13,-2.86539633251,-4.45864372401,5.3,0,6,-9,5.0,400.0
3.1,0.0,2,400.0,22.0,0,1,0.100069999695,0,94.0,1,5,5.24605364197,0.754268642848,5.3,0,6,-9,5.0,400.0
3.1,0.0,2,400.0,22.0,0,0,0.100094079971,0,94.0,1,1,1.49318255126,5.08531276016,5.3,0,6,-9,5.0,400.0
3.1,0.0,1,400.0,22.0,0,1,0.100162029266,1,94.0,1,12,-1.49318255126,-5.08531276016,5.3,0,6,-9,5.0,400.0
3.1,0.0,2,400.0,22.0,0,0,0.0999901294708,0,94.0,2,2,2.86539633251,4.45864372401,5.3,0,6,-9,5.0,400.0
3.1,0.0,2,400.0,22.0,0,0,0.100181102753,0,94.0,2,21,-1.49318255126,5.08531276016,5.3,0,6,-9,5.0,400.0
3.1,0.0,2,400.0,22.0,0,0,0.100117921829,0,94.0,1,15,-4.82104957538,-2.20169956891,5.3,0,6,-9,5.0,400.0
3.1,0.0,1,400.0,22.0,0,2,0.100088834763,2,94.0,1,19,-4.00547274408,3.47076188991,5.3,0,6,-9,5.0,400.0
3.1,0.0,1,400.0,22.0,0,0,0.100104808807,0,94.0,1,9,2.86539633251,-4.45864372401,5.3,0,6,-9,5.0,400.0
3.1,0.0,2,400.0,22.0,0,2,0.100126981735,2,94.0,2,14,-4.00547274408,-3.47076188991,5.3,0,6,-9,5.0,400.0
3.1,0.0,2,400.0,22.0,0,-2,0.100111961365,-2,94.0,2,5,5.24605364197,0.754268642848,5.3,0,6,-9,5.0,400.0
3.1,0.0,2,400.0,22.0,0,0,0.10014796257,0,94.0,1,6,5.24605364197,-0.754268642848,5.3,0,6,-9,5.0,400.0
3.1,0.0,2,400.0,22.0,0,0,0.100148916245,0,94.0,1,12,-1.49318255126,-5.08531276016,5.3,0,6,-9,5.0,400.0
3.1,0.0,2,400.0,22.0,0,-2,0.100126028061,-2,94.0,2,20,-2.86539633251,4.45864372401,5.3,0,6,-9,5.0,400.0
3.1,0.0,2,400.0,22.0,0,0,0.100138902664,0,94.0,1,18,-4.82104957538,2.20169956891,5.3,0,6,-9,5.0,400.0
3.1,0.0,1,400.0,22.0,0,2,0.100134849548,2,94.0,1,0,0.0,5.3,5.3,0,6,-9,5.0,400.0
3.1,0.0,2,400.0,22.0,0,0,0.100066900253,-1,94.0,1,9,2.86539633251,-4.45864372401,5.3,0,6,-9,5.0,400.0
3.1,0.0,1,400.0,22.0,0,0,0.1001060009,0,94.0,1,21,-1.49318255126,5.08531276016,5.3,0,6,-9,5.0,400.0
3.1,0.0,2,400.0,22.0,0,1,0.100023031235,0,94.0,1,16,-5.24605364197,-0.754268642848,5.3,0,6,-9,5.0,400.0
3.1,0.0,2,400.0,22.0,0,-1,0.0997910499573,-1,94.0,2,18,-4.82104957538,2.20169956891,5.3,0,6,-9,5.0,400.0
3.1,0.0,2,400.0,22.0,0,0,0.100147008896,0,94.0,1,10,1.49318255126,-5.08531276016,5.3,0,6,-9,5.0,400.0
3.1,0.0,2,400.0,22.0,0,0,0.100140094757,0,94.0,2,0,0.0,5.3,5.3,0,6,-9,5.0,400.0
3.1,0.0,2,400.0,22.0,0,0,0.100165843964,2,94.0,2,18,-4.82104957538,2.20169956891,5.3,0,6,-9,5.0,400.0
3.1,0.0,2,400.0,22.0,0,0,0.100026845932,0,94.0,2,2,2.86539633251,4.45864372401,5.3,0,6,-9,5.0,400.0
3.1,0.0,2,400.0,22.0,0,2,0.10011100769,0,94.0,1,13,-2.86539633251,-4.45864372401,5.3,0,6,-9,5.0,400.0
3.1,0.0,2,400.0,22.0,0,0,0.100069046021,0,94.0,1,16,-5.24605364197,-0.754268642848,5.3,0,6,-9,5.0,400.0
3.1,0.0,2,400.0,22.0,0,0,0.100105047226,0,94.0,1,16,-5.24605364197,-0.754268642848,5.3,0,6,-9,5.0,400.0
3.1,0.0,2,400.0,22.0,0,-2,0.1001060009,0,94.0,1,1,1.49318255126,5.08531276016,5.3,0,6,-9,5.0,400.0
3.1,0.0,2,400.0,22.0,0,0,0.100085020065,1,94.0,2,2,2.86539633251,4.45864372401,5.3,0,6,-9,5.0,400.0
3.1,0.0,1,400.0,22.0,0,0,0.0999381542206,2,94.0,1,7,4.82104957538,-2.20169956891,5.3,0,6,-9,5.0,400.0
3.1,0.0,1,400.0,22.0,0,2,0.0999040603638,0,94.0,2,5,5.24605364197,0.754268642848,5.3,0,6,-9,5.0,400.0
3.1,0.0,2,400.0,22.0,0,0,0.100157022476,0,94.0,2,21,-1.49318255126,5.08531276016,5.3,0,6,-9,5.0,400.0
3.1,0.0,2,400.0,22.0,0,0,0.100107192993,0,94.0,1,10,1.49318255126,-5.08531276016,5.3,0,6,-9,5.0,400.0
3.1,0.0,2,400.0,22.0,0,-1,0.100097179413,0,94.0,2,2,2.86539633251,4.45864372401,5.3,0,6,-9,5.0,400.0
3.1,0.0,1,400.0,22.0,0,1,0.100066900253,1,94.0,1,18,-4.82104957538,2.20169956891,5.3,0,6,-9,5.0,400.0
3.1,0.0,2,400.0,22.0,0,0,0.100136995316,0,94.0,1,6,5.24605364197,-0.754268642848,5.3,0,6,-9,5.0,400.0
3.1,0.0,1,400.0,22.0,0,0,0.100119113922,0,94.0,1,3,4.00547274408,3.47076188991,5.3,0,6,-9,5.0,400.0
3.1,0.0,2,400.0,22.0,0,-1,0.100134849548,0,94.0,1,10,1.49318255126,-5.08531276016,5.3,0,6,-9,5.0,400.0
3.1,0.0,2,400.0,22.0,0,1,0.100064992905,0,94.0,2,21,-1.49318255126,5.08531276016,5.3,0,6,-9,5.0,400.0
3.1,0.0,2,400.0,22.0,0,2,0.100304841995,2,94.0,2,19,-4.00547274408,3.47076188991,5.3,0,6,-9,5.0,400.0
3.1,0.0,2,400.0,22.0,0,0,0.100128173828,0,94.0,1,20,-2.86539633251,4.45864372401,5.3,0,6,-9,5.0,400.0
3.1,0.0,2,400.0,22.0,0,-1,0.100109100342,1,94.0,1,17,-5.24605364197,0.754268642848,5.3,0,6,-9,5.0,400.0
3.1,0.0,2,400.0,22.0,0,0,0.100134849548,0,94.0,1,15,-4.82104957538,-2.20169956891,5.3,0,6,-9,5.0,400.0
3.1,0.0,2,400.0,22.0,0,0,0.100071907043,0,94.0,1,6,5.24605364197,-0.754268642848,5.3,0,6,-9,5.0,400.0
3.1,0.0,2,400.0,22.0,0,0,0.100143194199,0,94.0,1,1,1.49318255126,5.08531276016,5.3,0,6,-9,5.0,400.0
3.1,0.0,2,400.0,22.0,0,0,0.100373983383,1,94.0,1,1,1.49318255126,5.08531276016,5.3,0,6,-9,5.0,400.0
3.1,0.0,1,400.0,22.0,0,0,0.100097894669,0,94.0,1,5,5.24605364197,0.754268642848,5.3,0,6,-9,5.0,400.0
3.1,0.0,2,400.0,22.0,0,2,0.100042819977,2,94.0,2,12,-1.49318255126,-5.08531276016,5.3,0,6,-9,5.0,400.0
3.1,0.0,2,400.0,22.0,0,0,0.100167036057,0,94.0,1,18,-4.82104957538,2.20169956891,5.3,0,6,-9,5.0,400.0
3.1,0.0,2,400.0,22.0,0,0,0.100069046021,1,94.0,1,14,-4.00547274408,-3.47076188991,5.3,0,6,-9,5.0,400.0
3.1,0.0,1,400.0,22.0,0,1,0.100126028061,1,94.0,1,0,0.0,5.3,5.3,0,6,-9,5.0,400.0
3.1,0.0,1,400.0,22.0,0,-1,0.100123167038,-1,94.0,1,20,-2.86539633251,4.45864372401,5.3,0,6,-9,5.0,400.0
3.1,0.0,2,400.0,22.0,0,2,0.100125789642,2,94.0,2,14,-4.00547274408,-3.47076188991,5.3,0,6,-9,5.0,400.0
3.1,0.0,2,400.0,22.0,0,1,0.10011100769,1,94.0,2,13,-2.86539633251,-4.45864372401,5.3,0,6,-9,5.0,400.0
3.1,0.0,2,400.0,22.0,0,-2,0.100133895874,0,94.0,1,13,-2.86539633251,-4.45864372401,5.3,0,6,-9,5.0,400.0
3.1,0.0,2,400.0,22.0,0,0,0.09996509552,0,94.0,1,7,4.82104957538,-2.20169956891,5.3,0,6,-9,5.0,400.0
3.1,0.0,2,400.0,22.0,0,0,0.100042819977,0,94.0,1,4,4.82104957538,2.20169956891,5.3,0,6,-9,5.0,400.0
3.1,0.0,1,400.0,22.0,0,0,0.100087881088,0,94.0,1,0,0.0,5.3,5.3,0,6,-9,5.0,400.0
3.1,0.0,2,400.0,22.0,0,0,0.100075006485,0,94.0,1,1,1.49318255126,5.08531276016,5.3,0,6,-9,5.0,400.0
3.1,0.0,1,400.0,22.0,0,-1,0.10012793541,-2,94.0,2,21,-1.49318255126,5.08531276016,5.3,0,6,-9,5.0,400.0
3.1,0.0,2,400.0,22.0,0,-2,0.100113153458,0,94.0,1,6,5.24605364197,-0.754268642848,5.3,0,6,-9,5.0,400.0
3.1,0.0,2,400.0,22.0,0,0,0.100087881088,-1,94.0,2,8,4.00547274408,-3.47076188991,5.3,0,6,-9,5.0,400.0
3.1,0.0,2,400.0,22.0,0,-1,0.100093126297,-1,94.0,2,18,-4.82104957538,2.20169956891,5.3,0,6,-9,5.0,400.0
3.1,0.0,2,400.0,22.0,0,0,0.100057125092,0,94.0,1,11,6.49041367526e-16,-5.3,5.3,0,6,-9,5.0,400.0
3.1,0.0,2,400.0,22.0,0,0,0.100068092346,0,94.0,1,16,-5.24605364197,-0.754268642848,5.3,0,6,-9,5.0,400.0
3.1,0.0,2,400.0,22.0,0,0,0.100455999374,-2,94.0,1,16,-5.24605364197,-0.754268642848,5.3,0,6,-9,5.0,400.0
3.1,0.0,2,400.0,22.0,0,0,0.100015878677,0,94.0,1,15,-4.82104957538,-2.20169956891,5.3,0,6,-9,5.0,400.0
3.1,0.0,2,400.0,22.0,0,0,0.0999608039856,0,94.0,1,15,-4.82104957538,-2.20169956891,5.3,0,6,-9,5.0,400.0
3.1,0.0,2,400.0,22.0,0,0,0.100128889084,0,94.0,2,20,-2.86539633251,4.45864372401,5.3,0,6,-9,5.0,400.0
3.1,0.0,2,400.0,22.0,0,-1,0.10009098053,-1,94.0,2,19,-4.00547274408,3.47076188991,5.3,0,6,-9,5.0,400.0
3.1,0.0,2,400.0,22.0,0,1,0.10005903244,0,94.0,2,16,-5.24605364197,-0.754268642848,5.3,0,6,-9,5.0,400.0
3.1,0.0,2,400.0,22.0,0,1,0.100096940994,1,94.0,2,6,5.24605364197,-0.754268642848,5.3,0,6,-9,5.0,400.0
3.1,0.0,2,400.0,22.0,0,-2,0.099925994873,-2,94.0,2,1,1.49318255126,5.08531276016,5.3,0,6,-9,5.0,400.0
3.1,0.0,2,400.0,22.0,0,0,0.0999090671539,0,94.0,1,18,-4.82104957538,2.20169956891,5.3,0,6,-9,5.0,400.0
3.1,0.0,2,400.0,22.0,0,-1,0.100129127502,-1,94.0,2,4,4.82104957538,2.20169956891,5.3,0,6,-9,5.0,400.0
3.1,0.0,2,400.0,22.0,0,1,0.0998070240021,1,94.0,2,4,4.82104957538,2.20169956891,5.3,0,6,-9,5.0,400.0
3.1,0.0,2,400.0,22.0,0,0,0.100086927414,0,94.0,1,5,5.24605364197,0.754268642848,5.3,0,6,-9,5.0,400.0
3.1,0.0,1,400.0,22.0,0,0,0.100412845612,0,94.0,1,15,-4.82104957538,-2.20169956891,5.3,0,6,-9,5.0,400.0
3.1,0.0,2,400.0,22.0,0,0,0.100107192993,1,94.0,2,11,6.49041367526e-16,-5.3,5.3,0,6,-9,5.0,400.0
3.1,0.0,1,400.0,22.0,0,2,0.0999960899353,2,94.0,1,12,-1.49318255126,-5.08531276016,5.3,0,6,-9,5.0,400.0
3.1,0.0,2,400.0,22.0,0,0,0.10009598732,-1,94.0,1,9,2.86539633251,-4.45864372401,5.3,0,6,-9,5.0,400.0
3.1,0.0,2,400.0,22.0,0,1,0.100055932999,1,94.0,2,21,-1.49318255126,5.08531276016,5.3,0,6,-9,5.0,400.0
3.1,0.0,2,400.0,22.0,0,0,0.100111961365,0,94.0,1,8,4.00547274408,-3.47076188991,5.3,0,6,-9,5.0,400.0
3.1,0.0,2,400.0,22.0,0,0,0.100051164627,0,94.0,1,8,4.00547274408,-3.47076188991,5.3,0,6,-9,5.0,400.0
3.1,0.0,2,400.0,22.0,0,0,0.100092887878,0,94.0,2,13,-2.86539633251,-4.45864372401,5.3,0,6,-9,5.0,400.0
3.1,0.0,2,400.0,22.0,0,0,0.100147008896,-1,94.0,2,21,-1.49318255126,5.08531276016,5.3,0,6,-9,5.0,400.0
3.1,0.0,1,400.0,22.0,0,0,0.100063085556,-1,94.0,1,9,2.86539633251,-4.45864372401,5.3,0,6,-9,5.0,400.0
3.1,0.0,2,400.0,22.0,0,2,0.100114107132,2,94.0,2,3,4.00547274408,3.47076188991,5.3,0,6,-9,5.0,400.0
3.1,0.0,2,400.0,22.0,0,-1,0.100087165833,1,94.0,1,17,-5.24605364197,0.754268642848,5.3,0,6,-9,5.0,400.0
3.1,0.0,2,400.0,22.0,0,0,0.100156784058,0,94.0,1,10,1.49318255126,-5.08531276016,5.3,0,6,-9,5.0,400.0
3.1,0.0,1,400.0,22.0,0,-2,0.099916934967,-2,94.0,1,13,-2.86539633251,-4.45864372401,5.3,0,6,-9,5.0,400.0
3.1,0.0,2,400.0,22.0,0,-2,0.100188016891,-1,94.0,1,10,1.49318255126,-5.08531276016,5.3,0,6,-9,5.0,400.0
3.1,0.0,2,400.0,22.0,0,0,0.100126028061,0,94.0,1,12,-1.49318255126,-5.08531276016,5.3,0,6,-9,5.0,400.0
3.1,0.0,2,400.0,22.0,0,-2,0.100088834763,-2,94.0,1,10,1.49318255126,-5.08531276016,5.3,0,6,-9,5.0,400.0
3.1,0.0,2,400.0,22.0,0,-2,0.100100040436,-2,94.0,2,4,4.82104957538,2.20169956891,5.3,0,6,-9,5.0,400.0
3.1,0.0,2,400.0,22.0,0,0,0.10030913353,0,94.0,2,18,-4.82104957538,2.20169956891,5.3,0,6,-9,5.0,400.0
3.1,0.0,1,400.0,22.0,0,1,0.100033998489,1,94.0,1,3,4.00547274408,3.47076188991,5.3,0,6,-9,5.0,400.0
3.1,0.0,1,400.0,22.0,0,2,0.100101947784,1,94.0,1,16,-5.24605364197,-0.754268642848,5.3,0,6,-9,5.0,400.0
3.1,0.0,1,400.0,22.0,0,-1,0.0999879837036,0,94.0,1,11,6.49041367526e-16,-5.3,5.3,0,6,-9,5.0,400.0
3.1,0.0,2,400.0,22.0,0,0,0.100075006485,0,94.0,2,3,4.00547274408,3.47076188991,5.3,0,6,-9,5.0,400.0
3.1,0.0,1,400.0,22.0,0,0,0.100131988525,2,94.0,1,7,4.82104957538,-2.20169956891,5.3,0,6,-9,5.0,400.0
3.1,0.0,2,400.0,22.0,0,0,0.100058078766,-1,94.0,2,3,4.00547274408,3.47076188991,5.3,0,6,-9,5.0,400.0
3.1,0.0,2,400.0,22.0,0,2,0.100040912628,2,94.0,2,4,4.82104957538,2.20169956891,5.3,0,6,-9,5.0,400.0
3.1,0.0,2,400.0,22.0,0,-1,0.100151062012,-2,94.0,2,14,-4.00547274408,-3.47076188991,5.3,0,6,-9,5.0,400.0
3.1,0.0,2,400.0,22.0,0,-1,0.100113868713,-1,94.0,2,17,-5.24605364197,0.754268642848,5.3,0,6,-9,5.0,400.0
3.1,0.0,2,400.0,22.0,0,0,0.100061178207,-1,94.0,1,11,6.49041367526e-16,-5.3,5.3,0,6,-9,5.0,400.0
3.1,0.0,2,400.0,22.0,0,0,0.100129127502,0,94.0,2,14,-4.00547274408,-3.47076188991,5.3,0,6,-9,5.0,400.0
3.1,0.0,2,400.0,22.0,0,0,0.100089073181,0,94.0,1,6,5.24605364197,-0.754268642848,5.3,0,6,-9,5.0,400.0
3.1,0.0,2,400.0,22.0,0,0,0.100138902664,0,94.0,2,11,6.49041367526e-16,-5.3,5.3,0,6,-9,5.0,400.0
3.1,0.0,2,400.0,22.0,0,0,0.100112915039,0,94.0,1,11,6.49041367526e-16,-5.3,5.3,0,6,-9,5.0,400.0
3.1,0.0,2,400.0,22.0,0,0,0.100136041641,0,94.0,2,4,4.82104957538,2.20169956891,5.3,0,6,-9,5.0,400.0
3.1,0.0,1,400.0,22.0,0,0,0.10011100769,0,94.0,1,19,-4.00547274408,3.47076188991,5.3,0,6,-9,5.0,400.0
3.1,0.0,1,400.0,22.0,0,-1,0.100097894669,-1,94.0,1,11,6.49041367526e-16,-5.3,5.3,0,6,-9,5.0,400.0
3.1,0.0,1,400.0,22.0,0,-1,0.101338148117,2,94.0,2,16,-5.24605364197,-0.754268642848,5.3,0,6,-9,5.0,400.0
3.1,0.0,1,400.0,22.0,0,1,0.100086927414,1,94.0,1,4,4.82104957538,2.20169956891,5.3,0,6,-9,5.0,400.0
3.1,0.0,2,400.0,22.0,0,-1,0.099925994873,-1,94.0,2,14,-4.00547274408,-3.47076188991,5.3,0,6,-9,5.0,400.0
3.1,0.0,2,400.0,22.0,0,0,0.100136041641,0,94.0,2,19,-4.00547274408,3.47076188991,5.3,0,6,-9,5.0,400.0
3.1,0.0,2,400.0,22.0,0,0,0.100099802017,0,94.0,1,6,5.24605364197,-0.754268642848,5.3,0,6,-9,5.0,400.0
3.1,0.0,2,400.0,22.0,0,1,0.100140094757,1,94.0,2,5,5.24605364197,0.754268642848,5.3,0,6,-9,5.0,400.0
3.1,0.0,2,400.0,22.0,0,2,0.100074052811,2,94.0,2,0,0.0,5.3,5.3,0,6,-9,5.0,400.0
3.1,0.0,1,400.0,22.0,0,0,0.100089073181,0,94.0,1,3,4.00547274408,3.47076188991,5.3,0,6,-9,5.0,400.0
3.1,0.0,2,400.0,22.0,0,-1,0.100120067596,0,94.0,1,19,-4.00547274408,3.47076188991,5.3,0,6,-9,5.0,400.0
3.1,0.0,2,400.0,22.0,0,1,0.10015296936,1,94.0,2,15,-4.82104957538,-2.20169956891,5.3,0,6,-9,5.0,400.0
3.1,0.0,2,400.0,22.0,0,0,0.10008597374,0,94.0,2,7,4.82104957538,-2.20169956891,5.3,0,6,-9,5.0,400.0
3.1,0.0,2,400.0,22.0,0,0,0.0998449325562,0,94.0,2,19,-4.00547274408,3.47076188991,5.3,0,6,-9,5.0,400.0
3.1,0.0,1,400.0,22.0,0,0,0.100004196167,0,94.0,1,3,4.00547274408,3.47076188991,5.3,0,6,-9,5.0,400.0
3.1,0.0,2,400.0,22.0,0,0,0.100169897079,0,94.0,1,3,4.00547274408,3.47076188991,5.3,0,6,-9,5.0,400.0
3.1,0.0,2,400.0,22.0,0,0,0.100080966949,0,94.0,1,18,-4.82104957538,2.20169956891,5.3,0,6,-9,5.0,400.0
3.1,0.0,1,400.0,22.0,0,1,0.100103855133,1,94.0,2,12,-1.49318255126,-5.08531276016,5.3,0,6,-9,5.0,400.0
3.1,0.0,2,400.0,22.0,0,-1,0.100060939789,2,94.0,2,14,-4.00547274408,-3.47076188991,5.3,0,6,-9,5.0,400.0
3.1,0.0,2,400.0,22.0,0,2,0.100116968155,2,94.0,2,20,-2.86539633251,4.45864372401,5.3,0,6,-9,5.0,400.0
3.1,0.0,1,400.0,22.0,0,0,0.100105047226,0,94.0,1,15,-4.82104957538,-2.20169956891,5.3,0,6,-9,5.0,400.0
3.1,0.0,1,400.0,22.0,0,-1,0.100126028061,-1,94.0,1,9,2.86539633251,-4.45864372401,5.3,0,6,-9,5.0,400.0
3.1,0.0,1,400.0,22.0,0,-1,0.100131034851,-1,94.0,1,20,-2.86539633251,4.45864372401,5.3,0,6,-9,5.0,400.0
3.1,0.0,1,400.0,22.0,0,0,0.10011100769,-1,94.0,1,17,-5.24605364197,0.754268642848,5.3,0,6,-9,5.0,400.0
3.1,0.0,2,400.0,22.0,0,-1,0.100108861923,0,94.0,1,2,2.86539633251,4.45864372401,5.3,0,6,-9,5.0,400.0
3.1,0.0,2,400.0,22.0,0,1,0.100246906281,1,94.0,2,18,-4.82104957538,2.20169956891,5.3,0,6,-9,5.0,400.0
3.1,0.0,1,400.0,22.0,0,1,0.0998508930206,1,94.0,1,21,-1.49318255126,5.08531276016,5.3,0,6,-9,5.0,400.0
3.1,0.0,1,400.0,22.0,0,0,0.100090026855,1,94.0,1,19,-4.00547274408,3.47076188991,5.3,0,6,-9,5.0,400.0
3.1,0.0,1,400.0,22.0,0,0,0.100014925003,2,94.0,1,5,5.24605364197,0.754268642848,5.3,0,6,-9,5.0,400.0
3.1,0.0,1,400.0,22.0,0,1,0.0999529361725,-2,94.0,2,15,-4.82104957538,-2.20169956891,5.3,0,6,-9,5.0,400.0
3.1,0.0,1,400.0,22.0,0,0,0.100135087967,1,94.0,1,12,-1.49318255126,-5.08531276016,5.3,0,6,-9,5.0,400.0
3.1,0.0,2,400.0,22.0,0,0,0.100150108337,0,94.0,1,13,-2.86539633251,-4.45864372401,5.3,0,6,-9,5.0,400.0
3.1,0.0,1,400.0,22.0,0,1,0.10009598732,1,94.0,2,15,-4.82104957538,-2.20169956891,5.3,0,6,-9,5.0,400.0
3.1,0.0,1,400.0,22.0,0,0,0.10009098053,-1,94.0,1,15,-4.82104957538,-2.20169956891,5.3,0,6,-9,5.0,400.0
3.1,0.0,1,400.0,22.0,0,1,0.100069046021,1,94.0,1,18,-4.82104957538,2.20169956891,5.3,0,6,-9,5.0,400.0
3.1,0.0,2,400.0,22.0,0,0,0.100070953369,0,94.0,1,11,6.49041367526e-16,-5.3,5.3,0,6,-9,5.0,400.0
3.1,0.0,2,400.0,22.0,0,0,0.10003900528,0,94.0,2,1,1.49318255126,5.08531276016,5.3,0,6,-9,5.0,400.0
3.1,0.0,2,400.0,22.0,0,0,0.100040912628,-2,94.0,1,14,-4.00547274408,-3.47076188991,5.3,0,6,-9,5.0,400.0
3.1,0.0,1,400.0,22.0,0,-1,0.100125074387,2,94.0,2,3,4.00547274408,3.47076188991,5.3,0,6,-9,5.0,400.0
3.1,0.0,2,400.0,22.0,0,0,0.0998518466949,0,94.0,1,18,-4.82104957538,2.20169956891,5.3,0,6,-9,5.0,400.0
3.1,0.0,2,400.0,22.0,0,-1,0.100195884705,0,94.0,2,12,-1.49318255126,-5.08531276016,5.3,0,6,-9,5.0,400.0
3.1,0.0,2,400.0,22.0,0,0,0.100182056427,0,94.0,2,3,4.00547274408,3.47076188991,5.3,0,6,-9,5.0,400.0
3.1,0.0,2,400.0,22.0,0,0,0.100136041641,0,94.0,1,3,4.00547274408,3.47076188991,5.3,0,6,-9,5.0,400.0
3.1,0.0,1,400.0,22.0,0,2,0.100120782852,2,94.0,1,12,-1.49318255126,-5.08531276016,5.3,0,6,-9,5.0,400.0
3.1,0.0,2,400.0,22.0,0,1,0.100042104721,1,94.0,2,4,4.82104957538,2.20169956891,5.3,0,6,-9,5.0,400.0
3.1,0.0,1,400.0,22.0,0,0,0.100080966949,0,94.0,1,3,4.00547274408,3.47076188991,5.3,0,6,-9,5.0,400.0
3.1,0.0,2,400.0,22.0,0,0,0.100159883499,0,94.0,1,15,-4.82104957538,-2.20169956891,5.3,0,6,-9,5.0,400.0
3.1,0.0,2,400.0,22.0,0,0,0.100131988525,0,94.0,2,15,-4.82104957538,-2.20169956891,5.3,0,6,-9,5.0,400.0
3.1,0.0,2,400.0,22.0,0,0,0.100133180618,0,94.0,1,11,6.49041367526e-16,-5.3,5.3,0,6,-9,5.0,400.0
3.1,0.0,1,400.0,22.0,0,0,0.100071907043,0,94.0,1,6,5.24605364197,-0.754268642848,5.3,0,6,-9,5.0,400.0
3.1,0.0,1,400.0,22.0,0,0,0.100106954575,0,94.0,1,0,0.0,5.3,5.3,0,6,-9,5.0,400.0
3.1,0.0,1,400.0,22.0,0,1,0.100076913834,1,94.0,1,1,1.49318255126,5.08531276016,5.3,0,6,-9,5.0,400.0
3.1,0.0,2,400.0,22.0,0,0,0.100095033646,0,94.0,2,13,-2.86539633251,-4.45864372401,5.3,0,6,-9,5.0,400.0
3.1,0.0,2,400.0,22.0,0,1,0.0997529029846,1,94.0,2,12,-1.49318255126,-5.08531276016,5.3,0,6,-9,5.0,400.0
3.1,0.0,2,400.0,22.0,0,0,0.0999698638916,0,94.0,1,16,-5.24605364197,-0.754268642848,5.3,0,6,-9,5.0,400.0
3.1,0.0,2,400.0,22.0,0,-1,0.100068807602,0,94.0,1,7,4.82104957538,-2.20169956891,5.3,0,6,-9,5.0,400.0
3.1,0.0,1,400.0,22.0,0,0,0.100154161453,0,94.0,2,21,-1.49318255126,5.08531276016,5.3,0,6,-9,5.0,400.0
3.1,0.0,1,400.0,22.0,0,-1,0.10031080246,-2,94.0,2,16,-5.24605364197,-0.754268642848,5.3,0,6,-9,5.0,400.0
3.1,0.0,1,400.0,22.0,0,-1,0.100075006485,-1,94.0,1,10,1.49318255126,-5.08531276016,5.3,0,6,-9,5.0,400.0
3.1,0.0,2,400.0,22.0,0,0,0.100129127502,0,94.0,1,15,-4.82104957538,-2.20169956891,5.3,0,6,-9,5.0,400.0
3.1,0.0,2,400.0,22.0,0,1,0.100111961365,1,94.0,2,5,5.24605364197,0.754268642848,5.3,0,6,-9,5.0,400.0
3.1,0.0,2,400.0,22.0,0,0,0.100104808807,0,94.0,1,21,-1.49318255126,5.08531276016,5.3,0,6,-9,5.0,400.0
3.1,0.0,2,400.0,22.0,0,1,0.10009098053,1,94.0,2,3,4.00547274408,3.47076188991,5.3,0,6,-9,5.0,400.0
3.1,0.0,2,400.0,22.0,0,0,0.100046873093,0,94.0,1,2,2.86539633251,4.45864372401,5.3,0,6,-9,5.0,400.0
3.1,0.0,2,400.0,22.0,0,-1,0.100117206573,-1,94.0,2,10,1.49318255126,-5.08531276016,5.3,0,6,-9,5.0,400.0
3.1,0.0,2,400.0,22.0,0,0,0.10005903244,0,94.0,2,0,0.0,5.3,5.3,0,6,-9,5.0,400.0
3.1,0.0,2,400.0,22.0,0,0,0.100070953369,0,94.0,2,21,-1.49318255126,5.08531276016,5.3,0,6,-9,5.0,400.0
3.1,0.0,2,400.0,22.0,0,0,0.100629806519,0,94.0,2,2,2.86539633251,4.45864372401,5.3,0,6,-9,5.0,400.0
3.1,0.0,2,400.0,22.0,0,0,0.100133180618,0,94.0,2,16,-5.24605364197,-0.754268642848,5.3,0,6,-9,5.0,400.0
3.1,0.0,1,400.0,22.0,0,0,0.100127220154,0,94.0,1,2,2.86539633251,4.45864372401,5.3,0,6,-9,5.0,400.0
3.1,0.0,2,400.0,22.0,0,0,0.100214958191,2,94.0,2,12,-1.49318255126,-5.08531276016,5.3,0,6,-9,5.0,400.0
3.1,0.0,2,400.0,22.0,0,0,0.100069046021,0,94.0,1,9,2.86539633251,-4.45864372401,5.3,0,6,-9,5.0,400.0
3.1,0.0,2,400.0,22.0,0,-1,0.100112915039,-1,94.0,1,12,-1.49318255126,-5.08531276016,5.3,0,6,-9,5.0,400.0
