cue-length,ms-precue,resp-v-hv,ms-st-cue,nitems,resp-h-pos,actualStimOn,resp-v-pos,ms-stimon,resp-h-hv,cue-loc-int,cue-loc-x,cue-loc-y,radius,bars-or-spot,npractice,ntrials,offsett
3.1,0.0,1,400.0,22.0,0,0.0970430374146,0,94.0,1,17,-5.24605364197,0.754268642848,5.3,0,5.0,400.0,-10.5
3.1,0.0,2,400.0,22.0,0,0.0971810817719,0,94.0,2,20,-2.86539633251,4.45864372401,5.3,0,5.0,400.0,-10.5
3.1,0.0,2,400.0,22.0,-1,0.0970330238342,-1,94.0,2,1,1.49318255126,5.08531276016,5.3,0,5.0,400.0,-10.5
3.1,0.0,2,400.0,22.0,0,0.0970859527588,0,94.0,2,5,5.24605364197,0.754268642848,5.3,0,5.0,400.0,-10.5
3.1,0.0,1,400.0,22.0,0,0.0970590114594,0,94.0,1,13,-2.86539633251,-4.45864372401,5.3,0,5.0,400.0,-10.5
3.1,0.0,1,400.0,22.0,0,0.097226858139,0,94.0,1,17,-5.24605364197,0.754268642848,5.3,0,5.0,400.0,-10.5
3.1,0.0,1,400.0,22.0,-2,0.0972120761871,-2,94.0,1,1,1.49318255126,5.08531276016,5.3,0,5.0,400.0,-10.5
3.1,0.0,2,400.0,22.0,0,0.0972130298615,0,94.0,2,8,4.00547274408,-3.47076188991,5.3,0,5.0,400.0,-10.5
3.1,0.0,1,400.0,22.0,0,0.0972089767456,0,94.0,1,4,4.82104957538,2.20169956891,5.3,0,5.0,400.0,-10.5
3.1,0.0,2,400.0,22.0,-2,0.0972218513489,-2,94.0,2,11,6.49041367526e-16,-5.3,5.3,0,5.0,400.0,-10.5
3.1,0.0,1,400.0,22.0,0,0.0971958637238,0,94.0,1,8,4.00547274408,-3.47076188991,5.3,0,5.0,400.0,-10.5
3.1,0.0,1,400.0,22.0,-1,0.0972321033478,-1,94.0,1,7,4.82104957538,-2.20169956891,5.3,0,5.0,400.0,-10.5
3.1,0.0,1,400.0,22.0,1,0.0972080230713,1,94.0,1,15,-4.82104957538,-2.20169956891,5.3,0,5.0,400.0,-10.5
3.1,0.0,1,400.0,22.0,0,0.0970098972321,0,94.0,1,14,-4.00547274408,-3.47076188991,5.3,0,5.0,400.0,-10.5
3.1,0.0,1,400.0,22.0,-1,0.097039937973,-1,94.0,1,8,4.00547274408,-3.47076188991,5.3,0,5.0,400.0,-10.5
3.1,0.0,2,400.0,22.0,-1,0.0970890522003,-1,94.0,2,18,-4.82104957538,2.20169956891,5.3,0,5.0,400.0,-10.5
3.1,0.0,1,400.0,22.0,0,0.0972130298615,0,94.0,1,17,-5.24605364197,0.754268642848,5.3,0,5.0,400.0,-10.5
3.1,0.0,2,400.0,22.0,2,0.0970230102539,-2,94.0,2,14,-4.00547274408,-3.47076188991,5.3,0,5.0,400.0,-10.5
3.1,0.0,2,400.0,22.0,-1,0.0971839427948,-1,94.0,2,18,-4.82104957538,2.20169956891,5.3,0,5.0,400.0,-10.5
3.1,0.0,1,400.0,22.0,0,0.0971779823303,0,94.0,1,4,4.82104957538,2.20169956891,5.3,0,5.0,400.0,-10.5
3.1,0.0,1,400.0,22.0,-1,0.0970160961151,-1,94.0,1,8,4.00547274408,-3.47076188991,5.3,0,5.0,400.0,-10.5
3.1,0.0,1,400.0,22.0,1,0.0970368385315,1,94.0,1,14,-4.00547274408,-3.47076188991,5.3,0,5.0,400.0,-10.5
3.1,0.0,1,400.0,22.0,2,0.0970611572266,2,94.0,1,12,-1.49318255126,-5.08531276016,5.3,0,5.0,400.0,-10.5
3.1,0.0,2,400.0,22.0,-2,0.0972380638123,-2,94.0,2,8,4.00547274408,-3.47076188991,5.3,0,5.0,400.0,-10.5
3.1,0.0,1,400.0,22.0,0,0.0972201824188,0,94.0,1,10,1.49318255126,-5.08531276016,5.3,0,5.0,400.0,-10.5
3.1,0.0,2,400.0,22.0,-1,0.0971829891205,-1,94.0,2,10,1.49318255126,-5.08531276016,5.3,0,5.0,400.0,-10.5
3.1,0.0,2,400.0,22.0,1,0.0970509052277,1,94.0,2,13,-2.86539633251,-4.45864372401,5.3,0,5.0,400.0,-10.5
3.1,0.0,1,400.0,22.0,2,0.0970330238342,2,94.0,1,14,-4.00547274408,-3.47076188991,5.3,0,5.0,400.0,-10.5
3.1,0.0,2,400.0,22.0,-1,0.0971760749817,-1,94.0,2,20,-2.86539633251,4.45864372401,5.3,0,5.0,400.0,-10.5
3.1,0.0,1,400.0,22.0,0,0.0970590114594,0,94.0,1,6,5.24605364197,-0.754268642848,5.3,0,5.0,400.0,-10.5
3.1,0.0,1,400.0,22.0,-2,0.0972249507904,-2,94.0,1,14,-4.00547274408,-3.47076188991,5.3,0,5.0,400.0,-10.5
3.1,0.0,1,400.0,22.0,0,0.0972201824188,0,94.0,1,6,5.24605364197,-0.754268642848,5.3,0,5.0,400.0,-10.5
3.1,0.0,2,400.0,22.0,0,0.0972230434418,0,94.0,2,0,0.0,5.3,5.3,0,5.0,400.0,-10.5
3.1,0.0,1,400.0,22.0,-1,0.0970330238342,-1,94.0,1,11,6.49041367526e-16,-5.3,5.3,0,5.0,400.0,-10.5
3.1,0.0,1,400.0,22.0,1,0.0972130298615,1,94.0,1,19,-4.00547274408,3.47076188991,5.3,0,5.0,400.0,-10.5
3.1,0.0,1,400.0,22.0,0,0.0972170829773,0,94.0,1,17,-5.24605364197,0.754268642848,5.3,0,5.0,400.0,-10.5
3.1,0.0,2,400.0,22.0,-2,0.0972058773041,-2,94.0,2,21,-1.49318255126,5.08531276016,5.3,0,5.0,400.0,-10.5
3.1,0.0,2,400.0,22.0,-1,0.0972139835358,-1,94.0,2,8,4.00547274408,-3.47076188991,5.3,0,5.0,400.0,-10.5
3.1,0.0,1,400.0,22.0,-1,0.0972080230713,-1,94.0,1,19,-4.00547274408,3.47076188991,5.3,0,5.0,400.0,-10.5
3.1,0.0,1,400.0,22.0,-1,0.0972170829773,-1,94.0,1,14,-4.00547274408,-3.47076188991,5.3,0,5.0,400.0,-10.5
3.1,0.0,2,400.0,22.0,-2,0.0972180366516,-2,94.0,2,15,-4.82104957538,-2.20169956891,5.3,0,5.0,400.0,-10.5
3.1,0.0,2,400.0,22.0,-1,0.0971879959106,-1,94.0,2,21,-1.49318255126,5.08531276016,5.3,0,5.0,400.0,-10.5
3.1,0.0,2,400.0,22.0,0,0.0971851348877,0,94.0,2,3,4.00547274408,3.47076188991,5.3,0,5.0,400.0,-10.5
3.1,0.0,2,400.0,22.0,0,0.0971958637238,0,94.0,2,8,4.00547274408,-3.47076188991,5.3,0,5.0,400.0,-10.5
3.1,0.0,2,400.0,22.0,0,0.0969998836517,0,94.0,2,16,-5.24605364197,-0.754268642848,5.3,0,5.0,400.0,-10.5
3.1,0.0,1,400.0,22.0,0,0.0971460342407,0,94.0,1,16,-5.24605364197,-0.754268642848,5.3,0,5.0,400.0,-10.5
3.1,0.0,1,400.0,22.0,-2,0.0970568656921,-2,94.0,1,3,4.00547274408,3.47076188991,5.3,0,5.0,400.0,-10.5
3.1,0.0,2,400.0,22.0,0,0.0970270633698,0,94.0,2,7,4.82104957538,-2.20169956891,5.3,0,5.0,400.0,-10.5
3.1,0.0,2,400.0,22.0,-1,0.0971839427948,-1,94.0,2,18,-4.82104957538,2.20169956891,5.3,0,5.0,400.0,-10.5
3.1,0.0,2,400.0,22.0,0,0.097177028656,0,94.0,2,10,1.49318255126,-5.08531276016,5.3,0,5.0,400.0,-10.5
3.1,0.0,1,400.0,22.0,-1,0.0971789360046,-1,94.0,1,8,4.00547274408,-3.47076188991,5.3,0,5.0,400.0,-10.5
3.1,0.0,2,400.0,22.0,0,0.0972201824188,0,94.0,2,15,-4.82104957538,-2.20169956891,5.3,0,5.0,400.0,-10.5
3.1,0.0,1,400.0,22.0,1,0.0972020626068,1,94.0,1,10,1.49318255126,-5.08531276016,5.3,0,5.0,400.0,-10.5
3.1,0.0,2,400.0,22.0,1,0.0971858501434,1,94.0,2,0,0.0,5.3,5.3,0,5.0,400.0,-10.5
3.1,0.0,1,400.0,22.0,1,0.0970170497894,1,94.0,1,14,-4.00547274408,-3.47076188991,5.3,0,5.0,400.0,-10.5
3.1,0.0,1,400.0,22.0,1,0.097039937973,1,94.0,1,19,-4.00547274408,3.47076188991,5.3,0,5.0,400.0,-10.5
3.1,0.0,2,400.0,22.0,-1,0.0971841812134,-1,94.0,2,10,1.49318255126,-5.08531276016,5.3,0,5.0,400.0,-10.5
3.1,0.0,2,400.0,22.0,-1,0.0970380306244,-1,94.0,2,19,-4.00547274408,3.47076188991,5.3,0,5.0,400.0,-10.5
3.1,0.0,2,400.0,22.0,-1,0.0972089767456,-1,94.0,2,18,-4.82104957538,2.20169956891,5.3,0,5.0,400.0,-10.5
3.1,0.0,1,400.0,22.0,1,0.0972149372101,1,94.0,1,17,-5.24605364197,0.754268642848,5.3,0,5.0,400.0,-10.5
3.1,0.0,2,400.0,22.0,0,0.0971658229828,0,94.0,2,11,6.49041367526e-16,-5.3,5.3,0,5.0,400.0,-10.5
3.1,0.0,2,400.0,22.0,2,0.0971808433533,2,94.0,2,13,-2.86539633251,-4.45864372401,5.3,0,5.0,400.0,-10.5
3.1,0.0,1,400.0,22.0,0,0.0970511436462,0,94.0,1,6,5.24605364197,-0.754268642848,5.3,0,5.0,400.0,-10.5
3.1,0.0,2,400.0,22.0,0,0.0970449447632,0,94.0,2,3,4.00547274408,3.47076188991,5.3,0,5.0,400.0,-10.5
3.1,0.0,1,400.0,22.0,1,0.0972201824188,1,94.0,1,15,-4.82104957538,-2.20169956891,5.3,0,5.0,400.0,-10.5
3.1,0.0,1,400.0,22.0,0,0.0972230434418,0,94.0,1,14,-4.00547274408,-3.47076188991,5.3,0,5.0,400.0,-10.5
3.1,0.0,2,400.0,22.0,-1,0.0972230434418,-1,94.0,2,1,1.49318255126,5.08531276016,5.3,0,5.0,400.0,-10.5
3.1,0.0,1,400.0,22.0,0,0.0972418785095,0,94.0,1,1,1.49318255126,5.08531276016,5.3,0,5.0,400.0,-10.5
3.1,0.0,2,400.0,22.0,-1,0.097226858139,-1,94.0,2,9,2.86539633251,-4.45864372401,5.3,0,5.0,400.0,-10.5
3.1,0.0,2,400.0,22.0,0,0.0972151756287,0,94.0,2,21,-1.49318255126,5.08531276016,5.3,0,5.0,400.0,-10.5
3.1,0.0,1,400.0,22.0,1,0.0972089767456,2,94.0,2,3,4.00547274408,3.47076188991,5.3,0,5.0,400.0,-10.5
3.1,0.0,1,400.0,22.0,-2,0.0972180366516,-2,94.0,1,10,1.49318255126,-5.08531276016,5.3,0,5.0,400.0,-10.5
3.1,0.0,1,400.0,22.0,2,0.0972139835358,2,94.0,1,12,-1.49318255126,-5.08531276016,5.3,0,5.0,400.0,-10.5
3.1,0.0,1,400.0,22.0,0,0.0972168445587,0,94.0,1,16,-5.24605364197,-0.754268642848,5.3,0,5.0,400.0,-10.5
3.1,0.0,1,400.0,22.0,0,0.0970380306244,0,94.0,1,17,-5.24605364197,0.754268642848,5.3,0,5.0,400.0,-10.5
3.1,0.0,1,400.0,22.0,-1,0.0970001220703,-1,94.0,1,12,-1.49318255126,-5.08531276016,5.3,0,5.0,400.0,-10.5
3.1,0.0,2,400.0,22.0,1,0.0970351696014,1,94.0,2,8,4.00547274408,-3.47076188991,5.3,0,5.0,400.0,-10.5
3.1,0.0,1,400.0,22.0,0,0.0971910953522,0,94.0,1,17,-5.24605364197,0.754268642848,5.3,0,5.0,400.0,-10.5
3.1,0.0,1,400.0,22.0,0,0.0971779823303,0,94.0,1,18,-4.82104957538,2.20169956891,5.3,0,5.0,400.0,-10.5
3.1,0.0,2,400.0,22.0,0,0.0971460342407,0,94.0,2,20,-2.86539633251,4.45864372401,5.3,0,5.0,400.0,-10.5
3.1,0.0,1,400.0,22.0,0,0.0971751213074,0,94.0,1,6,5.24605364197,-0.754268642848,5.3,0,5.0,400.0,-10.5
3.1,0.0,2,400.0,22.0,-1,0.0972008705139,-1,94.0,2,15,-4.82104957538,-2.20169956891,5.3,0,5.0,400.0,-10.5
3.1,0.0,2,400.0,22.0,0,0.0972001552582,0,94.0,1,16,-5.24605364197,-0.754268642848,5.3,0,5.0,400.0,-10.5
3.1,0.0,2,400.0,22.0,0,0.0970170497894,-1,94.0,2,8,4.00547274408,-3.47076188991,5.3,0,5.0,400.0,-10.5
3.1,0.0,1,400.0,22.0,1,0.0970170497894,1,94.0,1,8,4.00547274408,-3.47076188991,5.3,0,5.0,400.0,-10.5
3.1,0.0,1,400.0,22.0,-1,0.0970261096954,-1,94.0,1,14,-4.00547274408,-3.47076188991,5.3,0,5.0,400.0,-10.5
3.1,0.0,1,400.0,22.0,0,0.0970189571381,0,94.0,1,18,-4.82104957538,2.20169956891,5.3,0,5.0,400.0,-10.5
3.1,0.0,1,400.0,22.0,0,0.0971710681915,0,94.0,1,7,4.82104957538,-2.20169956891,5.3,0,5.0,400.0,-10.5
3.1,0.0,1,400.0,22.0,-2,0.0971870422363,1,94.0,1,11,6.49041367526e-16,-5.3,5.3,0,5.0,400.0,-10.5
3.1,0.0,1,400.0,22.0,-1,0.0970318317413,-1,94.0,1,10,1.49318255126,-5.08531276016,5.3,0,5.0,400.0,-10.5
3.1,0.0,2,400.0,22.0,1,0.0970349311829,1,94.0,2,12,-1.49318255126,-5.08531276016,5.3,0,5.0,400.0,-10.5
3.1,0.0,2,400.0,22.0,-1,0.09707903862,-1,94.0,2,2,2.86539633251,4.45864372401,5.3,0,5.0,400.0,-10.5
3.1,0.0,2,400.0,22.0,1,0.0970320701599,0,94.0,1,14,-4.00547274408,-3.47076188991,5.3,0,5.0,400.0,-10.5
3.1,0.0,2,400.0,22.0,1,0.0970098972321,1,94.0,1,4,4.82104957538,2.20169956891,5.3,0,5.0,400.0,-10.5
3.1,0.0,2,400.0,22.0,-1,0.0972108840942,-1,94.0,2,9,2.86539633251,-4.45864372401,5.3,0,5.0,400.0,-10.5
3.1,0.0,2,400.0,22.0,-1,0.0972139835358,-1,94.0,2,20,-2.86539633251,4.45864372401,5.3,0,5.0,400.0,-10.5
3.1,0.0,1,400.0,22.0,1,0.0972170829773,0,94.0,1,6,5.24605364197,-0.754268642848,5.3,0,5.0,400.0,-10.5
3.1,0.0,1,400.0,22.0,-1,0.0972108840942,-1,94.0,1,0,0.0,5.3,5.3,0,5.0,400.0,-10.5
3.1,0.0,1,400.0,22.0,0,0.0971930027008,0,94.0,1,20,-2.86539633251,4.45864372401,5.3,0,5.0,400.0,-10.5
3.1,0.0,1,400.0,22.0,-1,0.0972039699554,-1,94.0,1,19,-4.00547274408,3.47076188991,5.3,0,5.0,400.0,-10.5
3.1,0.0,1,400.0,22.0,2,0.0971989631653,2,94.0,2,4,4.82104957538,2.20169956891,5.3,0,5.0,400.0,-10.5
3.1,0.0,1,400.0,22.0,-2,0.0971460342407,-2,94.0,1,11,6.49041367526e-16,-5.3,5.3,0,5.0,400.0,-10.5
3.1,0.0,2,400.0,22.0,-1,0.097156047821,-1,94.0,2,9,2.86539633251,-4.45864372401,5.3,0,5.0,400.0,-10.5
3.1,0.0,1,400.0,22.0,1,0.0971901416779,1,94.0,1,13,-2.86539633251,-4.45864372401,5.3,0,5.0,400.0,-10.5
3.1,0.0,1,400.0,22.0,2,0.0971310138702,2,94.0,1,8,4.00547274408,-3.47076188991,5.3,0,5.0,400.0,-10.5
3.1,0.0,2,400.0,22.0,1,0.0971531867981,1,94.0,2,2,2.86539633251,4.45864372401,5.3,0,5.0,400.0,-10.5
3.1,0.0,2,400.0,22.0,-2,0.0972068309784,-2,94.0,2,13,-2.86539633251,-4.45864372401,5.3,0,5.0,400.0,-10.5
3.1,0.0,2,400.0,22.0,0,0.0972220897675,0,94.0,2,16,-5.24605364197,-0.754268642848,5.3,0,5.0,400.0,-10.5
3.1,0.0,2,400.0,22.0,0,0.09716796875,0,94.0,2,0,0.0,5.3,5.3,0,5.0,400.0,-10.5
3.1,0.0,1,400.0,22.0,0,0.0971829891205,0,94.0,1,21,-1.49318255126,5.08531276016,5.3,0,5.0,400.0,-10.5
3.1,0.0,2,400.0,22.0,-2,0.097188949585,-2,94.0,2,10,1.49318255126,-5.08531276016,5.3,0,5.0,400.0,-10.5
3.1,0.0,1,400.0,22.0,0,0.09707903862,0,94.0,1,13,-2.86539633251,-4.45864372401,5.3,0,5.0,400.0,-10.5
3.1,0.0,2,400.0,22.0,-2,0.0971760749817,0,94.0,1,0,0.0,5.3,5.3,0,5.0,400.0,-10.5
3.1,0.0,2,400.0,22.0,-2,0.0970349311829,-1,94.0,2,7,4.82104957538,-2.20169956891,5.3,0,5.0,400.0,-10.5
3.1,0.0,1,400.0,22.0,0,0.0971720218658,0,94.0,1,6,5.24605364197,-0.754268642848,5.3,0,5.0,400.0,-10.5
3.1,0.0,2,400.0,22.0,0,0.0971848964691,-1,94.0,1,0,0.0,5.3,5.3,0,5.0,400.0,-10.5
3.1,0.0,2,400.0,22.0,0,0.0971970558167,0,94.0,2,5,5.24605364197,0.754268642848,5.3,0,5.0,400.0,-10.5
3.1,0.0,2,400.0,22.0,0,0.0972139835358,0,94.0,2,1,1.49318255126,5.08531276016,5.3,0,5.0,400.0,-10.5
3.1,0.0,2,400.0,22.0,0,0.0972321033478,0,94.0,2,2,2.86539633251,4.45864372401,5.3,0,5.0,400.0,-10.5
3.1,0.0,2,400.0,22.0,1,0.0972120761871,1,94.0,2,10,1.49318255126,-5.08531276016,5.3,0,5.0,400.0,-10.5
3.1,0.0,2,400.0,22.0,0,0.0972139835358,0,94.0,2,7,4.82104957538,-2.20169956891,5.3,0,5.0,400.0,-10.5
3.1,0.0,2,400.0,22.0,0,0.0972199440002,2,94.0,1,17,-5.24605364197,0.754268642848,5.3,0,5.0,400.0,-10.5
3.1,0.0,2,400.0,22.0,0,0.0971989631653,0,94.0,2,15,-4.82104957538,-2.20169956891,5.3,0,5.0,400.0,-10.5
3.1,0.0,2,400.0,22.0,0,0.0972590446472,0,94.0,1,16,-5.24605364197,-0.754268642848,5.3,0,5.0,400.0,-10.5
3.1,0.0,2,400.0,22.0,-1,0.097198009491,0,94.0,2,21,-1.49318255126,5.08531276016,5.3,0,5.0,400.0,-10.5
3.1,0.0,2,400.0,22.0,0,0.0971879959106,0,94.0,2,12,-1.49318255126,-5.08531276016,5.3,0,5.0,400.0,-10.5
3.1,0.0,1,400.0,22.0,0,0.0970211029053,0,94.0,1,0,0.0,5.3,5.3,0,5.0,400.0,-10.5
3.1,0.0,2,400.0,22.0,0,0.0970160961151,-1,94.0,2,6,5.24605364197,-0.754268642848,5.3,0,5.0,400.0,-10.5
3.1,0.0,2,400.0,22.0,-1,0.097177028656,-1,94.0,2,10,1.49318255126,-5.08531276016,5.3,0,5.0,400.0,-10.5
3.1,0.0,2,400.0,22.0,0,0.0972199440002,0,94.0,1,6,5.24605364197,-0.754268642848,5.3,0,5.0,400.0,-10.5
3.1,0.0,1,400.0,22.0,1,0.097177028656,1,94.0,1,14,-4.00547274408,-3.47076188991,5.3,0,5.0,400.0,-10.5
3.1,0.0,2,400.0,22.0,0,0.0970408916473,0,94.0,2,15,-4.82104957538,-2.20169956891,5.3,0,5.0,400.0,-10.5
3.1,0.0,1,400.0,22.0,-2,0.0971829891205,-2,94.0,1,12,-1.49318255126,-5.08531276016,5.3,0,5.0,400.0,-10.5
3.1,0.0,1,400.0,22.0,2,0.0970380306244,2,94.0,1,11,6.49041367526e-16,-5.3,5.3,0,5.0,400.0,-10.5
3.1,0.0,1,400.0,22.0,1,0.0970451831818,1,94.0,1,9,2.86539633251,-4.45864372401,5.3,0,5.0,400.0,-10.5
3.1,0.0,2,400.0,22.0,1,0.0970640182495,1,94.0,2,5,5.24605364197,0.754268642848,5.3,0,5.0,400.0,-10.5
3.1,0.0,2,400.0,22.0,-1,0.0971939563751,1,94.0,1,5,5.24605364197,0.754268642848,5.3,0,5.0,400.0,-10.5
3.1,0.0,1,400.0,22.0,-2,0.0972380638123,-2,94.0,1,19,-4.00547274408,3.47076188991,5.3,0,5.0,400.0,-10.5
3.1,0.0,2,400.0,22.0,-1,0.0972239971161,-1,94.0,2,20,-2.86539633251,4.45864372401,5.3,0,5.0,400.0,-10.5
3.1,0.0,1,400.0,22.0,-1,0.0972371101379,-1,94.0,1,8,4.00547274408,-3.47076188991,5.3,0,5.0,400.0,-10.5
3.1,0.0,2,400.0,22.0,1,0.0970838069916,1,94.0,2,15,-4.82104957538,-2.20169956891,5.3,0,5.0,400.0,-10.5
3.1,0.0,1,400.0,22.0,0,0.0972168445587,0,94.0,1,8,4.00547274408,-3.47076188991,5.3,0,5.0,400.0,-10.5
3.1,0.0,1,400.0,22.0,0,0.0972139835358,0,94.0,2,0,0.0,5.3,5.3,0,5.0,400.0,-10.5
3.1,0.0,2,400.0,22.0,0,0.0972030162811,0,94.0,2,10,1.49318255126,-5.08531276016,5.3,0,5.0,400.0,-10.5
3.1,0.0,2,400.0,22.0,0,0.0972900390625,0,94.0,2,20,-2.86539633251,4.45864372401,5.3,0,5.0,400.0,-10.5
3.1,0.0,1,400.0,22.0,-1,0.097207069397,-1,94.0,1,18,-4.82104957538,2.20169956891,5.3,0,5.0,400.0,-10.5
3.1,0.0,1,400.0,22.0,-1,0.0972151756287,-2,94.0,2,14,-4.00547274408,-3.47076188991,5.3,0,5.0,400.0,-10.5
3.1,0.0,1,400.0,22.0,0,0.0972130298615,0,94.0,1,11,6.49041367526e-16,-5.3,5.3,0,5.0,400.0,-10.5
3.1,0.0,2,400.0,22.0,0,0.0971810817719,-1,94.0,1,0,0.0,5.3,5.3,0,5.0,400.0,-10.5
3.1,0.0,2,400.0,22.0,-2,0.0970101356506,0,94.0,2,6,5.24605364197,-0.754268642848,5.3,0,5.0,400.0,-10.5
3.1,0.0,1,400.0,22.0,-2,0.0970289707184,-2,94.0,1,2,2.86539633251,4.45864372401,5.3,0,5.0,400.0,-10.5
3.1,0.0,2,400.0,22.0,0,0.0971810817719,0,94.0,2,4,4.82104957538,2.20169956891,5.3,0,5.0,400.0,-10.5
3.1,0.0,2,400.0,22.0,0,0.0970280170441,0,94.0,2,11,6.49041367526e-16,-5.3,5.3,0,5.0,400.0,-10.5
3.1,0.0,1,400.0,22.0,-1,0.0970530509949,-1,94.0,1,11,6.49041367526e-16,-5.3,5.3,0,5.0,400.0,-10.5
3.1,0.0,1,400.0,22.0,1,0.0970160961151,1,94.0,1,12,-1.49318255126,-5.08531276016,5.3,0,5.0,400.0,-10.5
3.1,0.0,1,400.0,22.0,0,0.0970189571381,0,94.0,1,4,4.82104957538,2.20169956891,5.3,0,5.0,400.0,-10.5
3.1,0.0,1,400.0,22.0,0,0.0970158576965,0,94.0,1,8,4.00547274408,-3.47076188991,5.3,0,5.0,400.0,-10.5
3.1,0.0,2,400.0,22.0,-1,0.0970261096954,0,94.0,2,5,5.24605364197,0.754268642848,5.3,0,5.0,400.0,-10.5
3.1,0.0,1,400.0,22.0,2,0.0970199108124,0,94.0,2,0,0.0,5.3,5.3,0,5.0,400.0,-10.5
3.1,0.0,2,400.0,22.0,-1,0.0970318317413,-1,94.0,2,10,1.49318255126,-5.08531276016,5.3,0,5.0,400.0,-10.5
3.1,0.0,2,400.0,22.0,0,0.0970749855042,0,94.0,2,1,1.49318255126,5.08531276016,5.3,0,5.0,400.0,-10.5
3.1,0.0,2,400.0,22.0,-1,0.0972058773041,-2,94.0,1,3,4.00547274408,3.47076188991,5.3,0,5.0,400.0,-10.5
3.1,0.0,2,400.0,22.0,0,0.0971851348877,0,94.0,2,19,-4.00547274408,3.47076188991,5.3,0,5.0,400.0,-10.5
3.1,0.0,1,400.0,22.0,-1,0.0970318317413,-1,94.0,1,11,6.49041367526e-16,-5.3,5.3,0,5.0,400.0,-10.5
3.1,0.0,1,400.0,22.0,1,0.0970911979675,1,94.0,1,3,4.00547274408,3.47076188991,5.3,0,5.0,400.0,-10.5
3.1,0.0,1,400.0,22.0,2,0.0970809459686,2,94.0,1,10,1.49318255126,-5.08531276016,5.3,0,5.0,400.0,-10.5
3.1,0.0,2,400.0,22.0,0,0.0970451831818,0,94.0,2,14,-4.00547274408,-3.47076188991,5.3,0,5.0,400.0,-10.5
3.1,0.0,2,400.0,22.0,0,0.0970439910889,0,94.0,2,9,2.86539633251,-4.45864372401,5.3,0,5.0,400.0,-10.5
3.1,0.0,2,400.0,22.0,1,0.0970449447632,1,94.0,2,4,4.82104957538,2.20169956891,5.3,0,5.0,400.0,-10.5
3.1,0.0,1,400.0,22.0,-1,0.0971081256866,-1,94.0,1,1,1.49318255126,5.08531276016,5.3,0,5.0,400.0,-10.5
3.1,0.0,1,400.0,22.0,-1,0.0972201824188,1,94.0,2,1,1.49318255126,5.08531276016,5.3,0,5.0,400.0,-10.5
3.1,0.0,1,400.0,22.0,-1,0.0972130298615,-1,94.0,1,8,4.00547274408,-3.47076188991,5.3,0,5.0,400.0,-10.5
3.1,0.0,2,400.0,22.0,0,0.0972080230713,-2,94.0,1,5,5.24605364197,0.754268642848,5.3,0,5.0,400.0,-10.5
3.1,0.0,1,400.0,22.0,-1,0.0972189903259,0,94.0,1,16,-5.24605364197,-0.754268642848,5.3,0,5.0,400.0,-10.5
3.1,0.0,2,400.0,22.0,0,0.0972080230713,0,94.0,2,1,1.49318255126,5.08531276016,5.3,0,5.0,400.0,-10.5
3.1,0.0,1,400.0,22.0,-1,0.0972080230713,-1,94.0,1,17,-5.24605364197,0.754268642848,5.3,0,5.0,400.0,-10.5
3.1,0.0,1,400.0,22.0,-1,0.0971901416779,0,94.0,1,18,-4.82104957538,2.20169956891,5.3,0,5.0,400.0,-10.5
3.1,0.0,1,400.0,22.0,-2,0.0971968173981,-2,94.0,1,1,1.49318255126,5.08531276016,5.3,0,5.0,400.0,-10.5
3.1,0.0,2,400.0,22.0,2,0.097048997879,2,94.0,2,12,-1.49318255126,-5.08531276016,5.3,0,5.0,400.0,-10.5
3.1,0.0,2,400.0,22.0,-1,0.0971820354462,-1,94.0,2,14,-4.00547274408,-3.47076188991,5.3,0,5.0,400.0,-10.5
3.1,0.0,2,400.0,22.0,0,0.0971839427948,0,94.0,1,1,1.49318255126,5.08531276016,5.3,0,5.0,400.0,-10.5
3.1,0.0,1,400.0,22.0,-2,0.0971939563751,-2,94.0,1,6,5.24605364197,-0.754268642848,5.3,0,5.0,400.0,-10.5
3.1,0.0,1,400.0,22.0,0,0.097188949585,0,94.0,1,7,4.82104957538,-2.20169956891,5.3,0,5.0,400.0,-10.5
3.1,0.0,1,400.0,22.0,0,0.097207069397,-2,94.0,1,10,1.49318255126,-5.08531276016,5.3,0,5.0,400.0,-10.5
3.1,0.0,2,400.0,22.0,0,0.097195148468,0,94.0,1,16,-5.24605364197,-0.754268642848,5.3,0,5.0,400.0,-10.5
3.1,0.0,2,400.0,22.0,0,0.0970189571381,0,94.0,1,5,5.24605364197,0.754268642848,5.3,0,5.0,400.0,-10.5
3.1,0.0,1,400.0,22.0,0,0.0970330238342,0,94.0,1,7,4.82104957538,-2.20169956891,5.3,0,5.0,400.0,-10.5
3.1,0.0,2,400.0,22.0,-1,0.0970320701599,-1,94.0,2,14,-4.00547274408,-3.47076188991,5.3,0,5.0,400.0,-10.5
3.1,0.0,2,400.0,22.0,-1,0.0971839427948,-1,94.0,2,13,-2.86539633251,-4.45864372401,5.3,0,5.0,400.0,-10.5
3.1,0.0,1,400.0,22.0,2,0.0970401763916,0,94.0,1,8,4.00547274408,-3.47076188991,5.3,0,5.0,400.0,-10.5
3.1,0.0,1,400.0,22.0,1,0.0971758365631,1,94.0,1,9,2.86539633251,-4.45864372401,5.3,0,5.0,400.0,-10.5
3.1,0.0,1,400.0,22.0,-2,0.0972170829773,-2,94.0,1,8,4.00547274408,-3.47076188991,5.3,0,5.0,400.0,-10.5
3.1,0.0,2,400.0,22.0,0,0.0972199440002,1,94.0,1,5,5.24605364197,0.754268642848,5.3,0,5.0,400.0,-10.5
3.1,0.0,2,400.0,22.0,-2,0.0972039699554,0,94.0,2,9,2.86539633251,-4.45864372401,5.3,0,5.0,400.0,-10.5
3.1,0.0,2,400.0,22.0,0,0.0972208976746,0,94.0,1,16,-5.24605364197,-0.754268642848,5.3,0,5.0,400.0,-10.5
3.1,0.0,2,400.0,22.0,-2,0.0970189571381,0,94.0,2,13,-2.86539633251,-4.45864372401,5.3,0,5.0,400.0,-10.5
3.1,0.0,2,400.0,22.0,-2,0.0970299243927,-2,94.0,2,17,-5.24605364197,0.754268642848,5.3,0,5.0,400.0,-10.5
3.1,0.0,2,400.0,22.0,-2,0.097000837326,-2,94.0,2,8,4.00547274408,-3.47076188991,5.3,0,5.0,400.0,-10.5
3.1,0.0,2,400.0,22.0,0,0.0970039367676,0,94.0,2,7,4.82104957538,-2.20169956891,5.3,0,5.0,400.0,-10.5
3.1,0.0,1,400.0,22.0,-1,0.0970089435577,-1,94.0,1,0,0.0,5.3,5.3,0,5.0,400.0,-10.5
3.1,0.0,2,400.0,22.0,2,0.0972099304199,2,94.0,2,21,-1.49318255126,5.08531276016,5.3,0,5.0,400.0,-10.5
3.1,0.0,2,400.0,22.0,0,0.09716796875,0,94.0,1,4,4.82104957538,2.20169956891,5.3,0,5.0,400.0,-10.5
3.1,0.0,2,400.0,22.0,2,0.0971839427948,2,94.0,2,18,-4.82104957538,2.20169956891,5.3,0,5.0,400.0,-10.5
3.1,0.0,1,400.0,22.0,0,0.0970029830933,-1,94.0,1,9,2.86539633251,-4.45864372401,5.3,0,5.0,400.0,-10.5
3.1,0.0,1,400.0,22.0,-1,0.0970189571381,-1,94.0,1,14,-4.00547274408,-3.47076188991,5.3,0,5.0,400.0,-10.5
3.1,0.0,1,400.0,22.0,0,0.0970220565796,0,94.0,1,17,-5.24605364197,0.754268642848,5.3,0,5.0,400.0,-10.5
3.1,0.0,2,400.0,22.0,-1,0.0971901416779,0,94.0,1,0,0.0,5.3,5.3,0,5.0,400.0,-10.5
3.1,0.0,1,400.0,22.0,1,0.0971879959106,1,94.0,1,14,-4.00547274408,-3.47076188991,5.3,0,5.0,400.0,-10.5
3.1,0.0,2,400.0,22.0,0,0.0971808433533,1,94.0,1,0,0.0,5.3,5.3,0,5.0,400.0,-10.5
3.1,0.0,2,400.0,22.0,1,0.0972080230713,1,94.0,1,2,2.86539633251,4.45864372401,5.3,0,5.0,400.0,-10.5
3.1,0.0,2,400.0,22.0,2,0.0970349311829,2,94.0,2,11,6.49041367526e-16,-5.3,5.3,0,5.0,400.0,-10.5
3.1,0.0,2,400.0,22.0,0,0.097186088562,0,94.0,2,7,4.82104957538,-2.20169956891,5.3,0,5.0,400.0,-10.5
3.1,0.0,2,400.0,22.0,0,0.0970320701599,0,94.0,1,6,5.24605364197,-0.754268642848,5.3,0,5.0,400.0,-10.5
3.1,0.0,2,400.0,22.0,-1,0.097177028656,-1,94.0,2,15,-4.82104957538,-2.20169956891,5.3,0,5.0,400.0,-10.5
3.1,0.0,1,400.0,22.0,2,0.0970320701599,0,94.0,1,13,-2.86539633251,-4.45864372401,5.3,0,5.0,400.0,-10.5
3.1,0.0,1,400.0,22.0,2,0.0971710681915,0,94.0,1,3,4.00547274408,3.47076188991,5.3,0,5.0,400.0,-10.5
3.1,0.0,2,400.0,22.0,0,0.0970470905304,0,94.0,2,14,-4.00547274408,-3.47076188991,5.3,0,5.0,400.0,-10.5
3.1,0.0,2,400.0,22.0,0,0.097067117691,0,94.0,2,10,1.49318255126,-5.08531276016,5.3,0,5.0,400.0,-10.5
3.1,0.0,2,400.0,22.0,0,0.0970978736877,0,94.0,2,13,-2.86539633251,-4.45864372401,5.3,0,5.0,400.0,-10.5
3.1,0.0,1,400.0,22.0,0,0.0972199440002,0,94.0,2,0,0.0,5.3,5.3,0,5.0,400.0,-10.5
3.1,0.0,1,400.0,22.0,-1,0.0972180366516,-1,94.0,1,21,-1.49318255126,5.08531276016,5.3,0,5.0,400.0,-10.5
3.1,0.0,1,400.0,22.0,1,0.097198009491,1,94.0,1,1,1.49318255126,5.08531276016,5.3,0,5.0,400.0,-10.5
3.1,0.0,1,400.0,22.0,1,0.0972101688385,1,94.0,1,16,-5.24605364197,-0.754268642848,5.3,0,5.0,400.0,-10.5
3.1,0.0,1,400.0,22.0,2,0.0972189903259,2,94.0,1,14,-4.00547274408,-3.47076188991,5.3,0,5.0,400.0,-10.5
3.1,0.0,1,400.0,22.0,0,0.0972149372101,0,94.0,1,16,-5.24605364197,-0.754268642848,5.3,0,5.0,400.0,-10.5
3.1,0.0,1,400.0,22.0,0,0.0972108840942,0,94.0,1,19,-4.00547274408,3.47076188991,5.3,0,5.0,400.0,-10.5
3.1,0.0,1,400.0,22.0,1,0.0972199440002,1,94.0,1,15,-4.82104957538,-2.20169956891,5.3,0,5.0,400.0,-10.5
3.1,0.0,1,400.0,22.0,0,0.0972061157227,0,94.0,1,12,-1.49318255126,-5.08531276016,5.3,0,5.0,400.0,-10.5
3.1,0.0,2,400.0,22.0,0,0.0972030162811,0,94.0,1,15,-4.82104957538,-2.20169956891,5.3,0,5.0,400.0,-10.5
3.1,0.0,1,400.0,22.0,-1,0.0971789360046,1,94.0,2,8,4.00547274408,-3.47076188991,5.3,0,5.0,400.0,-10.5
3.1,0.0,1,400.0,22.0,2,0.0970251560211,1,94.0,1,18,-4.82104957538,2.20169956891,5.3,0,5.0,400.0,-10.5
3.1,0.0,1,400.0,22.0,1,0.0971858501434,1,94.0,1,16,-5.24605364197,-0.754268642848,5.3,0,5.0,400.0,-10.5
3.1,0.0,1,400.0,22.0,2,0.097198009491,0,94.0,1,0,0.0,5.3,5.3,0,5.0,400.0,-10.5
3.1,0.0,1,400.0,22.0,2,0.0971500873566,2,94.0,1,13,-2.86539633251,-4.45864372401,5.3,0,5.0,400.0,-10.5
3.1,0.0,1,400.0,22.0,2,0.0971858501434,2,94.0,1,18,-4.82104957538,2.20169956891,5.3,0,5.0,400.0,-10.5
3.1,0.0,2,400.0,22.0,-1,0.0971841812134,1,94.0,2,20,-2.86539633251,4.45864372401,5.3,0,5.0,400.0,-10.5
3.1,0.0,2,400.0,22.0,-1,0.0971829891205,2,94.0,1,6,5.24605364197,-0.754268642848,5.3,0,5.0,400.0,-10.5
3.1,0.0,2,400.0,22.0,0,0.0971820354462,0,94.0,2,9,2.86539633251,-4.45864372401,5.3,0,5.0,400.0,-10.5
3.1,0.0,1,400.0,22.0,-1,0.0972039699554,-1,94.0,1,0,0.0,5.3,5.3,0,5.0,400.0,-10.5
3.1,0.0,1,400.0,22.0,1,0.0970420837402,0,94.0,2,21,-1.49318255126,5.08531276016,5.3,0,5.0,400.0,-10.5
3.1,0.0,2,400.0,22.0,0,0.0971782207489,-1,94.0,1,0,0.0,5.3,5.3,0,5.0,400.0,-10.5
3.1,0.0,2,400.0,22.0,-1,0.0970351696014,-1,94.0,2,8,4.00547274408,-3.47076188991,5.3,0,5.0,400.0,-10.5
3.1,0.0,1,400.0,22.0,-1,0.0970458984375,-1,94.0,1,21,-1.49318255126,5.08531276016,5.3,0,5.0,400.0,-10.5
3.1,0.0,2,400.0,22.0,-1,0.097058057785,-1,94.0,2,18,-4.82104957538,2.20169956891,5.3,0,5.0,400.0,-10.5
3.1,0.0,2,400.0,22.0,0,0.0970478057861,0,94.0,2,17,-5.24605364197,0.754268642848,5.3,0,5.0,400.0,-10.5
3.1,0.0,1,400.0,22.0,0,0.0972039699554,1,94.0,1,5,5.24605364197,0.754268642848,5.3,0,5.0,400.0,-10.5
3.1,0.0,2,400.0,22.0,-1,0.0972108840942,-1,94.0,2,8,4.00547274408,-3.47076188991,5.3,0,5.0,400.0,-10.5
3.1,0.0,2,400.0,22.0,1,0.0972108840942,1,94.0,2,2,2.86539633251,4.45864372401,5.3,0,5.0,400.0,-10.5
3.1,0.0,1,400.0,22.0,0,0.0972001552582,0,94.0,1,9,2.86539633251,-4.45864372401,5.3,0,5.0,400.0,-10.5
3.1,0.0,2,400.0,22.0,0,0.0972528457642,0,94.0,1,6,5.24605364197,-0.754268642848,5.3,0,5.0,400.0,-10.5
3.1,0.0,2,400.0,22.0,-2,0.0972108840942,-2,94.0,2,12,-1.49318255126,-5.08531276016,5.3,0,5.0,400.0,-10.5
3.1,0.0,2,400.0,22.0,0,0.0971791744232,-1,94.0,1,17,-5.24605364197,0.754268642848,5.3,0,5.0,400.0,-10.5
3.1,0.0,2,400.0,22.0,-1,0.0972039699554,0,94.0,1,1,1.49318255126,5.08531276016,5.3,0,5.0,400.0,-10.5
3.1,0.0,1,400.0,22.0,-1,0.0971961021423,-1,94.0,1,12,-1.49318255126,-5.08531276016,5.3,0,5.0,400.0,-10.5
3.1,0.0,1,400.0,22.0,1,0.0972080230713,1,94.0,1,10,1.49318255126,-5.08531276016,5.3,0,5.0,400.0,-10.5
3.1,0.0,2,400.0,22.0,0,0.0971760749817,0,94.0,2,8,4.00547274408,-3.47076188991,5.3,0,5.0,400.0,-10.5
3.1,0.0,2,400.0,22.0,1,0.0971820354462,1,94.0,2,1,1.49318255126,5.08531276016,5.3,0,5.0,400.0,-10.5
3.1,0.0,2,400.0,22.0,-2,0.0971779823303,0,94.0,1,18,-4.82104957538,2.20169956891,5.3,0,5.0,400.0,-10.5
3.1,0.0,2,400.0,22.0,0,0.0971939563751,0,94.0,2,11,6.49041367526e-16,-5.3,5.3,0,5.0,400.0,-10.5
3.1,0.0,2,400.0,22.0,-1,0.0970258712769,-1,94.0,2,2,2.86539633251,4.45864372401,5.3,0,5.0,400.0,-10.5
3.1,0.0,2,400.0,22.0,0,0.0971910953522,0,94.0,2,20,-2.86539633251,4.45864372401,5.3,0,5.0,400.0,-10.5
3.1,0.0,2,400.0,22.0,0,0.0971851348877,0,94.0,2,9,2.86539633251,-4.45864372401,5.3,0,5.0,400.0,-10.5
3.1,0.0,1,400.0,22.0,1,0.0970129966736,1,94.0,1,3,4.00547274408,3.47076188991,5.3,0,5.0,400.0,-10.5
3.1,0.0,1,400.0,22.0,1,0.0971829891205,1,94.0,1,17,-5.24605364197,0.754268642848,5.3,0,5.0,400.0,-10.5
3.1,0.0,1,400.0,22.0,1,0.0970230102539,1,94.0,1,17,-5.24605364197,0.754268642848,5.3,0,5.0,400.0,-10.5
3.1,0.0,2,400.0,22.0,-1,0.0971779823303,0,94.0,1,20,-2.86539633251,4.45864372401,5.3,0,5.0,400.0,-10.5
3.1,0.0,1,400.0,22.0,-1,0.0970320701599,0,94.0,1,1,1.49318255126,5.08531276016,5.3,0,5.0,400.0,-10.5
3.1,0.0,1,400.0,22.0,1,0.0972058773041,1,94.0,1,10,1.49318255126,-5.08531276016,5.3,0,5.0,400.0,-10.5
3.1,0.0,1,400.0,22.0,1,0.0970339775085,1,94.0,1,12,-1.49318255126,-5.08531276016,5.3,0,5.0,400.0,-10.5
3.1,0.0,1,400.0,22.0,1,0.0971760749817,1,94.0,1,3,4.00547274408,3.47076188991,5.3,0,5.0,400.0,-10.5
3.1,0.0,2,400.0,22.0,1,0.0970349311829,1,94.0,2,3,4.00547274408,3.47076188991,5.3,0,5.0,400.0,-10.5
3.1,0.0,2,400.0,22.0,0,0.0970690250397,0,94.0,2,2,2.86539633251,4.45864372401,5.3,0,5.0,400.0,-10.5
3.1,0.0,1,400.0,22.0,2,0.0970330238342,2,94.0,1,10,1.49318255126,-5.08531276016,5.3,0,5.0,400.0,-10.5
3.1,0.0,2,400.0,22.0,1,0.097051858902,1,94.0,2,12,-1.49318255126,-5.08531276016,5.3,0,5.0,400.0,-10.5
3.1,0.0,1,400.0,22.0,0,0.0971071720123,0,94.0,1,17,-5.24605364197,0.754268642848,5.3,0,5.0,400.0,-10.5
3.1,0.0,2,400.0,22.0,1,0.0972189903259,1,94.0,2,3,4.00547274408,3.47076188991,5.3,0,5.0,400.0,-10.5
3.1,0.0,2,400.0,22.0,0,0.0972170829773,0,94.0,1,3,4.00547274408,3.47076188991,5.3,0,5.0,400.0,-10.5
3.1,0.0,1,400.0,22.0,1,0.0972189903259,1,94.0,1,3,4.00547274408,3.47076188991,5.3,0,5.0,400.0,-10.5
3.1,0.0,1,400.0,22.0,1,0.0970151424408,-1,94.0,2,10,1.49318255126,-5.08531276016,5.3,0,5.0,400.0,-10.5
3.1,0.0,2,400.0,22.0,0,0.097198009491,-1,94.0,1,0,0.0,5.3,5.3,0,5.0,400.0,-10.5
3.1,0.0,2,400.0,22.0,0,0.097198009491,0,94.0,1,20,-2.86539633251,4.45864372401,5.3,0,5.0,400.0,-10.5
3.1,0.0,2,400.0,22.0,0,0.0972151756287,-1,94.0,1,16,-5.24605364197,-0.754268642848,5.3,0,5.0,400.0,-10.5
3.1,0.0,1,400.0,22.0,-2,0.097195148468,-2,94.0,1,8,4.00547274408,-3.47076188991,5.3,0,5.0,400.0,-10.5
3.1,0.0,2,400.0,22.0,1,0.0971870422363,1,94.0,2,8,4.00547274408,-3.47076188991,5.3,0,5.0,400.0,-10.5
3.1,0.0,1,400.0,22.0,-2,0.0971539020538,-2,94.0,1,19,-4.00547274408,3.47076188991,5.3,0,5.0,400.0,-10.5
3.1,0.0,2,400.0,22.0,0,0.097060918808,0,94.0,2,5,5.24605364197,0.754268642848,5.3,0,5.0,400.0,-10.5
3.1,0.0,2,400.0,22.0,2,0.0971848964691,2,94.0,2,18,-4.82104957538,2.20169956891,5.3,0,5.0,400.0,-10.5
3.1,0.0,2,400.0,22.0,2,0.0971930027008,2,94.0,2,14,-4.00547274408,-3.47076188991,5.3,0,5.0,400.0,-10.5
3.1,0.0,1,400.0,22.0,0,0.0972111225128,0,94.0,1,8,4.00547274408,-3.47076188991,5.3,0,5.0,400.0,-10.5
3.1,0.0,2,400.0,22.0,-2,0.0970230102539,-2,94.0,2,1,1.49318255126,5.08531276016,5.3,0,5.0,400.0,-10.5
3.1,0.0,1,400.0,22.0,0,0.0970220565796,0,94.0,1,14,-4.00547274408,-3.47076188991,5.3,0,5.0,400.0,-10.5
3.1,0.0,2,400.0,22.0,0,0.0971961021423,0,94.0,1,1,1.49318255126,5.08531276016,5.3,0,5.0,400.0,-10.5
3.1,0.0,2,400.0,22.0,2,0.0971920490265,-1,94.0,2,18,-4.82104957538,2.20169956891,5.3,0,5.0,400.0,-10.5
3.1,0.0,2,400.0,22.0,0,0.097039937973,1,94.0,2,5,5.24605364197,0.754268642848,5.3,0,5.0,400.0,-10.5
3.1,0.0,1,400.0,22.0,-1,0.0971949100494,-1,94.0,1,8,4.00547274408,-3.47076188991,5.3,0,5.0,400.0,-10.5
3.1,0.0,1,400.0,22.0,0,0.0972011089325,0,94.0,1,7,4.82104957538,-2.20169956891,5.3,0,5.0,400.0,-10.5
3.1,0.0,2,400.0,22.0,0,0.0971839427948,1,94.0,1,15,-4.82104957538,-2.20169956891,5.3,0,5.0,400.0,-10.5
3.1,0.0,1,400.0,22.0,-2,0.0971269607544,-2,94.0,1,4,4.82104957538,2.20169956891,5.3,0,5.0,400.0,-10.5
3.1,0.0,1,400.0,22.0,-2,0.0970380306244,-2,94.0,1,20,-2.86539633251,4.45864372401,5.3,0,5.0,400.0,-10.5
3.1,0.0,1,400.0,22.0,-2,0.0972199440002,-2,94.0,1,21,-1.49318255126,5.08531276016,5.3,0,5.0,400.0,-10.5
3.1,0.0,2,400.0,22.0,-2,0.0972139835358,0,94.0,1,21,-1.49318255126,5.08531276016,5.3,0,5.0,400.0,-10.5
3.1,0.0,1,400.0,22.0,0,0.0972309112549,0,94.0,1,9,2.86539633251,-4.45864372401,5.3,0,5.0,400.0,-10.5
3.1,0.0,2,400.0,22.0,-2,0.0971131324768,0,94.0,1,6,5.24605364197,-0.754268642848,5.3,0,5.0,400.0,-10.5
3.1,0.0,2,400.0,22.0,1,0.0971879959106,1,94.0,2,13,-2.86539633251,-4.45864372401,5.3,0,5.0,400.0,-10.5
3.1,0.0,1,400.0,22.0,-1,0.0972011089325,-1,94.0,1,18,-4.82104957538,2.20169956891,5.3,0,5.0,400.0,-10.5
3.1,0.0,2,400.0,22.0,0,0.0972089767456,0,94.0,1,19,-4.00547274408,3.47076188991,5.3,0,5.0,400.0,-10.5
3.1,0.0,2,400.0,22.0,-1,0.0972020626068,0,94.0,1,0,0.0,5.3,5.3,0,5.0,400.0,-10.5
3.1,0.0,2,400.0,22.0,0,0.0972158908844,0,94.0,2,13,-2.86539633251,-4.45864372401,5.3,0,5.0,400.0,-10.5
3.1,0.0,1,400.0,22.0,-1,0.0972280502319,-1,94.0,1,16,-5.24605364197,-0.754268642848,5.3,0,5.0,400.0,-10.5
3.1,0.0,2,400.0,22.0,2,0.0972168445587,0,94.0,2,0,0.0,5.3,5.3,0,5.0,400.0,-10.5
3.1,0.0,2,400.0,22.0,-2,0.0971970558167,0,94.0,2,21,-1.49318255126,5.08531276016,5.3,0,5.0,400.0,-10.5
3.1,0.0,1,400.0,22.0,2,0.097195148468,-1,94.0,2,20,-2.86539633251,4.45864372401,5.3,0,5.0,400.0,-10.5
3.1,0.0,1,400.0,22.0,-2,0.0971810817719,-2,94.0,1,11,6.49041367526e-16,-5.3,5.3,0,5.0,400.0,-10.5
3.1,0.0,2,400.0,22.0,0,0.0971858501434,0,94.0,1,2,2.86539633251,4.45864372401,5.3,0,5.0,400.0,-10.5
3.1,0.0,2,400.0,22.0,0,0.0971779823303,0,94.0,2,14,-4.00547274408,-3.47076188991,5.3,0,5.0,400.0,-10.5
3.1,0.0,2,400.0,22.0,-1,0.0972948074341,0,94.0,2,5,5.24605364197,0.754268642848,5.3,0,5.0,400.0,-10.5
3.1,0.0,2,400.0,22.0,-1,0.097051858902,-1,94.0,1,15,-4.82104957538,-2.20169956891,5.3,0,5.0,400.0,-10.5
3.1,0.0,1,400.0,22.0,0,0.0970129966736,-1,94.0,1,5,5.24605364197,0.754268642848,5.3,0,5.0,400.0,-10.5
3.1,0.0,2,400.0,22.0,2,0.097021818161,2,94.0,2,8,4.00547274408,-3.47076188991,5.3,0,5.0,400.0,-10.5
3.1,0.0,1,400.0,22.0,0,0.0970170497894,0,94.0,1,6,5.24605364197,-0.754268642848,5.3,0,5.0,400.0,-10.5
3.1,0.0,1,400.0,22.0,1,0.0970261096954,1,94.0,1,13,-2.86539633251,-4.45864372401,5.3,0,5.0,400.0,-10.5
3.1,0.0,1,400.0,22.0,-1,0.0972111225128,-1,94.0,1,12,-1.49318255126,-5.08531276016,5.3,0,5.0,400.0,-10.5
3.1,0.0,1,400.0,22.0,-2,0.0970830917358,-2,94.0,1,9,2.86539633251,-4.45864372401,5.3,0,5.0,400.0,-10.5
3.1,0.0,1,400.0,22.0,-1,0.0971789360046,-1,94.0,1,3,4.00547274408,3.47076188991,5.3,0,5.0,400.0,-10.5
3.1,0.0,1,400.0,22.0,1,0.0970380306244,1,94.0,1,9,2.86539633251,-4.45864372401,5.3,0,5.0,400.0,-10.5
3.1,0.0,2,400.0,22.0,0,0.0971760749817,0,94.0,2,11,6.49041367526e-16,-5.3,5.3,0,5.0,400.0,-10.5
3.1,0.0,2,400.0,22.0,1,0.0970311164856,1,94.0,2,3,4.00547274408,3.47076188991,5.3,0,5.0,400.0,-10.5
3.1,0.0,1,400.0,22.0,0,0.0972199440002,0,94.0,1,1,1.49318255126,5.08531276016,5.3,0,5.0,400.0,-10.5
3.1,0.0,1,400.0,22.0,-1,0.0972008705139,-1,94.0,1,1,1.49318255126,5.08531276016,5.3,0,5.0,400.0,-10.5
3.1,0.0,1,400.0,22.0,1,0.0970330238342,1,94.0,1,10,1.49318255126,-5.08531276016,5.3,0,5.0,400.0,-10.5
3.1,0.0,2,400.0,22.0,-1,0.09716796875,-1,94.0,2,9,2.86539633251,-4.45864372401,5.3,0,5.0,400.0,-10.5
3.1,0.0,1,400.0,22.0,-1,0.097207069397,-1,94.0,1,15,-4.82104957538,-2.20169956891,5.3,0,5.0,400.0,-10.5
3.1,0.0,2,400.0,22.0,0,0.0970690250397,0,94.0,1,5,5.24605364197,0.754268642848,5.3,0,5.0,400.0,-10.5
3.1,0.0,1,400.0,22.0,1,0.0972168445587,2,94.0,2,3,4.00547274408,3.47076188991,5.3,0,5.0,400.0,-10.5
3.1,0.0,2,400.0,22.0,0,0.097204208374,2,94.0,2,7,4.82104957538,-2.20169956891,5.3,0,5.0,400.0,-10.5
3.1,0.0,2,400.0,22.0,0,0.0972189903259,1,94.0,1,16,-5.24605364197,-0.754268642848,5.3,0,5.0,400.0,-10.5
3.1,0.0,1,400.0,22.0,0,0.0970389842987,-1,94.0,2,16,-5.24605364197,-0.754268642848,5.3,0,5.0,400.0,-10.5
3.1,0.0,1,400.0,22.0,0,0.0970129966736,-1,94.0,1,11,6.49041367526e-16,-5.3,5.3,0,5.0,400.0,-10.5
3.1,0.0,2,400.0,22.0,0,0.0970089435577,0,94.0,1,6,5.24605364197,-0.754268642848,5.3,0,5.0,400.0,-10.5
3.1,0.0,2,400.0,22.0,0,0.0972259044647,0,94.0,1,1,1.49318255126,5.08531276016,5.3,0,5.0,400.0,-10.5
3.1,0.0,1,400.0,22.0,0,0.0972099304199,-2,94.0,2,10,1.49318255126,-5.08531276016,5.3,0,5.0,400.0,-10.5
3.1,0.0,2,400.0,22.0,-1,0.0971899032593,0,94.0,2,2,2.86539633251,4.45864372401,5.3,0,5.0,400.0,-10.5
3.1,0.0,1,400.0,22.0,1,0.0971758365631,0,94.0,2,5,5.24605364197,0.754268642848,5.3,0,5.0,400.0,-10.5
3.1,0.0,2,400.0,22.0,2,0.0971820354462,0,94.0,1,13,-2.86539633251,-4.45864372401,5.3,0,5.0,400.0,-10.5
3.1,0.0,1,400.0,22.0,-1,0.097186088562,-1,94.0,1,18,-4.82104957538,2.20169956891,5.3,0,5.0,400.0,-10.5
3.1,0.0,1,400.0,22.0,0,0.0970280170441,0,94.0,1,17,-5.24605364197,0.754268642848,5.3,0,5.0,400.0,-10.5
3.1,0.0,2,400.0,22.0,1,0.0970170497894,0,94.0,1,1,1.49318255126,5.08531276016,5.3,0,5.0,400.0,-10.5
3.1,0.0,1,400.0,22.0,0,0.0970151424408,0,94.0,1,1,1.49318255126,5.08531276016,5.3,0,5.0,400.0,-10.5
3.1,0.0,1,400.0,22.0,0,0.0971760749817,0,94.0,1,3,4.00547274408,3.47076188991,5.3,0,5.0,400.0,-10.5
3.1,0.0,2,400.0,22.0,-1,0.0971848964691,-1,94.0,1,2,2.86539633251,4.45864372401,5.3,0,5.0,400.0,-10.5
3.1,0.0,2,400.0,22.0,1,0.0970320701599,1,94.0,1,2,2.86539633251,4.45864372401,5.3,0,5.0,400.0,-10.5
3.1,0.0,2,400.0,22.0,1,0.0970258712769,1,94.0,2,12,-1.49318255126,-5.08531276016,5.3,0,5.0,400.0,-10.5
3.1,0.0,2,400.0,22.0,0,0.0970959663391,2,94.0,2,18,-4.82104957538,2.20169956891,5.3,0,5.0,400.0,-10.5
3.1,0.0,2,400.0,22.0,2,0.0972230434418,0,94.0,1,21,-1.49318255126,5.08531276016,5.3,0,5.0,400.0,-10.5
3.1,0.0,2,400.0,22.0,0,0.0972039699554,0,94.0,1,0,0.0,5.3,5.3,0,5.0,400.0,-10.5
3.1,0.0,1,400.0,22.0,2,0.0972158908844,2,94.0,1,9,2.86539633251,-4.45864372401,5.3,0,5.0,400.0,-10.5
3.1,0.0,2,400.0,22.0,0,0.0970349311829,0,94.0,2,13,-2.86539633251,-4.45864372401,5.3,0,5.0,400.0,-10.5
3.1,0.0,1,400.0,22.0,2,0.0972261428833,0,94.0,2,17,-5.24605364197,0.754268642848,5.3,0,5.0,400.0,-10.5
3.1,0.0,1,400.0,22.0,-2,0.0972139835358,-2,94.0,1,13,-2.86539633251,-4.45864372401,5.3,0,5.0,400.0,-10.5
3.1,0.0,1,400.0,22.0,-1,0.0972228050232,-1,94.0,1,11,6.49041367526e-16,-5.3,5.3,0,5.0,400.0,-10.5
3.1,0.0,2,400.0,22.0,1,0.0972440242767,-2,94.0,2,3,4.00547274408,3.47076188991,5.3,0,5.0,400.0,-10.5
3.1,0.0,2,400.0,22.0,2,0.0972170829773,0,94.0,1,13,-2.86539633251,-4.45864372401,5.3,0,5.0,400.0,-10.5
3.1,0.0,2,400.0,22.0,0,0.0972101688385,0,94.0,2,12,-1.49318255126,-5.08531276016,5.3,0,5.0,400.0,-10.5
3.1,0.0,2,400.0,22.0,1,0.0972001552582,1,94.0,2,10,1.49318255126,-5.08531276016,5.3,0,5.0,400.0,-10.5
3.1,0.0,2,400.0,22.0,0,0.0970470905304,1,94.0,1,9,2.86539633251,-4.45864372401,5.3,0,5.0,400.0,-10.5
3.1,0.0,1,400.0,22.0,1,0.0971539020538,-1,94.0,1,4,4.82104957538,2.20169956891,5.3,0,5.0,400.0,-10.5
3.1,0.0,2,400.0,22.0,-1,0.0970439910889,0,94.0,2,5,5.24605364197,0.754268642848,5.3,0,5.0,400.0,-10.5
3.1,0.0,2,400.0,22.0,0,0.0971851348877,0,94.0,1,11,6.49041367526e-16,-5.3,5.3,0,5.0,400.0,-10.5
3.1,0.0,1,400.0,22.0,1,0.0971908569336,2,94.0,1,3,4.00547274408,3.47076188991,5.3,0,5.0,400.0,-10.5
3.1,0.0,1,400.0,22.0,0,0.0971879959106,-2,94.0,2,0,0.0,5.3,5.3,0,5.0,400.0,-10.5
3.1,0.0,1,400.0,22.0,0,0.0971841812134,0,94.0,1,12,-1.49318255126,-5.08531276016,5.3,0,5.0,400.0,-10.5
3.1,0.0,2,400.0,22.0,-1,0.0971910953522,-1,94.0,2,19,-4.00547274408,3.47076188991,5.3,0,5.0,400.0,-10.5
3.1,0.0,2,400.0,22.0,1,0.097186088562,0,94.0,2,1,1.49318255126,5.08531276016,5.3,0,5.0,400.0,-10.5
3.1,0.0,2,400.0,22.0,0,0.0971949100494,1,94.0,1,17,-5.24605364197,0.754268642848,5.3,0,5.0,400.0,-10.5
3.1,0.0,1,400.0,22.0,2,0.0970339775085,2,94.0,1,7,4.82104957538,-2.20169956891,5.3,0,5.0,400.0,-10.5
3.1,0.0,2,400.0,22.0,1,0.0971829891205,1,94.0,2,16,-5.24605364197,-0.754268642848,5.3,0,5.0,400.0,-10.5
3.1,0.0,1,400.0,22.0,0,0.0970788002014,-2,94.0,1,0,0.0,5.3,5.3,0,5.0,400.0,-10.5
3.1,0.0,1,400.0,22.0,0,0.0971729755402,0,94.0,1,7,4.82104957538,-2.20169956891,5.3,0,5.0,400.0,-10.5
3.1,0.0,2,400.0,22.0,0,0.0971901416779,0,94.0,2,3,4.00547274408,3.47076188991,5.3,0,5.0,400.0,-10.5
3.1,0.0,1,400.0,22.0,0,0.0970759391785,-1,94.0,1,0,0.0,5.3,5.3,0,5.0,400.0,-10.5
3.1,0.0,2,400.0,22.0,-2,0.0971899032593,-2,94.0,2,8,4.00547274408,-3.47076188991,5.3,0,5.0,400.0,-10.5
3.1,0.0,2,400.0,22.0,-1,0.0970468521118,0,94.0,1,1,1.49318255126,5.08531276016,5.3,0,5.0,400.0,-10.5
3.1,0.0,2,400.0,22.0,-1,0.0970501899719,-1,94.0,2,10,1.49318255126,-5.08531276016,5.3,0,5.0,400.0,-10.5
3.1,0.0,2,400.0,22.0,0,0.0972201824188,0,94.0,2,2,2.86539633251,4.45864372401,5.3,0,5.0,400.0,-10.5
3.1,0.0,1,400.0,22.0,0,0.0973131656647,0,94.0,1,21,-1.49318255126,5.08531276016,5.3,0,5.0,400.0,-10.5
3.1,0.0,1,400.0,22.0,0,0.0972142219543,-2,94.0,2,7,4.82104957538,-2.20169956891,5.3,0,5.0,400.0,-10.5
3.1,0.0,1,400.0,22.0,0,0.0970840454102,2,94.0,1,6,5.24605364197,-0.754268642848,5.3,0,5.0,400.0,-10.5
3.1,0.0,2,400.0,22.0,-1,0.097216129303,-1,94.0,2,7,4.82104957538,-2.20169956891,5.3,0,5.0,400.0,-10.5
3.1,0.0,1,400.0,22.0,-1,0.0972101688385,2,94.0,2,2,2.86539633251,4.45864372401,5.3,0,5.0,400.0,-10.5
3.1,0.0,1,400.0,22.0,1,0.0972061157227,-2,94.0,2,7,4.82104957538,-2.20169956891,5.3,0,5.0,400.0,-10.5
3.1,0.0,2,400.0,22.0,1,0.097207069397,1,94.0,2,21,-1.49318255126,5.08531276016,5.3,0,5.0,400.0,-10.5
3.1,0.0,2,400.0,22.0,1,0.0972049236298,1,94.0,2,4,4.82104957538,2.20169956891,5.3,0,5.0,400.0,-10.5
3.1,0.0,2,400.0,22.0,1,0.0971999168396,1,94.0,2,2,2.86539633251,4.45864372401,5.3,0,5.0,400.0,-10.5
3.1,0.0,1,400.0,22.0,0,0.0972158908844,0,94.0,1,9,2.86539633251,-4.45864372401,5.3,0,5.0,400.0,-10.5
3.1,0.0,2,400.0,22.0,1,0.097186088562,1,94.0,2,4,4.82104957538,2.20169956891,5.3,0,5.0,400.0,-10.5
3.1,0.0,1,400.0,22.0,-1,0.0972290039062,-1,94.0,1,10,1.49318255126,-5.08531276016,5.3,0,5.0,400.0,-10.5
3.1,0.0,2,400.0,22.0,-1,0.0972089767456,1,94.0,1,15,-4.82104957538,-2.20169956891,5.3,0,5.0,400.0,-10.5
3.1,0.0,1,400.0,22.0,-1,0.0972309112549,-1,94.0,1,1,1.49318255126,5.08531276016,5.3,0,5.0,400.0,-10.5
3.1,0.0,1,400.0,22.0,1,0.0970649719238,1,94.0,1,16,-5.24605364197,-0.754268642848,5.3,0,5.0,400.0,-10.5
3.1,0.0,2,400.0,22.0,-1,0.097188949585,-1,94.0,2,12,-1.49318255126,-5.08531276016,5.3,0,5.0,400.0,-10.5
