cue-length,ms-precue,resp-v-hv,ms-st-cue,nitems,offset2,resp-h-pos,actualStimOn,resp-v-pos,ms-stimon,resp-h-hv,cue-loc-int,cue-loc-x,cue-loc-y,radius,bars-or-spot,version,offset,npractice,ntrials
3.1,0.0,2,400.0,22.0,0,0,0.097293138504,-1,94.0,2,1,1.49318255126,5.08531276016,5.3,1,13,0,5.0,300.0
3.1,0.0,1,400.0,22.0,0,-1,0.097216129303,-1,94.0,1,18,-4.82104957538,2.20169956891,5.3,1,13,0,5.0,300.0
3.1,0.0,1,400.0,22.0,0,0,0.0972020626068,0,94.0,1,3,4.00547274408,3.47076188991,5.3,1,13,0,5.0,300.0
3.1,0.0,2,400.0,22.0,0,1,0.0972130298615,1,94.0,2,5,5.24605364197,0.754268642848,5.3,1,13,0,5.0,300.0
3.1,0.0,2,400.0,22.0,0,1,0.0972208976746,1,94.0,2,19,-4.00547274408,3.47076188991,5.3,1,13,0,5.0,300.0
3.1,0.0,1,400.0,22.0,0,0,0.0971879959106,0,94.0,2,5,5.24605364197,0.754268642848,5.3,1,13,0,5.0,300.0
3.1,0.0,1,400.0,22.0,0,0,0.0971710681915,0,94.0,2,10,1.49318255126,-5.08531276016,5.3,1,13,0,5.0,300.0
3.1,0.0,1,400.0,22.0,0,-1,0.0971839427948,-2,94.0,2,0,0.0,5.3,5.3,1,13,0,5.0,300.0
3.1,0.0,1,400.0,22.0,0,0,0.0971691608429,-2,94.0,2,21,-1.49318255126,5.08531276016,5.3,1,13,0,5.0,300.0
3.1,0.0,1,400.0,22.0,0,-1,0.0971879959106,0,94.0,1,17,-5.24605364197,0.754268642848,5.3,1,13,0,5.0,300.0
3.1,0.0,1,400.0,22.0,0,0,0.0971570014954,0,94.0,2,15,-4.82104957538,-2.20169956891,5.3,1,13,0,5.0,300.0
3.1,0.0,1,400.0,22.0,0,0,0.0971870422363,2,94.0,2,0,0.0,5.3,5.3,1,13,0,5.0,300.0
3.1,0.0,2,400.0,22.0,0,-1,0.0971782207489,-1,94.0,2,11,6.49041367526e-16,-5.3,5.3,1,13,0,5.0,300.0
3.1,0.0,1,400.0,22.0,0,0,0.09716796875,0,94.0,1,18,-4.82104957538,2.20169956891,5.3,1,13,0,5.0,300.0
3.1,0.0,1,400.0,22.0,0,0,0.0971949100494,-1,94.0,2,0,0.0,5.3,5.3,1,13,0,5.0,300.0
3.1,0.0,2,400.0,22.0,0,2,0.0971779823303,1,94.0,2,10,1.49318255126,-5.08531276016,5.3,1,13,0,5.0,300.0
3.1,0.0,2,400.0,22.0,0,2,0.0970649719238,-2,94.0,1,11,6.49041367526e-16,-5.3,5.3,1,13,0,5.0,300.0
3.1,0.0,2,400.0,22.0,0,-1,0.0971848964691,2,94.0,1,21,-1.49318255126,5.08531276016,5.3,1,13,0,5.0,300.0
3.1,0.0,1,400.0,22.0,0,0,0.0971899032593,2,94.0,1,6,5.24605364197,-0.754268642848,5.3,1,13,0,5.0,300.0
3.1,0.0,1,400.0,22.0,0,0,0.0971710681915,0,94.0,1,17,-5.24605364197,0.754268642848,5.3,1,13,0,5.0,300.0
3.1,0.0,1,400.0,22.0,0,0,0.0971989631653,1,94.0,2,14,-4.00547274408,-3.47076188991,5.3,1,13,0,5.0,300.0
3.1,0.0,2,400.0,22.0,0,0,0.0972061157227,-1,94.0,1,12,-1.49318255126,-5.08531276016,5.3,1,13,0,5.0,300.0
3.1,0.0,1,400.0,22.0,0,1,0.0971868038177,0,94.0,1,12,-1.49318255126,-5.08531276016,5.3,1,13,0,5.0,300.0
3.1,0.0,1,400.0,22.0,0,0,0.0971910953522,0,94.0,1,8,4.00547274408,-3.47076188991,5.3,1,13,0,5.0,300.0
3.1,0.0,2,400.0,22.0,0,-2,0.0971920490265,1,94.0,2,4,4.82104957538,2.20169956891,5.3,1,13,0,5.0,300.0
3.1,0.0,2,400.0,22.0,0,1,0.0971820354462,0,94.0,2,21,-1.49318255126,5.08531276016,5.3,1,13,0,5.0,300.0
3.1,0.0,2,400.0,22.0,0,2,0.0970139503479,0,94.0,1,11,6.49041367526e-16,-5.3,5.3,1,13,0,5.0,300.0
3.1,0.0,2,400.0,22.0,0,0,0.0973339080811,0,94.0,1,0,0.0,5.3,5.3,1,13,0,5.0,300.0
3.1,0.0,2,400.0,22.0,0,1,0.0971801280975,0,94.0,2,2,2.86539633251,4.45864372401,5.3,1,13,0,5.0,300.0
3.1,0.0,2,400.0,22.0,0,1,0.0971939563751,-1,94.0,2,3,4.00547274408,3.47076188991,5.3,1,13,0,5.0,300.0
3.1,0.0,1,400.0,22.0,0,0,0.0971810817719,0,94.0,1,5,5.24605364197,0.754268642848,5.3,1,13,0,5.0,300.0
3.1,0.0,2,400.0,22.0,0,-1,0.0971961021423,-1,94.0,2,18,-4.82104957538,2.20169956891,5.3,1,13,0,5.0,300.0
3.1,0.0,2,400.0,22.0,0,0,0.0970118045807,-1,94.0,1,3,4.00547274408,3.47076188991,5.3,1,13,0,5.0,300.0
3.1,0.0,2,400.0,22.0,0,1,0.0971639156342,1,94.0,2,13,-2.86539633251,-4.45864372401,5.3,1,13,0,5.0,300.0
3.1,0.0,2,400.0,22.0,0,1,0.0971839427948,0,94.0,2,4,4.82104957538,2.20169956891,5.3,1,13,0,5.0,300.0
3.1,0.0,1,400.0,22.0,0,1,0.097186088562,-2,94.0,2,1,1.49318255126,5.08531276016,5.3,1,13,0,5.0,300.0
3.1,0.0,2,400.0,22.0,0,0,0.0971920490265,0,94.0,1,6,5.24605364197,-0.754268642848,5.3,1,13,0,5.0,300.0
3.1,0.0,1,400.0,22.0,0,-1,0.0971829891205,-1,94.0,2,19,-4.00547274408,3.47076188991,5.3,1,13,0,5.0,300.0
3.1,0.0,2,400.0,22.0,0,1,0.0971758365631,2,94.0,1,1,1.49318255126,5.08531276016,5.3,1,13,0,5.0,300.0
3.1,0.0,2,400.0,22.0,0,-2,0.0971789360046,-2,94.0,2,15,-4.82104957538,-2.20169956891,5.3,1,13,0,5.0,300.0
3.1,0.0,2,400.0,22.0,0,0,0.0971870422363,0,94.0,1,6,5.24605364197,-0.754268642848,5.3,1,13,0,5.0,300.0
3.1,0.0,2,400.0,22.0,0,-2,0.0971751213074,0,94.0,2,13,-2.86539633251,-4.45864372401,5.3,1,13,0,5.0,300.0
3.1,0.0,1,400.0,22.0,0,-2,0.0969989299774,-2,94.0,2,9,2.86539633251,-4.45864372401,5.3,1,13,0,5.0,300.0
3.1,0.0,2,400.0,22.0,0,0,0.097177028656,0,94.0,1,9,2.86539633251,-4.45864372401,5.3,1,13,0,5.0,300.0
3.1,0.0,1,400.0,22.0,0,-2,0.0971941947937,2,94.0,1,1,1.49318255126,5.08531276016,5.3,1,13,0,5.0,300.0
3.1,0.0,1,400.0,22.0,0,1,0.0972061157227,1,94.0,2,12,-1.49318255126,-5.08531276016,5.3,1,13,0,5.0,300.0
3.1,0.0,1,400.0,22.0,0,1,0.0971870422363,0,94.0,1,12,-1.49318255126,-5.08531276016,5.3,1,13,0,5.0,300.0
3.1,0.0,2,400.0,22.0,0,0,0.0972089767456,0,94.0,2,19,-4.00547274408,3.47076188991,5.3,1,13,0,5.0,300.0
3.1,0.0,2,400.0,22.0,0,2,0.0972058773041,0,94.0,2,0,0.0,5.3,5.3,1,13,0,5.0,300.0
3.1,0.0,1,400.0,22.0,0,0,0.0972061157227,0,94.0,2,20,-2.86539633251,4.45864372401,5.3,1,13,0,5.0,300.0
3.1,0.0,1,400.0,22.0,0,0,0.097188949585,0,94.0,2,17,-5.24605364197,0.754268642848,5.3,1,13,0,5.0,300.0
3.1,0.0,1,400.0,22.0,0,-1,0.0969948768616,-1,94.0,1,13,-2.86539633251,-4.45864372401,5.3,1,13,0,5.0,300.0
3.1,0.0,2,400.0,22.0,0,1,0.0972127914429,1,94.0,2,4,4.82104957538,2.20169956891,5.3,1,13,0,5.0,300.0
3.1,0.0,1,400.0,22.0,0,0,0.097216129303,0,94.0,1,3,4.00547274408,3.47076188991,5.3,1,13,0,5.0,300.0
3.1,0.0,1,400.0,22.0,0,0,0.0972151756287,0,94.0,2,8,4.00547274408,-3.47076188991,5.3,1,13,0,5.0,300.0
3.1,0.0,1,400.0,22.0,0,-2,0.097217798233,0,94.0,1,18,-4.82104957538,2.20169956891,5.3,1,13,0,5.0,300.0
3.1,0.0,1,400.0,22.0,0,0,0.0972938537598,-1,94.0,1,19,-4.00547274408,3.47076188991,5.3,1,13,0,5.0,300.0
3.1,0.0,1,400.0,22.0,0,1,0.0972189903259,0,94.0,1,8,4.00547274408,-3.47076188991,5.3,1,13,0,5.0,300.0
3.1,0.0,2,400.0,22.0,0,0,0.0972220897675,1,94.0,1,14,-4.00547274408,-3.47076188991,5.3,1,13,0,5.0,300.0
3.1,0.0,1,400.0,22.0,0,0,0.0971920490265,2,94.0,2,8,4.00547274408,-3.47076188991,5.3,1,13,0,5.0,300.0
3.1,0.0,2,400.0,22.0,0,0,0.0972001552582,-1,94.0,2,0,0.0,5.3,5.3,1,13,0,5.0,300.0
3.1,0.0,2,400.0,22.0,0,2,0.0972170829773,1,94.0,1,6,5.24605364197,-0.754268642848,5.3,1,13,0,5.0,300.0
3.1,0.0,2,400.0,22.0,0,0,0.0972068309784,-1,94.0,1,18,-4.82104957538,2.20169956891,5.3,1,13,0,5.0,300.0
3.1,0.0,1,400.0,22.0,0,-2,0.0972089767456,1,94.0,1,0,0.0,5.3,5.3,1,13,0,5.0,300.0
3.1,0.0,2,400.0,22.0,0,-1,0.0972249507904,-1,94.0,2,18,-4.82104957538,2.20169956891,5.3,1,13,0,5.0,300.0
3.1,0.0,2,400.0,22.0,0,-1,0.0972139835358,-1,94.0,2,19,-4.00547274408,3.47076188991,5.3,1,13,0,5.0,300.0
3.1,0.0,2,400.0,22.0,0,0,0.0972149372101,0,94.0,2,16,-5.24605364197,-0.754268642848,5.3,1,13,0,5.0,300.0
3.1,0.0,2,400.0,22.0,0,2,0.0972039699554,-2,94.0,2,2,2.86539633251,4.45864372401,5.3,1,13,0,5.0,300.0
3.1,0.0,2,400.0,22.0,0,0,0.0971841812134,0,94.0,2,20,-2.86539633251,4.45864372401,5.3,1,13,0,5.0,300.0
3.1,0.0,2,400.0,22.0,0,1,0.0972180366516,1,94.0,2,8,4.00547274408,-3.47076188991,5.3,1,13,0,5.0,300.0
3.1,0.0,2,400.0,22.0,0,-1,0.0971930027008,-1,94.0,2,19,-4.00547274408,3.47076188991,5.3,1,13,0,5.0,300.0
3.1,0.0,1,400.0,22.0,0,1,0.0971820354462,1,94.0,1,1,1.49318255126,5.08531276016,5.3,1,13,0,5.0,300.0
3.1,0.0,1,400.0,22.0,0,1,0.0972180366516,0,94.0,1,12,-1.49318255126,-5.08531276016,5.3,1,13,0,5.0,300.0
3.1,0.0,2,400.0,22.0,0,1,0.0972068309784,1,94.0,1,5,5.24605364197,0.754268642848,5.3,1,13,0,5.0,300.0
3.1,0.0,2,400.0,22.0,0,-1,0.0971758365631,-1,94.0,2,14,-4.00547274408,-3.47076188991,5.3,1,13,0,5.0,300.0
3.1,0.0,1,400.0,22.0,0,0,0.0972259044647,0,94.0,1,5,5.24605364197,0.754268642848,5.3,1,13,0,5.0,300.0
3.1,0.0,2,400.0,22.0,0,-1,0.0972168445587,-1,94.0,1,17,-5.24605364197,0.754268642848,5.3,1,13,0,5.0,300.0
3.1,0.0,1,400.0,22.0,0,0,0.0970351696014,-2,94.0,1,5,5.24605364197,0.754268642848,5.3,1,13,0,5.0,300.0
3.1,0.0,2,400.0,22.0,0,-1,0.097058057785,-1,94.0,2,17,-5.24605364197,0.754268642848,5.3,1,13,0,5.0,300.0
3.1,0.0,2,400.0,22.0,0,-1,0.0970320701599,0,94.0,1,7,4.82104957538,-2.20169956891,5.3,1,13,0,5.0,300.0
3.1,0.0,1,400.0,22.0,0,0,0.0971879959106,-2,94.0,1,7,4.82104957538,-2.20169956891,5.3,1,13,0,5.0,300.0
3.1,0.0,2,400.0,22.0,0,0,0.0972108840942,1,94.0,1,0,0.0,5.3,5.3,1,13,0,5.0,300.0
3.1,0.0,2,400.0,22.0,0,1,0.0971901416779,1,94.0,2,3,4.00547274408,3.47076188991,5.3,1,13,0,5.0,300.0
3.1,0.0,1,400.0,22.0,0,1,0.0972149372101,1,94.0,1,8,4.00547274408,-3.47076188991,5.3,1,13,0,5.0,300.0
3.1,0.0,1,400.0,22.0,0,-2,0.0972299575806,1,94.0,1,5,5.24605364197,0.754268642848,5.3,1,13,0,5.0,300.0
3.1,0.0,1,400.0,22.0,0,0,0.0972051620483,1,94.0,1,1,1.49318255126,5.08531276016,5.3,1,13,0,5.0,300.0
3.1,0.0,2,400.0,22.0,0,0,0.097179889679,2,94.0,1,18,-4.82104957538,2.20169956891,5.3,1,13,0,5.0,300.0
3.1,0.0,1,400.0,22.0,0,0,0.0971751213074,0,94.0,1,2,2.86539633251,4.45864372401,5.3,1,13,0,5.0,300.0
3.1,0.0,2,400.0,22.0,0,0,0.0971848964691,0,94.0,1,21,-1.49318255126,5.08531276016,5.3,1,13,0,5.0,300.0
3.1,0.0,2,400.0,22.0,0,-1,0.0971839427948,1,94.0,2,14,-4.00547274408,-3.47076188991,5.3,1,13,0,5.0,300.0
3.1,0.0,2,400.0,22.0,0,-1,0.0971729755402,0,94.0,1,5,5.24605364197,0.754268642848,5.3,1,13,0,5.0,300.0
3.1,0.0,1,400.0,22.0,0,0,0.0972130298615,0,94.0,2,7,4.82104957538,-2.20169956891,5.3,1,13,0,5.0,300.0
3.1,0.0,2,400.0,22.0,0,0,0.0971748828888,0,94.0,2,8,4.00547274408,-3.47076188991,5.3,1,13,0,5.0,300.0
3.1,0.0,2,400.0,22.0,0,0,0.0970139503479,0,94.0,2,10,1.49318255126,-5.08531276016,5.3,1,13,0,5.0,300.0
3.1,0.0,1,400.0,22.0,0,0,0.0971670150757,1,94.0,1,17,-5.24605364197,0.754268642848,5.3,1,13,0,5.0,300.0
3.1,0.0,1,400.0,22.0,0,0,0.0971908569336,0,94.0,2,8,4.00547274408,-3.47076188991,5.3,1,13,0,5.0,300.0
3.1,0.0,1,400.0,22.0,0,1,0.0971779823303,-1,94.0,2,20,-2.86539633251,4.45864372401,5.3,1,13,0,5.0,300.0
3.1,0.0,2,400.0,22.0,0,0,0.0970208644867,-2,94.0,1,6,5.24605364197,-0.754268642848,5.3,1,13,0,5.0,300.0
3.1,0.0,2,400.0,22.0,0,1,0.097177028656,1,94.0,2,2,2.86539633251,4.45864372401,5.3,1,13,0,5.0,300.0
3.1,0.0,2,400.0,22.0,0,-1,0.0971810817719,-1,94.0,2,3,4.00547274408,3.47076188991,5.3,1,13,0,5.0,300.0
3.1,0.0,1,400.0,22.0,0,1,0.0972011089325,2,94.0,1,6,5.24605364197,-0.754268642848,5.3,1,13,0,5.0,300.0
3.1,0.0,2,400.0,22.0,0,-2,0.0971870422363,-2,94.0,2,16,-5.24605364197,-0.754268642848,5.3,1,13,0,5.0,300.0
3.1,0.0,1,400.0,22.0,0,1,0.0971901416779,1,94.0,1,13,-2.86539633251,-4.45864372401,5.3,1,13,0,5.0,300.0
3.1,0.0,1,400.0,22.0,0,-2,0.0972039699554,-2,94.0,1,11,6.49041367526e-16,-5.3,5.3,1,13,0,5.0,300.0
3.1,0.0,2,400.0,22.0,0,-1,0.0971920490265,0,94.0,2,14,-4.00547274408,-3.47076188991,5.3,1,13,0,5.0,300.0
3.1,0.0,2,400.0,22.0,0,0,0.0972020626068,0,94.0,2,4,4.82104957538,2.20169956891,5.3,1,13,0,5.0,300.0
3.1,0.0,1,400.0,22.0,0,1,0.0971829891205,1,94.0,1,19,-4.00547274408,3.47076188991,5.3,1,13,0,5.0,300.0
3.1,0.0,1,400.0,22.0,0,0,0.0970120429993,0,94.0,2,17,-5.24605364197,0.754268642848,5.3,1,13,0,5.0,300.0
3.1,0.0,2,400.0,22.0,0,0,0.0972058773041,0,94.0,1,6,5.24605364197,-0.754268642848,5.3,1,13,0,5.0,300.0
3.1,0.0,2,400.0,22.0,0,0,0.0971868038177,0,94.0,1,6,5.24605364197,-0.754268642848,5.3,1,13,0,5.0,300.0
3.1,0.0,1,400.0,22.0,0,0,0.0970470905304,-1,94.0,2,4,4.82104957538,2.20169956891,5.3,1,13,0,5.0,300.0
3.1,0.0,1,400.0,22.0,0,-1,0.0972061157227,-1,94.0,2,7,4.82104957538,-2.20169956891,5.3,1,13,0,5.0,300.0
3.1,0.0,1,400.0,22.0,0,0,0.0970199108124,0,94.0,1,14,-4.00547274408,-3.47076188991,5.3,1,13,0,5.0,300.0
3.1,0.0,2,400.0,22.0,0,-1,0.0971879959106,0,94.0,2,20,-2.86539633251,4.45864372401,5.3,1,13,0,5.0,300.0
3.1,0.0,2,400.0,22.0,0,0,0.0971817970276,0,94.0,1,15,-4.82104957538,-2.20169956891,5.3,1,13,0,5.0,300.0
3.1,0.0,1,400.0,22.0,0,-1,0.0971949100494,-1,94.0,1,8,4.00547274408,-3.47076188991,5.3,1,13,0,5.0,300.0
3.1,0.0,1,400.0,22.0,0,2,0.0970020294189,2,94.0,1,3,4.00547274408,3.47076188991,5.3,1,13,0,5.0,300.0
3.1,0.0,2,400.0,22.0,0,1,0.0971949100494,0,94.0,1,6,5.24605364197,-0.754268642848,5.3,1,13,0,5.0,300.0
3.1,0.0,2,400.0,22.0,0,0,0.0971870422363,0,94.0,1,6,5.24605364197,-0.754268642848,5.3,1,13,0,5.0,300.0
3.1,0.0,2,400.0,22.0,0,1,0.0971868038177,1,94.0,2,1,1.49318255126,5.08531276016,5.3,1,13,0,5.0,300.0
3.1,0.0,2,400.0,22.0,0,-1,0.097188949585,0,94.0,1,3,4.00547274408,3.47076188991,5.3,1,13,0,5.0,300.0
3.1,0.0,2,400.0,22.0,0,-1,0.0971989631653,-1,94.0,1,10,1.49318255126,-5.08531276016,5.3,1,13,0,5.0,300.0
3.1,0.0,2,400.0,22.0,0,0,0.0971891880035,0,94.0,2,15,-4.82104957538,-2.20169956891,5.3,1,13,0,5.0,300.0
3.1,0.0,1,400.0,22.0,0,0,0.0971901416779,1,94.0,1,4,4.82104957538,2.20169956891,5.3,1,13,0,5.0,300.0
3.1,0.0,1,400.0,22.0,0,-1,0.0972139835358,0,94.0,1,16,-5.24605364197,-0.754268642848,5.3,1,13,0,5.0,300.0
3.1,0.0,1,400.0,22.0,0,-2,0.0971961021423,-2,94.0,1,16,-5.24605364197,-0.754268642848,5.3,1,13,0,5.0,300.0
3.1,0.0,2,400.0,22.0,0,2,0.0972020626068,0,94.0,1,14,-4.00547274408,-3.47076188991,5.3,1,13,0,5.0,300.0
3.1,0.0,2,400.0,22.0,0,0,0.0972170829773,0,94.0,2,8,4.00547274408,-3.47076188991,5.3,1,13,0,5.0,300.0
3.1,0.0,1,400.0,22.0,0,0,0.0972130298615,0,94.0,2,10,1.49318255126,-5.08531276016,5.3,1,13,0,5.0,300.0
3.1,0.0,2,400.0,22.0,0,2,0.0972230434418,-1,94.0,1,4,4.82104957538,2.20169956891,5.3,1,13,0,5.0,300.0
3.1,0.0,1,400.0,22.0,0,2,0.097204208374,0,94.0,1,8,4.00547274408,-3.47076188991,5.3,1,13,0,5.0,300.0
3.1,0.0,2,400.0,22.0,0,1,0.0972089767456,0,94.0,1,6,5.24605364197,-0.754268642848,5.3,1,13,0,5.0,300.0
3.1,0.0,1,400.0,22.0,0,0,0.097216129303,-2,94.0,1,0,0.0,5.3,5.3,1,13,0,5.0,300.0
3.1,0.0,1,400.0,22.0,0,2,0.0972168445587,0,94.0,2,6,5.24605364197,-0.754268642848,5.3,1,13,0,5.0,300.0
3.1,0.0,2,400.0,22.0,0,0,0.0972118377686,-1,94.0,1,15,-4.82104957538,-2.20169956891,5.3,1,13,0,5.0,300.0
3.1,0.0,2,400.0,22.0,0,-1,0.0971879959106,-1,94.0,2,15,-4.82104957538,-2.20169956891,5.3,1,13,0,5.0,300.0
3.1,0.0,2,400.0,22.0,0,0,0.0972781181335,0,94.0,1,8,4.00547274408,-3.47076188991,5.3,1,13,0,5.0,300.0
3.1,0.0,1,400.0,22.0,0,1,0.0971930027008,2,94.0,1,16,-5.24605364197,-0.754268642848,5.3,1,13,0,5.0,300.0
3.1,0.0,1,400.0,22.0,0,1,0.097186088562,-1,94.0,1,3,4.00547274408,3.47076188991,5.3,1,13,0,5.0,300.0
3.1,0.0,2,400.0,22.0,0,0,0.0972158908844,1,94.0,1,5,5.24605364197,0.754268642848,5.3,1,13,0,5.0,300.0
3.1,0.0,1,400.0,22.0,0,-1,0.0972039699554,-1,94.0,1,9,2.86539633251,-4.45864372401,5.3,1,13,0,5.0,300.0
3.1,0.0,1,400.0,22.0,0,0,0.0970258712769,-1,94.0,1,6,5.24605364197,-0.754268642848,5.3,1,13,0,5.0,300.0
3.1,0.0,1,400.0,22.0,0,1,0.0972321033478,-2,94.0,2,19,-4.00547274408,3.47076188991,5.3,1,13,0,5.0,300.0
3.1,0.0,2,400.0,22.0,0,-1,0.0972089767456,0,94.0,2,18,-4.82104957538,2.20169956891,5.3,1,13,0,5.0,300.0
3.1,0.0,1,400.0,22.0,0,-2,0.0971930027008,-1,94.0,1,7,4.82104957538,-2.20169956891,5.3,1,13,0,5.0,300.0
3.1,0.0,1,400.0,22.0,0,0,0.0972139835358,1,94.0,2,19,-4.00547274408,3.47076188991,5.3,1,13,0,5.0,300.0
3.1,0.0,1,400.0,22.0,0,-1,0.0972139835358,-1,94.0,1,12,-1.49318255126,-5.08531276016,5.3,1,13,0,5.0,300.0
3.1,0.0,1,400.0,22.0,0,1,0.0971989631653,0,94.0,1,21,-1.49318255126,5.08531276016,5.3,1,13,0,5.0,300.0
3.1,0.0,1,400.0,22.0,0,0,0.097216129303,1,94.0,1,18,-4.82104957538,2.20169956891,5.3,1,13,0,5.0,300.0
3.1,0.0,2,400.0,22.0,0,1,0.097217798233,1,94.0,2,1,1.49318255126,5.08531276016,5.3,1,13,0,5.0,300.0
3.1,0.0,2,400.0,22.0,0,0,0.0971841812134,0,94.0,1,4,4.82104957538,2.20169956891,5.3,1,13,0,5.0,300.0
3.1,0.0,2,400.0,22.0,0,0,0.0970561504364,0,94.0,1,19,-4.00547274408,3.47076188991,5.3,1,13,0,5.0,300.0
3.1,0.0,2,400.0,22.0,0,0,0.0970470905304,-1,94.0,1,17,-5.24605364197,0.754268642848,5.3,1,13,0,5.0,300.0
3.1,0.0,2,400.0,22.0,0,2,0.097188949585,2,94.0,1,13,-2.86539633251,-4.45864372401,5.3,1,13,0,5.0,300.0
3.1,0.0,1,400.0,22.0,0,-1,0.0971701145172,0,94.0,1,10,1.49318255126,-5.08531276016,5.3,1,13,0,5.0,300.0
3.1,0.0,2,400.0,22.0,0,1,0.0971970558167,0,94.0,2,2,2.86539633251,4.45864372401,5.3,1,13,0,5.0,300.0
3.1,0.0,2,400.0,22.0,0,0,0.0972111225128,1,94.0,1,19,-4.00547274408,3.47076188991,5.3,1,13,0,5.0,300.0
3.1,0.0,1,400.0,22.0,0,0,0.0972049236298,0,94.0,2,16,-5.24605364197,-0.754268642848,5.3,1,13,0,5.0,300.0
3.1,0.0,2,400.0,22.0,0,0,0.0972020626068,0,94.0,2,8,4.00547274408,-3.47076188991,5.3,1,13,0,5.0,300.0
3.1,0.0,1,400.0,22.0,0,0,0.0971729755402,0,94.0,2,14,-4.00547274408,-3.47076188991,5.3,1,13,0,5.0,300.0
3.1,0.0,2,400.0,22.0,0,-2,0.0972261428833,-2,94.0,2,8,4.00547274408,-3.47076188991,5.3,1,13,0,5.0,300.0
3.1,0.0,1,400.0,22.0,0,2,0.0972108840942,-1,94.0,2,1,1.49318255126,5.08531276016,5.3,1,13,0,5.0,300.0
3.1,0.0,1,400.0,22.0,0,-1,0.0971910953522,0,94.0,1,10,1.49318255126,-5.08531276016,5.3,1,13,0,5.0,300.0
3.1,0.0,1,400.0,22.0,0,0,0.0970368385315,0,94.0,1,9,2.86539633251,-4.45864372401,5.3,1,13,0,5.0,300.0
3.1,0.0,2,400.0,22.0,0,-2,0.0971870422363,1,94.0,2,16,-5.24605364197,-0.754268642848,5.3,1,13,0,5.0,300.0
3.1,0.0,2,400.0,22.0,0,0,0.0970339775085,-1,94.0,1,16,-5.24605364197,-0.754268642848,5.3,1,13,0,5.0,300.0
3.1,0.0,1,400.0,22.0,0,0,0.097186088562,0,94.0,2,6,5.24605364197,-0.754268642848,5.3,1,13,0,5.0,300.0
3.1,0.0,1,400.0,22.0,0,-2,0.0970230102539,-2,94.0,1,19,-4.00547274408,3.47076188991,5.3,1,13,0,5.0,300.0
3.1,0.0,2,400.0,22.0,0,1,0.0970458984375,0,94.0,1,1,1.49318255126,5.08531276016,5.3,1,13,0,5.0,300.0
3.1,0.0,2,400.0,22.0,0,1,0.0970740318298,1,94.0,2,16,-5.24605364197,-0.754268642848,5.3,1,13,0,5.0,300.0
3.1,0.0,2,400.0,22.0,0,0,0.0971829891205,0,94.0,1,9,2.86539633251,-4.45864372401,5.3,1,13,0,5.0,300.0
3.1,0.0,2,400.0,22.0,0,0,0.0970211029053,0,94.0,2,8,4.00547274408,-3.47076188991,5.3,1,13,0,5.0,300.0
3.1,0.0,1,400.0,22.0,0,0,0.0971720218658,0,94.0,2,12,-1.49318255126,-5.08531276016,5.3,1,13,0,5.0,300.0
3.1,0.0,2,400.0,22.0,0,0,0.0971810817719,0,94.0,2,9,2.86539633251,-4.45864372401,5.3,1,13,0,5.0,300.0
3.1,0.0,2,400.0,22.0,0,0,0.0971729755402,-1,94.0,1,15,-4.82104957538,-2.20169956891,5.3,1,13,0,5.0,300.0
3.1,0.0,2,400.0,22.0,0,1,0.0971839427948,1,94.0,2,21,-1.49318255126,5.08531276016,5.3,1,13,0,5.0,300.0
3.1,0.0,1,400.0,22.0,0,1,0.0971848964691,1,94.0,1,4,4.82104957538,2.20169956891,5.3,1,13,0,5.0,300.0
3.1,0.0,2,400.0,22.0,0,-2,0.0970230102539,0,94.0,2,2,2.86539633251,4.45864372401,5.3,1,13,0,5.0,300.0
3.1,0.0,2,400.0,22.0,0,0,0.0970149040222,0,94.0,2,20,-2.86539633251,4.45864372401,5.3,1,13,0,5.0,300.0
3.1,0.0,1,400.0,22.0,0,-2,0.097048997879,-2,94.0,1,14,-4.00547274408,-3.47076188991,5.3,1,13,0,5.0,300.0
3.1,0.0,1,400.0,22.0,0,0,0.0970211029053,0,94.0,1,7,4.82104957538,-2.20169956891,5.3,1,13,0,5.0,300.0
3.1,0.0,1,400.0,22.0,0,0,0.0971870422363,0,94.0,1,5,5.24605364197,0.754268642848,5.3,1,13,0,5.0,300.0
3.1,0.0,2,400.0,22.0,0,1,0.0970129966736,1,94.0,2,13,-2.86539633251,-4.45864372401,5.3,1,13,0,5.0,300.0
3.1,0.0,1,400.0,22.0,0,0,0.0970158576965,-1,94.0,1,2,2.86539633251,4.45864372401,5.3,1,13,0,5.0,300.0
3.1,0.0,2,400.0,22.0,0,0,0.0970211029053,0,94.0,2,5,5.24605364197,0.754268642848,5.3,1,13,0,5.0,300.0
3.1,0.0,1,400.0,22.0,0,0,0.0970129966736,0,94.0,2,6,5.24605364197,-0.754268642848,5.3,1,13,0,5.0,300.0
3.1,0.0,1,400.0,22.0,0,0,0.0970211029053,0,94.0,1,16,-5.24605364197,-0.754268642848,5.3,1,13,0,5.0,300.0
3.1,0.0,1,400.0,22.0,0,0,0.0970199108124,-1,94.0,1,17,-5.24605364197,0.754268642848,5.3,1,13,0,5.0,300.0
3.1,0.0,1,400.0,22.0,0,-1,0.0970189571381,-1,94.0,2,19,-4.00547274408,3.47076188991,5.3,1,13,0,5.0,300.0
3.1,0.0,2,400.0,22.0,0,0,0.0970189571381,0,94.0,2,10,1.49318255126,-5.08531276016,5.3,1,13,0,5.0,300.0
3.1,0.0,2,400.0,22.0,0,0,0.0971930027008,0,94.0,2,15,-4.82104957538,-2.20169956891,5.3,1,13,0,5.0,300.0
3.1,0.0,2,400.0,22.0,0,1,0.0971879959106,0,94.0,1,21,-1.49318255126,5.08531276016,5.3,1,13,0,5.0,300.0
3.1,0.0,2,400.0,22.0,0,-1,0.0972030162811,0,94.0,2,10,1.49318255126,-5.08531276016,5.3,1,13,0,5.0,300.0
3.1,0.0,2,400.0,22.0,0,1,0.0971801280975,1,94.0,1,3,4.00547274408,3.47076188991,5.3,1,13,0,5.0,300.0
3.1,0.0,2,400.0,22.0,0,-1,0.0971930027008,1,94.0,2,11,6.49041367526e-16,-5.3,5.3,1,13,0,5.0,300.0
3.1,0.0,1,400.0,22.0,0,-1,0.0971992015839,-1,94.0,1,21,-1.49318255126,5.08531276016,5.3,1,13,0,5.0,300.0
3.1,0.0,2,400.0,22.0,0,1,0.0971739292145,1,94.0,2,8,4.00547274408,-3.47076188991,5.3,1,13,0,5.0,300.0
3.1,0.0,2,400.0,22.0,0,-2,0.0972158908844,-2,94.0,2,12,-1.49318255126,-5.08531276016,5.3,1,13,0,5.0,300.0
3.1,0.0,2,400.0,22.0,0,-2,0.0973951816559,-2,94.0,2,20,-2.86539633251,4.45864372401,5.3,1,13,0,5.0,300.0
3.1,0.0,1,400.0,22.0,0,0,0.0971941947937,0,94.0,1,12,-1.49318255126,-5.08531276016,5.3,1,13,0,5.0,300.0
3.1,0.0,2,400.0,22.0,0,2,0.0970070362091,0,94.0,1,19,-4.00547274408,3.47076188991,5.3,1,13,0,5.0,300.0
3.1,0.0,1,400.0,22.0,0,0,0.0970139503479,0,94.0,2,9,2.86539633251,-4.45864372401,5.3,1,13,0,5.0,300.0
3.1,0.0,1,400.0,22.0,0,1,0.0970048904419,1,94.0,1,4,4.82104957538,2.20169956891,5.3,1,13,0,5.0,300.0
3.1,0.0,2,400.0,22.0,0,0,0.0970108509064,0,94.0,2,21,-1.49318255126,5.08531276016,5.3,1,13,0,5.0,300.0
3.1,0.0,1,400.0,22.0,0,-2,0.0970120429993,1,94.0,1,1,1.49318255126,5.08531276016,5.3,1,13,0,5.0,300.0
3.1,0.0,1,400.0,22.0,0,0,0.0972118377686,0,94.0,1,14,-4.00547274408,-3.47076188991,5.3,1,13,0,5.0,300.0
3.1,0.0,1,400.0,22.0,0,1,0.0972080230713,1,94.0,1,7,4.82104957538,-2.20169956891,5.3,1,13,0,5.0,300.0
3.1,0.0,2,400.0,22.0,0,1,0.0972118377686,2,94.0,1,14,-4.00547274408,-3.47076188991,5.3,1,13,0,5.0,300.0
3.1,0.0,1,400.0,22.0,0,0,0.0971999168396,0,94.0,1,17,-5.24605364197,0.754268642848,5.3,1,13,0,5.0,300.0
3.1,0.0,1,400.0,22.0,0,1,0.0972011089325,1,94.0,1,19,-4.00547274408,3.47076188991,5.3,1,13,0,5.0,300.0
3.1,0.0,2,400.0,22.0,0,0,0.0972061157227,-1,94.0,1,7,4.82104957538,-2.20169956891,5.3,1,13,0,5.0,300.0
3.1,0.0,2,400.0,22.0,0,-1,0.0972139835358,-1,94.0,1,8,4.00547274408,-3.47076188991,5.3,1,13,0,5.0,300.0
3.1,0.0,1,400.0,22.0,0,1,0.0972039699554,1,94.0,1,14,-4.00547274408,-3.47076188991,5.3,1,13,0,5.0,300.0
3.1,0.0,2,400.0,22.0,0,0,0.0969989299774,0,94.0,2,17,-5.24605364197,0.754268642848,5.3,1,13,0,5.0,300.0
3.1,0.0,2,400.0,22.0,0,0,0.0970070362091,0,94.0,2,3,4.00547274408,3.47076188991,5.3,1,13,0,5.0,300.0
3.1,0.0,1,400.0,22.0,0,0,0.0972130298615,2,94.0,1,4,4.82104957538,2.20169956891,5.3,1,13,0,5.0,300.0
3.1,0.0,2,400.0,22.0,0,0,0.0972218513489,0,94.0,2,21,-1.49318255126,5.08531276016,5.3,1,13,0,5.0,300.0
3.1,0.0,2,400.0,22.0,0,0,0.0972139835358,0,94.0,2,9,2.86539633251,-4.45864372401,5.3,1,13,0,5.0,300.0
3.1,0.0,2,400.0,22.0,0,0,0.0972039699554,0,94.0,2,5,5.24605364197,0.754268642848,5.3,1,13,0,5.0,300.0
3.1,0.0,1,400.0,22.0,0,-1,0.0972089767456,0,94.0,1,8,4.00547274408,-3.47076188991,5.3,1,13,0,5.0,300.0
3.1,0.0,1,400.0,22.0,0,-2,0.097207069397,-2,94.0,1,19,-4.00547274408,3.47076188991,5.3,1,13,0,5.0,300.0
3.1,0.0,1,400.0,22.0,0,2,0.0972199440002,2,94.0,1,0,0.0,5.3,5.3,1,13,0,5.0,300.0
3.1,0.0,2,400.0,22.0,0,0,0.0972011089325,0,94.0,2,20,-2.86539633251,4.45864372401,5.3,1,13,0,5.0,300.0
3.1,0.0,1,400.0,22.0,0,-1,0.0972020626068,2,94.0,2,4,4.82104957538,2.20169956891,5.3,1,13,0,5.0,300.0
3.1,0.0,2,400.0,22.0,0,1,0.0971930027008,1,94.0,1,3,4.00547274408,3.47076188991,5.3,1,13,0,5.0,300.0
3.1,0.0,1,400.0,22.0,0,0,0.0972239971161,0,94.0,1,16,-5.24605364197,-0.754268642848,5.3,1,13,0,5.0,300.0
3.1,0.0,2,400.0,22.0,0,1,0.0972118377686,1,94.0,2,12,-1.49318255126,-5.08531276016,5.3,1,13,0,5.0,300.0
3.1,0.0,2,400.0,22.0,0,0,0.0972170829773,0,94.0,2,11,6.49041367526e-16,-5.3,5.3,1,13,0,5.0,300.0
3.1,0.0,1,400.0,22.0,0,0,0.0972170829773,-1,94.0,1,9,2.86539633251,-4.45864372401,5.3,1,13,0,5.0,300.0
3.1,0.0,2,400.0,22.0,0,0,0.0970718860626,0,94.0,2,8,4.00547274408,-3.47076188991,5.3,1,13,0,5.0,300.0
3.1,0.0,2,400.0,22.0,0,1,0.0970759391785,1,94.0,2,3,4.00547274408,3.47076188991,5.3,1,13,0,5.0,300.0
3.1,0.0,1,400.0,22.0,0,1,0.0972080230713,-2,94.0,1,4,4.82104957538,2.20169956891,5.3,1,13,0,5.0,300.0
3.1,0.0,2,400.0,22.0,0,0,0.0972280502319,0,94.0,2,19,-4.00547274408,3.47076188991,5.3,1,13,0,5.0,300.0
3.1,0.0,1,400.0,22.0,0,1,0.0972158908844,1,94.0,1,15,-4.82104957538,-2.20169956891,5.3,1,13,0,5.0,300.0
3.1,0.0,1,400.0,22.0,0,0,0.0970900058746,-2,94.0,2,2,2.86539633251,4.45864372401,5.3,1,13,0,5.0,300.0
3.1,0.0,2,400.0,22.0,0,2,0.0972008705139,-1,94.0,2,13,-2.86539633251,-4.45864372401,5.3,1,13,0,5.0,300.0
3.1,0.0,2,400.0,22.0,0,-1,0.0972049236298,-1,94.0,2,10,1.49318255126,-5.08531276016,5.3,1,13,0,5.0,300.0
3.1,0.0,2,400.0,22.0,0,1,0.0972001552582,0,94.0,2,7,4.82104957538,-2.20169956891,5.3,1,13,0,5.0,300.0
3.1,0.0,1,400.0,22.0,0,1,0.0971748828888,1,94.0,2,3,4.00547274408,3.47076188991,5.3,1,13,0,5.0,300.0
3.1,0.0,2,400.0,22.0,0,-1,0.0970380306244,-1,94.0,1,1,1.49318255126,5.08531276016,5.3,1,13,0,5.0,300.0
3.1,0.0,1,400.0,22.0,0,0,0.0970299243927,0,94.0,1,9,2.86539633251,-4.45864372401,5.3,1,13,0,5.0,300.0
3.1,0.0,1,400.0,22.0,0,0,0.0970571041107,-1,94.0,1,0,0.0,5.3,5.3,1,13,0,5.0,300.0
3.1,0.0,1,400.0,22.0,0,0,0.0970330238342,0,94.0,1,18,-4.82104957538,2.20169956891,5.3,1,13,0,5.0,300.0
3.1,0.0,2,400.0,22.0,0,-1,0.0970330238342,-1,94.0,1,0,0.0,5.3,5.3,1,13,0,5.0,300.0
3.1,0.0,2,400.0,22.0,0,1,0.0971720218658,1,94.0,2,13,-2.86539633251,-4.45864372401,5.3,1,13,0,5.0,300.0
3.1,0.0,2,400.0,22.0,0,-1,0.097039937973,0,94.0,2,17,-5.24605364197,0.754268642848,5.3,1,13,0,5.0,300.0
3.1,0.0,2,400.0,22.0,0,0,0.0970361232758,0,94.0,1,7,4.82104957538,-2.20169956891,5.3,1,13,0,5.0,300.0
3.1,0.0,2,400.0,22.0,0,1,0.0972030162811,-1,94.0,2,13,-2.86539633251,-4.45864372401,5.3,1,13,0,5.0,300.0
3.1,0.0,2,400.0,22.0,0,-1,0.0971848964691,1,94.0,1,12,-1.49318255126,-5.08531276016,5.3,1,13,0,5.0,300.0
3.1,0.0,2,400.0,22.0,0,1,0.0970280170441,-1,94.0,1,14,-4.00547274408,-3.47076188991,5.3,1,13,0,5.0,300.0
3.1,0.0,2,400.0,22.0,0,2,0.0972049236298,0,94.0,2,19,-4.00547274408,3.47076188991,5.3,1,13,0,5.0,300.0
3.1,0.0,1,400.0,22.0,0,-2,0.0971779823303,-1,94.0,2,17,-5.24605364197,0.754268642848,5.3,1,13,0,5.0,300.0
3.1,0.0,2,400.0,22.0,0,-1,0.0970349311829,-1,94.0,1,1,1.49318255126,5.08531276016,5.3,1,13,0,5.0,300.0
3.1,0.0,1,400.0,22.0,0,-1,0.0971901416779,0,94.0,1,2,2.86539633251,4.45864372401,5.3,1,13,0,5.0,300.0
3.1,0.0,2,400.0,22.0,0,0,0.0971848964691,1,94.0,1,4,4.82104957538,2.20169956891,5.3,1,13,0,5.0,300.0
3.1,0.0,2,400.0,22.0,0,0,0.0970299243927,0,94.0,2,18,-4.82104957538,2.20169956891,5.3,1,13,0,5.0,300.0
3.1,0.0,1,400.0,22.0,0,0,0.097179889679,-1,94.0,1,6,5.24605364197,-0.754268642848,5.3,1,13,0,5.0,300.0
3.1,0.0,2,400.0,22.0,0,-1,0.0970189571381,0,94.0,2,5,5.24605364197,0.754268642848,5.3,1,13,0,5.0,300.0
3.1,0.0,1,400.0,22.0,0,1,0.0971810817719,-1,94.0,1,20,-2.86539633251,4.45864372401,5.3,1,13,0,5.0,300.0
3.1,0.0,1,400.0,22.0,0,1,0.0970239639282,1,94.0,1,14,-4.00547274408,-3.47076188991,5.3,1,13,0,5.0,300.0
3.1,0.0,2,400.0,22.0,0,0,0.0970189571381,0,94.0,2,12,-1.49318255126,-5.08531276016,5.3,1,13,0,5.0,300.0
3.1,0.0,1,400.0,22.0,0,0,0.097188949585,0,94.0,2,2,2.86539633251,4.45864372401,5.3,1,13,0,5.0,300.0
3.1,0.0,2,400.0,22.0,0,0,0.0971729755402,0,94.0,1,20,-2.86539633251,4.45864372401,5.3,1,13,0,5.0,300.0
3.1,0.0,1,400.0,22.0,0,0,0.0971829891205,-1,94.0,2,21,-1.49318255126,5.08531276016,5.3,1,13,0,5.0,300.0
3.1,0.0,2,400.0,22.0,0,2,0.0971832275391,2,94.0,2,15,-4.82104957538,-2.20169956891,5.3,1,13,0,5.0,300.0
3.1,0.0,2,400.0,22.0,0,-2,0.0971961021423,-1,94.0,1,18,-4.82104957538,2.20169956891,5.3,1,13,0,5.0,300.0
3.1,0.0,2,400.0,22.0,0,0,0.0971930027008,0,94.0,1,10,1.49318255126,-5.08531276016,5.3,1,13,0,5.0,300.0
3.1,0.0,2,400.0,22.0,0,1,0.0972051620483,0,94.0,2,0,0.0,5.3,5.3,1,13,0,5.0,300.0
3.1,0.0,2,400.0,22.0,0,-2,0.0972020626068,0,94.0,1,0,0.0,5.3,5.3,1,13,0,5.0,300.0
3.1,0.0,2,400.0,22.0,0,-2,0.0970258712769,0,94.0,2,19,-4.00547274408,3.47076188991,5.3,1,13,0,5.0,300.0
3.1,0.0,2,400.0,22.0,0,0,0.0971739292145,0,94.0,1,5,5.24605364197,0.754268642848,5.3,1,13,0,5.0,300.0
3.1,0.0,2,400.0,22.0,0,1,0.0970640182495,1,94.0,1,12,-1.49318255126,-5.08531276016,5.3,1,13,0,5.0,300.0
3.1,0.0,2,400.0,22.0,0,2,0.0971910953522,1,94.0,1,4,4.82104957538,2.20169956891,5.3,1,13,0,5.0,300.0
3.1,0.0,1,400.0,22.0,0,-1,0.0970170497894,0,94.0,2,7,4.82104957538,-2.20169956891,5.3,1,13,0,5.0,300.0
3.1,0.0,2,400.0,22.0,0,0,0.0970151424408,-2,94.0,1,14,-4.00547274408,-3.47076188991,5.3,1,13,0,5.0,300.0
3.1,0.0,2,400.0,22.0,0,1,0.0970010757446,0,94.0,2,12,-1.49318255126,-5.08531276016,5.3,1,13,0,5.0,300.0
3.1,0.0,2,400.0,22.0,0,1,0.0970010757446,0,94.0,2,12,-1.49318255126,-5.08531276016,5.3,1,13,0,5.0,300.0
3.1,0.0,1,400.0,22.0,0,-1,0.0971949100494,0,94.0,2,15,-4.82104957538,-2.20169956891,5.3,1,13,0,5.0,300.0
3.1,0.0,2,400.0,22.0,0,1,0.096999168396,2,94.0,1,18,-4.82104957538,2.20169956891,5.3,1,13,0,5.0,300.0
3.1,0.0,2,400.0,22.0,0,0,0.097179889679,0,94.0,1,21,-1.49318255126,5.08531276016,5.3,1,13,0,5.0,300.0
3.1,0.0,2,400.0,22.0,0,0,0.0969989299774,2,94.0,1,14,-4.00547274408,-3.47076188991,5.3,1,13,0,5.0,300.0
3.1,0.0,2,400.0,22.0,0,1,0.0970139503479,0,94.0,2,3,4.00547274408,3.47076188991,5.3,1,13,0,5.0,300.0
3.1,0.0,2,400.0,22.0,0,0,0.0972049236298,-1,94.0,1,18,-4.82104957538,2.20169956891,5.3,1,13,0,5.0,300.0
3.1,0.0,1,400.0,22.0,0,1,0.0972208976746,1,94.0,2,8,4.00547274408,-3.47076188991,5.3,1,13,0,5.0,300.0
3.1,0.0,2,400.0,22.0,0,1,0.0972361564636,2,94.0,2,3,4.00547274408,3.47076188991,5.3,1,13,0,5.0,300.0
3.1,0.0,2,400.0,22.0,0,1,0.0972189903259,1,94.0,2,18,-4.82104957538,2.20169956891,5.3,1,13,0,5.0,300.0
3.1,0.0,1,400.0,22.0,0,0,0.0972139835358,0,94.0,1,14,-4.00547274408,-3.47076188991,5.3,1,13,0,5.0,300.0
3.1,0.0,2,400.0,22.0,0,0,0.0972080230713,0,94.0,1,3,4.00547274408,3.47076188991,5.3,1,13,0,5.0,300.0
3.1,0.0,2,400.0,22.0,0,-2,0.0972149372101,-2,94.0,2,18,-4.82104957538,2.20169956891,5.3,1,13,0,5.0,300.0
3.1,0.0,2,400.0,22.0,0,-2,0.0970461368561,-1,94.0,1,15,-4.82104957538,-2.20169956891,5.3,1,13,0,5.0,300.0
3.1,0.0,2,400.0,22.0,0,0,0.0969979763031,0,94.0,1,15,-4.82104957538,-2.20169956891,5.3,1,13,0,5.0,300.0
3.1,0.0,2,400.0,22.0,0,0,0.0972211360931,1,94.0,1,8,4.00547274408,-3.47076188991,5.3,1,13,0,5.0,300.0
3.1,0.0,1,400.0,22.0,0,-1,0.0972208976746,2,94.0,1,0,0.0,5.3,5.3,1,13,0,5.0,300.0
3.1,0.0,2,400.0,22.0,0,1,0.097217798233,-1,94.0,1,2,2.86539633251,4.45864372401,5.3,1,13,0,5.0,300.0
3.1,0.0,1,400.0,22.0,0,-2,0.0972011089325,-2,94.0,1,0,0.0,5.3,5.3,1,13,0,5.0,300.0
3.1,0.0,1,400.0,22.0,0,0,0.0972149372101,0,94.0,1,6,5.24605364197,-0.754268642848,5.3,1,13,0,5.0,300.0
3.1,0.0,1,400.0,22.0,0,-1,0.0972077846527,-1,94.0,1,15,-4.82104957538,-2.20169956891,5.3,1,13,0,5.0,300.0
3.1,0.0,1,400.0,22.0,0,-2,0.0972130298615,0,94.0,1,7,4.82104957538,-2.20169956891,5.3,1,13,0,5.0,300.0
3.1,0.0,2,400.0,22.0,0,-1,0.0971908569336,-1,94.0,2,12,-1.49318255126,-5.08531276016,5.3,1,13,0,5.0,300.0
3.1,0.0,2,400.0,22.0,0,-1,0.0972180366516,1,94.0,1,8,4.00547274408,-3.47076188991,5.3,1,13,0,5.0,300.0
