cue-length,ms-precue,resp-v-hv,ms-st-cue,nitems,offset2,resp-h-pos,actualStimOn,resp-v-pos,ms-stimon,resp-h-hv,cue-loc-int,cue-loc-x,cue-loc-y,radius,bars-or-spot,version,offset,npractice,ntrials
3.1,0.0,1,400.0,22.0,0,2,0.0970358848572,2,94.0,1,20,-2.86539633251,4.45864372401,5.3,0,9,-10.5,5.0,400.0
3.1,0.0,2,400.0,22.0,0,-2,0.0970280170441,0,94.0,1,2,2.86539633251,4.45864372401,5.3,0,9,-10.5,5.0,400.0
3.1,0.0,1,400.0,22.0,0,0,0.0971789360046,-2,94.0,2,1,1.49318255126,5.08531276016,5.3,0,9,-10.5,5.0,400.0
3.1,0.0,1,400.0,22.0,0,-2,0.0971868038177,-2,94.0,1,8,4.00547274408,-3.47076188991,5.3,0,9,-10.5,5.0,400.0
3.1,0.0,1,400.0,22.0,0,2,0.0971839427948,1,94.0,1,1,1.49318255126,5.08531276016,5.3,0,9,-10.5,5.0,400.0
3.1,0.0,2,400.0,22.0,0,1,0.0971801280975,-1,94.0,1,17,-5.24605364197,0.754268642848,5.3,0,9,-10.5,5.0,400.0
3.1,0.0,2,400.0,22.0,0,0,0.0972061157227,0,94.0,2,12,-1.49318255126,-5.08531276016,5.3,0,9,-10.5,5.0,400.0
3.1,0.0,1,400.0,22.0,0,1,0.0971779823303,1,94.0,1,9,2.86539633251,-4.45864372401,5.3,0,9,-10.5,5.0,400.0
3.1,0.0,1,400.0,22.0,0,-2,0.0971760749817,-2,94.0,1,0,0.0,5.3,5.3,0,9,-10.5,5.0,400.0
3.1,0.0,2,400.0,22.0,0,0,0.097217798233,0,94.0,2,9,2.86539633251,-4.45864372401,5.3,0,9,-10.5,5.0,400.0
3.1,0.0,2,400.0,22.0,0,1,0.0972220897675,-2,94.0,1,8,4.00547274408,-3.47076188991,5.3,0,9,-10.5,5.0,400.0
3.1,0.0,1,400.0,22.0,0,1,0.0971829891205,1,94.0,1,1,1.49318255126,5.08531276016,5.3,0,9,-10.5,5.0,400.0
3.1,0.0,1,400.0,22.0,0,1,0.0970230102539,1,94.0,1,1,1.49318255126,5.08531276016,5.3,0,9,-10.5,5.0,400.0
3.1,0.0,1,400.0,22.0,0,0,0.0971760749817,0,94.0,1,8,4.00547274408,-3.47076188991,5.3,0,9,-10.5,5.0,400.0
3.1,0.0,1,400.0,22.0,0,1,0.097060918808,1,94.0,1,11,6.49041367526e-16,-5.3,5.3,0,9,-10.5,5.0,400.0
3.1,0.0,2,400.0,22.0,0,2,0.0971999168396,-1,94.0,1,2,2.86539633251,4.45864372401,5.3,0,9,-10.5,5.0,400.0
3.1,0.0,2,400.0,22.0,0,0,0.0971457958221,-2,94.0,1,12,-1.49318255126,-5.08531276016,5.3,0,9,-10.5,5.0,400.0
3.1,0.0,2,400.0,22.0,0,0,0.0971698760986,-1,94.0,2,2,2.86539633251,4.45864372401,5.3,0,9,-10.5,5.0,400.0
3.1,0.0,1,400.0,22.0,0,1,0.097146987915,0,94.0,2,7,4.82104957538,-2.20169956891,5.3,0,9,-10.5,5.0,400.0
3.1,0.0,2,400.0,22.0,0,-1,0.0971357822418,0,94.0,2,20,-2.86539633251,4.45864372401,5.3,0,9,-10.5,5.0,400.0
3.1,0.0,2,400.0,22.0,0,0,0.0971941947937,-2,94.0,1,6,5.24605364197,-0.754268642848,5.3,0,9,-10.5,5.0,400.0
3.1,0.0,1,400.0,22.0,0,-1,0.0971961021423,1,94.0,1,6,5.24605364197,-0.754268642848,5.3,0,9,-10.5,5.0,400.0
3.1,0.0,1,400.0,22.0,0,2,0.0971710681915,-2,94.0,2,14,-4.00547274408,-3.47076188991,5.3,0,9,-10.5,5.0,400.0
3.1,0.0,2,400.0,22.0,0,-1,0.0971720218658,1,94.0,2,12,-1.49318255126,-5.08531276016,5.3,0,9,-10.5,5.0,400.0
3.1,0.0,1,400.0,22.0,0,-1,0.0971910953522,-1,94.0,1,11,6.49041367526e-16,-5.3,5.3,0,9,-10.5,5.0,400.0
3.1,0.0,2,400.0,22.0,0,-1,0.0971758365631,1,94.0,1,14,-4.00547274408,-3.47076188991,5.3,0,9,-10.5,5.0,400.0
3.1,0.0,2,400.0,22.0,0,-1,0.0971920490265,-1,94.0,2,2,2.86539633251,4.45864372401,5.3,0,9,-10.5,5.0,400.0
3.1,0.0,1,400.0,22.0,0,2,0.097216129303,2,94.0,1,4,4.82104957538,2.20169956891,5.3,0,9,-10.5,5.0,400.0
3.1,0.0,2,400.0,22.0,0,0,0.0971839427948,0,94.0,2,16,-5.24605364197,-0.754268642848,5.3,0,9,-10.5,5.0,400.0
3.1,0.0,1,400.0,22.0,0,0,0.0970230102539,0,94.0,1,16,-5.24605364197,-0.754268642848,5.3,0,9,-10.5,5.0,400.0
3.1,0.0,1,400.0,22.0,0,0,0.0971941947937,0,94.0,1,3,4.00547274408,3.47076188991,5.3,0,9,-10.5,5.0,400.0
3.1,0.0,2,400.0,22.0,0,1,0.0971820354462,1,94.0,2,4,4.82104957538,2.20169956891,5.3,0,9,-10.5,5.0,400.0
3.1,0.0,1,400.0,22.0,0,-2,0.0971539020538,0,94.0,2,18,-4.82104957538,2.20169956891,5.3,0,9,-10.5,5.0,400.0
3.1,0.0,1,400.0,22.0,0,1,0.0971789360046,1,94.0,1,14,-4.00547274408,-3.47076188991,5.3,0,9,-10.5,5.0,400.0
3.1,0.0,1,400.0,22.0,0,1,0.0971460342407,1,94.0,1,14,-4.00547274408,-3.47076188991,5.3,0,9,-10.5,5.0,400.0
3.1,0.0,1,400.0,22.0,0,2,0.0971958637238,0,94.0,1,17,-5.24605364197,0.754268642848,5.3,0,9,-10.5,5.0,400.0
3.1,0.0,1,400.0,22.0,0,-2,0.0971879959106,-2,94.0,1,20,-2.86539633251,4.45864372401,5.3,0,9,-10.5,5.0,400.0
3.1,0.0,1,400.0,22.0,0,0,0.0972130298615,0,94.0,1,21,-1.49318255126,5.08531276016,5.3,0,9,-10.5,5.0,400.0
3.1,0.0,2,400.0,22.0,0,2,0.0971949100494,2,94.0,2,17,-5.24605364197,0.754268642848,5.3,0,9,-10.5,5.0,400.0
3.1,0.0,2,400.0,22.0,0,-1,0.0972039699554,-1,94.0,2,20,-2.86539633251,4.45864372401,5.3,0,9,-10.5,5.0,400.0
3.1,0.0,2,400.0,22.0,0,-2,0.0971751213074,-2,94.0,2,2,2.86539633251,4.45864372401,5.3,0,9,-10.5,5.0,400.0
3.1,0.0,2,400.0,22.0,0,-2,0.0970079898834,-1,94.0,2,9,2.86539633251,-4.45864372401,5.3,0,9,-10.5,5.0,400.0
3.1,0.0,1,400.0,22.0,0,-2,0.0971939563751,0,94.0,2,19,-4.00547274408,3.47076188991,5.3,0,9,-10.5,5.0,400.0
3.1,0.0,1,400.0,22.0,0,2,0.0971701145172,-1,94.0,2,7,4.82104957538,-2.20169956891,5.3,0,9,-10.5,5.0,400.0
3.1,0.0,2,400.0,22.0,0,0,0.0971739292145,2,94.0,1,3,4.00547274408,3.47076188991,5.3,0,9,-10.5,5.0,400.0
3.1,0.0,2,400.0,22.0,0,1,0.0971710681915,-2,94.0,2,20,-2.86539633251,4.45864372401,5.3,0,9,-10.5,5.0,400.0
3.1,0.0,1,400.0,22.0,0,2,0.0972118377686,1,94.0,1,17,-5.24605364197,0.754268642848,5.3,0,9,-10.5,5.0,400.0
3.1,0.0,2,400.0,22.0,0,1,0.0971760749817,0,94.0,2,4,4.82104957538,2.20169956891,5.3,0,9,-10.5,5.0,400.0
3.1,0.0,1,400.0,22.0,0,-2,0.0971779823303,2,94.0,2,9,2.86539633251,-4.45864372401,5.3,0,9,-10.5,5.0,400.0
3.1,0.0,2,400.0,22.0,0,0,0.0971720218658,0,94.0,1,17,-5.24605364197,0.754268642848,5.3,0,9,-10.5,5.0,400.0
3.1,0.0,2,400.0,22.0,0,1,0.0971610546112,-2,94.0,1,15,-4.82104957538,-2.20169956891,5.3,0,9,-10.5,5.0,400.0
3.1,0.0,1,400.0,22.0,0,-2,0.0971610546112,0,94.0,1,19,-4.00547274408,3.47076188991,5.3,0,9,-10.5,5.0,400.0
3.1,0.0,1,400.0,22.0,0,-1,0.0971601009369,2,94.0,1,20,-2.86539633251,4.45864372401,5.3,0,9,-10.5,5.0,400.0
3.1,0.0,1,400.0,22.0,0,1,0.0971400737762,1,94.0,2,1,1.49318255126,5.08531276016,5.3,0,9,-10.5,5.0,400.0
3.1,0.0,2,400.0,22.0,0,2,0.0971760749817,-2,94.0,1,4,4.82104957538,2.20169956891,5.3,0,9,-10.5,5.0,400.0
3.1,0.0,2,400.0,22.0,0,1,0.0971319675446,1,94.0,1,9,2.86539633251,-4.45864372401,5.3,0,9,-10.5,5.0,400.0
3.1,0.0,1,400.0,22.0,0,-2,0.0971441268921,-2,94.0,1,12,-1.49318255126,-5.08531276016,5.3,0,9,-10.5,5.0,400.0
3.1,0.0,2,400.0,22.0,0,0,0.0971479415894,2,94.0,1,3,4.00547274408,3.47076188991,5.3,0,9,-10.5,5.0,400.0
3.1,0.0,1,400.0,22.0,0,2,0.0971231460571,1,94.0,1,3,4.00547274408,3.47076188991,5.3,0,9,-10.5,5.0,400.0
3.1,0.0,2,400.0,22.0,0,2,0.0971488952637,-2,94.0,2,16,-5.24605364197,-0.754268642848,5.3,0,9,-10.5,5.0,400.0
3.1,0.0,2,400.0,22.0,0,0,0.0971758365631,0,94.0,1,4,4.82104957538,2.20169956891,5.3,0,9,-10.5,5.0,400.0
3.1,0.0,1,400.0,22.0,0,1,0.0971918106079,0,94.0,2,6,5.24605364197,-0.754268642848,5.3,0,9,-10.5,5.0,400.0
3.1,0.0,2,400.0,22.0,0,2,0.0971958637238,-1,94.0,1,10,1.49318255126,-5.08531276016,5.3,0,9,-10.5,5.0,400.0
3.1,0.0,2,400.0,22.0,0,1,0.097158908844,0,94.0,1,0,0.0,5.3,5.3,0,9,-10.5,5.0,400.0
3.1,0.0,2,400.0,22.0,0,-2,0.0972089767456,0,94.0,1,7,4.82104957538,-2.20169956891,5.3,0,9,-10.5,5.0,400.0
3.1,0.0,1,400.0,22.0,0,1,0.0971918106079,0,94.0,2,11,6.49041367526e-16,-5.3,5.3,0,9,-10.5,5.0,400.0
3.1,0.0,1,400.0,22.0,0,-2,0.097158908844,1,94.0,1,2,2.86539633251,4.45864372401,5.3,0,9,-10.5,5.0,400.0
3.1,0.0,1,400.0,22.0,0,0,0.0971958637238,2,94.0,1,2,2.86539633251,4.45864372401,5.3,0,9,-10.5,5.0,400.0
3.1,0.0,1,400.0,22.0,0,0,0.0971961021423,-2,94.0,2,9,2.86539633251,-4.45864372401,5.3,0,9,-10.5,5.0,400.0
3.1,0.0,1,400.0,22.0,0,2,0.0971298217773,-1,94.0,2,8,4.00547274408,-3.47076188991,5.3,0,9,-10.5,5.0,400.0
3.1,0.0,2,400.0,22.0,0,0,0.0972030162811,0,94.0,2,7,4.82104957538,-2.20169956891,5.3,0,9,-10.5,5.0,400.0
3.1,0.0,2,400.0,22.0,0,-1,0.0971801280975,1,94.0,1,9,2.86539633251,-4.45864372401,5.3,0,9,-10.5,5.0,400.0
3.1,0.0,2,400.0,22.0,0,-1,0.0972099304199,-2,94.0,2,4,4.82104957538,2.20169956891,5.3,0,9,-10.5,5.0,400.0
3.1,0.0,2,400.0,22.0,0,-1,0.0971910953522,0,94.0,2,1,1.49318255126,5.08531276016,5.3,0,9,-10.5,5.0,400.0
3.1,0.0,1,400.0,22.0,0,1,0.0971930027008,-2,94.0,2,10,1.49318255126,-5.08531276016,5.3,0,9,-10.5,5.0,400.0
3.1,0.0,1,400.0,22.0,0,-1,0.097149848938,1,94.0,2,11,6.49041367526e-16,-5.3,5.3,0,9,-10.5,5.0,400.0
3.1,0.0,2,400.0,22.0,0,-1,0.0971410274506,2,94.0,2,15,-4.82104957538,-2.20169956891,5.3,0,9,-10.5,5.0,400.0
3.1,0.0,1,400.0,22.0,0,1,0.0971829891205,0,94.0,2,14,-4.00547274408,-3.47076188991,5.3,0,9,-10.5,5.0,400.0
3.1,0.0,1,400.0,22.0,0,2,0.0971899032593,0,94.0,1,15,-4.82104957538,-2.20169956891,5.3,0,9,-10.5,5.0,400.0
3.1,0.0,2,400.0,22.0,0,0,0.097188949585,1,94.0,1,11,6.49041367526e-16,-5.3,5.3,0,9,-10.5,5.0,400.0
3.1,0.0,1,400.0,22.0,0,2,0.0971908569336,2,94.0,1,0,0.0,5.3,5.3,0,9,-10.5,5.0,400.0
3.1,0.0,1,400.0,22.0,0,1,0.0971858501434,-2,94.0,2,10,1.49318255126,-5.08531276016,5.3,0,9,-10.5,5.0,400.0
3.1,0.0,2,400.0,22.0,0,0,0.097156047821,-1,94.0,2,4,4.82104957538,2.20169956891,5.3,0,9,-10.5,5.0,400.0
3.1,0.0,1,400.0,22.0,0,1,0.0971939563751,0,94.0,2,9,2.86539633251,-4.45864372401,5.3,0,9,-10.5,5.0,400.0
3.1,0.0,1,400.0,22.0,0,1,0.097177028656,-2,94.0,2,15,-4.82104957538,-2.20169956891,5.3,0,9,-10.5,5.0,400.0
3.1,0.0,1,400.0,22.0,0,-1,0.0971360206604,-1,94.0,2,13,-2.86539633251,-4.45864372401,5.3,0,9,-10.5,5.0,400.0
3.1,0.0,2,400.0,22.0,0,-1,0.0971529483795,-1,94.0,1,19,-4.00547274408,3.47076188991,5.3,0,9,-10.5,5.0,400.0
3.1,0.0,2,400.0,22.0,0,2,0.0971260070801,2,94.0,2,6,5.24605364197,-0.754268642848,5.3,0,9,-10.5,5.0,400.0
3.1,0.0,1,400.0,22.0,0,-2,0.0971651077271,1,94.0,1,2,2.86539633251,4.45864372401,5.3,0,9,-10.5,5.0,400.0
3.1,0.0,1,400.0,22.0,0,0,0.0971610546112,1,94.0,1,10,1.49318255126,-5.08531276016,5.3,0,9,-10.5,5.0,400.0
3.1,0.0,2,400.0,22.0,0,2,0.0971570014954,2,94.0,2,3,4.00547274408,3.47076188991,5.3,0,9,-10.5,5.0,400.0
3.1,0.0,1,400.0,22.0,0,0,0.0971491336823,0,94.0,1,3,4.00547274408,3.47076188991,5.3,0,9,-10.5,5.0,400.0
3.1,0.0,2,400.0,22.0,0,-2,0.0971949100494,-2,94.0,1,15,-4.82104957538,-2.20169956891,5.3,0,9,-10.5,5.0,400.0
3.1,0.0,2,400.0,22.0,0,0,0.0972039699554,-2,94.0,2,12,-1.49318255126,-5.08531276016,5.3,0,9,-10.5,5.0,400.0
3.1,0.0,2,400.0,22.0,0,-1,0.0972111225128,-1,94.0,1,4,4.82104957538,2.20169956891,5.3,0,9,-10.5,5.0,400.0
3.1,0.0,2,400.0,22.0,0,-1,0.097186088562,2,94.0,1,19,-4.00547274408,3.47076188991,5.3,0,9,-10.5,5.0,400.0
3.1,0.0,2,400.0,22.0,0,0,0.0971801280975,-2,94.0,1,7,4.82104957538,-2.20169956891,5.3,0,9,-10.5,5.0,400.0
3.1,0.0,1,400.0,22.0,0,1,0.0971629619598,-1,94.0,2,0,0.0,5.3,5.3,0,9,-10.5,5.0,400.0
3.1,0.0,2,400.0,22.0,0,-1,0.0972020626068,-2,94.0,1,10,1.49318255126,-5.08531276016,5.3,0,9,-10.5,5.0,400.0
3.1,0.0,2,400.0,22.0,0,1,0.0972490310669,1,94.0,2,14,-4.00547274408,-3.47076188991,5.3,0,9,-10.5,5.0,400.0
3.1,0.0,2,400.0,22.0,0,-2,0.0972108840942,1,94.0,1,7,4.82104957538,-2.20169956891,5.3,0,9,-10.5,5.0,400.0
3.1,0.0,2,400.0,22.0,0,-1,0.0972030162811,-2,94.0,2,15,-4.82104957538,-2.20169956891,5.3,0,9,-10.5,5.0,400.0
3.1,0.0,2,400.0,22.0,0,2,0.0972340106964,-1,94.0,1,16,-5.24605364197,-0.754268642848,5.3,0,9,-10.5,5.0,400.0
3.1,0.0,1,400.0,22.0,0,0,0.0971698760986,-2,94.0,1,19,-4.00547274408,3.47076188991,5.3,0,9,-10.5,5.0,400.0
3.1,0.0,1,400.0,22.0,0,-2,0.0971930027008,1,94.0,2,6,5.24605364197,-0.754268642848,5.3,0,9,-10.5,5.0,400.0
3.1,0.0,1,400.0,22.0,0,-1,0.0971908569336,2,94.0,1,7,4.82104957538,-2.20169956891,5.3,0,9,-10.5,5.0,400.0
3.1,0.0,1,400.0,22.0,0,2,0.0971550941467,1,94.0,1,5,5.24605364197,0.754268642848,5.3,0,9,-10.5,5.0,400.0
3.1,0.0,1,400.0,22.0,0,0,0.097158908844,2,94.0,1,0,0.0,5.3,5.3,0,9,-10.5,5.0,400.0
3.1,0.0,2,400.0,22.0,0,-1,0.0971810817719,2,94.0,2,15,-4.82104957538,-2.20169956891,5.3,0,9,-10.5,5.0,400.0
3.1,0.0,2,400.0,22.0,0,-2,0.0971710681915,1,94.0,2,13,-2.86539633251,-4.45864372401,5.3,0,9,-10.5,5.0,400.0
3.1,0.0,1,400.0,22.0,0,-1,0.0971829891205,-1,94.0,2,6,5.24605364197,-0.754268642848,5.3,0,9,-10.5,5.0,400.0
3.1,0.0,2,400.0,22.0,0,2,0.0971808433533,-2,94.0,1,7,4.82104957538,-2.20169956891,5.3,0,9,-10.5,5.0,400.0
3.1,0.0,2,400.0,22.0,0,-2,0.0971601009369,2,94.0,1,4,4.82104957538,2.20169956891,5.3,0,9,-10.5,5.0,400.0
3.1,0.0,2,400.0,22.0,0,-1,0.0971441268921,2,94.0,2,17,-5.24605364197,0.754268642848,5.3,0,9,-10.5,5.0,400.0
3.1,0.0,2,400.0,22.0,0,2,0.0971751213074,0,94.0,1,19,-4.00547274408,3.47076188991,5.3,0,9,-10.5,5.0,400.0
3.1,0.0,2,400.0,22.0,0,-1,0.0970230102539,2,94.0,2,17,-5.24605364197,0.754268642848,5.3,0,9,-10.5,5.0,400.0
3.1,0.0,1,400.0,22.0,0,-1,0.0971410274506,1,94.0,1,0,0.0,5.3,5.3,0,9,-10.5,5.0,400.0
3.1,0.0,1,400.0,22.0,0,2,0.0971910953522,0,94.0,1,15,-4.82104957538,-2.20169956891,5.3,0,9,-10.5,5.0,400.0
3.1,0.0,2,400.0,22.0,0,0,0.0971879959106,2,94.0,2,12,-1.49318255126,-5.08531276016,5.3,0,9,-10.5,5.0,400.0
3.1,0.0,1,400.0,22.0,0,-1,0.0971848964691,1,94.0,1,10,1.49318255126,-5.08531276016,5.3,0,9,-10.5,5.0,400.0
3.1,0.0,1,400.0,22.0,0,0,0.0971791744232,1,94.0,1,11,6.49041367526e-16,-5.3,5.3,0,9,-10.5,5.0,400.0
3.1,0.0,1,400.0,22.0,0,1,0.0970640182495,2,94.0,1,16,-5.24605364197,-0.754268642848,5.3,0,9,-10.5,5.0,400.0
3.1,0.0,2,400.0,22.0,0,1,0.0971949100494,-1,94.0,2,4,4.82104957538,2.20169956891,5.3,0,9,-10.5,5.0,400.0
3.1,0.0,2,400.0,22.0,0,2,0.0972020626068,0,94.0,2,10,1.49318255126,-5.08531276016,5.3,0,9,-10.5,5.0,400.0
3.1,0.0,1,400.0,22.0,0,2,0.0971930027008,2,94.0,1,11,6.49041367526e-16,-5.3,5.3,0,9,-10.5,5.0,400.0
3.1,0.0,1,400.0,22.0,0,0,0.097186088562,2,94.0,2,15,-4.82104957538,-2.20169956891,5.3,0,9,-10.5,5.0,400.0
3.1,0.0,2,400.0,22.0,0,1,0.0972011089325,-1,94.0,2,21,-1.49318255126,5.08531276016,5.3,0,9,-10.5,5.0,400.0
3.1,0.0,2,400.0,22.0,0,2,0.097177028656,0,94.0,2,18,-4.82104957538,2.20169956891,5.3,0,9,-10.5,5.0,400.0
3.1,0.0,2,400.0,22.0,0,2,0.0971670150757,-1,94.0,2,10,1.49318255126,-5.08531276016,5.3,0,9,-10.5,5.0,400.0
3.1,0.0,1,400.0,22.0,0,-1,0.0971930027008,-2,94.0,2,13,-2.86539633251,-4.45864372401,5.3,0,9,-10.5,5.0,400.0
3.1,0.0,2,400.0,22.0,0,-1,0.097198009491,2,94.0,1,21,-1.49318255126,5.08531276016,5.3,0,9,-10.5,5.0,400.0
3.1,0.0,1,400.0,22.0,0,0,0.0972149372101,-1,94.0,2,9,2.86539633251,-4.45864372401,5.3,0,9,-10.5,5.0,400.0
3.1,0.0,2,400.0,22.0,0,-1,0.097195148468,0,94.0,1,17,-5.24605364197,0.754268642848,5.3,0,9,-10.5,5.0,400.0
3.1,0.0,2,400.0,22.0,0,2,0.0971581935883,-1,94.0,2,14,-4.00547274408,-3.47076188991,5.3,0,9,-10.5,5.0,400.0
3.1,0.0,1,400.0,22.0,0,1,0.0971570014954,-2,94.0,1,11,6.49041367526e-16,-5.3,5.3,0,9,-10.5,5.0,400.0
3.1,0.0,1,400.0,22.0,0,0,0.0972080230713,-1,94.0,2,11,6.49041367526e-16,-5.3,5.3,0,9,-10.5,5.0,400.0
3.1,0.0,2,400.0,22.0,0,-1,0.0972080230713,-2,94.0,1,4,4.82104957538,2.20169956891,5.3,0,9,-10.5,5.0,400.0
3.1,0.0,1,400.0,22.0,0,0,0.097207069397,-2,94.0,2,16,-5.24605364197,-0.754268642848,5.3,0,9,-10.5,5.0,400.0
3.1,0.0,2,400.0,22.0,0,2,0.0971758365631,-1,94.0,1,9,2.86539633251,-4.45864372401,5.3,0,9,-10.5,5.0,400.0
3.1,0.0,1,400.0,22.0,0,-2,0.0972158908844,0,94.0,1,18,-4.82104957538,2.20169956891,5.3,0,9,-10.5,5.0,400.0
3.1,0.0,1,400.0,22.0,0,1,0.0971879959106,2,94.0,2,12,-1.49318255126,-5.08531276016,5.3,0,9,-10.5,5.0,400.0
3.1,0.0,1,400.0,22.0,0,0,0.0970289707184,-1,94.0,2,10,1.49318255126,-5.08531276016,5.3,0,9,-10.5,5.0,400.0
3.1,0.0,1,400.0,22.0,0,2,0.097177028656,-2,94.0,2,19,-4.00547274408,3.47076188991,5.3,0,9,-10.5,5.0,400.0
3.1,0.0,1,400.0,22.0,0,0,0.0971820354462,2,94.0,2,5,5.24605364197,0.754268642848,5.3,0,9,-10.5,5.0,400.0
3.1,0.0,1,400.0,22.0,0,1,0.0973110198975,2,94.0,1,0,0.0,5.3,5.3,0,9,-10.5,5.0,400.0
3.1,0.0,1,400.0,22.0,0,-2,0.097137928009,1,94.0,1,14,-4.00547274408,-3.47076188991,5.3,0,9,-10.5,5.0,400.0
3.1,0.0,2,400.0,22.0,0,1,0.0971648693085,-2,94.0,2,3,4.00547274408,3.47076188991,5.3,0,9,-10.5,5.0,400.0
3.1,0.0,1,400.0,22.0,0,1,0.0971610546112,2,94.0,2,7,4.82104957538,-2.20169956891,5.3,0,9,-10.5,5.0,400.0
3.1,0.0,1,400.0,22.0,0,2,0.097188949585,-1,94.0,2,4,4.82104957538,2.20169956891,5.3,0,9,-10.5,5.0,400.0
3.1,0.0,1,400.0,22.0,0,1,0.0971698760986,2,94.0,2,16,-5.24605364197,-0.754268642848,5.3,0,9,-10.5,5.0,400.0
3.1,0.0,1,400.0,22.0,0,0,0.0971910953522,0,94.0,2,10,1.49318255126,-5.08531276016,5.3,0,9,-10.5,5.0,400.0
3.1,0.0,1,400.0,22.0,0,-1,0.0971360206604,2,94.0,1,18,-4.82104957538,2.20169956891,5.3,0,9,-10.5,5.0,400.0
3.1,0.0,1,400.0,22.0,0,2,0.097186088562,-1,94.0,2,21,-1.49318255126,5.08531276016,5.3,0,9,-10.5,5.0,400.0
3.1,0.0,1,400.0,22.0,0,-1,0.0971548557281,-1,94.0,2,1,1.49318255126,5.08531276016,5.3,0,9,-10.5,5.0,400.0
3.1,0.0,2,400.0,22.0,0,-1,0.0971858501434,0,94.0,1,20,-2.86539633251,4.45864372401,5.3,0,9,-10.5,5.0,400.0
3.1,0.0,2,400.0,22.0,0,2,0.0972039699554,-2,94.0,1,17,-5.24605364197,0.754268642848,5.3,0,9,-10.5,5.0,400.0
3.1,0.0,1,400.0,22.0,0,1,0.0971801280975,0,94.0,1,4,4.82104957538,2.20169956891,5.3,0,9,-10.5,5.0,400.0
3.1,0.0,1,400.0,22.0,0,-2,0.0972099304199,-2,94.0,2,1,1.49318255126,5.08531276016,5.3,0,9,-10.5,5.0,400.0
3.1,0.0,2,400.0,22.0,0,-1,0.0971601009369,2,94.0,1,3,4.00547274408,3.47076188991,5.3,0,9,-10.5,5.0,400.0
3.1,0.0,1,400.0,22.0,0,-2,0.0971970558167,2,94.0,1,6,5.24605364197,-0.754268642848,5.3,0,9,-10.5,5.0,400.0
3.1,0.0,1,400.0,22.0,0,0,0.0971610546112,0,94.0,1,3,4.00547274408,3.47076188991,5.3,0,9,-10.5,5.0,400.0
3.1,0.0,1,400.0,22.0,0,-1,0.0971930027008,-1,94.0,1,2,2.86539633251,4.45864372401,5.3,0,9,-10.5,5.0,400.0
3.1,0.0,1,400.0,22.0,0,-1,0.0970718860626,-1,94.0,1,7,4.82104957538,-2.20169956891,5.3,0,9,-10.5,5.0,400.0
3.1,0.0,1,400.0,22.0,0,-2,0.0970299243927,0,94.0,1,18,-4.82104957538,2.20169956891,5.3,0,9,-10.5,5.0,400.0
3.1,0.0,1,400.0,22.0,0,-1,0.0970499515533,2,94.0,1,6,5.24605364197,-0.754268642848,5.3,0,9,-10.5,5.0,400.0
3.1,0.0,1,400.0,22.0,0,0,0.0970499515533,1,94.0,2,12,-1.49318255126,-5.08531276016,5.3,0,9,-10.5,5.0,400.0
3.1,0.0,2,400.0,22.0,0,0,0.0971670150757,-2,94.0,1,1,1.49318255126,5.08531276016,5.3,0,9,-10.5,5.0,400.0
3.1,0.0,2,400.0,22.0,0,0,0.0971841812134,-2,94.0,1,12,-1.49318255126,-5.08531276016,5.3,0,9,-10.5,5.0,400.0
3.1,0.0,2,400.0,22.0,0,-2,0.0971331596375,-2,94.0,1,10,1.49318255126,-5.08531276016,5.3,0,9,-10.5,5.0,400.0
3.1,0.0,1,400.0,22.0,0,-1,0.0971620082855,2,94.0,1,14,-4.00547274408,-3.47076188991,5.3,0,9,-10.5,5.0,400.0
3.1,0.0,1,400.0,22.0,0,2,0.0972061157227,-2,94.0,1,11,6.49041367526e-16,-5.3,5.3,0,9,-10.5,5.0,400.0
3.1,0.0,1,400.0,22.0,0,-2,0.0971670150757,-1,94.0,1,12,-1.49318255126,-5.08531276016,5.3,0,9,-10.5,5.0,400.0
3.1,0.0,1,400.0,22.0,0,1,0.0970370769501,-1,94.0,1,20,-2.86539633251,4.45864372401,5.3,0,9,-10.5,5.0,400.0
3.1,0.0,2,400.0,22.0,0,-2,0.0971939563751,0,94.0,1,1,1.49318255126,5.08531276016,5.3,0,9,-10.5,5.0,400.0
3.1,0.0,2,400.0,22.0,0,1,0.0972130298615,-1,94.0,1,10,1.49318255126,-5.08531276016,5.3,0,9,-10.5,5.0,400.0
3.1,0.0,1,400.0,22.0,0,2,0.0971910953522,0,94.0,1,14,-4.00547274408,-3.47076188991,5.3,0,9,-10.5,5.0,400.0
3.1,0.0,1,400.0,22.0,0,0,0.0971748828888,-2,94.0,1,14,-4.00547274408,-3.47076188991,5.3,0,9,-10.5,5.0,400.0
3.1,0.0,1,400.0,22.0,0,-2,0.097179889679,2,94.0,1,0,0.0,5.3,5.3,0,9,-10.5,5.0,400.0
3.1,0.0,2,400.0,22.0,0,0,0.0971322059631,1,94.0,1,1,1.49318255126,5.08531276016,5.3,0,9,-10.5,5.0,400.0
3.1,0.0,2,400.0,22.0,0,0,0.0971698760986,-2,94.0,1,16,-5.24605364197,-0.754268642848,5.3,0,9,-10.5,5.0,400.0
3.1,0.0,1,400.0,22.0,0,1,0.0971958637238,-1,94.0,1,5,5.24605364197,0.754268642848,5.3,0,9,-10.5,5.0,400.0
3.1,0.0,2,400.0,22.0,0,2,0.0971701145172,-1,94.0,1,8,4.00547274408,-3.47076188991,5.3,0,9,-10.5,5.0,400.0
3.1,0.0,1,400.0,22.0,0,-1,0.0971729755402,-1,94.0,2,11,6.49041367526e-16,-5.3,5.3,0,9,-10.5,5.0,400.0
3.1,0.0,1,400.0,22.0,0,-2,0.0971710681915,-1,94.0,2,15,-4.82104957538,-2.20169956891,5.3,0,9,-10.5,5.0,400.0
3.1,0.0,1,400.0,22.0,0,2,0.0972628593445,-2,94.0,1,20,-2.86539633251,4.45864372401,5.3,0,9,-10.5,5.0,400.0
3.1,0.0,2,400.0,22.0,0,1,0.0971879959106,2,94.0,2,5,5.24605364197,0.754268642848,5.3,0,9,-10.5,5.0,400.0
3.1,0.0,2,400.0,22.0,0,2,0.0971660614014,-2,94.0,1,14,-4.00547274408,-3.47076188991,5.3,0,9,-10.5,5.0,400.0
3.1,0.0,1,400.0,22.0,0,1,0.0971689224243,-2,94.0,1,9,2.86539633251,-4.45864372401,5.3,0,9,-10.5,5.0,400.0
3.1,0.0,1,400.0,22.0,0,-1,0.097195148468,0,94.0,2,19,-4.00547274408,3.47076188991,5.3,0,9,-10.5,5.0,400.0
3.1,0.0,1,400.0,22.0,0,-1,0.0971901416779,1,94.0,1,12,-1.49318255126,-5.08531276016,5.3,0,9,-10.5,5.0,400.0
3.1,0.0,1,400.0,22.0,0,0,0.0972058773041,0,94.0,1,5,5.24605364197,0.754268642848,5.3,0,9,-10.5,5.0,400.0
3.1,0.0,2,400.0,22.0,0,0,0.0972819328308,0,94.0,2,8,4.00547274408,-3.47076188991,5.3,0,9,-10.5,5.0,400.0
3.1,0.0,2,400.0,22.0,0,-1,0.0971720218658,1,94.0,2,0,0.0,5.3,5.3,0,9,-10.5,5.0,400.0
3.1,0.0,2,400.0,22.0,0,0,0.0970749855042,0,94.0,1,7,4.82104957538,-2.20169956891,5.3,0,9,-10.5,5.0,400.0
3.1,0.0,1,400.0,22.0,0,-2,0.0971710681915,-2,94.0,1,11,6.49041367526e-16,-5.3,5.3,0,9,-10.5,5.0,400.0
3.1,0.0,2,400.0,22.0,0,1,0.097195148468,-2,94.0,2,19,-4.00547274408,3.47076188991,5.3,0,9,-10.5,5.0,400.0
3.1,0.0,2,400.0,22.0,0,1,0.0971598625183,1,94.0,2,1,1.49318255126,5.08531276016,5.3,0,9,-10.5,5.0,400.0
3.1,0.0,2,400.0,22.0,0,2,0.0971360206604,1,94.0,2,10,1.49318255126,-5.08531276016,5.3,0,9,-10.5,5.0,400.0
3.1,0.0,2,400.0,22.0,0,1,0.0971689224243,1,94.0,1,15,-4.82104957538,-2.20169956891,5.3,0,9,-10.5,5.0,400.0
3.1,0.0,2,400.0,22.0,0,1,0.0970389842987,2,94.0,2,10,1.49318255126,-5.08531276016,5.3,0,9,-10.5,5.0,400.0
3.1,0.0,1,400.0,22.0,0,0,0.0971751213074,-1,94.0,1,17,-5.24605364197,0.754268642848,5.3,0,9,-10.5,5.0,400.0
3.1,0.0,2,400.0,22.0,0,1,0.0969929695129,1,94.0,2,6,5.24605364197,-0.754268642848,5.3,0,9,-10.5,5.0,400.0
3.1,0.0,2,400.0,22.0,0,-2,0.0971500873566,0,94.0,1,18,-4.82104957538,2.20169956891,5.3,0,9,-10.5,5.0,400.0
3.1,0.0,1,400.0,22.0,0,-2,0.0972108840942,1,94.0,2,1,1.49318255126,5.08531276016,5.3,0,9,-10.5,5.0,400.0
3.1,0.0,1,400.0,22.0,0,-2,0.0971701145172,-1,94.0,1,16,-5.24605364197,-0.754268642848,5.3,0,9,-10.5,5.0,400.0
3.1,0.0,2,400.0,22.0,0,2,0.0971510410309,-2,94.0,1,12,-1.49318255126,-5.08531276016,5.3,0,9,-10.5,5.0,400.0
3.1,0.0,2,400.0,22.0,0,0,0.0971369743347,-1,94.0,1,21,-1.49318255126,5.08531276016,5.3,0,9,-10.5,5.0,400.0
3.1,0.0,1,400.0,22.0,0,1,0.0971531867981,0,94.0,1,15,-4.82104957538,-2.20169956891,5.3,0,9,-10.5,5.0,400.0
3.1,0.0,2,400.0,22.0,0,0,0.0971488952637,1,94.0,2,12,-1.49318255126,-5.08531276016,5.3,0,9,-10.5,5.0,400.0
3.1,0.0,1,400.0,22.0,0,1,0.0971660614014,0,94.0,2,14,-4.00547274408,-3.47076188991,5.3,0,9,-10.5,5.0,400.0
3.1,0.0,1,400.0,22.0,0,0,0.0971920490265,0,94.0,1,15,-4.82104957538,-2.20169956891,5.3,0,9,-10.5,5.0,400.0
3.1,0.0,1,400.0,22.0,0,-1,0.0972170829773,2,94.0,2,7,4.82104957538,-2.20169956891,5.3,0,9,-10.5,5.0,400.0
3.1,0.0,2,400.0,22.0,0,-1,0.097179889679,1,94.0,1,21,-1.49318255126,5.08531276016,5.3,0,9,-10.5,5.0,400.0
3.1,0.0,2,400.0,22.0,0,-1,0.0971779823303,-1,94.0,1,9,2.86539633251,-4.45864372401,5.3,0,9,-10.5,5.0,400.0
3.1,0.0,2,400.0,22.0,0,-1,0.0971739292145,2,94.0,1,9,2.86539633251,-4.45864372401,5.3,0,9,-10.5,5.0,400.0
3.1,0.0,1,400.0,22.0,0,2,0.0971708297729,-1,94.0,2,15,-4.82104957538,-2.20169956891,5.3,0,9,-10.5,5.0,400.0
3.1,0.0,1,400.0,22.0,0,-1,0.0971720218658,0,94.0,1,13,-2.86539633251,-4.45864372401,5.3,0,9,-10.5,5.0,400.0
3.1,0.0,2,400.0,22.0,0,-1,0.0971760749817,2,94.0,1,12,-1.49318255126,-5.08531276016,5.3,0,9,-10.5,5.0,400.0
3.1,0.0,1,400.0,22.0,0,2,0.0971908569336,0,94.0,1,4,4.82104957538,2.20169956891,5.3,0,9,-10.5,5.0,400.0
3.1,0.0,2,400.0,22.0,0,1,0.0971410274506,0,94.0,1,1,1.49318255126,5.08531276016,5.3,0,9,-10.5,5.0,400.0
3.1,0.0,2,400.0,22.0,0,2,0.0971310138702,0,94.0,1,18,-4.82104957538,2.20169956891,5.3,0,9,-10.5,5.0,400.0
3.1,0.0,1,400.0,22.0,0,2,0.0971720218658,-2,94.0,1,14,-4.00547274408,-3.47076188991,5.3,0,9,-10.5,5.0,400.0
3.1,0.0,1,400.0,22.0,0,-2,0.0971651077271,2,94.0,2,4,4.82104957538,2.20169956891,5.3,0,9,-10.5,5.0,400.0
3.1,0.0,2,400.0,22.0,0,1,0.0971760749817,-1,94.0,1,20,-2.86539633251,4.45864372401,5.3,0,9,-10.5,5.0,400.0
3.1,0.0,1,400.0,22.0,0,1,0.097186088562,-1,94.0,1,21,-1.49318255126,5.08531276016,5.3,0,9,-10.5,5.0,400.0
3.1,0.0,2,400.0,22.0,0,0,0.0971729755402,-1,94.0,1,19,-4.00547274408,3.47076188991,5.3,0,9,-10.5,5.0,400.0
3.1,0.0,1,400.0,22.0,0,1,0.0971760749817,0,94.0,1,3,4.00547274408,3.47076188991,5.3,0,9,-10.5,5.0,400.0
3.1,0.0,1,400.0,22.0,0,2,0.0971791744232,-1,94.0,1,6,5.24605364197,-0.754268642848,5.3,0,9,-10.5,5.0,400.0
3.1,0.0,1,400.0,22.0,0,-1,0.0971801280975,-1,94.0,1,20,-2.86539633251,4.45864372401,5.3,0,9,-10.5,5.0,400.0
3.1,0.0,2,400.0,22.0,0,-1,0.0971920490265,0,94.0,2,4,4.82104957538,2.20169956891,5.3,0,9,-10.5,5.0,400.0
3.1,0.0,1,400.0,22.0,0,0,0.0971531867981,-1,94.0,1,12,-1.49318255126,-5.08531276016,5.3,0,9,-10.5,5.0,400.0
3.1,0.0,1,400.0,22.0,0,-2,0.0971579551697,0,94.0,1,19,-4.00547274408,3.47076188991,5.3,0,9,-10.5,5.0,400.0
3.1,0.0,1,400.0,22.0,0,1,0.0971689224243,0,94.0,1,20,-2.86539633251,4.45864372401,5.3,0,9,-10.5,5.0,400.0
3.1,0.0,1,400.0,22.0,0,-1,0.0971629619598,-2,94.0,2,11,6.49041367526e-16,-5.3,5.3,0,9,-10.5,5.0,400.0
3.1,0.0,1,400.0,22.0,0,1,0.0971732139587,1,94.0,2,8,4.00547274408,-3.47076188991,5.3,0,9,-10.5,5.0,400.0
3.1,0.0,1,400.0,22.0,0,2,0.0971698760986,1,94.0,1,17,-5.24605364197,0.754268642848,5.3,0,9,-10.5,5.0,400.0
3.1,0.0,1,400.0,22.0,0,-2,0.0971660614014,-1,94.0,2,17,-5.24605364197,0.754268642848,5.3,0,9,-10.5,5.0,400.0
3.1,0.0,1,400.0,22.0,0,-1,0.097177028656,1,94.0,1,8,4.00547274408,-3.47076188991,5.3,0,9,-10.5,5.0,400.0
3.1,0.0,1,400.0,22.0,0,1,0.0972108840942,-2,94.0,2,8,4.00547274408,-3.47076188991,5.3,0,9,-10.5,5.0,400.0
3.1,0.0,1,400.0,22.0,0,2,0.0971810817719,1,94.0,1,6,5.24605364197,-0.754268642848,5.3,0,9,-10.5,5.0,400.0
3.1,0.0,1,400.0,22.0,0,-2,0.0971620082855,1,94.0,2,19,-4.00547274408,3.47076188991,5.3,0,9,-10.5,5.0,400.0
3.1,0.0,2,400.0,22.0,0,-1,0.097156047821,-2,94.0,1,20,-2.86539633251,4.45864372401,5.3,0,9,-10.5,5.0,400.0
3.1,0.0,1,400.0,22.0,0,1,0.0971801280975,2,94.0,1,21,-1.49318255126,5.08531276016,5.3,0,9,-10.5,5.0,400.0
3.1,0.0,1,400.0,22.0,0,2,0.0972120761871,0,94.0,1,13,-2.86539633251,-4.45864372401,5.3,0,9,-10.5,5.0,400.0
3.1,0.0,1,400.0,22.0,0,2,0.0972039699554,-2,94.0,1,21,-1.49318255126,5.08531276016,5.3,0,9,-10.5,5.0,400.0
3.1,0.0,2,400.0,22.0,0,2,0.0971851348877,2,94.0,2,15,-4.82104957538,-2.20169956891,5.3,0,9,-10.5,5.0,400.0
3.1,0.0,1,400.0,22.0,0,-1,0.0971891880035,1,94.0,2,12,-1.49318255126,-5.08531276016,5.3,0,9,-10.5,5.0,400.0
3.1,0.0,2,400.0,22.0,0,2,0.0971879959106,0,94.0,2,6,5.24605364197,-0.754268642848,5.3,0,9,-10.5,5.0,400.0
3.1,0.0,2,400.0,22.0,0,1,0.097216129303,2,94.0,1,14,-4.00547274408,-3.47076188991,5.3,0,9,-10.5,5.0,400.0
3.1,0.0,2,400.0,22.0,0,0,0.0971789360046,-2,94.0,2,13,-2.86539633251,-4.45864372401,5.3,0,9,-10.5,5.0,400.0
3.1,0.0,1,400.0,22.0,0,0,0.0970289707184,0,94.0,1,2,2.86539633251,4.45864372401,5.3,0,9,-10.5,5.0,400.0
3.1,0.0,2,400.0,22.0,0,-2,0.0970280170441,0,94.0,1,16,-5.24605364197,-0.754268642848,5.3,0,9,-10.5,5.0,400.0
3.1,0.0,1,400.0,22.0,0,0,0.0971870422363,0,94.0,2,16,-5.24605364197,-0.754268642848,5.3,0,9,-10.5,5.0,400.0
3.1,0.0,2,400.0,22.0,0,1,0.0971848964691,-1,94.0,1,21,-1.49318255126,5.08531276016,5.3,0,9,-10.5,5.0,400.0
3.1,0.0,2,400.0,22.0,0,0,0.0971419811249,-2,94.0,1,19,-4.00547274408,3.47076188991,5.3,0,9,-10.5,5.0,400.0
3.1,0.0,1,400.0,22.0,0,2,0.0971438884735,-1,94.0,2,17,-5.24605364197,0.754268642848,5.3,0,9,-10.5,5.0,400.0
3.1,0.0,2,400.0,22.0,0,-2,0.0972211360931,-2,94.0,1,4,4.82104957538,2.20169956891,5.3,0,9,-10.5,5.0,400.0
3.1,0.0,1,400.0,22.0,0,0,0.0971438884735,-1,94.0,2,0,0.0,5.3,5.3,0,9,-10.5,5.0,400.0
3.1,0.0,1,400.0,22.0,0,-1,0.0971879959106,-1,94.0,2,12,-1.49318255126,-5.08531276016,5.3,0,9,-10.5,5.0,400.0
3.1,0.0,2,400.0,22.0,0,0,0.0971879959106,1,94.0,1,4,4.82104957538,2.20169956891,5.3,0,9,-10.5,5.0,400.0
3.1,0.0,1,400.0,22.0,0,1,0.0971479415894,2,94.0,2,7,4.82104957538,-2.20169956891,5.3,0,9,-10.5,5.0,400.0
3.1,0.0,1,400.0,22.0,0,0,0.097207069397,0,94.0,1,4,4.82104957538,2.20169956891,5.3,0,9,-10.5,5.0,400.0
3.1,0.0,2,400.0,22.0,0,2,0.0972011089325,-1,94.0,2,13,-2.86539633251,-4.45864372401,5.3,0,9,-10.5,5.0,400.0
3.1,0.0,1,400.0,22.0,0,-2,0.0972039699554,-2,94.0,1,5,5.24605364197,0.754268642848,5.3,0,9,-10.5,5.0,400.0
3.1,0.0,2,400.0,22.0,0,-2,0.0971720218658,0,94.0,1,16,-5.24605364197,-0.754268642848,5.3,0,9,-10.5,5.0,400.0
3.1,0.0,2,400.0,22.0,0,1,0.097198009491,2,94.0,1,20,-2.86539633251,4.45864372401,5.3,0,9,-10.5,5.0,400.0
3.1,0.0,2,400.0,22.0,0,2,0.0971989631653,0,94.0,2,7,4.82104957538,-2.20169956891,5.3,0,9,-10.5,5.0,400.0
3.1,0.0,1,400.0,22.0,0,0,0.097146987915,1,94.0,1,21,-1.49318255126,5.08531276016,5.3,0,9,-10.5,5.0,400.0
3.1,0.0,1,400.0,22.0,0,-2,0.0971488952637,0,94.0,2,5,5.24605364197,0.754268642848,5.3,0,9,-10.5,5.0,400.0
3.1,0.0,2,400.0,22.0,0,0,0.09716796875,-1,94.0,2,3,4.00547274408,3.47076188991,5.3,0,9,-10.5,5.0,400.0
3.1,0.0,1,400.0,22.0,0,1,0.0970320701599,1,94.0,2,17,-5.24605364197,0.754268642848,5.3,0,9,-10.5,5.0,400.0
3.1,0.0,2,400.0,22.0,0,-1,0.0971689224243,-2,94.0,2,17,-5.24605364197,0.754268642848,5.3,0,9,-10.5,5.0,400.0
3.1,0.0,2,400.0,22.0,0,-1,0.0971689224243,1,94.0,2,0,0.0,5.3,5.3,0,9,-10.5,5.0,400.0
3.1,0.0,2,400.0,22.0,0,-2,0.0971870422363,-2,94.0,2,9,2.86539633251,-4.45864372401,5.3,0,9,-10.5,5.0,400.0
3.1,0.0,1,400.0,22.0,0,0,0.0971231460571,1,94.0,2,19,-4.00547274408,3.47076188991,5.3,0,9,-10.5,5.0,400.0
3.1,0.0,2,400.0,22.0,0,-1,0.0971491336823,-2,94.0,1,9,2.86539633251,-4.45864372401,5.3,0,9,-10.5,5.0,400.0
3.1,0.0,2,400.0,22.0,0,2,0.0971717834473,1,94.0,1,15,-4.82104957538,-2.20169956891,5.3,0,9,-10.5,5.0,400.0
3.1,0.0,1,400.0,22.0,0,-1,0.0971648693085,1,94.0,2,14,-4.00547274408,-3.47076188991,5.3,0,9,-10.5,5.0,400.0
3.1,0.0,1,400.0,22.0,0,0,0.0971870422363,-1,94.0,2,11,6.49041367526e-16,-5.3,5.3,0,9,-10.5,5.0,400.0
3.1,0.0,1,400.0,22.0,0,2,0.0970411300659,-1,94.0,1,11,6.49041367526e-16,-5.3,5.3,0,9,-10.5,5.0,400.0
3.1,0.0,2,400.0,22.0,0,2,0.0971748828888,1,94.0,2,2,2.86539633251,4.45864372401,5.3,0,9,-10.5,5.0,400.0
3.1,0.0,2,400.0,22.0,0,1,0.0971531867981,-1,94.0,2,9,2.86539633251,-4.45864372401,5.3,0,9,-10.5,5.0,400.0
3.1,0.0,1,400.0,22.0,0,0,0.0971598625183,2,94.0,2,2,2.86539633251,4.45864372401,5.3,0,9,-10.5,5.0,400.0
3.1,0.0,2,400.0,22.0,0,-2,0.097207069397,2,94.0,1,16,-5.24605364197,-0.754268642848,5.3,0,9,-10.5,5.0,400.0
3.1,0.0,1,400.0,22.0,0,1,0.0971429347992,0,94.0,2,4,4.82104957538,2.20169956891,5.3,0,9,-10.5,5.0,400.0
3.1,0.0,1,400.0,22.0,0,-2,0.0971658229828,-2,94.0,2,2,2.86539633251,4.45864372401,5.3,0,9,-10.5,5.0,400.0
3.1,0.0,1,400.0,22.0,0,0,0.0972118377686,1,94.0,2,17,-5.24605364197,0.754268642848,5.3,0,9,-10.5,5.0,400.0
3.1,0.0,2,400.0,22.0,0,2,0.0971941947937,1,94.0,1,15,-4.82104957538,-2.20169956891,5.3,0,9,-10.5,5.0,400.0
3.1,0.0,1,400.0,22.0,0,1,0.0970139503479,-2,94.0,2,2,2.86539633251,4.45864372401,5.3,0,9,-10.5,5.0,400.0
3.1,0.0,1,400.0,22.0,0,1,0.0971910953522,1,94.0,2,18,-4.82104957538,2.20169956891,5.3,0,9,-10.5,5.0,400.0
3.1,0.0,2,400.0,22.0,0,-1,0.0971579551697,-2,94.0,2,14,-4.00547274408,-3.47076188991,5.3,0,9,-10.5,5.0,400.0
3.1,0.0,2,400.0,22.0,0,-2,0.0972051620483,0,94.0,2,9,2.86539633251,-4.45864372401,5.3,0,9,-10.5,5.0,400.0
3.1,0.0,1,400.0,22.0,0,2,0.0971748828888,-1,94.0,2,15,-4.82104957538,-2.20169956891,5.3,0,9,-10.5,5.0,400.0
3.1,0.0,1,400.0,22.0,0,2,0.097179889679,0,94.0,2,2,2.86539633251,4.45864372401,5.3,0,9,-10.5,5.0,400.0
3.1,0.0,2,400.0,22.0,0,-1,0.0972108840942,0,94.0,2,0,0.0,5.3,5.3,0,9,-10.5,5.0,400.0
3.1,0.0,2,400.0,22.0,0,2,0.0972020626068,0,94.0,1,21,-1.49318255126,5.08531276016,5.3,0,9,-10.5,5.0,400.0
3.1,0.0,1,400.0,22.0,0,1,0.0971500873566,0,94.0,2,18,-4.82104957538,2.20169956891,5.3,0,9,-10.5,5.0,400.0
3.1,0.0,2,400.0,22.0,0,1,0.0971791744232,2,94.0,1,15,-4.82104957538,-2.20169956891,5.3,0,9,-10.5,5.0,400.0
3.1,0.0,2,400.0,22.0,0,2,0.0971579551697,2,94.0,1,1,1.49318255126,5.08531276016,5.3,0,9,-10.5,5.0,400.0
3.1,0.0,1,400.0,22.0,0,1,0.0973150730133,-1,94.0,2,17,-5.24605364197,0.754268642848,5.3,0,9,-10.5,5.0,400.0
3.1,0.0,1,400.0,22.0,0,-2,0.0971910953522,-2,94.0,1,4,4.82104957538,2.20169956891,5.3,0,9,-10.5,5.0,400.0
3.1,0.0,1,400.0,22.0,0,-2,0.0971930027008,-1,94.0,2,21,-1.49318255126,5.08531276016,5.3,0,9,-10.5,5.0,400.0
3.1,0.0,1,400.0,22.0,0,-1,0.097156047821,-2,94.0,2,11,6.49041367526e-16,-5.3,5.3,0,9,-10.5,5.0,400.0
3.1,0.0,1,400.0,22.0,0,0,0.0971739292145,-2,94.0,2,6,5.24605364197,-0.754268642848,5.3,0,9,-10.5,5.0,400.0
3.1,0.0,2,400.0,22.0,0,0,0.0971801280975,2,94.0,1,14,-4.00547274408,-3.47076188991,5.3,0,9,-10.5,5.0,400.0
3.1,0.0,2,400.0,22.0,0,-2,0.0973160266876,0,94.0,2,16,-5.24605364197,-0.754268642848,5.3,0,9,-10.5,5.0,400.0
3.1,0.0,1,400.0,22.0,0,-2,0.0971810817719,0,94.0,1,21,-1.49318255126,5.08531276016,5.3,0,9,-10.5,5.0,400.0
3.1,0.0,1,400.0,22.0,0,2,0.0971899032593,-2,94.0,2,16,-5.24605364197,-0.754268642848,5.3,0,9,-10.5,5.0,400.0
3.1,0.0,1,400.0,22.0,0,0,0.0971841812134,-1,94.0,1,8,4.00547274408,-3.47076188991,5.3,0,9,-10.5,5.0,400.0
3.1,0.0,1,400.0,22.0,0,0,0.0972278118134,-2,94.0,1,21,-1.49318255126,5.08531276016,5.3,0,9,-10.5,5.0,400.0
3.1,0.0,2,400.0,22.0,0,-1,0.0971760749817,-2,94.0,1,3,4.00547274408,3.47076188991,5.3,0,9,-10.5,5.0,400.0
3.1,0.0,1,400.0,22.0,0,1,0.0971910953522,0,94.0,2,14,-4.00547274408,-3.47076188991,5.3,0,9,-10.5,5.0,400.0
3.1,0.0,1,400.0,22.0,0,2,0.0971591472626,-1,94.0,2,14,-4.00547274408,-3.47076188991,5.3,0,9,-10.5,5.0,400.0
3.1,0.0,2,400.0,22.0,0,-2,0.0971598625183,1,94.0,1,2,2.86539633251,4.45864372401,5.3,0,9,-10.5,5.0,400.0
3.1,0.0,1,400.0,22.0,0,-1,0.097149848938,-2,94.0,2,3,4.00547274408,3.47076188991,5.3,0,9,-10.5,5.0,400.0
3.1,0.0,2,400.0,22.0,0,1,0.0971939563751,1,94.0,1,18,-4.82104957538,2.20169956891,5.3,0,9,-10.5,5.0,400.0
3.1,0.0,2,400.0,22.0,0,-2,0.0971281528473,0,94.0,2,13,-2.86539633251,-4.45864372401,5.3,0,9,-10.5,5.0,400.0
3.1,0.0,1,400.0,22.0,0,1,0.0971698760986,-2,94.0,2,15,-4.82104957538,-2.20169956891,5.3,0,9,-10.5,5.0,400.0
3.1,0.0,2,400.0,22.0,0,-2,0.0971400737762,2,94.0,2,4,4.82104957538,2.20169956891,5.3,0,9,-10.5,5.0,400.0
3.1,0.0,1,400.0,22.0,0,2,0.0971789360046,-1,94.0,1,15,-4.82104957538,-2.20169956891,5.3,0,9,-10.5,5.0,400.0
3.1,0.0,1,400.0,22.0,0,2,0.097137928009,1,94.0,1,1,1.49318255126,5.08531276016,5.3,0,9,-10.5,5.0,400.0
3.1,0.0,1,400.0,22.0,0,1,0.0971879959106,1,94.0,2,1,1.49318255126,5.08531276016,5.3,0,9,-10.5,5.0,400.0
3.1,0.0,2,400.0,22.0,0,-1,0.0971608161926,-2,94.0,1,19,-4.00547274408,3.47076188991,5.3,0,9,-10.5,5.0,400.0
3.1,0.0,2,400.0,22.0,0,1,0.0971341133118,-2,94.0,1,15,-4.82104957538,-2.20169956891,5.3,0,9,-10.5,5.0,400.0
3.1,0.0,2,400.0,22.0,0,-2,0.0971539020538,0,94.0,2,5,5.24605364197,0.754268642848,5.3,0,9,-10.5,5.0,400.0
3.1,0.0,1,400.0,22.0,0,2,0.0971648693085,0,94.0,2,6,5.24605364197,-0.754268642848,5.3,0,9,-10.5,5.0,400.0
3.1,0.0,2,400.0,22.0,0,-2,0.0971970558167,-1,94.0,2,10,1.49318255126,-5.08531276016,5.3,0,9,-10.5,5.0,400.0
3.1,0.0,1,400.0,22.0,0,2,0.0971961021423,-1,94.0,2,20,-2.86539633251,4.45864372401,5.3,0,9,-10.5,5.0,400.0
3.1,0.0,2,400.0,22.0,0,1,0.0972049236298,0,94.0,2,0,0.0,5.3,5.3,0,9,-10.5,5.0,400.0
3.1,0.0,1,400.0,22.0,0,-1,0.0971610546112,1,94.0,2,8,4.00547274408,-3.47076188991,5.3,0,9,-10.5,5.0,400.0
3.1,0.0,2,400.0,22.0,0,-2,0.0972011089325,1,94.0,2,7,4.82104957538,-2.20169956891,5.3,0,9,-10.5,5.0,400.0
3.1,0.0,1,400.0,22.0,0,2,0.0972061157227,2,94.0,2,17,-5.24605364197,0.754268642848,5.3,0,9,-10.5,5.0,400.0
3.1,0.0,1,400.0,22.0,0,2,0.0971720218658,0,94.0,2,7,4.82104957538,-2.20169956891,5.3,0,9,-10.5,5.0,400.0
3.1,0.0,2,400.0,22.0,0,-2,0.0971920490265,1,94.0,2,8,4.00547274408,-3.47076188991,5.3,0,9,-10.5,5.0,400.0
3.1,0.0,2,400.0,22.0,0,1,0.0971720218658,0,94.0,1,16,-5.24605364197,-0.754268642848,5.3,0,9,-10.5,5.0,400.0
3.1,0.0,2,400.0,22.0,0,1,0.0971808433533,-2,94.0,1,5,5.24605364197,0.754268642848,5.3,0,9,-10.5,5.0,400.0
3.1,0.0,2,400.0,22.0,0,0,0.0971879959106,0,94.0,1,7,4.82104957538,-2.20169956891,5.3,0,9,-10.5,5.0,400.0
3.1,0.0,1,400.0,22.0,0,-2,0.0971720218658,1,94.0,1,11,6.49041367526e-16,-5.3,5.3,0,9,-10.5,5.0,400.0
3.1,0.0,1,400.0,22.0,0,-1,0.0971789360046,2,94.0,1,17,-5.24605364197,0.754268642848,5.3,0,9,-10.5,5.0,400.0
3.1,0.0,2,400.0,22.0,0,-1,0.0971789360046,0,94.0,1,6,5.24605364197,-0.754268642848,5.3,0,9,-10.5,5.0,400.0
3.1,0.0,1,400.0,22.0,0,-2,0.0971360206604,1,94.0,2,18,-4.82104957538,2.20169956891,5.3,0,9,-10.5,5.0,400.0
3.1,0.0,1,400.0,22.0,0,2,0.0971941947937,-1,94.0,1,2,2.86539633251,4.45864372401,5.3,0,9,-10.5,5.0,400.0
3.1,0.0,1,400.0,22.0,0,-1,0.0970830917358,-2,94.0,2,16,-5.24605364197,-0.754268642848,5.3,0,9,-10.5,5.0,400.0
3.1,0.0,2,400.0,22.0,0,-2,0.0971660614014,2,94.0,1,7,4.82104957538,-2.20169956891,5.3,0,9,-10.5,5.0,400.0
3.1,0.0,2,400.0,22.0,0,-1,0.0970511436462,-2,94.0,2,13,-2.86539633251,-4.45864372401,5.3,0,9,-10.5,5.0,400.0
3.1,0.0,2,400.0,22.0,0,2,0.097177028656,-1,94.0,1,17,-5.24605364197,0.754268642848,5.3,0,9,-10.5,5.0,400.0
3.1,0.0,2,400.0,22.0,0,-2,0.0971858501434,2,94.0,2,18,-4.82104957538,2.20169956891,5.3,0,9,-10.5,5.0,400.0
3.1,0.0,2,400.0,22.0,0,1,0.0971791744232,-2,94.0,2,18,-4.82104957538,2.20169956891,5.3,0,9,-10.5,5.0,400.0
3.1,0.0,1,400.0,22.0,0,-2,0.0970261096954,2,94.0,2,9,2.86539633251,-4.45864372401,5.3,0,9,-10.5,5.0,400.0
3.1,0.0,2,400.0,22.0,0,2,0.0970649719238,1,94.0,2,2,2.86539633251,4.45864372401,5.3,0,9,-10.5,5.0,400.0
3.1,0.0,2,400.0,22.0,0,-1,0.0971400737762,-2,94.0,1,12,-1.49318255126,-5.08531276016,5.3,0,9,-10.5,5.0,400.0
3.1,0.0,2,400.0,22.0,0,2,0.0971710681915,1,94.0,1,7,4.82104957538,-2.20169956891,5.3,0,9,-10.5,5.0,400.0
3.1,0.0,2,400.0,22.0,0,2,0.0971648693085,-2,94.0,1,14,-4.00547274408,-3.47076188991,5.3,0,9,-10.5,5.0,400.0
3.1,0.0,2,400.0,22.0,0,-2,0.0972180366516,-1,94.0,1,18,-4.82104957538,2.20169956891,5.3,0,9,-10.5,5.0,400.0
3.1,0.0,1,400.0,22.0,0,0,0.0971949100494,-1,94.0,1,6,5.24605364197,-0.754268642848,5.3,0,9,-10.5,5.0,400.0
3.1,0.0,1,400.0,22.0,0,2,0.0970480442047,-2,94.0,2,6,5.24605364197,-0.754268642848,5.3,0,9,-10.5,5.0,400.0
3.1,0.0,2,400.0,22.0,0,2,0.0971610546112,1,94.0,2,21,-1.49318255126,5.08531276016,5.3,0,9,-10.5,5.0,400.0
3.1,0.0,1,400.0,22.0,0,1,0.0971660614014,2,94.0,1,0,0.0,5.3,5.3,0,9,-10.5,5.0,400.0
3.1,0.0,1,400.0,22.0,0,-1,0.0971970558167,1,94.0,1,6,5.24605364197,-0.754268642848,5.3,0,9,-10.5,5.0,400.0
3.1,0.0,2,400.0,22.0,0,-2,0.0972089767456,2,94.0,2,9,2.86539633251,-4.45864372401,5.3,0,9,-10.5,5.0,400.0
3.1,0.0,2,400.0,22.0,0,2,0.0971519947052,1,94.0,2,18,-4.82104957538,2.20169956891,5.3,0,9,-10.5,5.0,400.0
3.1,0.0,1,400.0,22.0,0,-1,0.0972118377686,0,94.0,1,20,-2.86539633251,4.45864372401,5.3,0,9,-10.5,5.0,400.0
3.1,0.0,2,400.0,22.0,0,-2,0.0971841812134,1,94.0,2,13,-2.86539633251,-4.45864372401,5.3,0,9,-10.5,5.0,400.0
3.1,0.0,2,400.0,22.0,0,0,0.097179889679,1,94.0,1,7,4.82104957538,-2.20169956891,5.3,0,9,-10.5,5.0,400.0
3.1,0.0,2,400.0,22.0,0,-2,0.0971949100494,2,94.0,2,12,-1.49318255126,-5.08531276016,5.3,0,9,-10.5,5.0,400.0
3.1,0.0,1,400.0,22.0,0,1,0.097156047821,-1,94.0,2,4,4.82104957538,2.20169956891,5.3,0,9,-10.5,5.0,400.0
3.1,0.0,1,400.0,22.0,0,-2,0.0971841812134,1,94.0,2,19,-4.00547274408,3.47076188991,5.3,0,9,-10.5,5.0,400.0
3.1,0.0,1,400.0,22.0,0,-1,0.0971481800079,2,94.0,1,20,-2.86539633251,4.45864372401,5.3,0,9,-10.5,5.0,400.0
3.1,0.0,2,400.0,22.0,0,-2,0.0971431732178,2,94.0,1,7,4.82104957538,-2.20169956891,5.3,0,9,-10.5,5.0,400.0
3.1,0.0,2,400.0,22.0,0,2,0.0971529483795,-1,94.0,1,16,-5.24605364197,-0.754268642848,5.3,0,9,-10.5,5.0,400.0
3.1,0.0,1,400.0,22.0,0,1,0.0971939563751,0,94.0,2,17,-5.24605364197,0.754268642848,5.3,0,9,-10.5,5.0,400.0
3.1,0.0,1,400.0,22.0,0,-1,0.0971610546112,-1,94.0,2,2,2.86539633251,4.45864372401,5.3,0,9,-10.5,5.0,400.0
3.1,0.0,1,400.0,22.0,0,-1,0.0971949100494,2,94.0,1,5,5.24605364197,0.754268642848,5.3,0,9,-10.5,5.0,400.0
3.1,0.0,1,400.0,22.0,0,1,0.0971550941467,1,94.0,2,6,5.24605364197,-0.754268642848,5.3,0,9,-10.5,5.0,400.0
3.1,0.0,1,400.0,22.0,0,0,0.0971550941467,0,94.0,2,11,6.49041367526e-16,-5.3,5.3,0,9,-10.5,5.0,400.0
3.1,0.0,2,400.0,22.0,0,2,0.0971958637238,-2,94.0,2,3,4.00547274408,3.47076188991,5.3,0,9,-10.5,5.0,400.0
3.1,0.0,1,400.0,22.0,0,-1,0.0972020626068,-2,94.0,2,16,-5.24605364197,-0.754268642848,5.3,0,9,-10.5,5.0,400.0
3.1,0.0,2,400.0,22.0,0,1,0.0971739292145,-1,94.0,1,12,-1.49318255126,-5.08531276016,5.3,0,9,-10.5,5.0,400.0
3.1,0.0,2,400.0,22.0,0,-1,0.0971779823303,0,94.0,1,18,-4.82104957538,2.20169956891,5.3,0,9,-10.5,5.0,400.0
3.1,0.0,2,400.0,22.0,0,1,0.097146987915,1,94.0,2,21,-1.49318255126,5.08531276016,5.3,0,9,-10.5,5.0,400.0
3.1,0.0,2,400.0,22.0,0,1,0.0971829891205,-1,94.0,1,16,-5.24605364197,-0.754268642848,5.3,0,9,-10.5,5.0,400.0
3.1,0.0,1,400.0,22.0,0,-2,0.0972077846527,1,94.0,2,16,-5.24605364197,-0.754268642848,5.3,0,9,-10.5,5.0,400.0
3.1,0.0,1,400.0,22.0,0,2,0.0971360206604,1,94.0,1,4,4.82104957538,2.20169956891,5.3,0,9,-10.5,5.0,400.0
3.1,0.0,1,400.0,22.0,0,0,0.0971541404724,1,94.0,1,8,4.00547274408,-3.47076188991,5.3,0,9,-10.5,5.0,400.0
3.1,0.0,2,400.0,22.0,0,2,0.0970919132233,2,94.0,2,8,4.00547274408,-3.47076188991,5.3,0,9,-10.5,5.0,400.0
3.1,0.0,2,400.0,22.0,0,-1,0.0971529483795,-2,94.0,1,4,4.82104957538,2.20169956891,5.3,0,9,-10.5,5.0,400.0
3.1,0.0,2,400.0,22.0,0,-1,0.0971820354462,0,94.0,2,6,5.24605364197,-0.754268642848,5.3,0,9,-10.5,5.0,400.0
3.1,0.0,1,400.0,22.0,0,0,0.0971689224243,0,94.0,2,21,-1.49318255126,5.08531276016,5.3,0,9,-10.5,5.0,400.0
3.1,0.0,2,400.0,22.0,0,1,0.0971999168396,0,94.0,2,12,-1.49318255126,-5.08531276016,5.3,0,9,-10.5,5.0,400.0
3.1,0.0,1,400.0,22.0,0,1,0.097188949585,-2,94.0,1,5,5.24605364197,0.754268642848,5.3,0,9,-10.5,5.0,400.0
3.1,0.0,1,400.0,22.0,0,0,0.0971779823303,-1,94.0,2,20,-2.86539633251,4.45864372401,5.3,0,9,-10.5,5.0,400.0
3.1,0.0,1,400.0,22.0,0,-1,0.0970578193665,1,94.0,1,20,-2.86539633251,4.45864372401,5.3,0,9,-10.5,5.0,400.0
3.1,0.0,1,400.0,22.0,0,2,0.0971479415894,1,94.0,1,15,-4.82104957538,-2.20169956891,5.3,0,9,-10.5,5.0,400.0
3.1,0.0,1,400.0,22.0,0,-1,0.0970368385315,-2,94.0,1,7,4.82104957538,-2.20169956891,5.3,0,9,-10.5,5.0,400.0
3.1,0.0,1,400.0,22.0,0,0,0.0971961021423,-2,94.0,1,13,-2.86539633251,-4.45864372401,5.3,0,9,-10.5,5.0,400.0
3.1,0.0,2,400.0,22.0,0,0,0.097158908844,-2,94.0,1,3,4.00547274408,3.47076188991,5.3,0,9,-10.5,5.0,400.0
3.1,0.0,1,400.0,22.0,0,-2,0.0972120761871,2,94.0,1,11,6.49041367526e-16,-5.3,5.3,0,9,-10.5,5.0,400.0
3.1,0.0,2,400.0,22.0,0,-2,0.0971741676331,0,94.0,1,10,1.49318255126,-5.08531276016,5.3,0,9,-10.5,5.0,400.0
3.1,0.0,1,400.0,22.0,0,-1,0.0973420143127,2,94.0,1,21,-1.49318255126,5.08531276016,5.3,0,9,-10.5,5.0,400.0
3.1,0.0,2,400.0,22.0,0,1,0.0972189903259,0,94.0,1,2,2.86539633251,4.45864372401,5.3,0,9,-10.5,5.0,400.0
