cue-length,ms-precue,resp-v-hv,ms-st-cue,nitems,resp-h-pos,actualStimOn,resp-v-pos,ms-stimon,resp-h-hv,cue-loc-int,cue-loc-x,cue-loc-y,radius,bars-or-spot,npractice,ntrials,offsett
3.1,0.0,1,400.0,22.0,-2,0.0970230102539,-2,94.0,2,17,-5.24605364197,0.754268642848,5.3,0,5.0,400.0,-10.5
3.1,0.0,1,400.0,22.0,0,0.0972168445587,0,94.0,2,11,6.49041367526e-16,-5.3,5.3,0,5.0,400.0,-10.5
3.1,0.0,2,400.0,22.0,-2,0.0972249507904,0,94.0,2,15,-4.82104957538,-2.20169956891,5.3,0,5.0,400.0,-10.5
3.1,0.0,2,400.0,22.0,0,0.0971908569336,2,94.0,1,9,2.86539633251,-4.45864372401,5.3,0,5.0,400.0,-10.5
3.1,0.0,2,400.0,22.0,-1,0.0972061157227,-1,94.0,1,15,-4.82104957538,-2.20169956891,5.3,0,5.0,400.0,-10.5
3.1,0.0,2,400.0,22.0,-2,0.0970258712769,0,94.0,2,2,2.86539633251,4.45864372401,5.3,0,5.0,400.0,-10.5
3.1,0.0,1,400.0,22.0,0,0.0970230102539,0,94.0,2,15,-4.82104957538,-2.20169956891,5.3,0,5.0,400.0,-10.5
3.1,0.0,1,400.0,22.0,-1,0.0970211029053,-1,94.0,2,19,-4.00547274408,3.47076188991,5.3,0,5.0,400.0,-10.5
3.1,0.0,1,400.0,22.0,-1,0.0970249176025,-1,94.0,1,14,-4.00547274408,-3.47076188991,5.3,0,5.0,400.0,-10.5
3.1,0.0,1,400.0,22.0,1,0.0970220565796,0,94.0,1,1,1.49318255126,5.08531276016,5.3,0,5.0,400.0,-10.5
3.1,0.0,1,400.0,22.0,0,0.0970129966736,0,94.0,1,16,-5.24605364197,-0.754268642848,5.3,0,5.0,400.0,-10.5
3.1,0.0,1,400.0,22.0,0,0.0970370769501,0,94.0,1,14,-4.00547274408,-3.47076188991,5.3,0,5.0,400.0,-10.5
3.1,0.0,2,400.0,22.0,-1,0.0972218513489,1,94.0,1,15,-4.82104957538,-2.20169956891,5.3,0,5.0,400.0,-10.5
3.1,0.0,2,400.0,22.0,-1,0.0972149372101,0,94.0,1,18,-4.82104957538,2.20169956891,5.3,0,5.0,400.0,-10.5
3.1,0.0,1,400.0,22.0,0,0.0972061157227,-1,94.0,1,2,2.86539633251,4.45864372401,5.3,0,5.0,400.0,-10.5
3.1,0.0,2,400.0,22.0,0,0.0971879959106,0,94.0,1,11,6.49041367526e-16,-5.3,5.3,0,5.0,400.0,-10.5
3.1,0.0,2,400.0,22.0,1,0.0971250534058,0,94.0,1,20,-2.86539633251,4.45864372401,5.3,0,5.0,400.0,-10.5
3.1,0.0,2,400.0,22.0,1,0.0972039699554,-2,94.0,1,0,0.0,5.3,5.3,0,5.0,400.0,-10.5
3.1,0.0,2,400.0,22.0,0,0.0972230434418,1,94.0,2,1,1.49318255126,5.08531276016,5.3,0,5.0,400.0,-10.5
3.1,0.0,2,400.0,22.0,-1,0.0970168113708,2,94.0,1,21,-1.49318255126,5.08531276016,5.3,0,5.0,400.0,-10.5
3.1,0.0,2,400.0,22.0,0,0.0970680713654,0,94.0,1,1,1.49318255126,5.08531276016,5.3,0,5.0,400.0,-10.5
3.1,0.0,1,400.0,22.0,1,0.0972239971161,0,94.0,2,12,-1.49318255126,-5.08531276016,5.3,0,5.0,400.0,-10.5
3.1,0.0,2,400.0,22.0,0,0.0972220897675,1,94.0,2,13,-2.86539633251,-4.45864372401,5.3,0,5.0,400.0,-10.5
3.1,0.0,2,400.0,22.0,0,0.0972199440002,2,94.0,1,13,-2.86539633251,-4.45864372401,5.3,0,5.0,400.0,-10.5
3.1,0.0,1,400.0,22.0,0,0.0972139835358,2,94.0,1,11,6.49041367526e-16,-5.3,5.3,0,5.0,400.0,-10.5
3.1,0.0,2,400.0,22.0,0,0.0971989631653,-1,94.0,1,12,-1.49318255126,-5.08531276016,5.3,0,5.0,400.0,-10.5
3.1,0.0,1,400.0,22.0,0,0.0971500873566,0,94.0,1,20,-2.86539633251,4.45864372401,5.3,0,5.0,400.0,-10.5
3.1,0.0,1,400.0,22.0,-1,0.0972020626068,-2,94.0,2,19,-4.00547274408,3.47076188991,5.3,0,5.0,400.0,-10.5
3.1,0.0,2,400.0,22.0,0,0.0971920490265,0,94.0,1,4,4.82104957538,2.20169956891,5.3,0,5.0,400.0,-10.5
3.1,0.0,1,400.0,22.0,1,0.0971939563751,2,94.0,1,16,-5.24605364197,-0.754268642848,5.3,0,5.0,400.0,-10.5
3.1,0.0,1,400.0,22.0,-1,0.0970220565796,0,94.0,1,21,-1.49318255126,5.08531276016,5.3,0,5.0,400.0,-10.5
3.1,0.0,2,400.0,22.0,1,0.0970318317413,-1,94.0,1,17,-5.24605364197,0.754268642848,5.3,0,5.0,400.0,-10.5
3.1,0.0,1,400.0,22.0,0,0.0971839427948,1,94.0,1,11,6.49041367526e-16,-5.3,5.3,0,5.0,400.0,-10.5
3.1,0.0,1,400.0,22.0,0,0.0970301628113,-2,94.0,1,15,-4.82104957538,-2.20169956891,5.3,0,5.0,400.0,-10.5
3.1,0.0,2,400.0,22.0,2,0.0971808433533,2,94.0,1,6,5.24605364197,-0.754268642848,5.3,0,5.0,400.0,-10.5
3.1,0.0,2,400.0,22.0,1,0.0970540046692,0,94.0,2,10,1.49318255126,-5.08531276016,5.3,0,5.0,400.0,-10.5
3.1,0.0,2,400.0,22.0,0,0.0970458984375,0,94.0,2,14,-4.00547274408,-3.47076188991,5.3,0,5.0,400.0,-10.5
3.1,0.0,2,400.0,22.0,-2,0.0971910953522,0,94.0,2,12,-1.49318255126,-5.08531276016,5.3,0,5.0,400.0,-10.5
3.1,0.0,1,400.0,22.0,2,0.0972158908844,2,94.0,1,9,2.86539633251,-4.45864372401,5.3,0,5.0,400.0,-10.5
3.1,0.0,1,400.0,22.0,2,0.0972168445587,-2,94.0,1,15,-4.82104957538,-2.20169956891,5.3,0,5.0,400.0,-10.5
3.1,0.0,2,400.0,22.0,0,0.0972228050232,-1,94.0,1,12,-1.49318255126,-5.08531276016,5.3,0,5.0,400.0,-10.5
3.1,0.0,1,400.0,22.0,2,0.0971539020538,-2,94.0,1,4,4.82104957538,2.20169956891,5.3,0,5.0,400.0,-10.5
3.1,0.0,2,400.0,22.0,0,0.0972239971161,2,94.0,1,8,4.00547274408,-3.47076188991,5.3,0,5.0,400.0,-10.5
3.1,0.0,2,400.0,22.0,1,0.0972149372101,-1,94.0,1,4,4.82104957538,2.20169956891,5.3,0,5.0,400.0,-10.5
3.1,0.0,2,400.0,22.0,0,0.097216129303,0,94.0,2,14,-4.00547274408,-3.47076188991,5.3,0,5.0,400.0,-10.5
3.1,0.0,1,400.0,22.0,-1,0.0971858501434,0,94.0,2,15,-4.82104957538,-2.20169956891,5.3,0,5.0,400.0,-10.5
3.1,0.0,2,400.0,22.0,1,0.097186088562,0,94.0,1,11,6.49041367526e-16,-5.3,5.3,0,5.0,400.0,-10.5
3.1,0.0,1,400.0,22.0,1,0.0970180034637,-1,94.0,2,19,-4.00547274408,3.47076188991,5.3,0,5.0,400.0,-10.5
3.1,0.0,2,400.0,22.0,0,0.0972030162811,0,94.0,1,2,2.86539633251,4.45864372401,5.3,0,5.0,400.0,-10.5
3.1,0.0,2,400.0,22.0,0,0.0971851348877,1,94.0,1,17,-5.24605364197,0.754268642848,5.3,0,5.0,400.0,-10.5
3.1,0.0,2,400.0,22.0,-2,0.0972099304199,0,94.0,2,21,-1.49318255126,5.08531276016,5.3,0,5.0,400.0,-10.5
3.1,0.0,1,400.0,22.0,0,0.0972681045532,0,94.0,2,10,1.49318255126,-5.08531276016,5.3,0,5.0,400.0,-10.5
3.1,0.0,1,400.0,22.0,0,0.0970330238342,0,94.0,2,1,1.49318255126,5.08531276016,5.3,0,5.0,400.0,-10.5
3.1,0.0,1,400.0,22.0,1,0.097030878067,-2,94.0,1,12,-1.49318255126,-5.08531276016,5.3,0,5.0,400.0,-10.5
3.1,0.0,2,400.0,22.0,2,0.0971839427948,-2,94.0,2,5,5.24605364197,0.754268642848,5.3,0,5.0,400.0,-10.5
3.1,0.0,1,400.0,22.0,1,0.097030878067,2,94.0,1,9,2.86539633251,-4.45864372401,5.3,0,5.0,400.0,-10.5
3.1,0.0,1,400.0,22.0,1,0.097198009491,0,94.0,2,17,-5.24605364197,0.754268642848,5.3,0,5.0,400.0,-10.5
3.1,0.0,2,400.0,22.0,-1,0.0972249507904,2,94.0,1,14,-4.00547274408,-3.47076188991,5.3,0,5.0,400.0,-10.5
3.1,0.0,2,400.0,22.0,-2,0.0972211360931,-1,94.0,1,9,2.86539633251,-4.45864372401,5.3,0,5.0,400.0,-10.5
3.1,0.0,2,400.0,22.0,2,0.0970728397369,-2,94.0,2,20,-2.86539633251,4.45864372401,5.3,0,5.0,400.0,-10.5
3.1,0.0,2,400.0,22.0,0,0.0972018241882,0,94.0,2,10,1.49318255126,-5.08531276016,5.3,0,5.0,400.0,-10.5
3.1,0.0,2,400.0,22.0,-2,0.0971858501434,-2,94.0,2,19,-4.00547274408,3.47076188991,5.3,0,5.0,400.0,-10.5
3.1,0.0,2,400.0,22.0,0,0.097186088562,0,94.0,1,1,1.49318255126,5.08531276016,5.3,0,5.0,400.0,-10.5
3.1,0.0,2,400.0,22.0,-1,0.097216129303,0,94.0,1,21,-1.49318255126,5.08531276016,5.3,0,5.0,400.0,-10.5
3.1,0.0,2,400.0,22.0,0,0.0970020294189,-1,94.0,1,4,4.82104957538,2.20169956891,5.3,0,5.0,400.0,-10.5
3.1,0.0,2,400.0,22.0,0,0.0970070362091,2,94.0,2,11,6.49041367526e-16,-5.3,5.3,0,5.0,400.0,-10.5
3.1,0.0,1,400.0,22.0,0,0.0972049236298,0,94.0,2,11,6.49041367526e-16,-5.3,5.3,0,5.0,400.0,-10.5
3.1,0.0,2,400.0,22.0,0,0.0971741676331,-1,94.0,2,18,-4.82104957538,2.20169956891,5.3,0,5.0,400.0,-10.5
3.1,0.0,1,400.0,22.0,0,0.0971829891205,2,94.0,1,5,5.24605364197,0.754268642848,5.3,0,5.0,400.0,-10.5
3.1,0.0,2,400.0,22.0,0,0.0971999168396,0,94.0,1,16,-5.24605364197,-0.754268642848,5.3,0,5.0,400.0,-10.5
3.1,0.0,1,400.0,22.0,0,0.0971968173981,1,94.0,2,9,2.86539633251,-4.45864372401,5.3,0,5.0,400.0,-10.5
3.1,0.0,1,400.0,22.0,1,0.0971519947052,1,94.0,1,12,-1.49318255126,-5.08531276016,5.3,0,5.0,400.0,-10.5
3.1,0.0,1,400.0,22.0,-1,0.097198009491,-1,94.0,1,14,-4.00547274408,-3.47076188991,5.3,0,5.0,400.0,-10.5
3.1,0.0,2,400.0,22.0,2,0.0970249176025,-2,94.0,1,4,4.82104957538,2.20169956891,5.3,0,5.0,400.0,-10.5
3.1,0.0,1,400.0,22.0,0,0.0973489284515,-1,94.0,1,16,-5.24605364197,-0.754268642848,5.3,0,5.0,400.0,-10.5
3.1,0.0,2,400.0,22.0,0,0.0971939563751,0,94.0,1,15,-4.82104957538,-2.20169956891,5.3,0,5.0,400.0,-10.5
3.1,0.0,1,400.0,22.0,0,0.0970351696014,-2,94.0,1,19,-4.00547274408,3.47076188991,5.3,0,5.0,400.0,-10.5
3.1,0.0,1,400.0,22.0,0,0.0970809459686,-1,94.0,1,12,-1.49318255126,-5.08531276016,5.3,0,5.0,400.0,-10.5
3.1,0.0,1,400.0,22.0,1,0.097188949585,1,94.0,1,14,-4.00547274408,-3.47076188991,5.3,0,5.0,400.0,-10.5
3.1,0.0,2,400.0,22.0,1,0.0970389842987,1,94.0,2,9,2.86539633251,-4.45864372401,5.3,0,5.0,400.0,-10.5
3.1,0.0,1,400.0,22.0,0,0.0972199440002,-2,94.0,1,0,0.0,5.3,5.3,0,5.0,400.0,-10.5
3.1,0.0,2,400.0,22.0,-2,0.0972309112549,-1,94.0,1,12,-1.49318255126,-5.08531276016,5.3,0,5.0,400.0,-10.5
3.1,0.0,2,400.0,22.0,0,0.097225189209,1,94.0,1,17,-5.24605364197,0.754268642848,5.3,0,5.0,400.0,-10.5
3.1,0.0,1,400.0,22.0,-1,0.0970180034637,1,94.0,2,4,4.82104957538,2.20169956891,5.3,0,5.0,400.0,-10.5
3.1,0.0,2,400.0,22.0,-2,0.0972199440002,-2,94.0,1,2,2.86539633251,4.45864372401,5.3,0,5.0,400.0,-10.5
3.1,0.0,2,400.0,22.0,0,0.0972249507904,1,94.0,1,10,1.49318255126,-5.08531276016,5.3,0,5.0,400.0,-10.5
3.1,0.0,1,400.0,22.0,0,0.0972180366516,-1,94.0,1,20,-2.86539633251,4.45864372401,5.3,0,5.0,400.0,-10.5
3.1,0.0,1,400.0,22.0,2,0.0972120761871,0,94.0,1,21,-1.49318255126,5.08531276016,5.3,0,5.0,400.0,-10.5
3.1,0.0,2,400.0,22.0,0,0.0972211360931,1,94.0,2,0,0.0,5.3,5.3,0,5.0,400.0,-10.5
3.1,0.0,1,400.0,22.0,1,0.0971639156342,1,94.0,1,4,4.82104957538,2.20169956891,5.3,0,5.0,400.0,-10.5
3.1,0.0,2,400.0,22.0,0,0.0972039699554,0,94.0,1,18,-4.82104957538,2.20169956891,5.3,0,5.0,400.0,-10.5
3.1,0.0,2,400.0,22.0,2,0.0972008705139,0,94.0,2,21,-1.49318255126,5.08531276016,5.3,0,5.0,400.0,-10.5
3.1,0.0,2,400.0,22.0,1,0.0971939563751,1,94.0,2,13,-2.86539633251,-4.45864372401,5.3,0,5.0,400.0,-10.5
3.1,0.0,1,400.0,22.0,-1,0.0971760749817,-1,94.0,1,14,-4.00547274408,-3.47076188991,5.3,0,5.0,400.0,-10.5
3.1,0.0,1,400.0,22.0,-1,0.0971891880035,0,94.0,1,20,-2.86539633251,4.45864372401,5.3,0,5.0,400.0,-10.5
3.1,0.0,1,400.0,22.0,1,0.0972120761871,1,94.0,2,1,1.49318255126,5.08531276016,5.3,0,5.0,400.0,-10.5
3.1,0.0,1,400.0,22.0,0,0.0971939563751,1,94.0,2,9,2.86539633251,-4.45864372401,5.3,0,5.0,400.0,-10.5
3.1,0.0,1,400.0,22.0,-1,0.0970191955566,-1,94.0,1,10,1.49318255126,-5.08531276016,5.3,0,5.0,400.0,-10.5
3.1,0.0,2,400.0,22.0,1,0.0971829891205,2,94.0,2,2,2.86539633251,4.45864372401,5.3,0,5.0,400.0,-10.5
3.1,0.0,1,400.0,22.0,0,0.0970370769501,-2,94.0,1,10,1.49318255126,-5.08531276016,5.3,0,5.0,400.0,-10.5
3.1,0.0,1,400.0,22.0,0,0.0971739292145,-1,94.0,1,10,1.49318255126,-5.08531276016,5.3,0,5.0,400.0,-10.5
3.1,0.0,2,400.0,22.0,1,0.0971841812134,0,94.0,1,5,5.24605364197,0.754268642848,5.3,0,5.0,400.0,-10.5
3.1,0.0,1,400.0,22.0,0,0.0970320701599,0,94.0,1,20,-2.86539633251,4.45864372401,5.3,0,5.0,400.0,-10.5
3.1,0.0,1,400.0,22.0,-1,0.0970370769501,-1,94.0,2,18,-4.82104957538,2.20169956891,5.3,0,5.0,400.0,-10.5
3.1,0.0,1,400.0,22.0,-2,0.097058057785,-2,94.0,1,12,-1.49318255126,-5.08531276016,5.3,0,5.0,400.0,-10.5
3.1,0.0,2,400.0,22.0,0,0.0971760749817,0,94.0,1,10,1.49318255126,-5.08531276016,5.3,0,5.0,400.0,-10.5
3.1,0.0,2,400.0,22.0,1,0.0970499515533,1,94.0,1,13,-2.86539633251,-4.45864372401,5.3,0,5.0,400.0,-10.5
3.1,0.0,1,400.0,22.0,0,0.0970370769501,0,94.0,2,6,5.24605364197,-0.754268642848,5.3,0,5.0,400.0,-10.5
3.1,0.0,1,400.0,22.0,-1,0.0970990657806,-1,94.0,1,8,4.00547274408,-3.47076188991,5.3,0,5.0,400.0,-10.5
3.1,0.0,2,400.0,22.0,1,0.0970330238342,-1,94.0,2,1,1.49318255126,5.08531276016,5.3,0,5.0,400.0,-10.5
3.1,0.0,2,400.0,22.0,0,0.0972168445587,1,94.0,1,10,1.49318255126,-5.08531276016,5.3,0,5.0,400.0,-10.5
3.1,0.0,2,400.0,22.0,-1,0.0972089767456,0,94.0,2,11,6.49041367526e-16,-5.3,5.3,0,5.0,400.0,-10.5
3.1,0.0,1,400.0,22.0,-2,0.0972211360931,0,94.0,2,15,-4.82104957538,-2.20169956891,5.3,0,5.0,400.0,-10.5
3.1,0.0,2,400.0,22.0,-1,0.0970048904419,0,94.0,1,5,5.24605364197,0.754268642848,5.3,0,5.0,400.0,-10.5
3.1,0.0,2,400.0,22.0,1,0.0969989299774,1,94.0,2,9,2.86539633251,-4.45864372401,5.3,0,5.0,400.0,-10.5
3.1,0.0,2,400.0,22.0,0,0.097216129303,0,94.0,1,5,5.24605364197,0.754268642848,5.3,0,5.0,400.0,-10.5
3.1,0.0,2,400.0,22.0,2,0.0971961021423,-1,94.0,1,9,2.86539633251,-4.45864372401,5.3,0,5.0,400.0,-10.5
3.1,0.0,1,400.0,22.0,1,0.0969998836517,1,94.0,1,11,6.49041367526e-16,-5.3,5.3,0,5.0,400.0,-10.5
3.1,0.0,2,400.0,22.0,2,0.0970020294189,2,94.0,1,11,6.49041367526e-16,-5.3,5.3,0,5.0,400.0,-10.5
3.1,0.0,1,400.0,22.0,0,0.0971529483795,0,94.0,1,9,2.86539633251,-4.45864372401,5.3,0,5.0,400.0,-10.5
3.1,0.0,2,400.0,22.0,1,0.0971720218658,2,94.0,1,3,4.00547274408,3.47076188991,5.3,0,5.0,400.0,-10.5
3.1,0.0,1,400.0,22.0,2,0.0971531867981,0,94.0,2,11,6.49041367526e-16,-5.3,5.3,0,5.0,400.0,-10.5
3.1,0.0,1,400.0,22.0,0,0.0971481800079,-2,94.0,1,14,-4.00547274408,-3.47076188991,5.3,0,5.0,400.0,-10.5
3.1,0.0,2,400.0,22.0,-2,0.0972170829773,0,94.0,1,7,4.82104957538,-2.20169956891,5.3,0,5.0,400.0,-10.5
3.1,0.0,2,400.0,22.0,-1,0.0971910953522,-1,94.0,2,6,5.24605364197,-0.754268642848,5.3,0,5.0,400.0,-10.5
3.1,0.0,2,400.0,22.0,-1,0.0970430374146,-1,94.0,2,12,-1.49318255126,-5.08531276016,5.3,0,5.0,400.0,-10.5
3.1,0.0,2,400.0,22.0,1,0.0970289707184,1,94.0,2,3,4.00547274408,3.47076188991,5.3,0,5.0,400.0,-10.5
3.1,0.0,2,400.0,22.0,-1,0.0971930027008,0,94.0,2,18,-4.82104957538,2.20169956891,5.3,0,5.0,400.0,-10.5
3.1,0.0,1,400.0,22.0,-1,0.0970311164856,-1,94.0,1,20,-2.86539633251,4.45864372401,5.3,0,5.0,400.0,-10.5
3.1,0.0,2,400.0,22.0,0,0.0972089767456,0,94.0,2,8,4.00547274408,-3.47076188991,5.3,0,5.0,400.0,-10.5
3.1,0.0,2,400.0,22.0,2,0.0970549583435,0,94.0,2,17,-5.24605364197,0.754268642848,5.3,0,5.0,400.0,-10.5
3.1,0.0,2,400.0,22.0,-1,0.0970258712769,0,94.0,2,7,4.82104957538,-2.20169956891,5.3,0,5.0,400.0,-10.5
3.1,0.0,1,400.0,22.0,1,0.0970730781555,-1,94.0,2,0,0.0,5.3,5.3,0,5.0,400.0,-10.5
3.1,0.0,1,400.0,22.0,0,0.0970408916473,-2,94.0,2,5,5.24605364197,0.754268642848,5.3,0,5.0,400.0,-10.5
3.1,0.0,2,400.0,22.0,0,0.0972380638123,0,94.0,1,6,5.24605364197,-0.754268642848,5.3,0,5.0,400.0,-10.5
3.1,0.0,2,400.0,22.0,1,0.0972158908844,1,94.0,2,3,4.00547274408,3.47076188991,5.3,0,5.0,400.0,-10.5
3.1,0.0,2,400.0,22.0,-1,0.0972208976746,-2,94.0,1,9,2.86539633251,-4.45864372401,5.3,0,5.0,400.0,-10.5
3.1,0.0,2,400.0,22.0,0,0.0972020626068,0,94.0,1,8,4.00547274408,-3.47076188991,5.3,0,5.0,400.0,-10.5
3.1,0.0,2,400.0,22.0,0,0.0972230434418,0,94.0,1,1,1.49318255126,5.08531276016,5.3,0,5.0,400.0,-10.5
3.1,0.0,2,400.0,22.0,1,0.097225189209,-1,94.0,1,20,-2.86539633251,4.45864372401,5.3,0,5.0,400.0,-10.5
3.1,0.0,1,400.0,22.0,1,0.0972030162811,1,94.0,1,13,-2.86539633251,-4.45864372401,5.3,0,5.0,400.0,-10.5
3.1,0.0,1,400.0,22.0,1,0.0971210002899,-1,94.0,2,3,4.00547274408,3.47076188991,5.3,0,5.0,400.0,-10.5
3.1,0.0,2,400.0,22.0,1,0.0971658229828,0,94.0,2,13,-2.86539633251,-4.45864372401,5.3,0,5.0,400.0,-10.5
3.1,0.0,2,400.0,22.0,0,0.0971570014954,2,94.0,1,0,0.0,5.3,5.3,0,5.0,400.0,-10.5
3.1,0.0,2,400.0,22.0,1,0.0972321033478,0,94.0,2,0,0.0,5.3,5.3,0,5.0,400.0,-10.5
3.1,0.0,2,400.0,22.0,-1,0.0971620082855,1,94.0,1,8,4.00547274408,-3.47076188991,5.3,0,5.0,400.0,-10.5
3.1,0.0,2,400.0,22.0,1,0.0971541404724,1,94.0,2,3,4.00547274408,3.47076188991,5.3,0,5.0,400.0,-10.5
3.1,0.0,2,400.0,22.0,0,0.097186088562,0,94.0,1,6,5.24605364197,-0.754268642848,5.3,0,5.0,400.0,-10.5
3.1,0.0,1,400.0,22.0,1,0.0971558094025,1,94.0,2,3,4.00547274408,3.47076188991,5.3,0,5.0,400.0,-10.5
3.1,0.0,2,400.0,22.0,2,0.0972120761871,0,94.0,1,17,-5.24605364197,0.754268642848,5.3,0,5.0,400.0,-10.5
3.1,0.0,2,400.0,22.0,-2,0.0970239639282,-2,94.0,2,20,-2.86539633251,4.45864372401,5.3,0,5.0,400.0,-10.5
3.1,0.0,2,400.0,22.0,0,0.0970170497894,0,94.0,1,15,-4.82104957538,-2.20169956891,5.3,0,5.0,400.0,-10.5
3.1,0.0,1,400.0,22.0,1,0.097179889679,2,94.0,1,20,-2.86539633251,4.45864372401,5.3,0,5.0,400.0,-10.5
3.1,0.0,2,400.0,22.0,-2,0.0970380306244,2,94.0,1,2,2.86539633251,4.45864372401,5.3,0,5.0,400.0,-10.5
3.1,0.0,2,400.0,22.0,0,0.0971870422363,0,94.0,1,3,4.00547274408,3.47076188991,5.3,0,5.0,400.0,-10.5
3.1,0.0,2,400.0,22.0,1,0.0970380306244,-1,94.0,1,7,4.82104957538,-2.20169956891,5.3,0,5.0,400.0,-10.5
3.1,0.0,2,400.0,22.0,-2,0.0971882343292,2,94.0,2,14,-4.00547274408,-3.47076188991,5.3,0,5.0,400.0,-10.5
3.1,0.0,2,400.0,22.0,2,0.0970630645752,0,94.0,2,17,-5.24605364197,0.754268642848,5.3,0,5.0,400.0,-10.5
3.1,0.0,2,400.0,22.0,0,0.0972311496735,0,94.0,1,5,5.24605364197,0.754268642848,5.3,0,5.0,400.0,-10.5
3.1,0.0,2,400.0,22.0,1,0.0972261428833,1,94.0,1,15,-4.82104957538,-2.20169956891,5.3,0,5.0,400.0,-10.5
3.1,0.0,2,400.0,22.0,2,0.0972099304199,-1,94.0,1,13,-2.86539633251,-4.45864372401,5.3,0,5.0,400.0,-10.5
3.1,0.0,2,400.0,22.0,1,0.0972270965576,-2,94.0,1,20,-2.86539633251,4.45864372401,5.3,0,5.0,400.0,-10.5
3.1,0.0,1,400.0,22.0,-2,0.0971989631653,-2,94.0,2,21,-1.49318255126,5.08531276016,5.3,0,5.0,400.0,-10.5
3.1,0.0,2,400.0,22.0,2,0.0972158908844,2,94.0,2,21,-1.49318255126,5.08531276016,5.3,0,5.0,400.0,-10.5
3.1,0.0,1,400.0,22.0,0,0.0972080230713,0,94.0,2,17,-5.24605364197,0.754268642848,5.3,0,5.0,400.0,-10.5
3.1,0.0,2,400.0,22.0,-1,0.0972199440002,0,94.0,1,6,5.24605364197,-0.754268642848,5.3,0,5.0,400.0,-10.5
3.1,0.0,2,400.0,22.0,0,0.0972089767456,1,94.0,1,17,-5.24605364197,0.754268642848,5.3,0,5.0,400.0,-10.5
3.1,0.0,2,400.0,22.0,2,0.0972220897675,2,94.0,2,13,-2.86539633251,-4.45864372401,5.3,0,5.0,400.0,-10.5
3.1,0.0,2,400.0,22.0,0,0.0971550941467,-2,94.0,1,15,-4.82104957538,-2.20169956891,5.3,0,5.0,400.0,-10.5
3.1,0.0,1,400.0,22.0,0,0.0971910953522,0,94.0,1,2,2.86539633251,4.45864372401,5.3,0,5.0,400.0,-10.5
3.1,0.0,1,400.0,22.0,-1,0.0970318317413,-1,94.0,1,19,-4.00547274408,3.47076188991,5.3,0,5.0,400.0,-10.5
3.1,0.0,2,400.0,22.0,1,0.0970480442047,1,94.0,1,13,-2.86539633251,-4.45864372401,5.3,0,5.0,400.0,-10.5
3.1,0.0,2,400.0,22.0,-1,0.0971519947052,0,94.0,1,12,-1.49318255126,-5.08531276016,5.3,0,5.0,400.0,-10.5
3.1,0.0,1,400.0,22.0,0,0.0971999168396,1,94.0,2,6,5.24605364197,-0.754268642848,5.3,0,5.0,400.0,-10.5
3.1,0.0,2,400.0,22.0,-2,0.0970599651337,-1,94.0,2,19,-4.00547274408,3.47076188991,5.3,0,5.0,400.0,-10.5
3.1,0.0,2,400.0,22.0,0,0.0971839427948,2,94.0,1,13,-2.86539633251,-4.45864372401,5.3,0,5.0,400.0,-10.5
3.1,0.0,2,400.0,22.0,-1,0.0972051620483,-2,94.0,1,15,-4.82104957538,-2.20169956891,5.3,0,5.0,400.0,-10.5
3.1,0.0,1,400.0,22.0,0,0.0970239639282,2,94.0,2,1,1.49318255126,5.08531276016,5.3,0,5.0,400.0,-10.5
3.1,0.0,2,400.0,22.0,-1,0.0971879959106,1,94.0,1,2,2.86539633251,4.45864372401,5.3,0,5.0,400.0,-10.5
3.1,0.0,2,400.0,22.0,-2,0.0970211029053,-2,94.0,2,8,4.00547274408,-3.47076188991,5.3,0,5.0,400.0,-10.5
3.1,0.0,1,400.0,22.0,0,0.0971848964691,-1,94.0,1,11,6.49041367526e-16,-5.3,5.3,0,5.0,400.0,-10.5
3.1,0.0,2,400.0,22.0,0,0.0970361232758,0,94.0,1,7,4.82104957538,-2.20169956891,5.3,0,5.0,400.0,-10.5
3.1,0.0,2,400.0,22.0,0,0.0970718860626,2,94.0,2,1,1.49318255126,5.08531276016,5.3,0,5.0,400.0,-10.5
3.1,0.0,1,400.0,22.0,-1,0.097030878067,2,94.0,1,16,-5.24605364197,-0.754268642848,5.3,0,5.0,400.0,-10.5
3.1,0.0,2,400.0,22.0,2,0.0972020626068,2,94.0,2,20,-2.86539633251,4.45864372401,5.3,0,5.0,400.0,-10.5
3.1,0.0,1,400.0,22.0,0,0.0972130298615,-1,94.0,1,9,2.86539633251,-4.45864372401,5.3,0,5.0,400.0,-10.5
3.1,0.0,2,400.0,22.0,0,0.0972108840942,1,94.0,1,21,-1.49318255126,5.08531276016,5.3,0,5.0,400.0,-10.5
3.1,0.0,2,400.0,22.0,-1,0.0970590114594,-1,94.0,2,8,4.00547274408,-3.47076188991,5.3,0,5.0,400.0,-10.5
3.1,0.0,1,400.0,22.0,-1,0.097058057785,-1,94.0,1,13,-2.86539633251,-4.45864372401,5.3,0,5.0,400.0,-10.5
3.1,0.0,1,400.0,22.0,2,0.0972309112549,-2,94.0,1,16,-5.24605364197,-0.754268642848,5.3,0,5.0,400.0,-10.5
3.1,0.0,2,400.0,22.0,2,0.0971488952637,0,94.0,2,5,5.24605364197,0.754268642848,5.3,0,5.0,400.0,-10.5
3.1,0.0,1,400.0,22.0,1,0.0972142219543,1,94.0,2,15,-4.82104957538,-2.20169956891,5.3,0,5.0,400.0,-10.5
3.1,0.0,1,400.0,22.0,1,0.0972158908844,1,94.0,2,3,4.00547274408,3.47076188991,5.3,0,5.0,400.0,-10.5
3.1,0.0,2,400.0,22.0,2,0.0972139835358,1,94.0,2,2,2.86539633251,4.45864372401,5.3,0,5.0,400.0,-10.5
3.1,0.0,2,400.0,22.0,0,0.0972259044647,-1,94.0,1,15,-4.82104957538,-2.20169956891,5.3,0,5.0,400.0,-10.5
3.1,0.0,2,400.0,22.0,0,0.0972189903259,0,94.0,1,2,2.86539633251,4.45864372401,5.3,0,5.0,400.0,-10.5
3.1,0.0,2,400.0,22.0,0,0.0972170829773,0,94.0,1,2,2.86539633251,4.45864372401,5.3,0,5.0,400.0,-10.5
3.1,0.0,2,400.0,22.0,1,0.0971989631653,-2,94.0,1,12,-1.49318255126,-5.08531276016,5.3,0,5.0,400.0,-10.5
3.1,0.0,1,400.0,22.0,1,0.0972099304199,0,94.0,2,7,4.82104957538,-2.20169956891,5.3,0,5.0,400.0,-10.5
3.1,0.0,1,400.0,22.0,0,0.0971510410309,0,94.0,2,7,4.82104957538,-2.20169956891,5.3,0,5.0,400.0,-10.5
3.1,0.0,2,400.0,22.0,0,0.097195148468,-1,94.0,1,21,-1.49318255126,5.08531276016,5.3,0,5.0,400.0,-10.5
3.1,0.0,2,400.0,22.0,-2,0.0971879959106,-1,94.0,1,19,-4.00547274408,3.47076188991,5.3,0,5.0,400.0,-10.5
3.1,0.0,2,400.0,22.0,0,0.097158908844,-2,94.0,1,5,5.24605364197,0.754268642848,5.3,0,5.0,400.0,-10.5
3.1,0.0,1,400.0,22.0,0,0.0972130298615,2,94.0,1,15,-4.82104957538,-2.20169956891,5.3,0,5.0,400.0,-10.5
3.1,0.0,2,400.0,22.0,1,0.0971901416779,-1,94.0,1,14,-4.00547274408,-3.47076188991,5.3,0,5.0,400.0,-10.5
3.1,0.0,1,400.0,22.0,1,0.097179889679,1,94.0,1,19,-4.00547274408,3.47076188991,5.3,0,5.0,400.0,-10.5
3.1,0.0,2,400.0,22.0,0,0.0971741676331,0,94.0,1,5,5.24605364197,0.754268642848,5.3,0,5.0,400.0,-10.5
3.1,0.0,1,400.0,22.0,0,0.0971779823303,-2,94.0,2,13,-2.86539633251,-4.45864372401,5.3,0,5.0,400.0,-10.5
3.1,0.0,2,400.0,22.0,-2,0.0970230102539,2,94.0,1,20,-2.86539633251,4.45864372401,5.3,0,5.0,400.0,-10.5
3.1,0.0,2,400.0,22.0,0,0.0971729755402,0,94.0,2,1,1.49318255126,5.08531276016,5.3,0,5.0,400.0,-10.5
3.1,0.0,2,400.0,22.0,0,0.0971920490265,-1,94.0,1,16,-5.24605364197,-0.754268642848,5.3,0,5.0,400.0,-10.5
3.1,0.0,2,400.0,22.0,-1,0.0970411300659,0,94.0,2,0,0.0,5.3,5.3,0,5.0,400.0,-10.5
3.1,0.0,1,400.0,22.0,-2,0.097188949585,1,94.0,1,9,2.86539633251,-4.45864372401,5.3,0,5.0,400.0,-10.5
3.1,0.0,2,400.0,22.0,0,0.097177028656,0,94.0,1,0,0.0,5.3,5.3,0,5.0,400.0,-10.5
3.1,0.0,2,400.0,22.0,0,0.0970690250397,0,94.0,1,16,-5.24605364197,-0.754268642848,5.3,0,5.0,400.0,-10.5
3.1,0.0,2,400.0,22.0,-1,0.0970530509949,0,94.0,1,20,-2.86539633251,4.45864372401,5.3,0,5.0,400.0,-10.5
3.1,0.0,2,400.0,22.0,-1,0.0972039699554,1,94.0,1,12,-1.49318255126,-5.08531276016,5.3,0,5.0,400.0,-10.5
3.1,0.0,2,400.0,22.0,0,0.0972261428833,-1,94.0,2,18,-4.82104957538,2.20169956891,5.3,0,5.0,400.0,-10.5
3.1,0.0,1,400.0,22.0,2,0.0972180366516,1,94.0,1,3,4.00547274408,3.47076188991,5.3,0,5.0,400.0,-10.5
3.1,0.0,1,400.0,22.0,0,0.0972261428833,0,94.0,2,16,-5.24605364197,-0.754268642848,5.3,0,5.0,400.0,-10.5
3.1,0.0,2,400.0,22.0,-1,0.0972199440002,0,94.0,2,19,-4.00547274408,3.47076188991,5.3,0,5.0,400.0,-10.5
3.1,0.0,1,400.0,22.0,0,0.0971989631653,0,94.0,1,6,5.24605364197,-0.754268642848,5.3,0,5.0,400.0,-10.5
3.1,0.0,1,400.0,22.0,0,0.0972199440002,0,94.0,1,11,6.49041367526e-16,-5.3,5.3,0,5.0,400.0,-10.5
3.1,0.0,2,400.0,22.0,-2,0.0972259044647,1,94.0,2,14,-4.00547274408,-3.47076188991,5.3,0,5.0,400.0,-10.5
3.1,0.0,1,400.0,22.0,-2,0.0972130298615,0,94.0,1,21,-1.49318255126,5.08531276016,5.3,0,5.0,400.0,-10.5
3.1,0.0,1,400.0,22.0,0,0.0972270965576,-2,94.0,1,2,2.86539633251,4.45864372401,5.3,0,5.0,400.0,-10.5
3.1,0.0,2,400.0,22.0,0,0.0972120761871,0,94.0,2,10,1.49318255126,-5.08531276016,5.3,0,5.0,400.0,-10.5
3.1,0.0,1,400.0,22.0,-2,0.09716796875,-1,94.0,2,19,-4.00547274408,3.47076188991,5.3,0,5.0,400.0,-10.5
3.1,0.0,1,400.0,22.0,-2,0.0971829891205,0,94.0,1,9,2.86539633251,-4.45864372401,5.3,0,5.0,400.0,-10.5
3.1,0.0,2,400.0,22.0,2,0.0970010757446,0,94.0,1,0,0.0,5.3,5.3,0,5.0,400.0,-10.5
3.1,0.0,1,400.0,22.0,1,0.0972089767456,1,94.0,2,15,-4.82104957538,-2.20169956891,5.3,0,5.0,400.0,-10.5
3.1,0.0,2,400.0,22.0,1,0.097156047821,1,94.0,1,3,4.00547274408,3.47076188991,5.3,0,5.0,400.0,-10.5
3.1,0.0,1,400.0,22.0,-1,0.0971858501434,-2,94.0,2,20,-2.86539633251,4.45864372401,5.3,0,5.0,400.0,-10.5
3.1,0.0,1,400.0,22.0,-2,0.0971648693085,2,94.0,1,12,-1.49318255126,-5.08531276016,5.3,0,5.0,400.0,-10.5
3.1,0.0,2,400.0,22.0,0,0.097188949585,-1,94.0,1,21,-1.49318255126,5.08531276016,5.3,0,5.0,400.0,-10.5
3.1,0.0,2,400.0,22.0,-1,0.0972030162811,-2,94.0,2,21,-1.49318255126,5.08531276016,5.3,0,5.0,400.0,-10.5
3.1,0.0,2,400.0,22.0,0,0.0972099304199,0,94.0,1,14,-4.00547274408,-3.47076188991,5.3,0,5.0,400.0,-10.5
3.1,0.0,1,400.0,22.0,-1,0.0972108840942,0,94.0,2,18,-4.82104957538,2.20169956891,5.3,0,5.0,400.0,-10.5
3.1,0.0,2,400.0,22.0,0,0.0972280502319,-1,94.0,2,20,-2.86539633251,4.45864372401,5.3,0,5.0,400.0,-10.5
3.1,0.0,1,400.0,22.0,0,0.0971939563751,0,94.0,2,11,6.49041367526e-16,-5.3,5.3,0,5.0,400.0,-10.5
3.1,0.0,1,400.0,22.0,2,0.0970478057861,0,94.0,1,15,-4.82104957538,-2.20169956891,5.3,0,5.0,400.0,-10.5
3.1,0.0,2,400.0,22.0,0,0.0971851348877,0,94.0,1,5,5.24605364197,0.754268642848,5.3,0,5.0,400.0,-10.5
3.1,0.0,2,400.0,22.0,-2,0.0970370769501,0,94.0,1,10,1.49318255126,-5.08531276016,5.3,0,5.0,400.0,-10.5
3.1,0.0,1,400.0,22.0,2,0.0970411300659,2,94.0,1,21,-1.49318255126,5.08531276016,5.3,0,5.0,400.0,-10.5
3.1,0.0,2,400.0,22.0,-1,0.0972030162811,2,94.0,2,4,4.82104957538,2.20169956891,5.3,0,5.0,400.0,-10.5
3.1,0.0,1,400.0,22.0,0,0.0970420837402,0,94.0,2,18,-4.82104957538,2.20169956891,5.3,0,5.0,400.0,-10.5
3.1,0.0,2,400.0,22.0,-1,0.0970540046692,2,94.0,1,21,-1.49318255126,5.08531276016,5.3,0,5.0,400.0,-10.5
3.1,0.0,2,400.0,22.0,0,0.0972118377686,0,94.0,2,13,-2.86539633251,-4.45864372401,5.3,0,5.0,400.0,-10.5
3.1,0.0,1,400.0,22.0,-1,0.0972158908844,-1,94.0,2,3,4.00547274408,3.47076188991,5.3,0,5.0,400.0,-10.5
3.1,0.0,2,400.0,22.0,0,0.0972180366516,0,94.0,2,14,-4.00547274408,-3.47076188991,5.3,0,5.0,400.0,-10.5
3.1,0.0,2,400.0,22.0,0,0.0972309112549,0,94.0,1,7,4.82104957538,-2.20169956891,5.3,0,5.0,400.0,-10.5
3.1,0.0,1,400.0,22.0,2,0.0970771312714,2,94.0,1,10,1.49318255126,-5.08531276016,5.3,0,5.0,400.0,-10.5
3.1,0.0,2,400.0,22.0,2,0.0972170829773,2,94.0,2,14,-4.00547274408,-3.47076188991,5.3,0,5.0,400.0,-10.5
3.1,0.0,2,400.0,22.0,0,0.0970189571381,0,94.0,2,0,0.0,5.3,5.3,0,5.0,400.0,-10.5
3.1,0.0,2,400.0,22.0,0,0.0970139503479,0,94.0,1,0,0.0,5.3,5.3,0,5.0,400.0,-10.5
3.1,0.0,2,400.0,22.0,1,0.0972168445587,1,94.0,1,3,4.00547274408,3.47076188991,5.3,0,5.0,400.0,-10.5
3.1,0.0,2,400.0,22.0,0,0.097225189209,0,94.0,1,19,-4.00547274408,3.47076188991,5.3,0,5.0,400.0,-10.5
3.1,0.0,2,400.0,22.0,-2,0.0972678661346,0,94.0,1,16,-5.24605364197,-0.754268642848,5.3,0,5.0,400.0,-10.5
3.1,0.0,2,400.0,22.0,2,0.0972089767456,-1,94.0,2,19,-4.00547274408,3.47076188991,5.3,0,5.0,400.0,-10.5
3.1,0.0,2,400.0,22.0,1,0.0972011089325,1,94.0,1,15,-4.82104957538,-2.20169956891,5.3,0,5.0,400.0,-10.5
3.1,0.0,1,400.0,22.0,0,0.0971608161926,0,94.0,1,15,-4.82104957538,-2.20169956891,5.3,0,5.0,400.0,-10.5
3.1,0.0,2,400.0,22.0,0,0.0972089767456,0,94.0,1,5,5.24605364197,0.754268642848,5.3,0,5.0,400.0,-10.5
3.1,0.0,2,400.0,22.0,-1,0.097146987915,0,94.0,1,4,4.82104957538,2.20169956891,5.3,0,5.0,400.0,-10.5
3.1,0.0,2,400.0,22.0,0,0.097188949585,0,94.0,1,18,-4.82104957538,2.20169956891,5.3,0,5.0,400.0,-10.5
3.1,0.0,2,400.0,22.0,0,0.0971958637238,0,94.0,1,4,4.82104957538,2.20169956891,5.3,0,5.0,400.0,-10.5
3.1,0.0,1,400.0,22.0,1,0.0971820354462,1,94.0,1,3,4.00547274408,3.47076188991,5.3,0,5.0,400.0,-10.5
3.1,0.0,1,400.0,22.0,0,0.0971789360046,2,94.0,1,18,-4.82104957538,2.20169956891,5.3,0,5.0,400.0,-10.5
3.1,0.0,2,400.0,22.0,1,0.0971999168396,1,94.0,2,3,4.00547274408,3.47076188991,5.3,0,5.0,400.0,-10.5
3.1,0.0,2,400.0,22.0,1,0.0971879959106,1,94.0,2,15,-4.82104957538,-2.20169956891,5.3,0,5.0,400.0,-10.5
3.1,0.0,2,400.0,22.0,1,0.0970280170441,0,94.0,1,15,-4.82104957538,-2.20169956891,5.3,0,5.0,400.0,-10.5
3.1,0.0,2,400.0,22.0,0,0.0971930027008,1,94.0,1,12,-1.49318255126,-5.08531276016,5.3,0,5.0,400.0,-10.5
3.1,0.0,1,400.0,22.0,1,0.0971820354462,1,94.0,2,15,-4.82104957538,-2.20169956891,5.3,0,5.0,400.0,-10.5
3.1,0.0,2,400.0,22.0,1,0.0970740318298,0,94.0,1,0,0.0,5.3,5.3,0,5.0,400.0,-10.5
3.1,0.0,1,400.0,22.0,2,0.0971910953522,-2,94.0,2,1,1.49318255126,5.08531276016,5.3,0,5.0,400.0,-10.5
3.1,0.0,1,400.0,22.0,0,0.097198009491,0,94.0,2,6,5.24605364197,-0.754268642848,5.3,0,5.0,400.0,-10.5
3.1,0.0,1,400.0,22.0,0,0.0970737934113,-1,94.0,2,12,-1.49318255126,-5.08531276016,5.3,0,5.0,400.0,-10.5
3.1,0.0,2,400.0,22.0,2,0.0972139835358,2,94.0,1,13,-2.86539633251,-4.45864372401,5.3,0,5.0,400.0,-10.5
3.1,0.0,2,400.0,22.0,0,0.0970840454102,0,94.0,2,18,-4.82104957538,2.20169956891,5.3,0,5.0,400.0,-10.5
3.1,0.0,1,400.0,22.0,2,0.0971868038177,0,94.0,1,12,-1.49318255126,-5.08531276016,5.3,0,5.0,400.0,-10.5
3.1,0.0,2,400.0,22.0,0,0.0970640182495,0,94.0,1,7,4.82104957538,-2.20169956891,5.3,0,5.0,400.0,-10.5
3.1,0.0,1,400.0,22.0,1,0.097060918808,-1,94.0,1,14,-4.00547274408,-3.47076188991,5.3,0,5.0,400.0,-10.5
3.1,0.0,1,400.0,22.0,0,0.0972280502319,0,94.0,1,10,1.49318255126,-5.08531276016,5.3,0,5.0,400.0,-10.5
3.1,0.0,2,400.0,22.0,1,0.0972149372101,0,94.0,1,17,-5.24605364197,0.754268642848,5.3,0,5.0,400.0,-10.5
3.1,0.0,2,400.0,22.0,1,0.0972151756287,1,94.0,2,11,6.49041367526e-16,-5.3,5.3,0,5.0,400.0,-10.5
3.1,0.0,1,400.0,22.0,0,0.0972149372101,0,94.0,1,6,5.24605364197,-0.754268642848,5.3,0,5.0,400.0,-10.5
3.1,0.0,2,400.0,22.0,0,0.0972130298615,0,94.0,2,14,-4.00547274408,-3.47076188991,5.3,0,5.0,400.0,-10.5
3.1,0.0,2,400.0,22.0,-2,0.0971999168396,0,94.0,2,18,-4.82104957538,2.20169956891,5.3,0,5.0,400.0,-10.5
3.1,0.0,1,400.0,22.0,0,0.0972149372101,-1,94.0,2,8,4.00547274408,-3.47076188991,5.3,0,5.0,400.0,-10.5
3.1,0.0,2,400.0,22.0,0,0.0972321033478,0,94.0,1,7,4.82104957538,-2.20169956891,5.3,0,5.0,400.0,-10.5
3.1,0.0,1,400.0,22.0,1,0.0969979763031,0,94.0,2,11,6.49041367526e-16,-5.3,5.3,0,5.0,400.0,-10.5
3.1,0.0,1,400.0,22.0,1,0.0972211360931,1,94.0,1,9,2.86539633251,-4.45864372401,5.3,0,5.0,400.0,-10.5
3.1,0.0,2,400.0,22.0,0,0.0972211360931,0,94.0,1,16,-5.24605364197,-0.754268642848,5.3,0,5.0,400.0,-10.5
3.1,0.0,2,400.0,22.0,0,0.0972058773041,-1,94.0,1,1,1.49318255126,5.08531276016,5.3,0,5.0,400.0,-10.5
3.1,0.0,1,400.0,22.0,-1,0.0974268913269,-1,94.0,1,11,6.49041367526e-16,-5.3,5.3,0,5.0,400.0,-10.5
3.1,0.0,1,400.0,22.0,0,0.0971848964691,0,94.0,1,0,0.0,5.3,5.3,0,5.0,400.0,-10.5
3.1,0.0,2,400.0,22.0,1,0.0972020626068,-1,94.0,1,16,-5.24605364197,-0.754268642848,5.3,0,5.0,400.0,-10.5
3.1,0.0,2,400.0,22.0,-1,0.0971939563751,-1,94.0,2,21,-1.49318255126,5.08531276016,5.3,0,5.0,400.0,-10.5
3.1,0.0,1,400.0,22.0,2,0.0971620082855,2,94.0,1,19,-4.00547274408,3.47076188991,5.3,0,5.0,400.0,-10.5
3.1,0.0,2,400.0,22.0,0,0.0972008705139,0,94.0,1,18,-4.82104957538,2.20169956891,5.3,0,5.0,400.0,-10.5
3.1,0.0,1,400.0,22.0,0,0.0971999168396,1,94.0,1,1,1.49318255126,5.08531276016,5.3,0,5.0,400.0,-10.5
3.1,0.0,2,400.0,22.0,0,0.0970230102539,0,94.0,2,2,2.86539633251,4.45864372401,5.3,0,5.0,400.0,-10.5
3.1,0.0,1,400.0,22.0,1,0.0971839427948,2,94.0,2,10,1.49318255126,-5.08531276016,5.3,0,5.0,400.0,-10.5
3.1,0.0,2,400.0,22.0,-1,0.0970149040222,0,94.0,2,5,5.24605364197,0.754268642848,5.3,0,5.0,400.0,-10.5
3.1,0.0,2,400.0,22.0,0,0.0971870422363,0,94.0,1,10,1.49318255126,-5.08531276016,5.3,0,5.0,400.0,-10.5
3.1,0.0,2,400.0,22.0,0,0.0971908569336,0,94.0,2,20,-2.86539633251,4.45864372401,5.3,0,5.0,400.0,-10.5
3.1,0.0,2,400.0,22.0,0,0.09707903862,-1,94.0,2,19,-4.00547274408,3.47076188991,5.3,0,5.0,400.0,-10.5
3.1,0.0,2,400.0,22.0,0,0.0972740650177,1,94.0,1,17,-5.24605364197,0.754268642848,5.3,0,5.0,400.0,-10.5
3.1,0.0,2,400.0,22.0,0,0.0971999168396,0,94.0,1,1,1.49318255126,5.08531276016,5.3,0,5.0,400.0,-10.5
3.1,0.0,2,400.0,22.0,0,0.0972211360931,1,94.0,1,0,0.0,5.3,5.3,0,5.0,400.0,-10.5
3.1,0.0,2,400.0,22.0,0,0.0972118377686,0,94.0,1,17,-5.24605364197,0.754268642848,5.3,0,5.0,400.0,-10.5
3.1,0.0,2,400.0,22.0,0,0.0970749855042,0,94.0,2,5,5.24605364197,0.754268642848,5.3,0,5.0,400.0,-10.5
3.1,0.0,1,400.0,22.0,0,0.0972089767456,1,94.0,1,14,-4.00547274408,-3.47076188991,5.3,0,5.0,400.0,-10.5
3.1,0.0,1,400.0,22.0,0,0.0972108840942,-1,94.0,2,5,5.24605364197,0.754268642848,5.3,0,5.0,400.0,-10.5
3.1,0.0,1,400.0,22.0,-1,0.0972249507904,0,94.0,2,21,-1.49318255126,5.08531276016,5.3,0,5.0,400.0,-10.5
3.1,0.0,2,400.0,22.0,0,0.0970740318298,0,94.0,1,1,1.49318255126,5.08531276016,5.3,0,5.0,400.0,-10.5
3.1,0.0,2,400.0,22.0,0,0.0972139835358,0,94.0,1,1,1.49318255126,5.08531276016,5.3,0,5.0,400.0,-10.5
3.1,0.0,2,400.0,22.0,0,0.0972249507904,0,94.0,1,6,5.24605364197,-0.754268642848,5.3,0,5.0,400.0,-10.5
3.1,0.0,2,400.0,22.0,-1,0.0972199440002,-2,94.0,2,16,-5.24605364197,-0.754268642848,5.3,0,5.0,400.0,-10.5
3.1,0.0,2,400.0,22.0,2,0.0972061157227,-1,94.0,1,19,-4.00547274408,3.47076188991,5.3,0,5.0,400.0,-10.5
3.1,0.0,1,400.0,22.0,-1,0.0972230434418,-1,94.0,1,13,-2.86539633251,-4.45864372401,5.3,0,5.0,400.0,-10.5
3.1,0.0,1,400.0,22.0,0,0.0972099304199,0,94.0,1,8,4.00547274408,-3.47076188991,5.3,0,5.0,400.0,-10.5
3.1,0.0,2,400.0,22.0,0,0.0970690250397,0,94.0,1,7,4.82104957538,-2.20169956891,5.3,0,5.0,400.0,-10.5
3.1,0.0,2,400.0,22.0,0,0.0972220897675,0,94.0,1,1,1.49318255126,5.08531276016,5.3,0,5.0,400.0,-10.5
3.1,0.0,2,400.0,22.0,0,0.097335100174,0,94.0,1,10,1.49318255126,-5.08531276016,5.3,0,5.0,400.0,-10.5
3.1,0.0,2,400.0,22.0,-1,0.097048997879,0,94.0,1,8,4.00547274408,-3.47076188991,5.3,0,5.0,400.0,-10.5
3.1,0.0,2,400.0,22.0,0,0.0972011089325,0,94.0,1,6,5.24605364197,-0.754268642848,5.3,0,5.0,400.0,-10.5
3.1,0.0,1,400.0,22.0,1,0.0973260402679,2,94.0,2,15,-4.82104957538,-2.20169956891,5.3,0,5.0,400.0,-10.5
3.1,0.0,1,400.0,22.0,1,0.0971870422363,1,94.0,1,13,-2.86539633251,-4.45864372401,5.3,0,5.0,400.0,-10.5
3.1,0.0,2,400.0,22.0,0,0.0972061157227,0,94.0,1,10,1.49318255126,-5.08531276016,5.3,0,5.0,400.0,-10.5
3.1,0.0,1,400.0,22.0,-1,0.0972290039062,0,94.0,1,5,5.24605364197,0.754268642848,5.3,0,5.0,400.0,-10.5
3.1,0.0,1,400.0,22.0,0,0.0971999168396,0,94.0,1,2,2.86539633251,4.45864372401,5.3,0,5.0,400.0,-10.5
3.1,0.0,2,400.0,22.0,0,0.0970652103424,1,94.0,2,5,5.24605364197,0.754268642848,5.3,0,5.0,400.0,-10.5
3.1,0.0,2,400.0,22.0,0,0.0972170829773,0,94.0,2,11,6.49041367526e-16,-5.3,5.3,0,5.0,400.0,-10.5
3.1,0.0,2,400.0,22.0,0,0.0972049236298,-1,94.0,2,10,1.49318255126,-5.08531276016,5.3,0,5.0,400.0,-10.5
3.1,0.0,1,400.0,22.0,0,0.0970177650452,0,94.0,1,14,-4.00547274408,-3.47076188991,5.3,0,5.0,400.0,-10.5
3.1,0.0,1,400.0,22.0,1,0.097198009491,-1,94.0,1,5,5.24605364197,0.754268642848,5.3,0,5.0,400.0,-10.5
3.1,0.0,1,400.0,22.0,-2,0.0970728397369,-2,94.0,1,6,5.24605364197,-0.754268642848,5.3,0,5.0,400.0,-10.5
3.1,0.0,1,400.0,22.0,1,0.0971961021423,1,94.0,1,2,2.86539633251,4.45864372401,5.3,0,5.0,400.0,-10.5
3.1,0.0,2,400.0,22.0,2,0.0970730781555,0,94.0,1,8,4.00547274408,-3.47076188991,5.3,0,5.0,400.0,-10.5
3.1,0.0,1,400.0,22.0,1,0.0972261428833,0,94.0,1,2,2.86539633251,4.45864372401,5.3,0,5.0,400.0,-10.5
3.1,0.0,2,400.0,22.0,2,0.0972039699554,0,94.0,1,5,5.24605364197,0.754268642848,5.3,0,5.0,400.0,-10.5
3.1,0.0,2,400.0,22.0,1,0.0970599651337,0,94.0,1,17,-5.24605364197,0.754268642848,5.3,0,5.0,400.0,-10.5
3.1,0.0,1,400.0,22.0,2,0.0972249507904,1,94.0,2,14,-4.00547274408,-3.47076188991,5.3,0,5.0,400.0,-10.5
3.1,0.0,1,400.0,22.0,0,0.0972170829773,-2,94.0,2,9,2.86539633251,-4.45864372401,5.3,0,5.0,400.0,-10.5
3.1,0.0,1,400.0,22.0,0,0.0972108840942,0,94.0,1,9,2.86539633251,-4.45864372401,5.3,0,5.0,400.0,-10.5
3.1,0.0,1,400.0,22.0,1,0.0971999168396,1,94.0,2,0,0.0,5.3,5.3,0,5.0,400.0,-10.5
3.1,0.0,1,400.0,22.0,0,0.0970230102539,-1,94.0,1,13,-2.86539633251,-4.45864372401,5.3,0,5.0,400.0,-10.5
3.1,0.0,1,400.0,22.0,0,0.097207069397,-1,94.0,1,11,6.49041367526e-16,-5.3,5.3,0,5.0,400.0,-10.5
3.1,0.0,1,400.0,22.0,0,0.0971910953522,2,94.0,2,13,-2.86539633251,-4.45864372401,5.3,0,5.0,400.0,-10.5
3.1,0.0,1,400.0,22.0,-1,0.0972011089325,0,94.0,2,20,-2.86539633251,4.45864372401,5.3,0,5.0,400.0,-10.5
3.1,0.0,1,400.0,22.0,0,0.0972149372101,0,94.0,1,7,4.82104957538,-2.20169956891,5.3,0,5.0,400.0,-10.5
3.1,0.0,1,400.0,22.0,-1,0.0972239971161,-1,94.0,1,12,-1.49318255126,-5.08531276016,5.3,0,5.0,400.0,-10.5
3.1,0.0,2,400.0,22.0,-2,0.0972249507904,-2,94.0,2,19,-4.00547274408,3.47076188991,5.3,0,5.0,400.0,-10.5
3.1,0.0,2,400.0,22.0,1,0.0972871780396,1,94.0,1,11,6.49041367526e-16,-5.3,5.3,0,5.0,400.0,-10.5
3.1,0.0,1,400.0,22.0,1,0.0971808433533,2,94.0,1,13,-2.86539633251,-4.45864372401,5.3,0,5.0,400.0,-10.5
3.1,0.0,1,400.0,22.0,2,0.0971968173981,-1,94.0,2,19,-4.00547274408,3.47076188991,5.3,0,5.0,400.0,-10.5
3.1,0.0,2,400.0,22.0,1,0.0971839427948,0,94.0,1,4,4.82104957538,2.20169956891,5.3,0,5.0,400.0,-10.5
3.1,0.0,1,400.0,22.0,-1,0.0971939563751,1,94.0,1,3,4.00547274408,3.47076188991,5.3,0,5.0,400.0,-10.5
3.1,0.0,1,400.0,22.0,0,0.0970139503479,-1,94.0,1,12,-1.49318255126,-5.08531276016,5.3,0,5.0,400.0,-10.5
3.1,0.0,1,400.0,22.0,0,0.0971930027008,0,94.0,1,0,0.0,5.3,5.3,0,5.0,400.0,-10.5
3.1,0.0,2,400.0,22.0,0,0.0972018241882,0,94.0,1,16,-5.24605364197,-0.754268642848,5.3,0,5.0,400.0,-10.5
3.1,0.0,2,400.0,22.0,-1,0.0971961021423,-2,94.0,2,20,-2.86539633251,4.45864372401,5.3,0,5.0,400.0,-10.5
3.1,0.0,2,400.0,22.0,-1,0.097058057785,-1,94.0,1,17,-5.24605364197,0.754268642848,5.3,0,5.0,400.0,-10.5
3.1,0.0,2,400.0,22.0,0,0.0971820354462,0,94.0,1,18,-4.82104957538,2.20169956891,5.3,0,5.0,400.0,-10.5
3.1,0.0,2,400.0,22.0,1,0.0971901416779,1,94.0,2,9,2.86539633251,-4.45864372401,5.3,0,5.0,400.0,-10.5
3.1,0.0,2,400.0,22.0,0,0.0970561504364,0,94.0,1,4,4.82104957538,2.20169956891,5.3,0,5.0,400.0,-10.5
3.1,0.0,1,400.0,22.0,0,0.0972030162811,1,94.0,1,0,0.0,5.3,5.3,0,5.0,400.0,-10.5
3.1,0.0,2,400.0,22.0,0,0.0971829891205,0,94.0,2,2,2.86539633251,4.45864372401,5.3,0,5.0,400.0,-10.5
3.1,0.0,1,400.0,22.0,0,0.0971012115479,2,94.0,1,16,-5.24605364197,-0.754268642848,5.3,0,5.0,400.0,-10.5
3.1,0.0,2,400.0,22.0,-2,0.0971949100494,1,94.0,1,2,2.86539633251,4.45864372401,5.3,0,5.0,400.0,-10.5
3.1,0.0,2,400.0,22.0,-1,0.0972590446472,-1,94.0,1,10,1.49318255126,-5.08531276016,5.3,0,5.0,400.0,-10.5
3.1,0.0,2,400.0,22.0,0,0.097198009491,0,94.0,1,12,-1.49318255126,-5.08531276016,5.3,0,5.0,400.0,-10.5
3.1,0.0,2,400.0,22.0,0,0.0971920490265,0,94.0,1,16,-5.24605364197,-0.754268642848,5.3,0,5.0,400.0,-10.5
3.1,0.0,2,400.0,22.0,2,0.097058057785,2,94.0,2,14,-4.00547274408,-3.47076188991,5.3,0,5.0,400.0,-10.5
3.1,0.0,2,400.0,22.0,1,0.0972061157227,0,94.0,2,10,1.49318255126,-5.08531276016,5.3,0,5.0,400.0,-10.5
3.1,0.0,1,400.0,22.0,0,0.0971939563751,2,94.0,2,6,5.24605364197,-0.754268642848,5.3,0,5.0,400.0,-10.5
3.1,0.0,2,400.0,22.0,0,0.0970377922058,0,94.0,1,10,1.49318255126,-5.08531276016,5.3,0,5.0,400.0,-10.5
3.1,0.0,1,400.0,22.0,-1,0.0970709323883,0,94.0,1,4,4.82104957538,2.20169956891,5.3,0,5.0,400.0,-10.5
3.1,0.0,2,400.0,22.0,2,0.0972068309784,-2,94.0,1,6,5.24605364197,-0.754268642848,5.3,0,5.0,400.0,-10.5
3.1,0.0,1,400.0,22.0,0,0.0971939563751,0,94.0,1,9,2.86539633251,-4.45864372401,5.3,0,5.0,400.0,-10.5
3.1,0.0,2,400.0,22.0,1,0.097198009491,1,94.0,2,3,4.00547274408,3.47076188991,5.3,0,5.0,400.0,-10.5
3.1,0.0,1,400.0,22.0,1,0.0971591472626,0,94.0,2,13,-2.86539633251,-4.45864372401,5.3,0,5.0,400.0,-10.5
3.1,0.0,2,400.0,22.0,0,0.0972170829773,0,94.0,1,0,0.0,5.3,5.3,0,5.0,400.0,-10.5
3.1,0.0,1,400.0,22.0,0,0.0972189903259,0,94.0,2,13,-2.86539633251,-4.45864372401,5.3,0,5.0,400.0,-10.5
3.1,0.0,2,400.0,22.0,0,0.0972058773041,0,94.0,1,8,4.00547274408,-3.47076188991,5.3,0,5.0,400.0,-10.5
3.1,0.0,2,400.0,22.0,-1,0.0972199440002,-2,94.0,2,20,-2.86539633251,4.45864372401,5.3,0,5.0,400.0,-10.5
3.1,0.0,2,400.0,22.0,-2,0.097216129303,0,94.0,1,0,0.0,5.3,5.3,0,5.0,400.0,-10.5
3.1,0.0,1,400.0,22.0,2,0.0970458984375,-1,94.0,2,6,5.24605364197,-0.754268642848,5.3,0,5.0,400.0,-10.5
3.1,0.0,1,400.0,22.0,-1,0.0971949100494,-1,94.0,2,19,-4.00547274408,3.47076188991,5.3,0,5.0,400.0,-10.5
3.1,0.0,2,400.0,22.0,-2,0.0971839427948,0,94.0,1,5,5.24605364197,0.754268642848,5.3,0,5.0,400.0,-10.5
3.1,0.0,1,400.0,22.0,1,0.097058057785,0,94.0,1,8,4.00547274408,-3.47076188991,5.3,0,5.0,400.0,-10.5
3.1,0.0,2,400.0,22.0,0,0.0971949100494,0,94.0,1,0,0.0,5.3,5.3,0,5.0,400.0,-10.5
3.1,0.0,2,400.0,22.0,0,0.0972039699554,1,94.0,2,2,2.86539633251,4.45864372401,5.3,0,5.0,400.0,-10.5
3.1,0.0,2,400.0,22.0,1,0.0971920490265,1,94.0,2,11,6.49041367526e-16,-5.3,5.3,0,5.0,400.0,-10.5
3.1,0.0,2,400.0,22.0,0,0.0972099304199,0,94.0,2,16,-5.24605364197,-0.754268642848,5.3,0,5.0,400.0,-10.5
3.1,0.0,2,400.0,22.0,2,0.0971920490265,2,94.0,2,14,-4.00547274408,-3.47076188991,5.3,0,5.0,400.0,-10.5
3.1,0.0,2,400.0,22.0,2,0.0971789360046,2,94.0,2,3,4.00547274408,3.47076188991,5.3,0,5.0,400.0,-10.5
3.1,0.0,2,400.0,22.0,1,0.097030878067,0,94.0,2,5,5.24605364197,0.754268642848,5.3,0,5.0,400.0,-10.5
3.1,0.0,2,400.0,22.0,-1,0.0970818996429,-1,94.0,2,12,-1.49318255126,-5.08531276016,5.3,0,5.0,400.0,-10.5
3.1,0.0,2,400.0,22.0,0,0.0970950126648,0,94.0,1,6,5.24605364197,-0.754268642848,5.3,0,5.0,400.0,-10.5
