cue-length,ms-precue,resp-v-hv,ms-st-cue,nitems,resp-h-pos,actualStimOn,resp-v-pos,ms-stimon,resp-h-hv,cue-loc-int,cue-loc-x,cue-loc-y,radius,bars-or-spot,npractice,ntrials,offsett
3.1,0.0,1,400.0,22.0,0,0.0971169471741,0,94.0,1,13,-2.86539633251,-4.45864372401,5.3,3.0,5.0,500.0,5
3.1,0.0,2,400.0,22.0,-1,0.0970759391785,-1,94.0,2,19,-4.00547274408,3.47076188991,5.3,3.0,5.0,500.0,5
3.1,0.0,1,400.0,22.0,-2,0.0972371101379,-2,94.0,1,13,-2.86539633251,-4.45864372401,5.3,3.0,5.0,500.0,5
3.1,0.0,1,400.0,22.0,-2,0.0971109867096,0,94.0,2,16,-5.24605364197,-0.754268642848,5.3,3.0,5.0,500.0,5
3.1,0.0,1,400.0,22.0,-1,0.0970370769501,-1,94.0,1,13,-2.86539633251,-4.45864372401,5.3,3.0,5.0,500.0,5
3.1,0.0,2,400.0,22.0,0,0.0971701145172,0,94.0,1,16,-5.24605364197,-0.754268642848,5.3,3.0,5.0,500.0,5
3.1,0.0,1,400.0,22.0,0,0.0971059799194,1,94.0,2,8,4.00547274408,-3.47076188991,5.3,3.0,5.0,500.0,5
3.1,0.0,2,400.0,22.0,1,0.0972011089325,1,94.0,2,1,1.49318255126,5.08531276016,5.3,3.0,5.0,500.0,5
3.1,0.0,1,400.0,22.0,-1,0.0973470211029,0,94.0,2,18,-4.82104957538,2.20169956891,5.3,3.0,5.0,500.0,5
3.1,0.0,1,400.0,22.0,2,0.0970978736877,-2,94.0,1,15,-4.82104957538,-2.20169956891,5.3,3.0,5.0,500.0,5
3.1,0.0,2,400.0,22.0,1,0.0971028804779,1,94.0,2,12,-1.49318255126,-5.08531276016,5.3,3.0,5.0,500.0,5
3.1,0.0,1,400.0,22.0,0,0.0971369743347,1,94.0,1,13,-2.86539633251,-4.45864372401,5.3,3.0,5.0,500.0,5
3.1,0.0,1,400.0,22.0,0,0.0970859527588,0,94.0,1,5,5.24605364197,0.754268642848,5.3,3.0,5.0,500.0,5
3.1,0.0,1,400.0,22.0,0,0.0970630645752,-1,94.0,1,18,-4.82104957538,2.20169956891,5.3,3.0,5.0,500.0,5
3.1,0.0,2,400.0,22.0,0,0.0972380638123,0,94.0,1,7,4.82104957538,-2.20169956891,5.3,3.0,5.0,500.0,5
3.1,0.0,1,400.0,22.0,0,0.0970530509949,-2,94.0,1,19,-4.00547274408,3.47076188991,5.3,3.0,5.0,500.0,5
3.1,0.0,2,400.0,22.0,0,0.0971028804779,0,94.0,1,1,1.49318255126,5.08531276016,5.3,3.0,5.0,500.0,5
3.1,0.0,1,400.0,22.0,2,0.0971219539642,2,94.0,1,18,-4.82104957538,2.20169956891,5.3,3.0,5.0,500.0,5
3.1,0.0,2,400.0,22.0,0,0.0970649719238,0,94.0,1,5,5.24605364197,0.754268642848,5.3,3.0,5.0,500.0,5
3.1,0.0,1,400.0,22.0,0,0.0970900058746,0,94.0,2,8,4.00547274408,-3.47076188991,5.3,3.0,5.0,500.0,5
3.1,0.0,1,400.0,22.0,0,0.0970838069916,0,94.0,2,4,4.82104957538,2.20169956891,5.3,3.0,5.0,500.0,5
3.1,0.0,2,400.0,22.0,0,0.0971908569336,0,94.0,1,1,1.49318255126,5.08531276016,5.3,3.0,5.0,500.0,5
3.1,0.0,2,400.0,22.0,0,0.0972220897675,0,94.0,1,5,5.24605364197,0.754268642848,5.3,3.0,5.0,500.0,5
3.1,0.0,1,400.0,22.0,0,0.0971999168396,1,94.0,1,10,1.49318255126,-5.08531276016,5.3,3.0,5.0,500.0,5
3.1,0.0,1,400.0,22.0,-1,0.0970630645752,-1,94.0,1,0,0.0,5.3,5.3,3.0,5.0,500.0,5
3.1,0.0,1,400.0,22.0,1,0.0971939563751,0,94.0,2,1,1.49318255126,5.08531276016,5.3,3.0,5.0,500.0,5
3.1,0.0,1,400.0,22.0,0,0.0972831249237,2,94.0,1,3,4.00547274408,3.47076188991,5.3,3.0,5.0,500.0,5
3.1,0.0,2,400.0,22.0,0,0.097226858139,0,94.0,1,6,5.24605364197,-0.754268642848,5.3,3.0,5.0,500.0,5
3.1,0.0,1,400.0,22.0,0,0.0972318649292,0,94.0,1,20,-2.86539633251,4.45864372401,5.3,3.0,5.0,500.0,5
3.1,0.0,1,400.0,22.0,0,0.0970668792725,-2,94.0,2,12,-1.49318255126,-5.08531276016,5.3,3.0,5.0,500.0,5
3.1,0.0,1,400.0,22.0,-1,0.0970270633698,-2,94.0,1,21,-1.49318255126,5.08531276016,5.3,3.0,5.0,500.0,5
3.1,0.0,2,400.0,22.0,0,0.0971131324768,0,94.0,1,10,1.49318255126,-5.08531276016,5.3,3.0,5.0,500.0,5
3.1,0.0,2,400.0,22.0,0,0.0971801280975,0,94.0,1,1,1.49318255126,5.08531276016,5.3,3.0,5.0,500.0,5
3.1,0.0,2,400.0,22.0,0,0.0971028804779,-2,94.0,1,0,0.0,5.3,5.3,3.0,5.0,500.0,5
3.1,0.0,2,400.0,22.0,0,0.0971381664276,-2,94.0,1,3,4.00547274408,3.47076188991,5.3,3.0,5.0,500.0,5
3.1,0.0,2,400.0,22.0,0,0.0972249507904,-1,94.0,1,0,0.0,5.3,5.3,3.0,5.0,500.0,5
3.1,0.0,2,400.0,22.0,0,0.0972549915314,0,94.0,1,4,4.82104957538,2.20169956891,5.3,3.0,5.0,500.0,5
3.1,0.0,2,400.0,22.0,0,0.0972139835358,0,94.0,1,17,-5.24605364197,0.754268642848,5.3,3.0,5.0,500.0,5
3.1,0.0,2,400.0,22.0,0,0.0970859527588,0,94.0,1,4,4.82104957538,2.20169956891,5.3,3.0,5.0,500.0,5
3.1,0.0,2,400.0,22.0,-2,0.0972259044647,0,94.0,1,11,6.49041367526e-16,-5.3,5.3,3.0,5.0,500.0,5
3.1,0.0,2,400.0,22.0,0,0.0972671508789,2,94.0,1,15,-4.82104957538,-2.20169956891,5.3,3.0,5.0,500.0,5
3.1,0.0,2,400.0,22.0,0,0.0972311496735,2,94.0,1,17,-5.24605364197,0.754268642848,5.3,3.0,5.0,500.0,5
3.1,0.0,2,400.0,22.0,0,0.0972039699554,-2,94.0,1,19,-4.00547274408,3.47076188991,5.3,3.0,5.0,500.0,5
3.1,0.0,1,400.0,22.0,0,0.0971050262451,0,94.0,1,3,4.00547274408,3.47076188991,5.3,3.0,5.0,500.0,5
3.1,0.0,1,400.0,22.0,-1,0.0971028804779,-1,94.0,1,9,2.86539633251,-4.45864372401,5.3,3.0,5.0,500.0,5
3.1,0.0,2,400.0,22.0,0,0.0972130298615,1,94.0,1,10,1.49318255126,-5.08531276016,5.3,3.0,5.0,500.0,5
3.1,0.0,1,400.0,22.0,0,0.09716796875,2,94.0,1,19,-4.00547274408,3.47076188991,5.3,3.0,5.0,500.0,5
3.1,0.0,2,400.0,22.0,0,0.097118139267,0,94.0,1,5,5.24605364197,0.754268642848,5.3,3.0,5.0,500.0,5
3.1,0.0,1,400.0,22.0,1,0.0971400737762,0,94.0,1,20,-2.86539633251,4.45864372401,5.3,3.0,5.0,500.0,5
3.1,0.0,2,400.0,22.0,0,0.0972170829773,0,94.0,1,11,6.49041367526e-16,-5.3,5.3,3.0,5.0,500.0,5
3.1,0.0,2,400.0,22.0,0,0.0970838069916,0,94.0,1,17,-5.24605364197,0.754268642848,5.3,3.0,5.0,500.0,5
3.1,0.0,1,400.0,22.0,1,0.0971667766571,-1,94.0,1,0,0.0,5.3,5.3,3.0,5.0,500.0,5
3.1,0.0,2,400.0,22.0,0,0.0972218513489,-1,94.0,1,15,-4.82104957538,-2.20169956891,5.3,3.0,5.0,500.0,5
3.1,0.0,1,400.0,22.0,0,0.0973410606384,2,94.0,1,17,-5.24605364197,0.754268642848,5.3,3.0,5.0,500.0,5
3.1,0.0,2,400.0,22.0,0,0.097030878067,0,94.0,1,18,-4.82104957538,2.20169956891,5.3,3.0,5.0,500.0,5
3.1,0.0,2,400.0,22.0,0,0.0970549583435,0,94.0,1,5,5.24605364197,0.754268642848,5.3,3.0,5.0,500.0,5
3.1,0.0,2,400.0,22.0,2,0.0972378253937,1,94.0,2,1,1.49318255126,5.08531276016,5.3,3.0,5.0,500.0,5
3.1,0.0,2,400.0,22.0,0,0.0971298217773,0,94.0,2,12,-1.49318255126,-5.08531276016,5.3,3.0,5.0,500.0,5
3.1,0.0,2,400.0,22.0,0,0.0971550941467,1,94.0,1,0,0.0,5.3,5.3,3.0,5.0,500.0,5
3.1,0.0,2,400.0,22.0,1,0.097000837326,-1,94.0,2,8,4.00547274408,-3.47076188991,5.3,3.0,5.0,500.0,5
3.1,0.0,2,400.0,22.0,0,0.0971329212189,0,94.0,2,10,1.49318255126,-5.08531276016,5.3,3.0,5.0,500.0,5
3.1,0.0,2,400.0,22.0,0,0.0972080230713,-1,94.0,1,19,-4.00547274408,3.47076188991,5.3,3.0,5.0,500.0,5
3.1,0.0,2,400.0,22.0,0,0.0972018241882,1,94.0,1,1,1.49318255126,5.08531276016,5.3,3.0,5.0,500.0,5
3.1,0.0,2,400.0,22.0,1,0.0972008705139,0,94.0,1,7,4.82104957538,-2.20169956891,5.3,3.0,5.0,500.0,5
3.1,0.0,1,400.0,22.0,0,0.0972378253937,1,94.0,2,1,1.49318255126,5.08531276016,5.3,3.0,5.0,500.0,5
3.1,0.0,2,400.0,22.0,0,0.0971097946167,0,94.0,1,0,0.0,5.3,5.3,3.0,5.0,500.0,5
3.1,0.0,1,400.0,22.0,2,0.0972280502319,0,94.0,1,8,4.00547274408,-3.47076188991,5.3,3.0,5.0,500.0,5
3.1,0.0,2,400.0,22.0,0,0.0972230434418,0,94.0,1,12,-1.49318255126,-5.08531276016,5.3,3.0,5.0,500.0,5
3.1,0.0,1,400.0,22.0,-2,0.0972220897675,-2,94.0,1,4,4.82104957538,2.20169956891,5.3,3.0,5.0,500.0,5
3.1,0.0,2,400.0,22.0,0,0.0972290039062,0,94.0,1,7,4.82104957538,-2.20169956891,5.3,3.0,5.0,500.0,5
3.1,0.0,1,400.0,22.0,1,0.0970578193665,-2,94.0,1,13,-2.86539633251,-4.45864372401,5.3,3.0,5.0,500.0,5
3.1,0.0,1,400.0,22.0,2,0.0971150398254,1,94.0,1,7,4.82104957538,-2.20169956891,5.3,3.0,5.0,500.0,5
3.1,0.0,2,400.0,22.0,2,0.0972630977631,-1,94.0,2,19,-4.00547274408,3.47076188991,5.3,3.0,5.0,500.0,5
3.1,0.0,1,400.0,22.0,0,0.0972321033478,1,94.0,1,2,2.86539633251,4.45864372401,5.3,3.0,5.0,500.0,5
3.1,0.0,1,400.0,22.0,0,0.097000837326,0,94.0,2,1,1.49318255126,5.08531276016,5.3,3.0,5.0,500.0,5
3.1,0.0,1,400.0,22.0,-1,0.0969789028168,-1,94.0,1,13,-2.86539633251,-4.45864372401,5.3,3.0,5.0,500.0,5
3.1,0.0,2,400.0,22.0,0,0.0970799922943,0,94.0,1,6,5.24605364197,-0.754268642848,5.3,3.0,5.0,500.0,5
3.1,0.0,2,400.0,22.0,0,0.0971119403839,0,94.0,1,8,4.00547274408,-3.47076188991,5.3,3.0,5.0,500.0,5
3.1,0.0,2,400.0,22.0,0,0.0971069335938,-1,94.0,1,7,4.82104957538,-2.20169956891,5.3,3.0,5.0,500.0,5
3.1,0.0,2,400.0,22.0,2,0.0971710681915,0,94.0,2,8,4.00547274408,-3.47076188991,5.3,3.0,5.0,500.0,5
3.1,0.0,1,400.0,22.0,0,0.097198009491,-1,94.0,1,11,6.49041367526e-16,-5.3,5.3,3.0,5.0,500.0,5
3.1,0.0,1,400.0,22.0,1,0.0972700119019,-1,94.0,1,19,-4.00547274408,3.47076188991,5.3,3.0,5.0,500.0,5
3.1,0.0,1,400.0,22.0,-2,0.0970730781555,-2,94.0,1,21,-1.49318255126,5.08531276016,5.3,3.0,5.0,500.0,5
3.1,0.0,2,400.0,22.0,-1,0.097058057785,-1,94.0,2,19,-4.00547274408,3.47076188991,5.3,3.0,5.0,500.0,5
3.1,0.0,2,400.0,22.0,-1,0.0970659255981,-1,94.0,2,9,2.86539633251,-4.45864372401,5.3,3.0,5.0,500.0,5
3.1,0.0,2,400.0,22.0,0,0.0970878601074,0,94.0,1,17,-5.24605364197,0.754268642848,5.3,3.0,5.0,500.0,5
3.1,0.0,2,400.0,22.0,-1,0.0970890522003,-1,94.0,2,9,2.86539633251,-4.45864372401,5.3,3.0,5.0,500.0,5
3.1,0.0,2,400.0,22.0,0,0.0971109867096,0,94.0,1,3,4.00547274408,3.47076188991,5.3,3.0,5.0,500.0,5
3.1,0.0,2,400.0,22.0,-1,0.0971071720123,1,94.0,1,14,-4.00547274408,-3.47076188991,5.3,3.0,5.0,500.0,5
3.1,0.0,2,400.0,22.0,-1,0.0971009731293,-2,94.0,2,9,2.86539633251,-4.45864372401,5.3,3.0,5.0,500.0,5
3.1,0.0,1,400.0,22.0,0,0.0972111225128,1,94.0,2,14,-4.00547274408,-3.47076188991,5.3,3.0,5.0,500.0,5
3.1,0.0,2,400.0,22.0,-1,0.0971169471741,0,94.0,1,10,1.49318255126,-5.08531276016,5.3,3.0,5.0,500.0,5
3.1,0.0,2,400.0,22.0,0,0.0970768928528,1,94.0,2,9,2.86539633251,-4.45864372401,5.3,3.0,5.0,500.0,5
3.1,0.0,2,400.0,22.0,0,0.0971391201019,0,94.0,1,8,4.00547274408,-3.47076188991,5.3,3.0,5.0,500.0,5
3.1,0.0,1,400.0,22.0,0,0.0971171855927,1,94.0,2,0,0.0,5.3,5.3,3.0,5.0,500.0,5
3.1,0.0,1,400.0,22.0,1,0.0971410274506,1,94.0,1,3,4.00547274408,3.47076188991,5.3,3.0,5.0,500.0,5
3.1,0.0,1,400.0,22.0,-1,0.0970480442047,-1,94.0,1,2,2.86539633251,4.45864372401,5.3,3.0,5.0,500.0,5
3.1,0.0,1,400.0,22.0,0,0.0972540378571,0,94.0,1,20,-2.86539633251,4.45864372401,5.3,3.0,5.0,500.0,5
3.1,0.0,2,400.0,22.0,0,0.0972208976746,-2,94.0,1,3,4.00547274408,3.47076188991,5.3,3.0,5.0,500.0,5
3.1,0.0,2,400.0,22.0,0,0.0971260070801,0,94.0,1,17,-5.24605364197,0.754268642848,5.3,3.0,5.0,500.0,5
3.1,0.0,1,400.0,22.0,-1,0.0970928668976,0,94.0,1,8,4.00547274408,-3.47076188991,5.3,3.0,5.0,500.0,5
3.1,0.0,1,400.0,22.0,-2,0.0970962047577,0,94.0,2,12,-1.49318255126,-5.08531276016,5.3,3.0,5.0,500.0,5
3.1,0.0,1,400.0,22.0,-1,0.0972199440002,-1,94.0,2,18,-4.82104957538,2.20169956891,5.3,3.0,5.0,500.0,5
3.1,0.0,1,400.0,22.0,1,0.0970458984375,0,94.0,2,13,-2.86539633251,-4.45864372401,5.3,3.0,5.0,500.0,5
3.1,0.0,2,400.0,22.0,0,0.0971438884735,0,94.0,1,7,4.82104957538,-2.20169956891,5.3,3.0,5.0,500.0,5
3.1,0.0,2,400.0,22.0,0,0.0970938205719,-1,94.0,1,13,-2.86539633251,-4.45864372401,5.3,3.0,5.0,500.0,5
3.1,0.0,1,400.0,22.0,0,0.0970828533173,-1,94.0,1,0,0.0,5.3,5.3,3.0,5.0,500.0,5
3.1,0.0,1,400.0,22.0,1,0.0971450805664,1,94.0,1,1,1.49318255126,5.08531276016,5.3,3.0,5.0,500.0,5
3.1,0.0,1,400.0,22.0,0,0.0971081256866,1,94.0,1,13,-2.86539633251,-4.45864372401,5.3,3.0,5.0,500.0,5
3.1,0.0,2,400.0,22.0,0,0.097090959549,0,94.0,1,8,4.00547274408,-3.47076188991,5.3,3.0,5.0,500.0,5
3.1,0.0,2,400.0,22.0,0,0.0970139503479,1,94.0,1,11,6.49041367526e-16,-5.3,5.3,3.0,5.0,500.0,5
3.1,0.0,2,400.0,22.0,0,0.0971109867096,0,94.0,2,19,-4.00547274408,3.47076188991,5.3,3.0,5.0,500.0,5
3.1,0.0,1,400.0,22.0,-1,0.0971419811249,-1,94.0,1,9,2.86539633251,-4.45864372401,5.3,3.0,5.0,500.0,5
3.1,0.0,1,400.0,22.0,0,0.0969839096069,-1,94.0,1,9,2.86539633251,-4.45864372401,5.3,3.0,5.0,500.0,5
3.1,0.0,1,400.0,22.0,1,0.0971310138702,1,94.0,1,16,-5.24605364197,-0.754268642848,5.3,3.0,5.0,500.0,5
3.1,0.0,2,400.0,22.0,0,0.0972249507904,0,94.0,1,1,1.49318255126,5.08531276016,5.3,3.0,5.0,500.0,5
3.1,0.0,2,400.0,22.0,0,0.0971839427948,-2,94.0,1,8,4.00547274408,-3.47076188991,5.3,3.0,5.0,500.0,5
3.1,0.0,2,400.0,22.0,0,0.0971240997314,0,94.0,1,1,1.49318255126,5.08531276016,5.3,3.0,5.0,500.0,5
3.1,0.0,1,400.0,22.0,0,0.0972199440002,-2,94.0,1,0,0.0,5.3,5.3,3.0,5.0,500.0,5
3.1,0.0,2,400.0,22.0,-2,0.0972089767456,-2,94.0,2,9,2.86539633251,-4.45864372401,5.3,3.0,5.0,500.0,5
3.1,0.0,1,400.0,22.0,-2,0.0972142219543,0,94.0,1,18,-4.82104957538,2.20169956891,5.3,3.0,5.0,500.0,5
3.1,0.0,2,400.0,22.0,0,0.097058057785,-1,94.0,1,2,2.86539633251,4.45864372401,5.3,3.0,5.0,500.0,5
3.1,0.0,2,400.0,22.0,2,0.0970549583435,2,94.0,2,14,-4.00547274408,-3.47076188991,5.3,3.0,5.0,500.0,5
3.1,0.0,2,400.0,22.0,1,0.0970740318298,-1,94.0,1,2,2.86539633251,4.45864372401,5.3,3.0,5.0,500.0,5
3.1,0.0,2,400.0,22.0,0,0.0971570014954,2,94.0,1,1,1.49318255126,5.08531276016,5.3,3.0,5.0,500.0,5
3.1,0.0,2,400.0,22.0,0,0.0972640514374,2,94.0,1,11,6.49041367526e-16,-5.3,5.3,3.0,5.0,500.0,5
3.1,0.0,1,400.0,22.0,-1,0.0972261428833,0,94.0,2,21,-1.49318255126,5.08531276016,5.3,3.0,5.0,500.0,5
3.1,0.0,1,400.0,22.0,-2,0.097179889679,-2,94.0,1,17,-5.24605364197,0.754268642848,5.3,3.0,5.0,500.0,5
3.1,0.0,1,400.0,22.0,0,0.0972230434418,2,94.0,1,16,-5.24605364197,-0.754268642848,5.3,3.0,5.0,500.0,5
3.1,0.0,1,400.0,22.0,0,0.0972149372101,0,94.0,1,6,5.24605364197,-0.754268642848,5.3,3.0,5.0,500.0,5
3.1,0.0,1,400.0,22.0,0,0.097198009491,0,94.0,1,12,-1.49318255126,-5.08531276016,5.3,3.0,5.0,500.0,5
3.1,0.0,2,400.0,22.0,0,0.0971529483795,0,94.0,2,0,0.0,5.3,5.3,3.0,5.0,500.0,5
3.1,0.0,1,400.0,22.0,1,0.0971949100494,1,94.0,1,14,-4.00547274408,-3.47076188991,5.3,3.0,5.0,500.0,5
3.1,0.0,1,400.0,22.0,0,0.0972731113434,0,94.0,1,15,-4.82104957538,-2.20169956891,5.3,3.0,5.0,500.0,5
3.1,0.0,2,400.0,22.0,0,0.0970821380615,0,94.0,1,16,-5.24605364197,-0.754268642848,5.3,3.0,5.0,500.0,5
3.1,0.0,2,400.0,22.0,1,0.0970871448517,2,94.0,1,21,-1.49318255126,5.08531276016,5.3,3.0,5.0,500.0,5
3.1,0.0,2,400.0,22.0,-1,0.0972089767456,-1,94.0,2,4,4.82104957538,2.20169956891,5.3,3.0,5.0,500.0,5
3.1,0.0,2,400.0,22.0,0,0.0972208976746,1,94.0,1,20,-2.86539633251,4.45864372401,5.3,3.0,5.0,500.0,5
3.1,0.0,1,400.0,22.0,1,0.0972158908844,2,94.0,1,8,4.00547274408,-3.47076188991,5.3,3.0,5.0,500.0,5
3.1,0.0,1,400.0,22.0,0,0.097265958786,0,94.0,1,8,4.00547274408,-3.47076188991,5.3,3.0,5.0,500.0,5
3.1,0.0,2,400.0,22.0,0,0.0972170829773,0,94.0,1,15,-4.82104957538,-2.20169956891,5.3,3.0,5.0,500.0,5
3.1,0.0,1,400.0,22.0,-2,0.0970711708069,-2,94.0,1,0,0.0,5.3,5.3,3.0,5.0,500.0,5
3.1,0.0,1,400.0,22.0,0,0.0970821380615,0,94.0,1,5,5.24605364197,0.754268642848,5.3,3.0,5.0,500.0,5
3.1,0.0,2,400.0,22.0,0,0.0970640182495,0,94.0,1,1,1.49318255126,5.08531276016,5.3,3.0,5.0,500.0,5
3.1,0.0,1,400.0,22.0,0,0.0972249507904,0,94.0,1,9,2.86539633251,-4.45864372401,5.3,3.0,5.0,500.0,5
3.1,0.0,1,400.0,22.0,-2,0.0971999168396,0,94.0,2,5,5.24605364197,0.754268642848,5.3,3.0,5.0,500.0,5
3.1,0.0,1,400.0,22.0,2,0.0971231460571,-2,94.0,1,2,2.86539633251,4.45864372401,5.3,3.0,5.0,500.0,5
3.1,0.0,2,400.0,22.0,0,0.0970978736877,0,94.0,2,4,4.82104957538,2.20169956891,5.3,3.0,5.0,500.0,5
3.1,0.0,1,400.0,22.0,-2,0.0971047878265,0,94.0,2,15,-4.82104957538,-2.20169956891,5.3,3.0,5.0,500.0,5
3.1,0.0,1,400.0,22.0,0,0.0971300601959,0,94.0,1,15,-4.82104957538,-2.20169956891,5.3,3.0,5.0,500.0,5
3.1,0.0,1,400.0,22.0,0,0.0971710681915,0,94.0,1,0,0.0,5.3,5.3,3.0,5.0,500.0,5
3.1,0.0,2,400.0,22.0,0,0.0971920490265,0,94.0,1,7,4.82104957538,-2.20169956891,5.3,3.0,5.0,500.0,5
3.1,0.0,2,400.0,22.0,2,0.0971200466156,-2,94.0,2,20,-2.86539633251,4.45864372401,5.3,3.0,5.0,500.0,5
3.1,0.0,1,400.0,22.0,0,0.0970559120178,2,94.0,1,15,-4.82104957538,-2.20169956891,5.3,3.0,5.0,500.0,5
3.1,0.0,1,400.0,22.0,-1,0.0972211360931,-1,94.0,1,16,-5.24605364197,-0.754268642848,5.3,3.0,5.0,500.0,5
3.1,0.0,2,400.0,22.0,-2,0.0970540046692,-2,94.0,2,18,-4.82104957538,2.20169956891,5.3,3.0,5.0,500.0,5
3.1,0.0,2,400.0,22.0,1,0.0972111225128,1,94.0,1,17,-5.24605364197,0.754268642848,5.3,3.0,5.0,500.0,5
3.1,0.0,1,400.0,22.0,-1,0.0970840454102,-1,94.0,1,18,-4.82104957538,2.20169956891,5.3,3.0,5.0,500.0,5
3.1,0.0,2,400.0,22.0,-1,0.0972149372101,0,94.0,2,8,4.00547274408,-3.47076188991,5.3,3.0,5.0,500.0,5
3.1,0.0,2,400.0,22.0,-2,0.0972259044647,2,94.0,1,2,2.86539633251,4.45864372401,5.3,3.0,5.0,500.0,5
3.1,0.0,1,400.0,22.0,-2,0.0972230434418,-2,94.0,1,12,-1.49318255126,-5.08531276016,5.3,3.0,5.0,500.0,5
3.1,0.0,2,400.0,22.0,-1,0.0969929695129,-2,94.0,1,9,2.86539633251,-4.45864372401,5.3,3.0,5.0,500.0,5
3.1,0.0,1,400.0,22.0,0,0.0970759391785,0,94.0,1,7,4.82104957538,-2.20169956891,5.3,3.0,5.0,500.0,5
3.1,0.0,2,400.0,22.0,0,0.0971150398254,0,94.0,1,14,-4.00547274408,-3.47076188991,5.3,3.0,5.0,500.0,5
3.1,0.0,1,400.0,22.0,0,0.0974149703979,0,94.0,2,14,-4.00547274408,-3.47076188991,5.3,3.0,5.0,500.0,5
3.1,0.0,1,400.0,22.0,0,0.0970690250397,0,94.0,1,20,-2.86539633251,4.45864372401,5.3,3.0,5.0,500.0,5
3.1,0.0,1,400.0,22.0,0,0.0971529483795,0,94.0,1,5,5.24605364197,0.754268642848,5.3,3.0,5.0,500.0,5
3.1,0.0,2,400.0,22.0,1,0.0972039699554,1,94.0,2,12,-1.49318255126,-5.08531276016,5.3,3.0,5.0,500.0,5
3.1,0.0,2,400.0,22.0,0,0.0971088409424,1,94.0,2,8,4.00547274408,-3.47076188991,5.3,3.0,5.0,500.0,5
3.1,0.0,1,400.0,22.0,2,0.0973191261292,2,94.0,1,19,-4.00547274408,3.47076188991,5.3,3.0,5.0,500.0,5
3.1,0.0,1,400.0,22.0,2,0.096969127655,-1,94.0,2,9,2.86539633251,-4.45864372401,5.3,3.0,5.0,500.0,5
3.1,0.0,1,400.0,22.0,0,0.0971210002899,1,94.0,2,3,4.00547274408,3.47076188991,5.3,3.0,5.0,500.0,5
3.1,0.0,1,400.0,22.0,0,0.0972118377686,-2,94.0,2,18,-4.82104957538,2.20169956891,5.3,3.0,5.0,500.0,5
3.1,0.0,1,400.0,22.0,2,0.0971179008484,0,94.0,2,5,5.24605364197,0.754268642848,5.3,3.0,5.0,500.0,5
3.1,0.0,2,400.0,22.0,-1,0.097295999527,1,94.0,1,20,-2.86539633251,4.45864372401,5.3,3.0,5.0,500.0,5
3.1,0.0,1,400.0,22.0,0,0.0972108840942,-2,94.0,1,8,4.00547274408,-3.47076188991,5.3,3.0,5.0,500.0,5
3.1,0.0,1,400.0,22.0,1,0.097090959549,1,94.0,1,11,6.49041367526e-16,-5.3,5.3,3.0,5.0,500.0,5
3.1,0.0,1,400.0,22.0,0,0.0970640182495,0,94.0,1,4,4.82104957538,2.20169956891,5.3,3.0,5.0,500.0,5
3.1,0.0,2,400.0,22.0,1,0.0970728397369,1,94.0,2,16,-5.24605364197,-0.754268642848,5.3,3.0,5.0,500.0,5
3.1,0.0,1,400.0,22.0,0,0.0970759391785,0,94.0,1,3,4.00547274408,3.47076188991,5.3,3.0,5.0,500.0,5
3.1,0.0,1,400.0,22.0,1,0.0970730781555,0,94.0,1,0,0.0,5.3,5.3,3.0,5.0,500.0,5
3.1,0.0,2,400.0,22.0,0,0.0970380306244,0,94.0,2,20,-2.86539633251,4.45864372401,5.3,3.0,5.0,500.0,5
3.1,0.0,1,400.0,22.0,2,0.0970590114594,1,94.0,1,1,1.49318255126,5.08531276016,5.3,3.0,5.0,500.0,5
3.1,0.0,1,400.0,22.0,-1,0.0971369743347,1,94.0,1,12,-1.49318255126,-5.08531276016,5.3,3.0,5.0,500.0,5
3.1,0.0,1,400.0,22.0,2,0.0970950126648,0,94.0,1,12,-1.49318255126,-5.08531276016,5.3,3.0,5.0,500.0,5
3.1,0.0,2,400.0,22.0,0,0.0970590114594,0,94.0,1,6,5.24605364197,-0.754268642848,5.3,3.0,5.0,500.0,5
3.1,0.0,1,400.0,22.0,1,0.0970928668976,0,94.0,1,11,6.49041367526e-16,-5.3,5.3,3.0,5.0,500.0,5
3.1,0.0,2,400.0,22.0,0,0.0971701145172,1,94.0,1,19,-4.00547274408,3.47076188991,5.3,3.0,5.0,500.0,5
3.1,0.0,1,400.0,22.0,-1,0.0971028804779,-1,94.0,1,10,1.49318255126,-5.08531276016,5.3,3.0,5.0,500.0,5
3.1,0.0,2,400.0,22.0,0,0.0970778465271,-1,94.0,1,2,2.86539633251,4.45864372401,5.3,3.0,5.0,500.0,5
3.1,0.0,1,400.0,22.0,0,0.0971717834473,2,94.0,1,6,5.24605364197,-0.754268642848,5.3,3.0,5.0,500.0,5
3.1,0.0,2,400.0,22.0,1,0.0972571372986,-2,94.0,1,8,4.00547274408,-3.47076188991,5.3,3.0,5.0,500.0,5
3.1,0.0,2,400.0,22.0,1,0.0971989631653,-2,94.0,1,14,-4.00547274408,-3.47076188991,5.3,3.0,5.0,500.0,5
3.1,0.0,2,400.0,22.0,1,0.0970928668976,1,94.0,2,13,-2.86539633251,-4.45864372401,5.3,3.0,5.0,500.0,5
3.1,0.0,2,400.0,22.0,-1,0.0971100330353,0,94.0,1,7,4.82104957538,-2.20169956891,5.3,3.0,5.0,500.0,5
3.1,0.0,1,400.0,22.0,1,0.0970230102539,0,94.0,2,0,0.0,5.3,5.3,3.0,5.0,500.0,5
3.1,0.0,1,400.0,22.0,1,0.0970590114594,1,94.0,1,19,-4.00547274408,3.47076188991,5.3,3.0,5.0,500.0,5
3.1,0.0,1,400.0,22.0,2,0.0972261428833,2,94.0,1,19,-4.00547274408,3.47076188991,5.3,3.0,5.0,500.0,5
3.1,0.0,2,400.0,22.0,0,0.0971910953522,1,94.0,2,11,6.49041367526e-16,-5.3,5.3,3.0,5.0,500.0,5
3.1,0.0,1,400.0,22.0,0,0.0973479747772,1,94.0,1,9,2.86539633251,-4.45864372401,5.3,3.0,5.0,500.0,5
3.1,0.0,1,400.0,22.0,0,0.0972399711609,0,94.0,1,9,2.86539633251,-4.45864372401,5.3,3.0,5.0,500.0,5
3.1,0.0,1,400.0,22.0,1,0.0971169471741,0,94.0,1,3,4.00547274408,3.47076188991,5.3,3.0,5.0,500.0,5
3.1,0.0,2,400.0,22.0,0,0.0971109867096,-2,94.0,1,21,-1.49318255126,5.08531276016,5.3,3.0,5.0,500.0,5
3.1,0.0,2,400.0,22.0,0,0.0970947742462,0,94.0,1,20,-2.86539633251,4.45864372401,5.3,3.0,5.0,500.0,5
3.1,0.0,2,400.0,22.0,2,0.0970830917358,0,94.0,1,7,4.82104957538,-2.20169956891,5.3,3.0,5.0,500.0,5
3.1,0.0,2,400.0,22.0,-2,0.0970799922943,-2,94.0,2,19,-4.00547274408,3.47076188991,5.3,3.0,5.0,500.0,5
3.1,0.0,2,400.0,22.0,0,0.0971689224243,0,94.0,1,19,-4.00547274408,3.47076188991,5.3,3.0,5.0,500.0,5
3.1,0.0,1,400.0,22.0,0,0.0970981121063,0,94.0,1,9,2.86539633251,-4.45864372401,5.3,3.0,5.0,500.0,5
3.1,0.0,1,400.0,22.0,-1,0.0971989631653,-1,94.0,1,20,-2.86539633251,4.45864372401,5.3,3.0,5.0,500.0,5
3.1,0.0,1,400.0,22.0,0,0.0971970558167,-2,94.0,1,9,2.86539633251,-4.45864372401,5.3,3.0,5.0,500.0,5
3.1,0.0,2,400.0,22.0,0,0.0970931053162,0,94.0,1,2,2.86539633251,4.45864372401,5.3,3.0,5.0,500.0,5
3.1,0.0,2,400.0,22.0,0,0.0969769954681,0,94.0,1,6,5.24605364197,-0.754268642848,5.3,3.0,5.0,500.0,5
3.1,0.0,1,400.0,22.0,0,0.0971200466156,2,94.0,1,10,1.49318255126,-5.08531276016,5.3,3.0,5.0,500.0,5
3.1,0.0,1,400.0,22.0,0,0.0972790718079,0,94.0,1,3,4.00547274408,3.47076188991,5.3,3.0,5.0,500.0,5
3.1,0.0,1,400.0,22.0,-1,0.0971260070801,-1,94.0,1,2,2.86539633251,4.45864372401,5.3,3.0,5.0,500.0,5
3.1,0.0,1,400.0,22.0,1,0.0970540046692,0,94.0,2,5,5.24605364197,0.754268642848,5.3,3.0,5.0,500.0,5
3.1,0.0,1,400.0,22.0,2,0.097265958786,0,94.0,1,3,4.00547274408,3.47076188991,5.3,3.0,5.0,500.0,5
3.1,0.0,1,400.0,22.0,2,0.0972371101379,2,94.0,1,12,-1.49318255126,-5.08531276016,5.3,3.0,5.0,500.0,5
3.1,0.0,1,400.0,22.0,0,0.0972430706024,0,94.0,1,19,-4.00547274408,3.47076188991,5.3,3.0,5.0,500.0,5
3.1,0.0,2,400.0,22.0,0,0.0971128940582,2,94.0,1,4,4.82104957538,2.20169956891,5.3,3.0,5.0,500.0,5
3.1,0.0,1,400.0,22.0,1,0.0971019268036,0,94.0,1,1,1.49318255126,5.08531276016,5.3,3.0,5.0,500.0,5
3.1,0.0,2,400.0,22.0,0,0.0971429347992,0,94.0,1,3,4.00547274408,3.47076188991,5.3,3.0,5.0,500.0,5
3.1,0.0,1,400.0,22.0,0,0.0971148014069,0,94.0,2,19,-4.00547274408,3.47076188991,5.3,3.0,5.0,500.0,5
3.1,0.0,1,400.0,22.0,0,0.0970869064331,0,94.0,2,6,5.24605364197,-0.754268642848,5.3,3.0,5.0,500.0,5
3.1,0.0,2,400.0,22.0,0,0.0970680713654,-1,94.0,1,6,5.24605364197,-0.754268642848,5.3,3.0,5.0,500.0,5
3.1,0.0,1,400.0,22.0,0,0.0972158908844,0,94.0,1,15,-4.82104957538,-2.20169956891,5.3,3.0,5.0,500.0,5
3.1,0.0,1,400.0,22.0,2,0.0970740318298,2,94.0,1,9,2.86539633251,-4.45864372401,5.3,3.0,5.0,500.0,5
3.1,0.0,1,400.0,22.0,2,0.0970849990845,0,94.0,1,8,4.00547274408,-3.47076188991,5.3,3.0,5.0,500.0,5
3.1,0.0,1,400.0,22.0,-1,0.0971040725708,-1,94.0,1,19,-4.00547274408,3.47076188991,5.3,3.0,5.0,500.0,5
3.1,0.0,2,400.0,22.0,1,0.0970921516418,0,94.0,1,10,1.49318255126,-5.08531276016,5.3,3.0,5.0,500.0,5
3.1,0.0,2,400.0,22.0,0,0.0971109867096,-2,94.0,1,21,-1.49318255126,5.08531276016,5.3,3.0,5.0,500.0,5
3.1,0.0,2,400.0,22.0,0,0.0972139835358,1,94.0,1,19,-4.00547274408,3.47076188991,5.3,3.0,5.0,500.0,5
3.1,0.0,1,400.0,22.0,2,0.0972821712494,2,94.0,1,16,-5.24605364197,-0.754268642848,5.3,3.0,5.0,500.0,5
3.1,0.0,1,400.0,22.0,-1,0.0972211360931,-1,94.0,1,1,1.49318255126,5.08531276016,5.3,3.0,5.0,500.0,5
3.1,0.0,2,400.0,22.0,2,0.0970709323883,-1,94.0,2,20,-2.86539633251,4.45864372401,5.3,3.0,5.0,500.0,5
3.1,0.0,1,400.0,22.0,-1,0.0971071720123,-1,94.0,1,8,4.00547274408,-3.47076188991,5.3,3.0,5.0,500.0,5
3.1,0.0,2,400.0,22.0,0,0.0972208976746,0,94.0,1,3,4.00547274408,3.47076188991,5.3,3.0,5.0,500.0,5
3.1,0.0,2,400.0,22.0,0,0.0970859527588,0,94.0,2,18,-4.82104957538,2.20169956891,5.3,3.0,5.0,500.0,5
3.1,0.0,1,400.0,22.0,-1,0.0972020626068,-1,94.0,1,7,4.82104957538,-2.20169956891,5.3,3.0,5.0,500.0,5
3.1,0.0,2,400.0,22.0,0,0.097204208374,-1,94.0,1,3,4.00547274408,3.47076188991,5.3,3.0,5.0,500.0,5
3.1,0.0,2,400.0,22.0,0,0.0972299575806,0,94.0,2,3,4.00547274408,3.47076188991,5.3,3.0,5.0,500.0,5
3.1,0.0,1,400.0,22.0,0,0.0970940589905,0,94.0,1,13,-2.86539633251,-4.45864372401,5.3,3.0,5.0,500.0,5
3.1,0.0,1,400.0,22.0,0,0.0972149372101,0,94.0,1,13,-2.86539633251,-4.45864372401,5.3,3.0,5.0,500.0,5
3.1,0.0,1,400.0,22.0,0,0.0971820354462,0,94.0,1,11,6.49041367526e-16,-5.3,5.3,3.0,5.0,500.0,5
3.1,0.0,1,400.0,22.0,1,0.0972118377686,1,94.0,1,21,-1.49318255126,5.08531276016,5.3,3.0,5.0,500.0,5
3.1,0.0,1,400.0,22.0,0,0.0971570014954,0,94.0,2,11,6.49041367526e-16,-5.3,5.3,3.0,5.0,500.0,5
3.1,0.0,2,400.0,22.0,0,0.0972218513489,0,94.0,2,4,4.82104957538,2.20169956891,5.3,3.0,5.0,500.0,5
3.1,0.0,2,400.0,22.0,0,0.0972101688385,1,94.0,1,14,-4.00547274408,-3.47076188991,5.3,3.0,5.0,500.0,5
3.1,0.0,2,400.0,22.0,0,0.0972039699554,0,94.0,1,4,4.82104957538,2.20169956891,5.3,3.0,5.0,500.0,5
3.1,0.0,1,400.0,22.0,2,0.0973010063171,0,94.0,1,21,-1.49318255126,5.08531276016,5.3,3.0,5.0,500.0,5
3.1,0.0,2,400.0,22.0,0,0.097109079361,0,94.0,1,19,-4.00547274408,3.47076188991,5.3,3.0,5.0,500.0,5
3.1,0.0,1,400.0,22.0,0,0.0973160266876,0,94.0,2,5,5.24605364197,0.754268642848,5.3,3.0,5.0,500.0,5
3.1,0.0,2,400.0,22.0,2,0.0970978736877,1,94.0,2,14,-4.00547274408,-3.47076188991,5.3,3.0,5.0,500.0,5
3.1,0.0,1,400.0,22.0,2,0.0972061157227,0,94.0,1,8,4.00547274408,-3.47076188991,5.3,3.0,5.0,500.0,5
3.1,0.0,2,400.0,22.0,2,0.097244977951,-1,94.0,1,15,-4.82104957538,-2.20169956891,5.3,3.0,5.0,500.0,5
3.1,0.0,2,400.0,22.0,0,0.0971150398254,0,94.0,2,19,-4.00547274408,3.47076188991,5.3,3.0,5.0,500.0,5
3.1,0.0,2,400.0,22.0,1,0.0972418785095,0,94.0,1,15,-4.82104957538,-2.20169956891,5.3,3.0,5.0,500.0,5
3.1,0.0,2,400.0,22.0,0,0.0972709655762,0,94.0,1,7,4.82104957538,-2.20169956891,5.3,3.0,5.0,500.0,5
3.1,0.0,1,400.0,22.0,1,0.0971989631653,0,94.0,1,21,-1.49318255126,5.08531276016,5.3,3.0,5.0,500.0,5
3.1,0.0,2,400.0,22.0,0,0.0971088409424,0,94.0,1,9,2.86539633251,-4.45864372401,5.3,3.0,5.0,500.0,5
3.1,0.0,1,400.0,22.0,0,0.0971169471741,2,94.0,1,15,-4.82104957538,-2.20169956891,5.3,3.0,5.0,500.0,5
3.1,0.0,2,400.0,22.0,-1,0.0971939563751,2,94.0,2,16,-5.24605364197,-0.754268642848,5.3,3.0,5.0,500.0,5
3.1,0.0,1,400.0,22.0,0,0.097198009491,-2,94.0,2,6,5.24605364197,-0.754268642848,5.3,3.0,5.0,500.0,5
3.1,0.0,2,400.0,22.0,2,0.0972440242767,0,94.0,1,14,-4.00547274408,-3.47076188991,5.3,3.0,5.0,500.0,5
3.1,0.0,2,400.0,22.0,2,0.0970358848572,-2,94.0,2,3,4.00547274408,3.47076188991,5.3,3.0,5.0,500.0,5
3.1,0.0,2,400.0,22.0,0,0.097226858139,0,94.0,1,17,-5.24605364197,0.754268642848,5.3,3.0,5.0,500.0,5
3.1,0.0,2,400.0,22.0,0,0.0972518920898,1,94.0,1,21,-1.49318255126,5.08531276016,5.3,3.0,5.0,500.0,5
3.1,0.0,1,400.0,22.0,-2,0.0970919132233,-2,94.0,1,12,-1.49318255126,-5.08531276016,5.3,3.0,5.0,500.0,5
3.1,0.0,2,400.0,22.0,0,0.0971009731293,0,94.0,2,2,2.86539633251,4.45864372401,5.3,3.0,5.0,500.0,5
3.1,0.0,1,400.0,22.0,-2,0.0970540046692,0,94.0,2,14,-4.00547274408,-3.47076188991,5.3,3.0,5.0,500.0,5
3.1,0.0,1,400.0,22.0,0,0.0971970558167,0,94.0,1,0,0.0,5.3,5.3,3.0,5.0,500.0,5
3.1,0.0,1,400.0,22.0,0,0.0972101688385,0,94.0,1,5,5.24605364197,0.754268642848,5.3,3.0,5.0,500.0,5
3.1,0.0,1,400.0,22.0,1,0.0972030162811,1,94.0,1,12,-1.49318255126,-5.08531276016,5.3,3.0,5.0,500.0,5
3.1,0.0,1,400.0,22.0,0,0.096951007843,-1,94.0,1,13,-2.86539633251,-4.45864372401,5.3,3.0,5.0,500.0,5
3.1,0.0,1,400.0,22.0,0,0.0971019268036,-2,94.0,1,8,4.00547274408,-3.47076188991,5.3,3.0,5.0,500.0,5
3.1,0.0,1,400.0,22.0,-2,0.0971689224243,1,94.0,2,4,4.82104957538,2.20169956891,5.3,3.0,5.0,500.0,5
3.1,0.0,1,400.0,22.0,0,0.0970928668976,1,94.0,1,16,-5.24605364197,-0.754268642848,5.3,3.0,5.0,500.0,5
3.1,0.0,2,400.0,22.0,-1,0.0970551967621,-1,94.0,2,8,4.00547274408,-3.47076188991,5.3,3.0,5.0,500.0,5
3.1,0.0,1,400.0,22.0,0,0.097137928009,0,94.0,1,14,-4.00547274408,-3.47076188991,5.3,3.0,5.0,500.0,5
3.1,0.0,1,400.0,22.0,0,0.0971629619598,-1,94.0,1,6,5.24605364197,-0.754268642848,5.3,3.0,5.0,500.0,5
3.1,0.0,2,400.0,22.0,1,0.0971331596375,1,94.0,2,14,-4.00547274408,-3.47076188991,5.3,3.0,5.0,500.0,5
3.1,0.0,2,400.0,22.0,0,0.0973069667816,1,94.0,1,21,-1.49318255126,5.08531276016,5.3,3.0,5.0,500.0,5
3.1,0.0,1,400.0,22.0,0,0.0970680713654,1,94.0,2,14,-4.00547274408,-3.47076188991,5.3,3.0,5.0,500.0,5
3.1,0.0,1,400.0,22.0,2,0.0970988273621,2,94.0,1,15,-4.82104957538,-2.20169956891,5.3,3.0,5.0,500.0,5
3.1,0.0,2,400.0,22.0,-2,0.0971200466156,0,94.0,1,0,0.0,5.3,5.3,3.0,5.0,500.0,5
3.1,0.0,1,400.0,22.0,2,0.0970849990845,1,94.0,2,18,-4.82104957538,2.20169956891,5.3,3.0,5.0,500.0,5
3.1,0.0,1,400.0,22.0,0,0.0970718860626,-1,94.0,1,13,-2.86539633251,-4.45864372401,5.3,3.0,5.0,500.0,5
3.1,0.0,2,400.0,22.0,-2,0.0971159934998,-2,94.0,2,19,-4.00547274408,3.47076188991,5.3,3.0,5.0,500.0,5
3.1,0.0,1,400.0,22.0,1,0.0970690250397,1,94.0,1,3,4.00547274408,3.47076188991,5.3,3.0,5.0,500.0,5
3.1,0.0,1,400.0,22.0,0,0.0972189903259,0,94.0,1,11,6.49041367526e-16,-5.3,5.3,3.0,5.0,500.0,5
3.1,0.0,1,400.0,22.0,2,0.0972139835358,2,94.0,1,9,2.86539633251,-4.45864372401,5.3,3.0,5.0,500.0,5
3.1,0.0,1,400.0,22.0,0,0.0972139835358,0,94.0,2,17,-5.24605364197,0.754268642848,5.3,3.0,5.0,500.0,5
3.1,0.0,1,400.0,22.0,0,0.0971500873566,2,94.0,1,5,5.24605364197,0.754268642848,5.3,3.0,5.0,500.0,5
3.1,0.0,2,400.0,22.0,-1,0.0971670150757,0,94.0,2,15,-4.82104957538,-2.20169956891,5.3,3.0,5.0,500.0,5
3.1,0.0,1,400.0,22.0,0,0.0970768928528,0,94.0,1,19,-4.00547274408,3.47076188991,5.3,3.0,5.0,500.0,5
3.1,0.0,1,400.0,22.0,2,0.0970718860626,1,94.0,1,19,-4.00547274408,3.47076188991,5.3,3.0,5.0,500.0,5
3.1,0.0,1,400.0,22.0,0,0.0972189903259,1,94.0,1,7,4.82104957538,-2.20169956891,5.3,3.0,5.0,500.0,5
3.1,0.0,1,400.0,22.0,-1,0.097226858139,0,94.0,2,8,4.00547274408,-3.47076188991,5.3,3.0,5.0,500.0,5
3.1,0.0,2,400.0,22.0,-1,0.097286939621,0,94.0,1,17,-5.24605364197,0.754268642848,5.3,3.0,5.0,500.0,5
3.1,0.0,2,400.0,22.0,0,0.097060918808,0,94.0,2,14,-4.00547274408,-3.47076188991,5.3,3.0,5.0,500.0,5
3.1,0.0,1,400.0,22.0,0,0.0972278118134,0,94.0,1,4,4.82104957538,2.20169956891,5.3,3.0,5.0,500.0,5
3.1,0.0,1,400.0,22.0,-2,0.0970780849457,-2,94.0,1,19,-4.00547274408,3.47076188991,5.3,3.0,5.0,500.0,5
3.1,0.0,2,400.0,22.0,1,0.0972499847412,0,94.0,1,12,-1.49318255126,-5.08531276016,5.3,3.0,5.0,500.0,5
3.1,0.0,2,400.0,22.0,-2,0.0970811843872,-2,94.0,2,21,-1.49318255126,5.08531276016,5.3,3.0,5.0,500.0,5
3.1,0.0,2,400.0,22.0,0,0.0969948768616,1,94.0,1,7,4.82104957538,-2.20169956891,5.3,3.0,5.0,500.0,5
3.1,0.0,2,400.0,22.0,2,0.0970587730408,-1,94.0,2,11,6.49041367526e-16,-5.3,5.3,3.0,5.0,500.0,5
3.1,0.0,2,400.0,22.0,0,0.0971310138702,0,94.0,1,5,5.24605364197,0.754268642848,5.3,3.0,5.0,500.0,5
3.1,0.0,1,400.0,22.0,0,0.0972049236298,0,94.0,1,8,4.00547274408,-3.47076188991,5.3,3.0,5.0,500.0,5
3.1,0.0,2,400.0,22.0,0,0.0971989631653,-2,94.0,1,6,5.24605364197,-0.754268642848,5.3,3.0,5.0,500.0,5
3.1,0.0,1,400.0,22.0,0,0.0970060825348,2,94.0,1,7,4.82104957538,-2.20169956891,5.3,3.0,5.0,500.0,5
3.1,0.0,2,400.0,22.0,0,0.0970458984375,0,94.0,1,7,4.82104957538,-2.20169956891,5.3,3.0,5.0,500.0,5
3.1,0.0,2,400.0,22.0,2,0.0971529483795,2,94.0,2,10,1.49318255126,-5.08531276016,5.3,3.0,5.0,500.0,5
3.1,0.0,1,400.0,22.0,0,0.0971369743347,-1,94.0,1,7,4.82104957538,-2.20169956891,5.3,3.0,5.0,500.0,5
3.1,0.0,2,400.0,22.0,0,0.0970959663391,0,94.0,1,18,-4.82104957538,2.20169956891,5.3,3.0,5.0,500.0,5
3.1,0.0,2,400.0,22.0,0,0.0971190929413,-2,94.0,1,9,2.86539633251,-4.45864372401,5.3,3.0,5.0,500.0,5
3.1,0.0,2,400.0,22.0,1,0.0972299575806,1,94.0,2,4,4.82104957538,2.20169956891,5.3,3.0,5.0,500.0,5
3.1,0.0,1,400.0,22.0,-1,0.0971169471741,2,94.0,2,11,6.49041367526e-16,-5.3,5.3,3.0,5.0,500.0,5
3.1,0.0,2,400.0,22.0,0,0.0972189903259,0,94.0,1,5,5.24605364197,0.754268642848,5.3,3.0,5.0,500.0,5
3.1,0.0,1,400.0,22.0,2,0.0969638824463,2,94.0,1,15,-4.82104957538,-2.20169956891,5.3,3.0,5.0,500.0,5
3.1,0.0,2,400.0,22.0,0,0.0969409942627,1,94.0,1,20,-2.86539633251,4.45864372401,5.3,3.0,5.0,500.0,5
3.1,0.0,2,400.0,22.0,0,0.097118139267,0,94.0,1,7,4.82104957538,-2.20169956891,5.3,3.0,5.0,500.0,5
3.1,0.0,2,400.0,22.0,0,0.0972299575806,0,94.0,1,8,4.00547274408,-3.47076188991,5.3,3.0,5.0,500.0,5
3.1,0.0,2,400.0,22.0,-2,0.0974481105804,-1,94.0,2,9,2.86539633251,-4.45864372401,5.3,3.0,5.0,500.0,5
3.1,0.0,2,400.0,22.0,0,0.0971999168396,0,94.0,1,4,4.82104957538,2.20169956891,5.3,3.0,5.0,500.0,5
3.1,0.0,2,400.0,22.0,-2,0.0972349643707,-2,94.0,2,7,4.82104957538,-2.20169956891,5.3,3.0,5.0,500.0,5
3.1,0.0,2,400.0,22.0,-1,0.0970668792725,-1,94.0,2,10,1.49318255126,-5.08531276016,5.3,3.0,5.0,500.0,5
3.1,0.0,2,400.0,22.0,0,0.0971307754517,-1,94.0,1,6,5.24605364197,-0.754268642848,5.3,3.0,5.0,500.0,5
3.1,0.0,2,400.0,22.0,0,0.0970680713654,2,94.0,1,5,5.24605364197,0.754268642848,5.3,3.0,5.0,500.0,5
3.1,0.0,2,400.0,22.0,1,0.0971021652222,1,94.0,2,9,2.86539633251,-4.45864372401,5.3,3.0,5.0,500.0,5
3.1,0.0,2,400.0,22.0,1,0.0970869064331,0,94.0,1,18,-4.82104957538,2.20169956891,5.3,3.0,5.0,500.0,5
3.1,0.0,2,400.0,22.0,0,0.0972080230713,1,94.0,1,3,4.00547274408,3.47076188991,5.3,3.0,5.0,500.0,5
3.1,0.0,1,400.0,22.0,0,0.0971970558167,0,94.0,1,20,-2.86539633251,4.45864372401,5.3,3.0,5.0,500.0,5
3.1,0.0,1,400.0,22.0,0,0.0971231460571,1,94.0,1,15,-4.82104957538,-2.20169956891,5.3,3.0,5.0,500.0,5
3.1,0.0,1,400.0,22.0,1,0.0971269607544,1,94.0,1,13,-2.86539633251,-4.45864372401,5.3,3.0,5.0,500.0,5
3.1,0.0,2,400.0,22.0,0,0.097216129303,-2,94.0,1,6,5.24605364197,-0.754268642848,5.3,3.0,5.0,500.0,5
3.1,0.0,2,400.0,22.0,0,0.0970828533173,1,94.0,1,1,1.49318255126,5.08531276016,5.3,3.0,5.0,500.0,5
3.1,0.0,2,400.0,22.0,0,0.0971219539642,0,94.0,1,19,-4.00547274408,3.47076188991,5.3,3.0,5.0,500.0,5
3.1,0.0,1,400.0,22.0,1,0.0972149372101,0,94.0,1,11,6.49041367526e-16,-5.3,5.3,3.0,5.0,500.0,5
3.1,0.0,2,400.0,22.0,0,0.0971100330353,0,94.0,2,18,-4.82104957538,2.20169956891,5.3,3.0,5.0,500.0,5
3.1,0.0,1,400.0,22.0,0,0.0970728397369,-1,94.0,1,9,2.86539633251,-4.45864372401,5.3,3.0,5.0,500.0,5
3.1,0.0,2,400.0,22.0,-1,0.0972077846527,-1,94.0,2,8,4.00547274408,-3.47076188991,5.3,3.0,5.0,500.0,5
3.1,0.0,2,400.0,22.0,2,0.0972149372101,2,94.0,2,10,1.49318255126,-5.08531276016,5.3,3.0,5.0,500.0,5
3.1,0.0,2,400.0,22.0,0,0.0970969200134,0,94.0,1,11,6.49041367526e-16,-5.3,5.3,3.0,5.0,500.0,5
3.1,0.0,2,400.0,22.0,0,0.0971341133118,0,94.0,1,12,-1.49318255126,-5.08531276016,5.3,3.0,5.0,500.0,5
3.1,0.0,2,400.0,22.0,0,0.0972862243652,0,94.0,1,21,-1.49318255126,5.08531276016,5.3,3.0,5.0,500.0,5
3.1,0.0,1,400.0,22.0,0,0.0972630977631,-1,94.0,1,3,4.00547274408,3.47076188991,5.3,3.0,5.0,500.0,5
3.1,0.0,1,400.0,22.0,0,0.0972561836243,1,94.0,1,1,1.49318255126,5.08531276016,5.3,3.0,5.0,500.0,5
3.1,0.0,1,400.0,22.0,2,0.0972058773041,0,94.0,2,12,-1.49318255126,-5.08531276016,5.3,3.0,5.0,500.0,5
3.1,0.0,1,400.0,22.0,-2,0.0972669124603,0,94.0,1,12,-1.49318255126,-5.08531276016,5.3,3.0,5.0,500.0,5
3.1,0.0,1,400.0,22.0,-2,0.0972101688385,0,94.0,1,14,-4.00547274408,-3.47076188991,5.3,3.0,5.0,500.0,5
3.1,0.0,1,400.0,22.0,1,0.0972299575806,1,94.0,1,15,-4.82104957538,-2.20169956891,5.3,3.0,5.0,500.0,5
3.1,0.0,1,400.0,22.0,2,0.097039937973,2,94.0,1,11,6.49041367526e-16,-5.3,5.3,3.0,5.0,500.0,5
3.1,0.0,2,400.0,22.0,2,0.0971341133118,0,94.0,1,17,-5.24605364197,0.754268642848,5.3,3.0,5.0,500.0,5
3.1,0.0,2,400.0,22.0,2,0.09707903862,2,94.0,2,13,-2.86539633251,-4.45864372401,5.3,3.0,5.0,500.0,5
3.1,0.0,2,400.0,22.0,0,0.0970919132233,-1,94.0,1,16,-5.24605364197,-0.754268642848,5.3,3.0,5.0,500.0,5
3.1,0.0,2,400.0,22.0,1,0.0971300601959,2,94.0,2,20,-2.86539633251,4.45864372401,5.3,3.0,5.0,500.0,5
3.1,0.0,2,400.0,22.0,0,0.0970060825348,0,94.0,1,1,1.49318255126,5.08531276016,5.3,3.0,5.0,500.0,5
3.1,0.0,1,400.0,22.0,-2,0.097235918045,-1,94.0,1,19,-4.00547274408,3.47076188991,5.3,3.0,5.0,500.0,5
3.1,0.0,2,400.0,22.0,0,0.097284078598,0,94.0,2,21,-1.49318255126,5.08531276016,5.3,3.0,5.0,500.0,5
3.1,0.0,2,400.0,22.0,1,0.0972180366516,-1,94.0,2,15,-4.82104957538,-2.20169956891,5.3,3.0,5.0,500.0,5
3.1,0.0,1,400.0,22.0,0,0.0970618724823,0,94.0,1,20,-2.86539633251,4.45864372401,5.3,3.0,5.0,500.0,5
3.1,0.0,2,400.0,22.0,0,0.0970690250397,0,94.0,1,20,-2.86539633251,4.45864372401,5.3,3.0,5.0,500.0,5
3.1,0.0,2,400.0,22.0,0,0.0971179008484,-1,94.0,1,18,-4.82104957538,2.20169956891,5.3,3.0,5.0,500.0,5
3.1,0.0,2,400.0,22.0,0,0.0971059799194,1,94.0,1,0,0.0,5.3,5.3,3.0,5.0,500.0,5
3.1,0.0,2,400.0,22.0,1,0.0970931053162,1,94.0,2,8,4.00547274408,-3.47076188991,5.3,3.0,5.0,500.0,5
3.1,0.0,2,400.0,22.0,0,0.0971961021423,0,94.0,2,13,-2.86539633251,-4.45864372401,5.3,3.0,5.0,500.0,5
3.1,0.0,1,400.0,22.0,0,0.0972018241882,0,94.0,1,15,-4.82104957538,-2.20169956891,5.3,3.0,5.0,500.0,5
3.1,0.0,1,400.0,22.0,0,0.0971109867096,2,94.0,2,13,-2.86539633251,-4.45864372401,5.3,3.0,5.0,500.0,5
3.1,0.0,1,400.0,22.0,1,0.0970990657806,1,94.0,2,11,6.49041367526e-16,-5.3,5.3,3.0,5.0,500.0,5
3.1,0.0,2,400.0,22.0,1,0.0972979068756,0,94.0,2,11,6.49041367526e-16,-5.3,5.3,3.0,5.0,500.0,5
3.1,0.0,1,400.0,22.0,1,0.0972330570221,-1,94.0,1,13,-2.86539633251,-4.45864372401,5.3,3.0,5.0,500.0,5
3.1,0.0,1,400.0,22.0,0,0.0971350669861,0,94.0,1,10,1.49318255126,-5.08531276016,5.3,3.0,5.0,500.0,5
3.1,0.0,1,400.0,22.0,-1,0.0971140861511,0,94.0,2,10,1.49318255126,-5.08531276016,5.3,3.0,5.0,500.0,5
3.1,0.0,1,400.0,22.0,0,0.097109079361,0,94.0,1,9,2.86539633251,-4.45864372401,5.3,3.0,5.0,500.0,5
3.1,0.0,1,400.0,22.0,0,0.097118139267,1,94.0,1,4,4.82104957538,2.20169956891,5.3,3.0,5.0,500.0,5
3.1,0.0,2,400.0,22.0,0,0.097140789032,2,94.0,1,11,6.49041367526e-16,-5.3,5.3,3.0,5.0,500.0,5
3.1,0.0,2,400.0,22.0,-1,0.0971088409424,-1,94.0,2,15,-4.82104957538,-2.20169956891,5.3,3.0,5.0,500.0,5
3.1,0.0,2,400.0,22.0,0,0.0971729755402,-1,94.0,1,4,4.82104957538,2.20169956891,5.3,3.0,5.0,500.0,5
3.1,0.0,1,400.0,22.0,-1,0.0971958637238,1,94.0,1,18,-4.82104957538,2.20169956891,5.3,3.0,5.0,500.0,5
3.1,0.0,2,400.0,22.0,2,0.0972311496735,2,94.0,2,8,4.00547274408,-3.47076188991,5.3,3.0,5.0,500.0,5
3.1,0.0,2,400.0,22.0,0,0.0970849990845,2,94.0,1,14,-4.00547274408,-3.47076188991,5.3,3.0,5.0,500.0,5
3.1,0.0,1,400.0,22.0,0,0.0970911979675,0,94.0,1,14,-4.00547274408,-3.47076188991,5.3,3.0,5.0,500.0,5
3.1,0.0,1,400.0,22.0,-2,0.0971949100494,2,94.0,2,17,-5.24605364197,0.754268642848,5.3,3.0,5.0,500.0,5
3.1,0.0,2,400.0,22.0,0,0.0971491336823,0,94.0,1,17,-5.24605364197,0.754268642848,5.3,3.0,5.0,500.0,5
3.1,0.0,1,400.0,22.0,0,0.0970947742462,1,94.0,2,1,1.49318255126,5.08531276016,5.3,3.0,5.0,500.0,5
3.1,0.0,2,400.0,22.0,0,0.0970721244812,0,94.0,2,12,-1.49318255126,-5.08531276016,5.3,3.0,5.0,500.0,5
3.1,0.0,1,400.0,22.0,0,0.0972530841827,0,94.0,1,14,-4.00547274408,-3.47076188991,5.3,3.0,5.0,500.0,5
3.1,0.0,1,400.0,22.0,0,0.0971968173981,0,94.0,1,19,-4.00547274408,3.47076188991,5.3,3.0,5.0,500.0,5
3.1,0.0,1,400.0,22.0,0,0.0973279476166,0,94.0,1,1,1.49318255126,5.08531276016,5.3,3.0,5.0,500.0,5
3.1,0.0,2,400.0,22.0,-1,0.0973460674286,0,94.0,2,7,4.82104957538,-2.20169956891,5.3,3.0,5.0,500.0,5
3.1,0.0,1,400.0,22.0,1,0.0972189903259,2,94.0,2,4,4.82104957538,2.20169956891,5.3,3.0,5.0,500.0,5
3.1,0.0,2,400.0,22.0,0,0.0971989631653,0,94.0,2,9,2.86539633251,-4.45864372401,5.3,3.0,5.0,500.0,5
3.1,0.0,2,400.0,22.0,0,0.0972011089325,1,94.0,1,7,4.82104957538,-2.20169956891,5.3,3.0,5.0,500.0,5
3.1,0.0,1,400.0,22.0,1,0.0970740318298,1,94.0,1,0,0.0,5.3,5.3,3.0,5.0,500.0,5
3.1,0.0,2,400.0,22.0,2,0.0970830917358,2,94.0,2,4,4.82104957538,2.20169956891,5.3,3.0,5.0,500.0,5
3.1,0.0,1,400.0,22.0,0,0.0971460342407,0,94.0,1,8,4.00547274408,-3.47076188991,5.3,3.0,5.0,500.0,5
3.1,0.0,2,400.0,22.0,0,0.0970411300659,0,94.0,1,11,6.49041367526e-16,-5.3,5.3,3.0,5.0,500.0,5
3.1,0.0,1,400.0,22.0,0,0.097067117691,1,94.0,1,4,4.82104957538,2.20169956891,5.3,3.0,5.0,500.0,5
3.1,0.0,2,400.0,22.0,2,0.0971229076385,-1,94.0,1,4,4.82104957538,2.20169956891,5.3,3.0,5.0,500.0,5
3.1,0.0,1,400.0,22.0,-2,0.097265958786,2,94.0,1,4,4.82104957538,2.20169956891,5.3,3.0,5.0,500.0,5
3.1,0.0,1,400.0,22.0,0,0.0971078872681,0,94.0,1,21,-1.49318255126,5.08531276016,5.3,3.0,5.0,500.0,5
3.1,0.0,1,400.0,22.0,-1,0.0972380638123,1,94.0,2,8,4.00547274408,-3.47076188991,5.3,3.0,5.0,500.0,5
3.1,0.0,1,400.0,22.0,2,0.0972540378571,2,94.0,1,2,2.86539633251,4.45864372401,5.3,3.0,5.0,500.0,5
3.1,0.0,1,400.0,22.0,0,0.0973019599915,-2,94.0,1,2,2.86539633251,4.45864372401,5.3,3.0,5.0,500.0,5
3.1,0.0,2,400.0,22.0,0,0.0972740650177,1,94.0,1,5,5.24605364197,0.754268642848,5.3,3.0,5.0,500.0,5
3.1,0.0,1,400.0,22.0,2,0.0972089767456,0,94.0,1,5,5.24605364197,0.754268642848,5.3,3.0,5.0,500.0,5
3.1,0.0,2,400.0,22.0,0,0.0972368717194,0,94.0,2,14,-4.00547274408,-3.47076188991,5.3,3.0,5.0,500.0,5
3.1,0.0,2,400.0,22.0,0,0.0972440242767,0,94.0,1,4,4.82104957538,2.20169956891,5.3,3.0,5.0,500.0,5
3.1,0.0,2,400.0,22.0,-1,0.0972409248352,-1,94.0,2,20,-2.86539633251,4.45864372401,5.3,3.0,5.0,500.0,5
3.1,0.0,1,400.0,22.0,-1,0.097198009491,-1,94.0,1,0,0.0,5.3,5.3,3.0,5.0,500.0,5
3.1,0.0,1,400.0,22.0,-2,0.0970861911774,0,94.0,1,19,-4.00547274408,3.47076188991,5.3,3.0,5.0,500.0,5
3.1,0.0,1,400.0,22.0,1,0.0970888137817,1,94.0,1,19,-4.00547274408,3.47076188991,5.3,3.0,5.0,500.0,5
3.1,0.0,1,400.0,22.0,1,0.0971550941467,1,94.0,1,10,1.49318255126,-5.08531276016,5.3,3.0,5.0,500.0,5
3.1,0.0,2,400.0,22.0,1,0.0971319675446,1,94.0,2,3,4.00547274408,3.47076188991,5.3,3.0,5.0,500.0,5
3.1,0.0,2,400.0,22.0,0,0.0970728397369,-1,94.0,1,18,-4.82104957538,2.20169956891,5.3,3.0,5.0,500.0,5
3.1,0.0,2,400.0,22.0,-2,0.0970859527588,-2,94.0,2,12,-1.49318255126,-5.08531276016,5.3,3.0,5.0,500.0,5
3.1,0.0,1,400.0,22.0,-1,0.0972020626068,-1,94.0,1,9,2.86539633251,-4.45864372401,5.3,3.0,5.0,500.0,5
3.1,0.0,1,400.0,22.0,0,0.0972230434418,0,94.0,1,4,4.82104957538,2.20169956891,5.3,3.0,5.0,500.0,5
3.1,0.0,1,400.0,22.0,0,0.0970730781555,0,94.0,1,1,1.49318255126,5.08531276016,5.3,3.0,5.0,500.0,5
3.1,0.0,1,400.0,22.0,0,0.0970940589905,0,94.0,1,6,5.24605364197,-0.754268642848,5.3,3.0,5.0,500.0,5
3.1,0.0,2,400.0,22.0,1,0.0972259044647,-1,94.0,2,7,4.82104957538,-2.20169956891,5.3,3.0,5.0,500.0,5
3.1,0.0,1,400.0,22.0,0,0.0972189903259,0,94.0,1,10,1.49318255126,-5.08531276016,5.3,3.0,5.0,500.0,5
3.1,0.0,1,400.0,22.0,-2,0.0972361564636,-2,94.0,1,12,-1.49318255126,-5.08531276016,5.3,3.0,5.0,500.0,5
3.1,0.0,1,400.0,22.0,0,0.0971970558167,0,94.0,1,18,-4.82104957538,2.20169956891,5.3,3.0,5.0,500.0,5
3.1,0.0,2,400.0,22.0,-1,0.0972440242767,-1,94.0,2,18,-4.82104957538,2.20169956891,5.3,3.0,5.0,500.0,5
3.1,0.0,2,400.0,22.0,2,0.0972089767456,0,94.0,2,19,-4.00547274408,3.47076188991,5.3,3.0,5.0,500.0,5
3.1,0.0,1,400.0,22.0,-1,0.0973060131073,-1,94.0,2,4,4.82104957538,2.20169956891,5.3,3.0,5.0,500.0,5
3.1,0.0,1,400.0,22.0,1,0.0971229076385,0,94.0,2,0,0.0,5.3,5.3,3.0,5.0,500.0,5
3.1,0.0,2,400.0,22.0,-1,0.0973989963531,0,94.0,1,17,-5.24605364197,0.754268642848,5.3,3.0,5.0,500.0,5
3.1,0.0,2,400.0,22.0,0,0.0971250534058,1,94.0,1,0,0.0,5.3,5.3,3.0,5.0,500.0,5
3.1,0.0,2,400.0,22.0,-1,0.0972101688385,0,94.0,1,21,-1.49318255126,5.08531276016,5.3,3.0,5.0,500.0,5
3.1,0.0,2,400.0,22.0,2,0.0970888137817,0,94.0,2,17,-5.24605364197,0.754268642848,5.3,3.0,5.0,500.0,5
3.1,0.0,2,400.0,22.0,-2,0.0971500873566,1,94.0,2,5,5.24605364197,0.754268642848,5.3,3.0,5.0,500.0,5
3.1,0.0,2,400.0,22.0,-1,0.097207069397,-1,94.0,1,11,6.49041367526e-16,-5.3,5.3,3.0,5.0,500.0,5
3.1,0.0,2,400.0,22.0,-1,0.0971491336823,0,94.0,1,3,4.00547274408,3.47076188991,5.3,3.0,5.0,500.0,5
3.1,0.0,1,400.0,22.0,0,0.0972158908844,0,94.0,1,9,2.86539633251,-4.45864372401,5.3,3.0,5.0,500.0,5
3.1,0.0,2,400.0,22.0,2,0.0970520973206,2,94.0,2,18,-4.82104957538,2.20169956891,5.3,3.0,5.0,500.0,5
3.1,0.0,2,400.0,22.0,0,0.0970709323883,0,94.0,2,20,-2.86539633251,4.45864372401,5.3,3.0,5.0,500.0,5
3.1,0.0,1,400.0,22.0,0,0.0971188545227,0,94.0,1,10,1.49318255126,-5.08531276016,5.3,3.0,5.0,500.0,5
3.1,0.0,2,400.0,22.0,2,0.0972399711609,-2,94.0,1,7,4.82104957538,-2.20169956891,5.3,3.0,5.0,500.0,5
3.1,0.0,1,400.0,22.0,0,0.0970628261566,0,94.0,1,21,-1.49318255126,5.08531276016,5.3,3.0,5.0,500.0,5
3.1,0.0,1,400.0,22.0,0,0.0970799922943,0,94.0,1,18,-4.82104957538,2.20169956891,5.3,3.0,5.0,500.0,5
3.1,0.0,2,400.0,22.0,0,0.0970451831818,0,94.0,1,10,1.49318255126,-5.08531276016,5.3,3.0,5.0,500.0,5
3.1,0.0,2,400.0,22.0,0,0.0972068309784,-1,94.0,2,11,6.49041367526e-16,-5.3,5.3,3.0,5.0,500.0,5
3.1,0.0,1,400.0,22.0,-1,0.0970640182495,2,94.0,2,0,0.0,5.3,5.3,3.0,5.0,500.0,5
3.1,0.0,1,400.0,22.0,0,0.0970959663391,0,94.0,1,14,-4.00547274408,-3.47076188991,5.3,3.0,5.0,500.0,5
3.1,0.0,2,400.0,22.0,0,0.0971999168396,0,94.0,1,9,2.86539633251,-4.45864372401,5.3,3.0,5.0,500.0,5
3.1,0.0,2,400.0,22.0,-2,0.097216129303,1,94.0,1,16,-5.24605364197,-0.754268642848,5.3,3.0,5.0,500.0,5
3.1,0.0,1,400.0,22.0,0,0.0972139835358,2,94.0,2,13,-2.86539633251,-4.45864372401,5.3,3.0,5.0,500.0,5
3.1,0.0,1,400.0,22.0,0,0.0971419811249,1,94.0,2,6,5.24605364197,-0.754268642848,5.3,3.0,5.0,500.0,5
3.1,0.0,2,400.0,22.0,0,0.097069978714,0,94.0,1,4,4.82104957538,2.20169956891,5.3,3.0,5.0,500.0,5
3.1,0.0,1,400.0,22.0,0,0.0970590114594,0,94.0,2,3,4.00547274408,3.47076188991,5.3,3.0,5.0,500.0,5
3.1,0.0,2,400.0,22.0,-1,0.0972352027893,-1,94.0,2,16,-5.24605364197,-0.754268642848,5.3,3.0,5.0,500.0,5
3.1,0.0,2,400.0,22.0,2,0.0972218513489,2,94.0,2,1,1.49318255126,5.08531276016,5.3,3.0,5.0,500.0,5
3.1,0.0,1,400.0,22.0,-2,0.0973310470581,-2,94.0,1,5,5.24605364197,0.754268642848,5.3,3.0,5.0,500.0,5
3.1,0.0,1,400.0,22.0,-1,0.0972719192505,-1,94.0,1,9,2.86539633251,-4.45864372401,5.3,3.0,5.0,500.0,5
3.1,0.0,2,400.0,22.0,0,0.0972020626068,0,94.0,2,14,-4.00547274408,-3.47076188991,5.3,3.0,5.0,500.0,5
3.1,0.0,1,400.0,22.0,0,0.0970640182495,2,94.0,1,20,-2.86539633251,4.45864372401,5.3,3.0,5.0,500.0,5
3.1,0.0,1,400.0,22.0,0,0.096971988678,0,94.0,1,5,5.24605364197,0.754268642848,5.3,3.0,5.0,500.0,5
3.1,0.0,1,400.0,22.0,-1,0.0972039699554,-1,94.0,1,2,2.86539633251,4.45864372401,5.3,3.0,5.0,500.0,5
3.1,0.0,1,400.0,22.0,0,0.0970718860626,0,94.0,1,13,-2.86539633251,-4.45864372401,5.3,3.0,5.0,500.0,5
3.1,0.0,1,400.0,22.0,0,0.0972111225128,-2,94.0,1,17,-5.24605364197,0.754268642848,5.3,3.0,5.0,500.0,5
3.1,0.0,1,400.0,22.0,2,0.0971310138702,2,94.0,1,19,-4.00547274408,3.47076188991,5.3,3.0,5.0,500.0,5
3.1,0.0,1,400.0,22.0,1,0.0972599983215,1,94.0,1,18,-4.82104957538,2.20169956891,5.3,3.0,5.0,500.0,5
3.1,0.0,1,400.0,22.0,0,0.0972020626068,0,94.0,1,3,4.00547274408,3.47076188991,5.3,3.0,5.0,500.0,5
3.1,0.0,2,400.0,22.0,0,0.0972239971161,0,94.0,1,2,2.86539633251,4.45864372401,5.3,3.0,5.0,500.0,5
3.1,0.0,2,400.0,22.0,-1,0.097146987915,1,94.0,1,2,2.86539633251,4.45864372401,5.3,3.0,5.0,500.0,5
3.1,0.0,2,400.0,22.0,0,0.0970511436462,0,94.0,1,17,-5.24605364197,0.754268642848,5.3,3.0,5.0,500.0,5
3.1,0.0,1,400.0,22.0,0,0.0970940589905,0,94.0,1,2,2.86539633251,4.45864372401,5.3,3.0,5.0,500.0,5
3.1,0.0,2,400.0,22.0,-2,0.0970740318298,-2,94.0,2,7,4.82104957538,-2.20169956891,5.3,3.0,5.0,500.0,5
3.1,0.0,2,400.0,22.0,1,0.0972850322723,0,94.0,2,5,5.24605364197,0.754268642848,5.3,3.0,5.0,500.0,5
3.1,0.0,1,400.0,22.0,-1,0.0972139835358,1,94.0,2,20,-2.86539633251,4.45864372401,5.3,3.0,5.0,500.0,5
3.1,0.0,1,400.0,22.0,0,0.0972061157227,0,94.0,1,9,2.86539633251,-4.45864372401,5.3,3.0,5.0,500.0,5
3.1,0.0,2,400.0,22.0,0,0.0971858501434,2,94.0,2,15,-4.82104957538,-2.20169956891,5.3,3.0,5.0,500.0,5
3.1,0.0,1,400.0,22.0,0,0.0971930027008,0,94.0,2,0,0.0,5.3,5.3,3.0,5.0,500.0,5
3.1,0.0,1,400.0,22.0,0,0.0972640514374,0,94.0,1,2,2.86539633251,4.45864372401,5.3,3.0,5.0,500.0,5
3.1,0.0,1,400.0,22.0,0,0.0972230434418,0,94.0,2,11,6.49041367526e-16,-5.3,5.3,3.0,5.0,500.0,5
3.1,0.0,1,400.0,22.0,1,0.0972089767456,-1,94.0,2,5,5.24605364197,0.754268642848,5.3,3.0,5.0,500.0,5
3.1,0.0,1,400.0,22.0,-2,0.0972118377686,1,94.0,2,15,-4.82104957538,-2.20169956891,5.3,3.0,5.0,500.0,5
3.1,0.0,1,400.0,22.0,0,0.097128868103,0,94.0,1,8,4.00547274408,-3.47076188991,5.3,3.0,5.0,500.0,5
3.1,0.0,2,400.0,22.0,-1,0.097226858139,-1,94.0,2,10,1.49318255126,-5.08531276016,5.3,3.0,5.0,500.0,5
3.1,0.0,1,400.0,22.0,-2,0.0971159934998,-1,94.0,2,4,4.82104957538,2.20169956891,5.3,3.0,5.0,500.0,5
3.1,0.0,2,400.0,22.0,0,0.0970969200134,-1,94.0,1,11,6.49041367526e-16,-5.3,5.3,3.0,5.0,500.0,5
3.1,0.0,2,400.0,22.0,0,0.0970928668976,-1,94.0,1,16,-5.24605364197,-0.754268642848,5.3,3.0,5.0,500.0,5
3.1,0.0,1,400.0,22.0,0,0.0971140861511,1,94.0,1,20,-2.86539633251,4.45864372401,5.3,3.0,5.0,500.0,5
3.1,0.0,2,400.0,22.0,-1,0.0972249507904,1,94.0,2,10,1.49318255126,-5.08531276016,5.3,3.0,5.0,500.0,5
3.1,0.0,1,400.0,22.0,-1,0.0970211029053,-2,94.0,2,6,5.24605364197,-0.754268642848,5.3,3.0,5.0,500.0,5
3.1,0.0,2,400.0,22.0,0,0.0970578193665,0,94.0,2,11,6.49041367526e-16,-5.3,5.3,3.0,5.0,500.0,5
3.1,0.0,2,400.0,22.0,0,0.0972380638123,-1,94.0,1,6,5.24605364197,-0.754268642848,5.3,3.0,5.0,500.0,5
3.1,0.0,1,400.0,22.0,-1,0.0972249507904,0,94.0,1,7,4.82104957538,-2.20169956891,5.3,3.0,5.0,500.0,5
3.1,0.0,2,400.0,22.0,0,0.0970730781555,-1,94.0,1,12,-1.49318255126,-5.08531276016,5.3,3.0,5.0,500.0,5
3.1,0.0,2,400.0,22.0,0,0.097207069397,-2,94.0,2,20,-2.86539633251,4.45864372401,5.3,3.0,5.0,500.0,5
3.1,0.0,1,400.0,22.0,2,0.0971291065216,2,94.0,1,0,0.0,5.3,5.3,3.0,5.0,500.0,5
3.1,0.0,1,400.0,22.0,0,0.0972189903259,0,94.0,2,13,-2.86539633251,-4.45864372401,5.3,3.0,5.0,500.0,5
3.1,0.0,2,400.0,22.0,0,0.0970649719238,0,94.0,2,7,4.82104957538,-2.20169956891,5.3,3.0,5.0,500.0,5
3.1,0.0,2,400.0,22.0,0,0.0971031188965,2,94.0,1,17,-5.24605364197,0.754268642848,5.3,3.0,5.0,500.0,5
3.1,0.0,2,400.0,22.0,1,0.0971531867981,-1,94.0,2,7,4.82104957538,-2.20169956891,5.3,3.0,5.0,500.0,5
3.1,0.0,2,400.0,22.0,0,0.0970759391785,0,94.0,1,17,-5.24605364197,0.754268642848,5.3,3.0,5.0,500.0,5
3.1,0.0,1,400.0,22.0,2,0.0970678329468,1,94.0,2,15,-4.82104957538,-2.20169956891,5.3,3.0,5.0,500.0,5
3.1,0.0,2,400.0,22.0,0,0.0972537994385,2,94.0,1,9,2.86539633251,-4.45864372401,5.3,3.0,5.0,500.0,5
