cue-length,ms-precue,resp-v-hv,ms-st-cue,nitems,resp-h-pos,actualStimOn,resp-v-pos,ms-stimon,resp-h-hv,cue-loc-int,cue-loc-x,cue-loc-y,radius,bars-or-spot,npractice,ntrials,offsett
3.1,0.0,2,400.0,22.0,0,0.10009098053,1,94.0,1,5,5.24605364197,0.754268642848,5.3,3.0,5.0,400.0,3.75
3.1,0.0,1,400.0,22.0,2,0.100121974945,0,94.0,2,21,-1.49318255126,5.08531276016,5.3,3.0,5.0,400.0,3.75
3.1,0.0,2,400.0,22.0,2,0.100103139877,-1,94.0,2,18,-4.82104957538,2.20169956891,5.3,3.0,5.0,400.0,3.75
3.1,0.0,2,400.0,22.0,0,0.100121974945,0,94.0,1,11,6.49041367526e-16,-5.3,5.3,3.0,5.0,400.0,3.75
3.1,0.0,1,400.0,22.0,0,0.100259065628,-1,94.0,1,19,-4.00547274408,3.47076188991,5.3,3.0,5.0,400.0,3.75
3.1,0.0,2,400.0,22.0,0,0.100086927414,2,94.0,1,11,6.49041367526e-16,-5.3,5.3,3.0,5.0,400.0,3.75
3.1,0.0,2,400.0,22.0,0,0.100154876709,0,94.0,1,0,0.0,5.3,5.3,3.0,5.0,400.0,3.75
3.1,0.0,2,400.0,22.0,0,0.100111961365,0,94.0,1,15,-4.82104957538,-2.20169956891,5.3,3.0,5.0,400.0,3.75
3.1,0.0,2,400.0,22.0,0,0.100158214569,0,94.0,1,5,5.24605364197,0.754268642848,5.3,3.0,5.0,400.0,3.75
3.1,0.0,2,400.0,22.0,0,0.100133180618,0,94.0,1,6,5.24605364197,-0.754268642848,5.3,3.0,5.0,400.0,3.75
3.1,0.0,2,400.0,22.0,0,0.100143909454,0,94.0,1,14,-4.00547274408,-3.47076188991,5.3,3.0,5.0,400.0,3.75
3.1,0.0,2,400.0,22.0,0,0.100109100342,-1,94.0,1,21,-1.49318255126,5.08531276016,5.3,3.0,5.0,400.0,3.75
3.1,0.0,2,400.0,22.0,0,0.100044965744,0,94.0,1,4,4.82104957538,2.20169956891,5.3,3.0,5.0,400.0,3.75
3.1,0.0,2,400.0,22.0,1,0.100126028061,1,94.0,1,13,-2.86539633251,-4.45864372401,5.3,3.0,5.0,400.0,3.75
3.1,0.0,2,400.0,22.0,0,0.100069046021,0,94.0,1,0,0.0,5.3,5.3,3.0,5.0,400.0,3.75
3.1,0.0,2,400.0,22.0,0,0.100106954575,-2,94.0,1,3,4.00547274408,3.47076188991,5.3,3.0,5.0,400.0,3.75
3.1,0.0,2,400.0,22.0,0,0.100145101547,0,94.0,1,9,2.86539633251,-4.45864372401,5.3,3.0,5.0,400.0,3.75
3.1,0.0,1,400.0,22.0,0,0.100250959396,-1,94.0,2,3,4.00547274408,3.47076188991,5.3,3.0,5.0,400.0,3.75
3.1,0.0,2,400.0,22.0,1,0.100098848343,0,94.0,1,0,0.0,5.3,5.3,3.0,5.0,400.0,3.75
3.1,0.0,2,400.0,22.0,-2,0.100100040436,-1,94.0,1,7,4.82104957538,-2.20169956891,5.3,3.0,5.0,400.0,3.75
3.1,0.0,2,400.0,22.0,0,0.100078105927,0,94.0,1,3,4.00547274408,3.47076188991,5.3,3.0,5.0,400.0,3.75
3.1,0.0,2,400.0,22.0,0,0.100113153458,-1,94.0,1,12,-1.49318255126,-5.08531276016,5.3,3.0,5.0,400.0,3.75
3.1,0.0,2,400.0,22.0,1,0.100037097931,0,94.0,1,18,-4.82104957538,2.20169956891,5.3,3.0,5.0,400.0,3.75
3.1,0.0,1,400.0,22.0,-1,0.100140094757,0,94.0,1,16,-5.24605364197,-0.754268642848,5.3,3.0,5.0,400.0,3.75
3.1,0.0,2,400.0,22.0,-1,0.100099086761,0,94.0,2,18,-4.82104957538,2.20169956891,5.3,3.0,5.0,400.0,3.75
3.1,0.0,1,400.0,22.0,-1,0.100083112717,-1,94.0,2,18,-4.82104957538,2.20169956891,5.3,3.0,5.0,400.0,3.75
3.1,0.0,2,400.0,22.0,-2,0.100110054016,2,94.0,1,20,-2.86539633251,4.45864372401,5.3,3.0,5.0,400.0,3.75
3.1,0.0,2,400.0,22.0,-1,0.100080013275,0,94.0,2,3,4.00547274408,3.47076188991,5.3,3.0,5.0,400.0,3.75
3.1,0.0,2,400.0,22.0,2,0.100057840347,-1,94.0,2,8,4.00547274408,-3.47076188991,5.3,3.0,5.0,400.0,3.75
3.1,0.0,2,400.0,22.0,2,0.100084066391,1,94.0,1,19,-4.00547274408,3.47076188991,5.3,3.0,5.0,400.0,3.75
3.1,0.0,2,400.0,22.0,1,0.100083112717,1,94.0,1,19,-4.00547274408,3.47076188991,5.3,3.0,5.0,400.0,3.75
3.1,0.0,2,400.0,22.0,2,0.100098133087,-2,94.0,2,15,-4.82104957538,-2.20169956891,5.3,3.0,5.0,400.0,3.75
3.1,0.0,2,400.0,22.0,1,0.100133895874,0,94.0,1,2,2.86539633251,4.45864372401,5.3,3.0,5.0,400.0,3.75
3.1,0.0,1,400.0,22.0,-1,0.100129842758,-2,94.0,1,19,-4.00547274408,3.47076188991,5.3,3.0,5.0,400.0,3.75
3.1,0.0,1,400.0,22.0,0,0.100040912628,1,94.0,1,12,-1.49318255126,-5.08531276016,5.3,3.0,5.0,400.0,3.75
3.1,0.0,2,400.0,22.0,-1,0.100094079971,1,94.0,1,8,4.00547274408,-3.47076188991,5.3,3.0,5.0,400.0,3.75
3.1,0.0,1,400.0,22.0,0,0.100155830383,0,94.0,1,14,-4.00547274408,-3.47076188991,5.3,3.0,5.0,400.0,3.75
3.1,0.0,2,400.0,22.0,2,0.100131988525,0,94.0,2,5,5.24605364197,0.754268642848,5.3,3.0,5.0,400.0,3.75
3.1,0.0,1,400.0,22.0,0,0.100102901459,-2,94.0,1,11,6.49041367526e-16,-5.3,5.3,3.0,5.0,400.0,3.75
3.1,0.0,1,400.0,22.0,1,0.100117921829,-2,94.0,1,12,-1.49318255126,-5.08531276016,5.3,3.0,5.0,400.0,3.75
3.1,0.0,2,400.0,22.0,-1,0.100056886673,-1,94.0,1,6,5.24605364197,-0.754268642848,5.3,3.0,5.0,400.0,3.75
3.1,0.0,1,400.0,22.0,-1,0.100102901459,-2,94.0,2,20,-2.86539633251,4.45864372401,5.3,3.0,5.0,400.0,3.75
3.1,0.0,1,400.0,22.0,1,0.100112915039,0,94.0,1,14,-4.00547274408,-3.47076188991,5.3,3.0,5.0,400.0,3.75
3.1,0.0,1,400.0,22.0,0,0.100104093552,-2,94.0,2,8,4.00547274408,-3.47076188991,5.3,3.0,5.0,400.0,3.75
3.1,0.0,2,400.0,22.0,1,0.100068092346,0,94.0,1,1,1.49318255126,5.08531276016,5.3,3.0,5.0,400.0,3.75
3.1,0.0,2,400.0,22.0,-2,0.100089073181,-2,94.0,1,21,-1.49318255126,5.08531276016,5.3,3.0,5.0,400.0,3.75
3.1,0.0,2,400.0,22.0,1,0.100121021271,2,94.0,2,2,2.86539633251,4.45864372401,5.3,3.0,5.0,400.0,3.75
3.1,0.0,1,400.0,22.0,2,0.100085020065,-1,94.0,2,3,4.00547274408,3.47076188991,5.3,3.0,5.0,400.0,3.75
3.1,0.0,2,400.0,22.0,0,0.100117921829,1,94.0,1,9,2.86539633251,-4.45864372401,5.3,3.0,5.0,400.0,3.75
3.1,0.0,2,400.0,22.0,0,0.100130796432,0,94.0,1,3,4.00547274408,3.47076188991,5.3,3.0,5.0,400.0,3.75
3.1,0.0,2,400.0,22.0,0,0.100110054016,1,94.0,2,12,-1.49318255126,-5.08531276016,5.3,3.0,5.0,400.0,3.75
3.1,0.0,1,400.0,22.0,1,0.100085020065,-2,94.0,2,17,-5.24605364197,0.754268642848,5.3,3.0,5.0,400.0,3.75
3.1,0.0,2,400.0,22.0,0,0.100087881088,0,94.0,1,6,5.24605364197,-0.754268642848,5.3,3.0,5.0,400.0,3.75
3.1,0.0,2,400.0,22.0,-2,0.100155115128,0,94.0,1,11,6.49041367526e-16,-5.3,5.3,3.0,5.0,400.0,3.75
3.1,0.0,2,400.0,22.0,1,0.1001329422,1,94.0,1,13,-2.86539633251,-4.45864372401,5.3,3.0,5.0,400.0,3.75
3.1,0.0,2,400.0,22.0,0,0.100098133087,0,94.0,1,21,-1.49318255126,5.08531276016,5.3,3.0,5.0,400.0,3.75
3.1,0.0,1,400.0,22.0,-1,0.100102901459,-2,94.0,2,2,2.86539633251,4.45864372401,5.3,3.0,5.0,400.0,3.75
3.1,0.0,2,400.0,22.0,0,0.100370883942,0,94.0,1,17,-5.24605364197,0.754268642848,5.3,3.0,5.0,400.0,3.75
3.1,0.0,1,400.0,22.0,0,0.100115060806,1,94.0,1,16,-5.24605364197,-0.754268642848,5.3,3.0,5.0,400.0,3.75
3.1,0.0,2,400.0,22.0,0,0.10040307045,0,94.0,1,19,-4.00547274408,3.47076188991,5.3,3.0,5.0,400.0,3.75
3.1,0.0,2,400.0,22.0,2,0.100082874298,0,94.0,1,16,-5.24605364197,-0.754268642848,5.3,3.0,5.0,400.0,3.75
3.1,0.0,2,400.0,22.0,0,0.100027799606,0,94.0,1,18,-4.82104957538,2.20169956891,5.3,3.0,5.0,400.0,3.75
3.1,0.0,2,400.0,22.0,2,0.100111961365,0,94.0,1,3,4.00547274408,3.47076188991,5.3,3.0,5.0,400.0,3.75
3.1,0.0,2,400.0,22.0,0,0.100075960159,1,94.0,1,21,-1.49318255126,5.08531276016,5.3,3.0,5.0,400.0,3.75
3.1,0.0,2,400.0,22.0,1,0.100103139877,0,94.0,2,4,4.82104957538,2.20169956891,5.3,3.0,5.0,400.0,3.75
3.1,0.0,1,400.0,22.0,0,0.100108861923,2,94.0,1,12,-1.49318255126,-5.08531276016,5.3,3.0,5.0,400.0,3.75
3.1,0.0,2,400.0,22.0,0,0.100075960159,0,94.0,1,6,5.24605364197,-0.754268642848,5.3,3.0,5.0,400.0,3.75
3.1,0.0,2,400.0,22.0,1,0.10014295578,0,94.0,1,5,5.24605364197,0.754268642848,5.3,3.0,5.0,400.0,3.75
3.1,0.0,2,400.0,22.0,0,0.100094079971,0,94.0,1,19,-4.00547274408,3.47076188991,5.3,3.0,5.0,400.0,3.75
3.1,0.0,1,400.0,22.0,0,0.100150108337,2,94.0,1,15,-4.82104957538,-2.20169956891,5.3,3.0,5.0,400.0,3.75
3.1,0.0,2,400.0,22.0,0,0.101680040359,0,94.0,1,15,-4.82104957538,-2.20169956891,5.3,3.0,5.0,400.0,3.75
3.1,0.0,2,400.0,22.0,0,0.100142002106,0,94.0,1,12,-1.49318255126,-5.08531276016,5.3,3.0,5.0,400.0,3.75
3.1,0.0,2,400.0,22.0,0,0.100046157837,0,94.0,1,6,5.24605364197,-0.754268642848,5.3,3.0,5.0,400.0,3.75
3.1,0.0,2,400.0,22.0,-1,0.100082874298,0,94.0,2,18,-4.82104957538,2.20169956891,5.3,3.0,5.0,400.0,3.75
3.1,0.0,2,400.0,22.0,0,0.100278139114,2,94.0,1,15,-4.82104957538,-2.20169956891,5.3,3.0,5.0,400.0,3.75
3.1,0.0,2,400.0,22.0,0,0.100076913834,0,94.0,1,5,5.24605364197,0.754268642848,5.3,3.0,5.0,400.0,3.75
3.1,0.0,1,400.0,22.0,1,0.100035190582,0,94.0,2,3,4.00547274408,3.47076188991,5.3,3.0,5.0,400.0,3.75
3.1,0.0,2,400.0,22.0,1,0.100111961365,0,94.0,2,6,5.24605364197,-0.754268642848,5.3,3.0,5.0,400.0,3.75
3.1,0.0,2,400.0,22.0,2,0.100118875504,0,94.0,1,4,4.82104957538,2.20169956891,5.3,3.0,5.0,400.0,3.75
3.1,0.0,1,400.0,22.0,0,0.100101947784,2,94.0,1,9,2.86539633251,-4.45864372401,5.3,3.0,5.0,400.0,3.75
3.1,0.0,2,400.0,22.0,-2,0.100075006485,0,94.0,1,11,6.49041367526e-16,-5.3,5.3,3.0,5.0,400.0,3.75
3.1,0.0,2,400.0,22.0,0,0.100090026855,-2,94.0,1,12,-1.49318255126,-5.08531276016,5.3,3.0,5.0,400.0,3.75
3.1,0.0,2,400.0,22.0,0,0.100051879883,0,94.0,1,6,5.24605364197,-0.754268642848,5.3,3.0,5.0,400.0,3.75
3.1,0.0,2,400.0,22.0,-1,0.100131034851,-1,94.0,1,10,1.49318255126,-5.08531276016,5.3,3.0,5.0,400.0,3.75
3.1,0.0,2,400.0,22.0,0,0.100133895874,0,94.0,1,13,-2.86539633251,-4.45864372401,5.3,3.0,5.0,400.0,3.75
3.1,0.0,2,400.0,22.0,0,0.100080013275,0,94.0,1,11,6.49041367526e-16,-5.3,5.3,3.0,5.0,400.0,3.75
3.1,0.0,1,400.0,22.0,1,0.100057125092,-1,94.0,2,1,1.49318255126,5.08531276016,5.3,3.0,5.0,400.0,3.75
3.1,0.0,2,400.0,22.0,0,0.100078105927,0,94.0,1,12,-1.49318255126,-5.08531276016,5.3,3.0,5.0,400.0,3.75
3.1,0.0,2,400.0,22.0,0,0.100122928619,0,94.0,1,6,5.24605364197,-0.754268642848,5.3,3.0,5.0,400.0,3.75
3.1,0.0,2,400.0,22.0,-2,0.100068092346,0,94.0,2,0,0.0,5.3,5.3,3.0,5.0,400.0,3.75
3.1,0.0,2,400.0,22.0,-2,0.100101947784,-2,94.0,1,21,-1.49318255126,5.08531276016,5.3,3.0,5.0,400.0,3.75
3.1,0.0,2,400.0,22.0,0,0.100169181824,0,94.0,1,5,5.24605364197,0.754268642848,5.3,3.0,5.0,400.0,3.75
3.1,0.0,2,400.0,22.0,-1,0.100055932999,0,94.0,2,13,-2.86539633251,-4.45864372401,5.3,3.0,5.0,400.0,3.75
3.1,0.0,2,400.0,22.0,-2,0.1001060009,0,94.0,2,11,6.49041367526e-16,-5.3,5.3,3.0,5.0,400.0,3.75
3.1,0.0,2,400.0,22.0,-1,0.100167036057,0,94.0,2,18,-4.82104957538,2.20169956891,5.3,3.0,5.0,400.0,3.75
3.1,0.0,2,400.0,22.0,0,0.10017991066,0,94.0,1,14,-4.00547274408,-3.47076188991,5.3,3.0,5.0,400.0,3.75
3.1,0.0,2,400.0,22.0,2,0.100115060806,0,94.0,2,5,5.24605364197,0.754268642848,5.3,3.0,5.0,400.0,3.75
3.1,0.0,1,400.0,22.0,0,0.100094079971,1,94.0,1,4,4.82104957538,2.20169956891,5.3,3.0,5.0,400.0,3.75
3.1,0.0,2,400.0,22.0,0,0.100072860718,0,94.0,1,15,-4.82104957538,-2.20169956891,5.3,3.0,5.0,400.0,3.75
3.1,0.0,2,400.0,22.0,0,0.100138902664,0,94.0,1,11,6.49041367526e-16,-5.3,5.3,3.0,5.0,400.0,3.75
3.1,0.0,1,400.0,22.0,0,0.100155830383,2,94.0,1,8,4.00547274408,-3.47076188991,5.3,3.0,5.0,400.0,3.75
3.1,0.0,2,400.0,22.0,2,0.100082874298,0,94.0,2,4,4.82104957538,2.20169956891,5.3,3.0,5.0,400.0,3.75
3.1,0.0,1,400.0,22.0,0,0.100044965744,2,94.0,2,21,-1.49318255126,5.08531276016,5.3,3.0,5.0,400.0,3.75
3.1,0.0,2,400.0,22.0,-1,0.10009598732,0,94.0,1,21,-1.49318255126,5.08531276016,5.3,3.0,5.0,400.0,3.75
3.1,0.0,2,400.0,22.0,-1,0.100106954575,-1,94.0,1,17,-5.24605364197,0.754268642848,5.3,3.0,5.0,400.0,3.75
3.1,0.0,1,400.0,22.0,0,0.100069999695,-2,94.0,2,12,-1.49318255126,-5.08531276016,5.3,3.0,5.0,400.0,3.75
3.1,0.0,2,400.0,22.0,0,0.100080013275,1,94.0,2,0,0.0,5.3,5.3,3.0,5.0,400.0,3.75
3.1,0.0,2,400.0,22.0,0,0.100093126297,0,94.0,1,14,-4.00547274408,-3.47076188991,5.3,3.0,5.0,400.0,3.75
3.1,0.0,2,400.0,22.0,2,0.100096940994,1,94.0,1,3,4.00547274408,3.47076188991,5.3,3.0,5.0,400.0,3.75
3.1,0.0,2,400.0,22.0,-2,0.100168943405,-2,94.0,2,14,-4.00547274408,-3.47076188991,5.3,3.0,5.0,400.0,3.75
3.1,0.0,2,400.0,22.0,0,0.100146055222,0,94.0,1,12,-1.49318255126,-5.08531276016,5.3,3.0,5.0,400.0,3.75
3.1,0.0,2,400.0,22.0,1,0.100116014481,2,94.0,1,7,4.82104957538,-2.20169956891,5.3,3.0,5.0,400.0,3.75
3.1,0.0,2,400.0,22.0,0,0.100073099136,0,94.0,1,13,-2.86539633251,-4.45864372401,5.3,3.0,5.0,400.0,3.75
3.1,0.0,2,400.0,22.0,0,0.100087881088,0,94.0,1,5,5.24605364197,0.754268642848,5.3,3.0,5.0,400.0,3.75
3.1,0.0,1,400.0,22.0,-1,0.100085020065,-1,94.0,1,10,1.49318255126,-5.08531276016,5.3,3.0,5.0,400.0,3.75
3.1,0.0,2,400.0,22.0,0,0.100080966949,0,94.0,1,11,6.49041367526e-16,-5.3,5.3,3.0,5.0,400.0,3.75
3.1,0.0,2,400.0,22.0,1,0.100131988525,1,94.0,1,5,5.24605364197,0.754268642848,5.3,3.0,5.0,400.0,3.75
3.1,0.0,2,400.0,22.0,1,0.100090026855,1,94.0,1,14,-4.00547274408,-3.47076188991,5.3,3.0,5.0,400.0,3.75
3.1,0.0,2,400.0,22.0,-1,0.100116014481,-1,94.0,1,5,5.24605364197,0.754268642848,5.3,3.0,5.0,400.0,3.75
3.1,0.0,2,400.0,22.0,0,0.100090026855,0,94.0,1,8,4.00547274408,-3.47076188991,5.3,3.0,5.0,400.0,3.75
3.1,0.0,1,400.0,22.0,-1,0.100116014481,-1,94.0,1,18,-4.82104957538,2.20169956891,5.3,3.0,5.0,400.0,3.75
3.1,0.0,2,400.0,22.0,0,0.100103139877,-1,94.0,1,13,-2.86539633251,-4.45864372401,5.3,3.0,5.0,400.0,3.75
3.1,0.0,2,400.0,22.0,0,0.100109100342,1,94.0,1,19,-4.00547274408,3.47076188991,5.3,3.0,5.0,400.0,3.75
3.1,0.0,2,400.0,22.0,0,0.100039958954,0,94.0,1,15,-4.82104957538,-2.20169956891,5.3,3.0,5.0,400.0,3.75
3.1,0.0,2,400.0,22.0,1,0.100130081177,-1,94.0,1,21,-1.49318255126,5.08531276016,5.3,3.0,5.0,400.0,3.75
3.1,0.0,1,400.0,22.0,0,0.10017991066,-2,94.0,1,20,-2.86539633251,4.45864372401,5.3,3.0,5.0,400.0,3.75
3.1,0.0,1,400.0,22.0,0,0.100107192993,2,94.0,1,3,4.00547274408,3.47076188991,5.3,3.0,5.0,400.0,3.75
3.1,0.0,2,400.0,22.0,0,0.100136041641,2,94.0,1,2,2.86539633251,4.45864372401,5.3,3.0,5.0,400.0,3.75
3.1,0.0,1,400.0,22.0,0,0.100033998489,-2,94.0,1,12,-1.49318255126,-5.08531276016,5.3,3.0,5.0,400.0,3.75
3.1,0.0,1,400.0,22.0,1,0.100088834763,1,94.0,1,4,4.82104957538,2.20169956891,5.3,3.0,5.0,400.0,3.75
3.1,0.0,2,400.0,22.0,0,0.100112915039,0,94.0,1,7,4.82104957538,-2.20169956891,5.3,3.0,5.0,400.0,3.75
3.1,0.0,1,400.0,22.0,-1,0.100092887878,0,94.0,1,1,1.49318255126,5.08531276016,5.3,3.0,5.0,400.0,3.75
3.1,0.0,1,400.0,22.0,0,0.100095033646,-2,94.0,1,11,6.49041367526e-16,-5.3,5.3,3.0,5.0,400.0,3.75
3.1,0.0,2,400.0,22.0,0,0.10008597374,1,94.0,1,13,-2.86539633251,-4.45864372401,5.3,3.0,5.0,400.0,3.75
3.1,0.0,1,400.0,22.0,0,0.100081920624,-1,94.0,1,17,-5.24605364197,0.754268642848,5.3,3.0,5.0,400.0,3.75
3.1,0.0,2,400.0,22.0,0,0.100101947784,-1,94.0,1,1,1.49318255126,5.08531276016,5.3,3.0,5.0,400.0,3.75
3.1,0.0,1,400.0,22.0,0,0.100265979767,-2,94.0,1,17,-5.24605364197,0.754268642848,5.3,3.0,5.0,400.0,3.75
3.1,0.0,2,400.0,22.0,0,0.100109100342,0,94.0,1,9,2.86539633251,-4.45864372401,5.3,3.0,5.0,400.0,3.75
3.1,0.0,2,400.0,22.0,0,0.100092887878,0,94.0,1,16,-5.24605364197,-0.754268642848,5.3,3.0,5.0,400.0,3.75
3.1,0.0,2,400.0,22.0,0,0.100084066391,-1,94.0,2,9,2.86539633251,-4.45864372401,5.3,3.0,5.0,400.0,3.75
3.1,0.0,1,400.0,22.0,0,0.100127220154,-2,94.0,1,15,-4.82104957538,-2.20169956891,5.3,3.0,5.0,400.0,3.75
3.1,0.0,2,400.0,22.0,0,0.100122928619,0,94.0,1,10,1.49318255126,-5.08531276016,5.3,3.0,5.0,400.0,3.75
3.1,0.0,2,400.0,22.0,2,0.100105047226,2,94.0,2,12,-1.49318255126,-5.08531276016,5.3,3.0,5.0,400.0,3.75
3.1,0.0,2,400.0,22.0,0,0.100094079971,0,94.0,1,11,6.49041367526e-16,-5.3,5.3,3.0,5.0,400.0,3.75
3.1,0.0,1,400.0,22.0,0,0.10004401207,1,94.0,1,5,5.24605364197,0.754268642848,5.3,3.0,5.0,400.0,3.75
3.1,0.0,1,400.0,22.0,0,0.100072860718,1,94.0,1,10,1.49318255126,-5.08531276016,5.3,3.0,5.0,400.0,3.75
3.1,0.0,2,400.0,22.0,0,0.100065231323,0,94.0,1,6,5.24605364197,-0.754268642848,5.3,3.0,5.0,400.0,3.75
3.1,0.0,2,400.0,22.0,0,0.100135087967,0,94.0,1,6,5.24605364197,-0.754268642848,5.3,3.0,5.0,400.0,3.75
3.1,0.0,2,400.0,22.0,1,0.100114822388,2,94.0,1,3,4.00547274408,3.47076188991,5.3,3.0,5.0,400.0,3.75
3.1,0.0,1,400.0,22.0,-1,0.100030899048,-1,94.0,2,14,-4.00547274408,-3.47076188991,5.3,3.0,5.0,400.0,3.75
3.1,0.0,1,400.0,22.0,1,0.100119829178,1,94.0,1,17,-5.24605364197,0.754268642848,5.3,3.0,5.0,400.0,3.75
3.1,0.0,1,400.0,22.0,1,0.100095033646,1,94.0,1,1,1.49318255126,5.08531276016,5.3,3.0,5.0,400.0,3.75
3.1,0.0,2,400.0,22.0,0,0.100138902664,0,94.0,1,10,1.49318255126,-5.08531276016,5.3,3.0,5.0,400.0,3.75
3.1,0.0,2,400.0,22.0,-1,0.100135087967,1,94.0,1,5,5.24605364197,0.754268642848,5.3,3.0,5.0,400.0,3.75
3.1,0.0,1,400.0,22.0,0,0.100016117096,0,94.0,1,9,2.86539633251,-4.45864372401,5.3,3.0,5.0,400.0,3.75
3.1,0.0,2,400.0,22.0,1,0.100082874298,-1,94.0,1,5,5.24605364197,0.754268642848,5.3,3.0,5.0,400.0,3.75
3.1,0.0,1,400.0,22.0,0,0.100118160248,0,94.0,1,11,6.49041367526e-16,-5.3,5.3,3.0,5.0,400.0,3.75
3.1,0.0,2,400.0,22.0,0,0.10006403923,0,94.0,1,11,6.49041367526e-16,-5.3,5.3,3.0,5.0,400.0,3.75
3.1,0.0,2,400.0,22.0,0,0.100145101547,0,94.0,1,11,6.49041367526e-16,-5.3,5.3,3.0,5.0,400.0,3.75
3.1,0.0,1,400.0,22.0,0,0.1001060009,-1,94.0,1,0,0.0,5.3,5.3,3.0,5.0,400.0,3.75
3.1,0.0,2,400.0,22.0,1,0.100104808807,-1,94.0,1,0,0.0,5.3,5.3,3.0,5.0,400.0,3.75
3.1,0.0,2,400.0,22.0,0,0.100094079971,0,94.0,1,10,1.49318255126,-5.08531276016,5.3,3.0,5.0,400.0,3.75
3.1,0.0,1,400.0,22.0,2,0.100110054016,1,94.0,1,5,5.24605364197,0.754268642848,5.3,3.0,5.0,400.0,3.75
3.1,0.0,2,400.0,22.0,-2,0.100059986115,0,94.0,2,21,-1.49318255126,5.08531276016,5.3,3.0,5.0,400.0,3.75
3.1,0.0,2,400.0,22.0,-1,0.100112915039,0,94.0,1,3,4.00547274408,3.47076188991,5.3,3.0,5.0,400.0,3.75
3.1,0.0,2,400.0,22.0,0,0.100161075592,0,94.0,1,0,0.0,5.3,5.3,3.0,5.0,400.0,3.75
3.1,0.0,2,400.0,22.0,0,0.100103855133,0,94.0,1,11,6.49041367526e-16,-5.3,5.3,3.0,5.0,400.0,3.75
3.1,0.0,2,400.0,22.0,0,0.100130081177,1,94.0,2,16,-5.24605364197,-0.754268642848,5.3,3.0,5.0,400.0,3.75
3.1,0.0,2,400.0,22.0,2,0.100129127502,-1,94.0,1,19,-4.00547274408,3.47076188991,5.3,3.0,5.0,400.0,3.75
3.1,0.0,1,400.0,22.0,0,0.100818157196,1,94.0,1,3,4.00547274408,3.47076188991,5.3,3.0,5.0,400.0,3.75
3.1,0.0,2,400.0,22.0,0,0.100083112717,0,94.0,1,9,2.86539633251,-4.45864372401,5.3,3.0,5.0,400.0,3.75
3.1,0.0,2,400.0,22.0,0,0.100099086761,2,94.0,1,13,-2.86539633251,-4.45864372401,5.3,3.0,5.0,400.0,3.75
3.1,0.0,2,400.0,22.0,0,0.100087881088,1,94.0,1,7,4.82104957538,-2.20169956891,5.3,3.0,5.0,400.0,3.75
3.1,0.0,2,400.0,22.0,-2,0.100136041641,-2,94.0,2,4,4.82104957538,2.20169956891,5.3,3.0,5.0,400.0,3.75
3.1,0.0,2,400.0,22.0,0,0.100077152252,1,94.0,1,19,-4.00547274408,3.47076188991,5.3,3.0,5.0,400.0,3.75
3.1,0.0,2,400.0,22.0,0,0.100119829178,0,94.0,1,5,5.24605364197,0.754268642848,5.3,3.0,5.0,400.0,3.75
3.1,0.0,2,400.0,22.0,-1,0.100106954575,-1,94.0,1,15,-4.82104957538,-2.20169956891,5.3,3.0,5.0,400.0,3.75
3.1,0.0,2,400.0,22.0,0,0.100308895111,0,94.0,1,11,6.49041367526e-16,-5.3,5.3,3.0,5.0,400.0,3.75
3.1,0.0,2,400.0,22.0,0,0.100093841553,-1,94.0,1,9,2.86539633251,-4.45864372401,5.3,3.0,5.0,400.0,3.75
3.1,0.0,2,400.0,22.0,0,0.100101947784,0,94.0,1,2,2.86539633251,4.45864372401,5.3,3.0,5.0,400.0,3.75
3.1,0.0,2,400.0,22.0,0,0.100074052811,-2,94.0,1,18,-4.82104957538,2.20169956891,5.3,3.0,5.0,400.0,3.75
3.1,0.0,2,400.0,22.0,0,0.100079059601,0,94.0,1,6,5.24605364197,-0.754268642848,5.3,3.0,5.0,400.0,3.75
3.1,0.0,2,400.0,22.0,2,0.1001060009,0,94.0,1,15,-4.82104957538,-2.20169956891,5.3,3.0,5.0,400.0,3.75
3.1,0.0,1,400.0,22.0,-1,0.100088119507,0,94.0,1,0,0.0,5.3,5.3,3.0,5.0,400.0,3.75
3.1,0.0,2,400.0,22.0,0,0.100139856339,0,94.0,1,0,0.0,5.3,5.3,3.0,5.0,400.0,3.75
3.1,0.0,2,400.0,22.0,0,0.100118875504,0,94.0,1,16,-5.24605364197,-0.754268642848,5.3,3.0,5.0,400.0,3.75
3.1,0.0,1,400.0,22.0,0,0.100131988525,-2,94.0,1,9,2.86539633251,-4.45864372401,5.3,3.0,5.0,400.0,3.75
3.1,0.0,1,400.0,22.0,-1,0.100068092346,-1,94.0,1,19,-4.00547274408,3.47076188991,5.3,3.0,5.0,400.0,3.75
3.1,0.0,2,400.0,22.0,0,0.100178956985,0,94.0,1,16,-5.24605364197,-0.754268642848,5.3,3.0,5.0,400.0,3.75
3.1,0.0,2,400.0,22.0,-2,0.100111961365,-2,94.0,2,4,4.82104957538,2.20169956891,5.3,3.0,5.0,400.0,3.75
3.1,0.0,2,400.0,22.0,0,0.100120067596,2,94.0,2,20,-2.86539633251,4.45864372401,5.3,3.0,5.0,400.0,3.75
3.1,0.0,2,400.0,22.0,0,0.10008597374,0,94.0,1,6,5.24605364197,-0.754268642848,5.3,3.0,5.0,400.0,3.75
3.1,0.0,2,400.0,22.0,0,0.100067138672,1,94.0,1,17,-5.24605364197,0.754268642848,5.3,3.0,5.0,400.0,3.75
3.1,0.0,2,400.0,22.0,0,0.100106954575,0,94.0,1,7,4.82104957538,-2.20169956891,5.3,3.0,5.0,400.0,3.75
3.1,0.0,1,400.0,22.0,1,0.100104093552,2,94.0,1,20,-2.86539633251,4.45864372401,5.3,3.0,5.0,400.0,3.75
3.1,0.0,2,400.0,22.0,0,0.100151062012,-1,94.0,1,17,-5.24605364197,0.754268642848,5.3,3.0,5.0,400.0,3.75
3.1,0.0,2,400.0,22.0,-1,0.100096940994,0,94.0,1,14,-4.00547274408,-3.47076188991,5.3,3.0,5.0,400.0,3.75
3.1,0.0,2,400.0,22.0,-1,0.100051879883,0,94.0,1,11,6.49041367526e-16,-5.3,5.3,3.0,5.0,400.0,3.75
3.1,0.0,2,400.0,22.0,-2,0.100105047226,1,94.0,2,1,1.49318255126,5.08531276016,5.3,3.0,5.0,400.0,3.75
3.1,0.0,2,400.0,22.0,0,0.100173950195,-2,94.0,1,19,-4.00547274408,3.47076188991,5.3,3.0,5.0,400.0,3.75
3.1,0.0,2,400.0,22.0,-1,0.100285053253,1,94.0,1,7,4.82104957538,-2.20169956891,5.3,3.0,5.0,400.0,3.75
3.1,0.0,2,400.0,22.0,1,0.100110054016,1,94.0,1,14,-4.00547274408,-3.47076188991,5.3,3.0,5.0,400.0,3.75
3.1,0.0,1,400.0,22.0,0,0.100093126297,0,94.0,2,18,-4.82104957538,2.20169956891,5.3,3.0,5.0,400.0,3.75
3.1,0.0,2,400.0,22.0,0,0.100171089172,-1,94.0,1,10,1.49318255126,-5.08531276016,5.3,3.0,5.0,400.0,3.75
3.1,0.0,1,400.0,22.0,0,0.100114107132,-2,94.0,1,11,6.49041367526e-16,-5.3,5.3,3.0,5.0,400.0,3.75
3.1,0.0,1,400.0,22.0,0,0.100159168243,-2,94.0,1,0,0.0,5.3,5.3,3.0,5.0,400.0,3.75
3.1,0.0,2,400.0,22.0,-1,0.100160121918,0,94.0,1,17,-5.24605364197,0.754268642848,5.3,3.0,5.0,400.0,3.75
3.1,0.0,2,400.0,22.0,2,0.100087881088,1,94.0,2,19,-4.00547274408,3.47076188991,5.3,3.0,5.0,400.0,3.75
3.1,0.0,2,400.0,22.0,1,0.100076913834,1,94.0,1,2,2.86539633251,4.45864372401,5.3,3.0,5.0,400.0,3.75
3.1,0.0,1,400.0,22.0,0,0.10011100769,-2,94.0,2,12,-1.49318255126,-5.08531276016,5.3,3.0,5.0,400.0,3.75
3.1,0.0,2,400.0,22.0,0,0.100162982941,-2,94.0,1,4,4.82104957538,2.20169956891,5.3,3.0,5.0,400.0,3.75
3.1,0.0,1,400.0,22.0,1,0.100057840347,-1,94.0,1,20,-2.86539633251,4.45864372401,5.3,3.0,5.0,400.0,3.75
3.1,0.0,1,400.0,22.0,-2,0.100125074387,2,94.0,1,6,5.24605364197,-0.754268642848,5.3,3.0,5.0,400.0,3.75
3.1,0.0,2,400.0,22.0,0,0.100079059601,0,94.0,1,13,-2.86539633251,-4.45864372401,5.3,3.0,5.0,400.0,3.75
3.1,0.0,2,400.0,22.0,-1,0.100085020065,1,94.0,1,2,2.86539633251,4.45864372401,5.3,3.0,5.0,400.0,3.75
3.1,0.0,1,400.0,22.0,-1,0.100080966949,0,94.0,1,3,4.00547274408,3.47076188991,5.3,3.0,5.0,400.0,3.75
3.1,0.0,2,400.0,22.0,0,0.100384950638,0,94.0,1,6,5.24605364197,-0.754268642848,5.3,3.0,5.0,400.0,3.75
3.1,0.0,1,400.0,22.0,0,0.100105047226,2,94.0,1,16,-5.24605364197,-0.754268642848,5.3,3.0,5.0,400.0,3.75
3.1,0.0,2,400.0,22.0,0,0.10011100769,0,94.0,1,13,-2.86539633251,-4.45864372401,5.3,3.0,5.0,400.0,3.75
3.1,0.0,2,400.0,22.0,0,0.100089073181,0,94.0,1,10,1.49318255126,-5.08531276016,5.3,3.0,5.0,400.0,3.75
3.1,0.0,2,400.0,22.0,0,0.100063800812,0,94.0,1,10,1.49318255126,-5.08531276016,5.3,3.0,5.0,400.0,3.75
3.1,0.0,2,400.0,22.0,2,0.100092887878,1,94.0,2,5,5.24605364197,0.754268642848,5.3,3.0,5.0,400.0,3.75
3.1,0.0,1,400.0,22.0,-2,0.100099802017,2,94.0,1,20,-2.86539633251,4.45864372401,5.3,3.0,5.0,400.0,3.75
3.1,0.0,2,400.0,22.0,0,0.100084066391,2,94.0,2,0,0.0,5.3,5.3,3.0,5.0,400.0,3.75
3.1,0.0,2,400.0,22.0,0,0.100126981735,0,94.0,1,5,5.24605364197,0.754268642848,5.3,3.0,5.0,400.0,3.75
3.1,0.0,1,400.0,22.0,0,0.100088834763,1,94.0,2,13,-2.86539633251,-4.45864372401,5.3,3.0,5.0,400.0,3.75
3.1,0.0,2,400.0,22.0,0,0.100088119507,0,94.0,1,13,-2.86539633251,-4.45864372401,5.3,3.0,5.0,400.0,3.75
3.1,0.0,1,400.0,22.0,0,0.100171089172,1,94.0,1,12,-1.49318255126,-5.08531276016,5.3,3.0,5.0,400.0,3.75
3.1,0.0,1,400.0,22.0,-1,0.100172042847,0,94.0,1,20,-2.86539633251,4.45864372401,5.3,3.0,5.0,400.0,3.75
3.1,0.0,2,400.0,22.0,0,0.100094079971,0,94.0,1,14,-4.00547274408,-3.47076188991,5.3,3.0,5.0,400.0,3.75
3.1,0.0,1,400.0,22.0,0,0.100031137466,-2,94.0,1,19,-4.00547274408,3.47076188991,5.3,3.0,5.0,400.0,3.75
3.1,0.0,2,400.0,22.0,1,0.100070953369,1,94.0,1,3,4.00547274408,3.47076188991,5.3,3.0,5.0,400.0,3.75
3.1,0.0,2,400.0,22.0,0,0.100121021271,-1,94.0,1,0,0.0,5.3,5.3,3.0,5.0,400.0,3.75
3.1,0.0,2,400.0,22.0,0,0.100087881088,1,94.0,1,15,-4.82104957538,-2.20169956891,5.3,3.0,5.0,400.0,3.75
3.1,0.0,2,400.0,22.0,0,0.100115060806,-1,94.0,2,16,-5.24605364197,-0.754268642848,5.3,3.0,5.0,400.0,3.75
3.1,0.0,2,400.0,22.0,2,0.100105047226,0,94.0,2,5,5.24605364197,0.754268642848,5.3,3.0,5.0,400.0,3.75
3.1,0.0,1,400.0,22.0,0,0.100095033646,-1,94.0,1,1,1.49318255126,5.08531276016,5.3,3.0,5.0,400.0,3.75
3.1,0.0,1,400.0,22.0,0,0.100134849548,-2,94.0,2,4,4.82104957538,2.20169956891,5.3,3.0,5.0,400.0,3.75
3.1,0.0,2,400.0,22.0,0,0.10013794899,0,94.0,1,1,1.49318255126,5.08531276016,5.3,3.0,5.0,400.0,3.75
3.1,0.0,1,400.0,22.0,0,0.10008597374,-1,94.0,1,9,2.86539633251,-4.45864372401,5.3,3.0,5.0,400.0,3.75
3.1,0.0,2,400.0,22.0,0,0.100151062012,1,94.0,1,11,6.49041367526e-16,-5.3,5.3,3.0,5.0,400.0,3.75
3.1,0.0,2,400.0,22.0,-1,0.100147008896,-1,94.0,1,4,4.82104957538,2.20169956891,5.3,3.0,5.0,400.0,3.75
3.1,0.0,2,400.0,22.0,0,0.100080966949,0,94.0,1,14,-4.00547274408,-3.47076188991,5.3,3.0,5.0,400.0,3.75
3.1,0.0,1,400.0,22.0,0,0.100119829178,0,94.0,2,20,-2.86539633251,4.45864372401,5.3,3.0,5.0,400.0,3.75
3.1,0.0,2,400.0,22.0,0,0.100084066391,-1,94.0,1,10,1.49318255126,-5.08531276016,5.3,3.0,5.0,400.0,3.75
3.1,0.0,2,400.0,22.0,0,0.100131988525,0,94.0,1,5,5.24605364197,0.754268642848,5.3,3.0,5.0,400.0,3.75
3.1,0.0,1,400.0,22.0,-2,0.10014796257,0,94.0,1,20,-2.86539633251,4.45864372401,5.3,3.0,5.0,400.0,3.75
3.1,0.0,2,400.0,22.0,0,0.100080966949,0,94.0,1,13,-2.86539633251,-4.45864372401,5.3,3.0,5.0,400.0,3.75
3.1,0.0,2,400.0,22.0,0,0.100075006485,1,94.0,1,4,4.82104957538,2.20169956891,5.3,3.0,5.0,400.0,3.75
3.1,0.0,2,400.0,22.0,0,0.100041866302,2,94.0,1,2,2.86539633251,4.45864372401,5.3,3.0,5.0,400.0,3.75
3.1,0.0,2,400.0,22.0,-1,0.10014295578,-1,94.0,1,16,-5.24605364197,-0.754268642848,5.3,3.0,5.0,400.0,3.75
3.1,0.0,2,400.0,22.0,1,0.100126981735,-2,94.0,1,2,2.86539633251,4.45864372401,5.3,3.0,5.0,400.0,3.75
3.1,0.0,2,400.0,22.0,-1,0.100043058395,0,94.0,2,21,-1.49318255126,5.08531276016,5.3,3.0,5.0,400.0,3.75
3.1,0.0,2,400.0,22.0,0,0.100082874298,-2,94.0,1,20,-2.86539633251,4.45864372401,5.3,3.0,5.0,400.0,3.75
3.1,0.0,2,400.0,22.0,1,0.100075960159,0,94.0,1,12,-1.49318255126,-5.08531276016,5.3,3.0,5.0,400.0,3.75
3.1,0.0,2,400.0,22.0,0,0.100142002106,0,94.0,1,10,1.49318255126,-5.08531276016,5.3,3.0,5.0,400.0,3.75
3.1,0.0,2,400.0,22.0,0,0.100134849548,-2,94.0,2,5,5.24605364197,0.754268642848,5.3,3.0,5.0,400.0,3.75
3.1,0.0,2,400.0,22.0,0,0.100168943405,0,94.0,1,3,4.00547274408,3.47076188991,5.3,3.0,5.0,400.0,3.75
3.1,0.0,2,400.0,22.0,1,0.10002207756,1,94.0,1,19,-4.00547274408,3.47076188991,5.3,3.0,5.0,400.0,3.75
3.1,0.0,2,400.0,22.0,0,0.100085020065,0,94.0,1,12,-1.49318255126,-5.08531276016,5.3,3.0,5.0,400.0,3.75
3.1,0.0,1,400.0,22.0,1,0.100106954575,-1,94.0,2,18,-4.82104957538,2.20169956891,5.3,3.0,5.0,400.0,3.75
3.1,0.0,1,400.0,22.0,-1,0.100136041641,2,94.0,1,0,0.0,5.3,5.3,3.0,5.0,400.0,3.75
3.1,0.0,2,400.0,22.0,0,0.100188016891,0,94.0,1,15,-4.82104957538,-2.20169956891,5.3,3.0,5.0,400.0,3.75
3.1,0.0,2,400.0,22.0,2,0.100068807602,0,94.0,1,3,4.00547274408,3.47076188991,5.3,3.0,5.0,400.0,3.75
3.1,0.0,1,400.0,22.0,0,0.100056171417,-1,94.0,1,11,6.49041367526e-16,-5.3,5.3,3.0,5.0,400.0,3.75
3.1,0.0,1,400.0,22.0,-1,0.100048780441,0,94.0,1,1,1.49318255126,5.08531276016,5.3,3.0,5.0,400.0,3.75
3.1,0.0,1,400.0,22.0,2,0.100109815598,0,94.0,2,2,2.86539633251,4.45864372401,5.3,3.0,5.0,400.0,3.75
3.1,0.0,2,400.0,22.0,1,0.100074052811,0,94.0,2,8,4.00547274408,-3.47076188991,5.3,3.0,5.0,400.0,3.75
3.1,0.0,2,400.0,22.0,1,0.100051164627,0,94.0,2,7,4.82104957538,-2.20169956891,5.3,3.0,5.0,400.0,3.75
3.1,0.0,2,400.0,22.0,-1,0.100074052811,2,94.0,2,20,-2.86539633251,4.45864372401,5.3,3.0,5.0,400.0,3.75
3.1,0.0,2,400.0,22.0,0,0.100085020065,0,94.0,1,5,5.24605364197,0.754268642848,5.3,3.0,5.0,400.0,3.75
3.1,0.0,2,400.0,22.0,0,0.10015296936,0,94.0,1,15,-4.82104957538,-2.20169956891,5.3,3.0,5.0,400.0,3.75
3.1,0.0,2,400.0,22.0,-1,0.100125074387,0,94.0,2,5,5.24605364197,0.754268642848,5.3,3.0,5.0,400.0,3.75
3.1,0.0,1,400.0,22.0,1,0.100073099136,2,94.0,1,10,1.49318255126,-5.08531276016,5.3,3.0,5.0,400.0,3.75
3.1,0.0,2,400.0,22.0,0,0.100151062012,1,94.0,1,10,1.49318255126,-5.08531276016,5.3,3.0,5.0,400.0,3.75
3.1,0.0,2,400.0,22.0,0,0.100101947784,0,94.0,1,8,4.00547274408,-3.47076188991,5.3,3.0,5.0,400.0,3.75
3.1,0.0,2,400.0,22.0,0,0.100109100342,0,94.0,1,8,4.00547274408,-3.47076188991,5.3,3.0,5.0,400.0,3.75
3.1,0.0,2,400.0,22.0,-1,0.100099086761,2,94.0,1,16,-5.24605364197,-0.754268642848,5.3,3.0,5.0,400.0,3.75
3.1,0.0,1,400.0,22.0,-1,0.100080966949,-2,94.0,1,20,-2.86539633251,4.45864372401,5.3,3.0,5.0,400.0,3.75
3.1,0.0,2,400.0,22.0,0,0.100054979324,0,94.0,1,14,-4.00547274408,-3.47076188991,5.3,3.0,5.0,400.0,3.75
3.1,0.0,2,400.0,22.0,0,0.100035190582,-1,94.0,1,11,6.49041367526e-16,-5.3,5.3,3.0,5.0,400.0,3.75
3.1,0.0,2,400.0,22.0,0,0.100076913834,2,94.0,1,8,4.00547274408,-3.47076188991,5.3,3.0,5.0,400.0,3.75
3.1,0.0,1,400.0,22.0,0,0.100117206573,-2,94.0,1,0,0.0,5.3,5.3,3.0,5.0,400.0,3.75
3.1,0.0,2,400.0,22.0,0,0.100089788437,0,94.0,1,5,5.24605364197,0.754268642848,5.3,3.0,5.0,400.0,3.75
3.1,0.0,2,400.0,22.0,0,0.100075960159,-1,94.0,2,4,4.82104957538,2.20169956891,5.3,3.0,5.0,400.0,3.75
3.1,0.0,2,400.0,22.0,-1,0.100075006485,1,94.0,2,20,-2.86539633251,4.45864372401,5.3,3.0,5.0,400.0,3.75
3.1,0.0,2,400.0,22.0,2,0.100135087967,-2,94.0,1,0,0.0,5.3,5.3,3.0,5.0,400.0,3.75
3.1,0.0,2,400.0,22.0,0,0.100122928619,0,94.0,1,4,4.82104957538,2.20169956891,5.3,3.0,5.0,400.0,3.75
3.1,0.0,2,400.0,22.0,0,0.100097894669,0,94.0,1,10,1.49318255126,-5.08531276016,5.3,3.0,5.0,400.0,3.75
3.1,0.0,1,400.0,22.0,0,0.100133895874,1,94.0,1,7,4.82104957538,-2.20169956891,5.3,3.0,5.0,400.0,3.75
3.1,0.0,2,400.0,22.0,2,0.100089788437,-2,94.0,2,9,2.86539633251,-4.45864372401,5.3,3.0,5.0,400.0,3.75
3.1,0.0,2,400.0,22.0,-1,0.100043058395,-1,94.0,1,16,-5.24605364197,-0.754268642848,5.3,3.0,5.0,400.0,3.75
3.1,0.0,2,400.0,22.0,-1,0.100095033646,-1,94.0,1,10,1.49318255126,-5.08531276016,5.3,3.0,5.0,400.0,3.75
3.1,0.0,2,400.0,22.0,-1,0.100144863129,1,94.0,2,12,-1.49318255126,-5.08531276016,5.3,3.0,5.0,400.0,3.75
3.1,0.0,2,400.0,22.0,2,0.100101947784,-1,94.0,2,19,-4.00547274408,3.47076188991,5.3,3.0,5.0,400.0,3.75
3.1,0.0,1,400.0,22.0,0,0.100064992905,-1,94.0,1,12,-1.49318255126,-5.08531276016,5.3,3.0,5.0,400.0,3.75
3.1,0.0,2,400.0,22.0,0,0.100097894669,0,94.0,1,9,2.86539633251,-4.45864372401,5.3,3.0,5.0,400.0,3.75
3.1,0.0,1,400.0,22.0,1,0.100075006485,2,94.0,2,1,1.49318255126,5.08531276016,5.3,3.0,5.0,400.0,3.75
3.1,0.0,2,400.0,22.0,0,0.10017490387,1,94.0,1,3,4.00547274408,3.47076188991,5.3,3.0,5.0,400.0,3.75
3.1,0.0,2,400.0,22.0,0,0.100112915039,1,94.0,1,19,-4.00547274408,3.47076188991,5.3,3.0,5.0,400.0,3.75
3.1,0.0,2,400.0,22.0,0,0.100030899048,0,94.0,1,12,-1.49318255126,-5.08531276016,5.3,3.0,5.0,400.0,3.75
3.1,0.0,1,400.0,22.0,0,0.100080013275,2,94.0,1,15,-4.82104957538,-2.20169956891,5.3,3.0,5.0,400.0,3.75
3.1,0.0,2,400.0,22.0,0,0.100128889084,0,94.0,1,15,-4.82104957538,-2.20169956891,5.3,3.0,5.0,400.0,3.75
3.1,0.0,2,400.0,22.0,1,0.100080013275,1,94.0,1,9,2.86539633251,-4.45864372401,5.3,3.0,5.0,400.0,3.75
3.1,0.0,2,400.0,22.0,0,0.100054979324,0,94.0,1,3,4.00547274408,3.47076188991,5.3,3.0,5.0,400.0,3.75
3.1,0.0,2,400.0,22.0,0,0.100397109985,0,94.0,1,8,4.00547274408,-3.47076188991,5.3,3.0,5.0,400.0,3.75
3.1,0.0,1,400.0,22.0,0,0.100097179413,-1,94.0,1,16,-5.24605364197,-0.754268642848,5.3,3.0,5.0,400.0,3.75
3.1,0.0,2,400.0,22.0,1,0.10010099411,0,94.0,2,21,-1.49318255126,5.08531276016,5.3,3.0,5.0,400.0,3.75
3.1,0.0,1,400.0,22.0,0,0.100235939026,2,94.0,1,0,0.0,5.3,5.3,3.0,5.0,400.0,3.75
3.1,0.0,2,400.0,22.0,0,0.100102901459,0,94.0,1,11,6.49041367526e-16,-5.3,5.3,3.0,5.0,400.0,3.75
3.1,0.0,2,400.0,22.0,1,0.100157022476,1,94.0,1,1,1.49318255126,5.08531276016,5.3,3.0,5.0,400.0,3.75
3.1,0.0,2,400.0,22.0,0,0.10026884079,0,94.0,1,10,1.49318255126,-5.08531276016,5.3,3.0,5.0,400.0,3.75
3.1,0.0,2,400.0,22.0,0,0.100110054016,0,94.0,1,13,-2.86539633251,-4.45864372401,5.3,3.0,5.0,400.0,3.75
3.1,0.0,2,400.0,22.0,0,0.100116014481,0,94.0,1,8,4.00547274408,-3.47076188991,5.3,3.0,5.0,400.0,3.75
3.1,0.0,2,400.0,22.0,2,0.100119113922,-1,94.0,1,16,-5.24605364197,-0.754268642848,5.3,3.0,5.0,400.0,3.75
3.1,0.0,2,400.0,22.0,0,0.100078105927,-1,94.0,1,21,-1.49318255126,5.08531276016,5.3,3.0,5.0,400.0,3.75
3.1,0.0,2,400.0,22.0,0,0.100120067596,0,94.0,1,11,6.49041367526e-16,-5.3,5.3,3.0,5.0,400.0,3.75
3.1,0.0,1,400.0,22.0,-2,0.10009598732,0,94.0,1,4,4.82104957538,2.20169956891,5.3,3.0,5.0,400.0,3.75
3.1,0.0,2,400.0,22.0,2,0.100129842758,0,94.0,1,7,4.82104957538,-2.20169956891,5.3,3.0,5.0,400.0,3.75
3.1,0.0,2,400.0,22.0,0,0.100080966949,0,94.0,1,11,6.49041367526e-16,-5.3,5.3,3.0,5.0,400.0,3.75
3.1,0.0,2,400.0,22.0,-2,0.100065946579,-1,94.0,2,18,-4.82104957538,2.20169956891,5.3,3.0,5.0,400.0,3.75
3.1,0.0,1,400.0,22.0,-1,0.10009098053,-2,94.0,1,3,4.00547274408,3.47076188991,5.3,3.0,5.0,400.0,3.75
3.1,0.0,2,400.0,22.0,0,0.100083112717,-2,94.0,2,2,2.86539633251,4.45864372401,5.3,3.0,5.0,400.0,3.75
3.1,0.0,2,400.0,22.0,0,0.100125074387,0,94.0,1,9,2.86539633251,-4.45864372401,5.3,3.0,5.0,400.0,3.75
3.1,0.0,2,400.0,22.0,-1,0.100139856339,1,94.0,2,7,4.82104957538,-2.20169956891,5.3,3.0,5.0,400.0,3.75
3.1,0.0,1,400.0,22.0,2,0.100144863129,2,94.0,1,15,-4.82104957538,-2.20169956891,5.3,3.0,5.0,400.0,3.75
3.1,0.0,1,400.0,22.0,0,0.100220918655,-1,94.0,1,15,-4.82104957538,-2.20169956891,5.3,3.0,5.0,400.0,3.75
3.1,0.0,2,400.0,22.0,-1,0.100080013275,-1,94.0,1,8,4.00547274408,-3.47076188991,5.3,3.0,5.0,400.0,3.75
3.1,0.0,2,400.0,22.0,0,0.100176095963,0,94.0,1,8,4.00547274408,-3.47076188991,5.3,3.0,5.0,400.0,3.75
3.1,0.0,1,400.0,22.0,0,0.10011100769,0,94.0,2,19,-4.00547274408,3.47076188991,5.3,3.0,5.0,400.0,3.75
3.1,0.0,1,400.0,22.0,0,0.100148916245,2,94.0,1,20,-2.86539633251,4.45864372401,5.3,3.0,5.0,400.0,3.75
3.1,0.0,2,400.0,22.0,0,0.100133180618,0,94.0,1,20,-2.86539633251,4.45864372401,5.3,3.0,5.0,400.0,3.75
3.1,0.0,1,400.0,22.0,0,0.10005903244,-1,94.0,2,3,4.00547274408,3.47076188991,5.3,3.0,5.0,400.0,3.75
3.1,0.0,2,400.0,22.0,-1,0.100134849548,-1,94.0,1,12,-1.49318255126,-5.08531276016,5.3,3.0,5.0,400.0,3.75
3.1,0.0,2,400.0,22.0,0,0.1001060009,0,94.0,1,5,5.24605364197,0.754268642848,5.3,3.0,5.0,400.0,3.75
3.1,0.0,1,400.0,22.0,1,0.100100040436,0,94.0,2,13,-2.86539633251,-4.45864372401,5.3,3.0,5.0,400.0,3.75
3.1,0.0,2,400.0,22.0,0,0.100088119507,0,94.0,1,7,4.82104957538,-2.20169956891,5.3,3.0,5.0,400.0,3.75
3.1,0.0,2,400.0,22.0,0,0.100104093552,0,94.0,1,6,5.24605364197,-0.754268642848,5.3,3.0,5.0,400.0,3.75
3.1,0.0,2,400.0,22.0,-1,0.100133895874,-1,94.0,1,0,0.0,5.3,5.3,3.0,5.0,400.0,3.75
3.1,0.0,1,400.0,22.0,-1,0.100114107132,2,94.0,1,20,-2.86539633251,4.45864372401,5.3,3.0,5.0,400.0,3.75
3.1,0.0,2,400.0,22.0,-1,0.10014295578,0,94.0,2,5,5.24605364197,0.754268642848,5.3,3.0,5.0,400.0,3.75
3.1,0.0,2,400.0,22.0,2,0.10010099411,0,94.0,1,15,-4.82104957538,-2.20169956891,5.3,3.0,5.0,400.0,3.75
3.1,0.0,2,400.0,22.0,-1,0.100055932999,2,94.0,1,16,-5.24605364197,-0.754268642848,5.3,3.0,5.0,400.0,3.75
3.1,0.0,1,400.0,22.0,0,0.100094079971,0,94.0,2,1,1.49318255126,5.08531276016,5.3,3.0,5.0,400.0,3.75
3.1,0.0,1,400.0,22.0,0,0.100348949432,1,94.0,1,5,5.24605364197,0.754268642848,5.3,3.0,5.0,400.0,3.75
3.1,0.0,1,400.0,22.0,0,0.100096940994,-2,94.0,2,5,5.24605364197,0.754268642848,5.3,3.0,5.0,400.0,3.75
3.1,0.0,2,400.0,22.0,-1,0.100079059601,0,94.0,1,8,4.00547274408,-3.47076188991,5.3,3.0,5.0,400.0,3.75
3.1,0.0,2,400.0,22.0,0,0.100057125092,0,94.0,1,8,4.00547274408,-3.47076188991,5.3,3.0,5.0,400.0,3.75
3.1,0.0,2,400.0,22.0,-2,0.100122213364,0,94.0,2,5,5.24605364197,0.754268642848,5.3,3.0,5.0,400.0,3.75
3.1,0.0,2,400.0,22.0,-2,0.100126981735,0,94.0,1,13,-2.86539633251,-4.45864372401,5.3,3.0,5.0,400.0,3.75
3.1,0.0,2,400.0,22.0,-2,0.100080966949,-2,94.0,1,15,-4.82104957538,-2.20169956891,5.3,3.0,5.0,400.0,3.75
3.1,0.0,2,400.0,22.0,0,0.100075960159,0,94.0,1,20,-2.86539633251,4.45864372401,5.3,3.0,5.0,400.0,3.75
3.1,0.0,1,400.0,22.0,2,0.100032091141,-2,94.0,2,4,4.82104957538,2.20169956891,5.3,3.0,5.0,400.0,3.75
3.1,0.0,2,400.0,22.0,0,0.100108146667,-1,94.0,1,1,1.49318255126,5.08531276016,5.3,3.0,5.0,400.0,3.75
3.1,0.0,2,400.0,22.0,-1,0.100103139877,0,94.0,1,17,-5.24605364197,0.754268642848,5.3,3.0,5.0,400.0,3.75
3.1,0.0,2,400.0,22.0,-2,0.100090026855,0,94.0,2,8,4.00547274408,-3.47076188991,5.3,3.0,5.0,400.0,3.75
3.1,0.0,2,400.0,22.0,0,0.100065946579,-2,94.0,1,7,4.82104957538,-2.20169956891,5.3,3.0,5.0,400.0,3.75
3.1,0.0,2,400.0,22.0,0,0.100109100342,-2,94.0,1,2,2.86539633251,4.45864372401,5.3,3.0,5.0,400.0,3.75
3.1,0.0,1,400.0,22.0,0,0.100081920624,0,94.0,2,4,4.82104957538,2.20169956891,5.3,3.0,5.0,400.0,3.75
3.1,0.0,2,400.0,22.0,0,0.100060939789,0,94.0,1,10,1.49318255126,-5.08531276016,5.3,3.0,5.0,400.0,3.75
3.1,0.0,1,400.0,22.0,0,0.100135087967,-2,94.0,1,15,-4.82104957538,-2.20169956891,5.3,3.0,5.0,400.0,3.75
3.1,0.0,2,400.0,22.0,1,0.100157976151,0,94.0,2,10,1.49318255126,-5.08531276016,5.3,3.0,5.0,400.0,3.75
3.1,0.0,2,400.0,22.0,0,0.100075960159,0,94.0,1,12,-1.49318255126,-5.08531276016,5.3,3.0,5.0,400.0,3.75
3.1,0.0,2,400.0,22.0,-1,0.100148916245,-1,94.0,1,2,2.86539633251,4.45864372401,5.3,3.0,5.0,400.0,3.75
3.1,0.0,1,400.0,22.0,0,0.10009598732,-2,94.0,1,15,-4.82104957538,-2.20169956891,5.3,3.0,5.0,400.0,3.75
3.1,0.0,1,400.0,22.0,1,0.100106954575,1,94.0,1,21,-1.49318255126,5.08531276016,5.3,3.0,5.0,400.0,3.75
3.1,0.0,2,400.0,22.0,0,0.100086927414,0,94.0,1,7,4.82104957538,-2.20169956891,5.3,3.0,5.0,400.0,3.75
3.1,0.0,2,400.0,22.0,0,0.100069999695,1,94.0,1,5,5.24605364197,0.754268642848,5.3,3.0,5.0,400.0,3.75
3.1,0.0,2,400.0,22.0,0,0.100124835968,1,94.0,1,6,5.24605364197,-0.754268642848,5.3,3.0,5.0,400.0,3.75
3.1,0.0,1,400.0,22.0,0,0.100143909454,-2,94.0,1,6,5.24605364197,-0.754268642848,5.3,3.0,5.0,400.0,3.75
3.1,0.0,2,400.0,22.0,0,0.100035190582,0,94.0,1,12,-1.49318255126,-5.08531276016,5.3,3.0,5.0,400.0,3.75
3.1,0.0,2,400.0,22.0,-1,0.100153923035,1,94.0,1,6,5.24605364197,-0.754268642848,5.3,3.0,5.0,400.0,3.75
3.1,0.0,2,400.0,22.0,0,0.100131034851,0,94.0,1,3,4.00547274408,3.47076188991,5.3,3.0,5.0,400.0,3.75
3.1,0.0,2,400.0,22.0,0,0.100123882294,0,94.0,1,14,-4.00547274408,-3.47076188991,5.3,3.0,5.0,400.0,3.75
3.1,0.0,2,400.0,22.0,0,0.1001060009,0,94.0,1,16,-5.24605364197,-0.754268642848,5.3,3.0,5.0,400.0,3.75
3.1,0.0,2,400.0,22.0,0,0.100390911102,0,94.0,1,9,2.86539633251,-4.45864372401,5.3,3.0,5.0,400.0,3.75
3.1,0.0,2,400.0,22.0,1,0.10009098053,0,94.0,2,12,-1.49318255126,-5.08531276016,5.3,3.0,5.0,400.0,3.75
3.1,0.0,2,400.0,22.0,-2,0.100084066391,0,94.0,2,5,5.24605364197,0.754268642848,5.3,3.0,5.0,400.0,3.75
3.1,0.0,1,400.0,22.0,0,0.100082874298,1,94.0,2,18,-4.82104957538,2.20169956891,5.3,3.0,5.0,400.0,3.75
3.1,0.0,2,400.0,22.0,-1,0.100151062012,0,94.0,1,10,1.49318255126,-5.08531276016,5.3,3.0,5.0,400.0,3.75
3.1,0.0,2,400.0,22.0,-1,0.100131988525,-1,94.0,2,19,-4.00547274408,3.47076188991,5.3,3.0,5.0,400.0,3.75
3.1,0.0,1,400.0,22.0,0,0.10009098053,0,94.0,2,0,0.0,5.3,5.3,3.0,5.0,400.0,3.75
3.1,0.0,1,400.0,22.0,0,0.100080966949,2,94.0,1,7,4.82104957538,-2.20169956891,5.3,3.0,5.0,400.0,3.75
3.1,0.0,2,400.0,22.0,0,0.100148916245,-1,94.0,1,8,4.00547274408,-3.47076188991,5.3,3.0,5.0,400.0,3.75
3.1,0.0,1,400.0,22.0,1,0.100153923035,0,94.0,1,2,2.86539633251,4.45864372401,5.3,3.0,5.0,400.0,3.75
3.1,0.0,2,400.0,22.0,0,0.100136041641,-1,94.0,1,14,-4.00547274408,-3.47076188991,5.3,3.0,5.0,400.0,3.75
3.1,0.0,2,400.0,22.0,-1,0.100071191788,-1,94.0,1,10,1.49318255126,-5.08531276016,5.3,3.0,5.0,400.0,3.75
3.1,0.0,2,400.0,22.0,0,0.100093841553,0,94.0,1,8,4.00547274408,-3.47076188991,5.3,3.0,5.0,400.0,3.75
3.1,0.0,2,400.0,22.0,1,0.100123167038,0,94.0,1,4,4.82104957538,2.20169956891,5.3,3.0,5.0,400.0,3.75
3.1,0.0,1,400.0,22.0,0,0.100131034851,-1,94.0,1,14,-4.00547274408,-3.47076188991,5.3,3.0,5.0,400.0,3.75
3.1,0.0,1,400.0,22.0,0,0.100064992905,2,94.0,1,15,-4.82104957538,-2.20169956891,5.3,3.0,5.0,400.0,3.75
3.1,0.0,2,400.0,22.0,-1,0.1001060009,1,94.0,1,21,-1.49318255126,5.08531276016,5.3,3.0,5.0,400.0,3.75
3.1,0.0,1,400.0,22.0,1,0.100115060806,-1,94.0,1,20,-2.86539633251,4.45864372401,5.3,3.0,5.0,400.0,3.75
3.1,0.0,1,400.0,22.0,2,0.100081205368,-1,94.0,2,19,-4.00547274408,3.47076188991,5.3,3.0,5.0,400.0,3.75
3.1,0.0,2,400.0,22.0,0,0.10033416748,0,94.0,1,3,4.00547274408,3.47076188991,5.3,3.0,5.0,400.0,3.75
3.1,0.0,2,400.0,22.0,-2,0.10015296936,0,94.0,1,3,4.00547274408,3.47076188991,5.3,3.0,5.0,400.0,3.75
3.1,0.0,2,400.0,22.0,-2,0.100404024124,0,94.0,2,7,4.82104957538,-2.20169956891,5.3,3.0,5.0,400.0,3.75
3.1,0.0,2,400.0,22.0,0,0.100104093552,0,94.0,1,13,-2.86539633251,-4.45864372401,5.3,3.0,5.0,400.0,3.75
3.1,0.0,2,400.0,22.0,1,0.100081920624,0,94.0,2,13,-2.86539633251,-4.45864372401,5.3,3.0,5.0,400.0,3.75
3.1,0.0,2,400.0,22.0,0,0.100118875504,0,94.0,1,9,2.86539633251,-4.45864372401,5.3,3.0,5.0,400.0,3.75
