cue-length,ms-precue,resp-v-hv,ms-st-cue,nitems,resp-h-pos,actualStimOn,resp-v-pos,ms-stimon,resp-h-hv,cue-loc-int,cue-loc-x,cue-loc-y,radius,bars-or-spot,npractice,ntrials,offsett
3.1,0.0,2,400.0,22.0,0,0.0972409248352,0,94.0,2,10,1.49318255126,-5.08531276016,5.3,0,5.0,300.0,-10.5
3.1,0.0,1,400.0,22.0,1,0.0972139835358,1,94.0,1,16,-5.24605364197,-0.754268642848,5.3,0,5.0,300.0,-10.5
3.1,0.0,2,400.0,22.0,1,0.0972111225128,-1,94.0,1,12,-1.49318255126,-5.08531276016,5.3,0,5.0,300.0,-10.5
3.1,0.0,1,400.0,22.0,2,0.0972068309784,1,94.0,1,0,0.0,5.3,5.3,0,5.0,300.0,-10.5
3.1,0.0,2,400.0,22.0,0,0.0972051620483,0,94.0,2,7,4.82104957538,-2.20169956891,5.3,0,5.0,300.0,-10.5
3.1,0.0,1,400.0,22.0,0,0.0970239639282,0,94.0,1,14,-4.00547274408,-3.47076188991,5.3,0,5.0,300.0,-10.5
3.1,0.0,1,400.0,22.0,-1,0.0971999168396,-1,94.0,1,17,-5.24605364197,0.754268642848,5.3,0,5.0,300.0,-10.5
3.1,0.0,1,400.0,22.0,0,0.0971939563751,0,94.0,1,15,-4.82104957538,-2.20169956891,5.3,0,5.0,300.0,-10.5
3.1,0.0,1,400.0,22.0,1,0.097207069397,1,94.0,1,12,-1.49318255126,-5.08531276016,5.3,0,5.0,300.0,-10.5
3.1,0.0,1,400.0,22.0,-2,0.0971930027008,-2,94.0,1,21,-1.49318255126,5.08531276016,5.3,0,5.0,300.0,-10.5
3.1,0.0,1,400.0,22.0,0,0.0972321033478,0,94.0,1,5,5.24605364197,0.754268642848,5.3,0,5.0,300.0,-10.5
3.1,0.0,1,400.0,22.0,0,0.0972061157227,0,94.0,1,18,-4.82104957538,2.20169956891,5.3,0,5.0,300.0,-10.5
3.1,0.0,1,400.0,22.0,1,0.0972189903259,1,94.0,1,19,-4.00547274408,3.47076188991,5.3,0,5.0,300.0,-10.5
3.1,0.0,2,400.0,22.0,2,0.0972108840942,2,94.0,2,10,1.49318255126,-5.08531276016,5.3,0,5.0,300.0,-10.5
3.1,0.0,1,400.0,22.0,2,0.097198009491,2,94.0,1,18,-4.82104957538,2.20169956891,5.3,0,5.0,300.0,-10.5
3.1,0.0,1,400.0,22.0,0,0.0972068309784,0,94.0,1,7,4.82104957538,-2.20169956891,5.3,0,5.0,300.0,-10.5
3.1,0.0,1,400.0,22.0,-1,0.0971961021423,-1,94.0,1,10,1.49318255126,-5.08531276016,5.3,0,5.0,300.0,-10.5
3.1,0.0,1,400.0,22.0,0,0.0971930027008,0,94.0,1,16,-5.24605364197,-0.754268642848,5.3,0,5.0,300.0,-10.5
3.1,0.0,2,400.0,22.0,0,0.0971851348877,0,94.0,2,2,2.86539633251,4.45864372401,5.3,0,5.0,300.0,-10.5
3.1,0.0,1,400.0,22.0,1,0.0972120761871,1,94.0,1,3,4.00547274408,3.47076188991,5.3,0,5.0,300.0,-10.5
3.1,0.0,1,400.0,22.0,0,0.0971899032593,0,94.0,1,2,2.86539633251,4.45864372401,5.3,0,5.0,300.0,-10.5
3.1,0.0,1,400.0,22.0,0,0.0971639156342,0,94.0,1,4,4.82104957538,2.20169956891,5.3,0,5.0,300.0,-10.5
3.1,0.0,1,400.0,22.0,1,0.0970129966736,1,94.0,1,7,4.82104957538,-2.20169956891,5.3,0,5.0,300.0,-10.5
3.1,0.0,1,400.0,22.0,0,0.0971977710724,0,94.0,1,4,4.82104957538,2.20169956891,5.3,0,5.0,300.0,-10.5
3.1,0.0,1,400.0,22.0,-1,0.097186088562,-1,94.0,1,18,-4.82104957538,2.20169956891,5.3,0,5.0,300.0,-10.5
3.1,0.0,1,400.0,22.0,0,0.0971779823303,0,94.0,1,3,4.00547274408,3.47076188991,5.3,0,5.0,300.0,-10.5
3.1,0.0,1,400.0,22.0,1,0.0971422195435,1,94.0,1,6,5.24605364197,-0.754268642848,5.3,0,5.0,300.0,-10.5
3.1,0.0,2,400.0,22.0,0,0.0971879959106,0,94.0,2,14,-4.00547274408,-3.47076188991,5.3,0,5.0,300.0,-10.5
3.1,0.0,1,400.0,22.0,0,0.0971832275391,0,94.0,1,16,-5.24605364197,-0.754268642848,5.3,0,5.0,300.0,-10.5
3.1,0.0,1,400.0,22.0,-1,0.0971460342407,-1,94.0,1,20,-2.86539633251,4.45864372401,5.3,0,5.0,300.0,-10.5
3.1,0.0,1,400.0,22.0,-1,0.0971782207489,-1,94.0,1,13,-2.86539633251,-4.45864372401,5.3,0,5.0,300.0,-10.5
3.1,0.0,1,400.0,22.0,0,0.0971758365631,0,94.0,1,5,5.24605364197,0.754268642848,5.3,0,5.0,300.0,-10.5
3.1,0.0,2,400.0,22.0,-1,0.0970249176025,-1,94.0,2,21,-1.49318255126,5.08531276016,5.3,0,5.0,300.0,-10.5
3.1,0.0,1,400.0,22.0,-1,0.0971360206604,-1,94.0,1,12,-1.49318255126,-5.08531276016,5.3,0,5.0,300.0,-10.5
3.1,0.0,2,400.0,22.0,-2,0.0970249176025,-2,94.0,2,1,1.49318255126,5.08531276016,5.3,0,5.0,300.0,-10.5
3.1,0.0,2,400.0,22.0,0,0.09716796875,0,94.0,2,14,-4.00547274408,-3.47076188991,5.3,0,5.0,300.0,-10.5
3.1,0.0,1,400.0,22.0,0,0.0970199108124,0,94.0,1,8,4.00547274408,-3.47076188991,5.3,0,5.0,300.0,-10.5
3.1,0.0,1,400.0,22.0,1,0.0970139503479,1,94.0,1,19,-4.00547274408,3.47076188991,5.3,0,5.0,300.0,-10.5
3.1,0.0,1,400.0,22.0,0,0.0970180034637,0,94.0,1,17,-5.24605364197,0.754268642848,5.3,0,5.0,300.0,-10.5
3.1,0.0,1,400.0,22.0,0,0.0972020626068,0,94.0,1,2,2.86539633251,4.45864372401,5.3,0,5.0,300.0,-10.5
3.1,0.0,2,400.0,22.0,-1,0.0971820354462,-1,94.0,2,10,1.49318255126,-5.08531276016,5.3,0,5.0,300.0,-10.5
3.1,0.0,2,400.0,22.0,2,0.0970249176025,2,94.0,2,8,4.00547274408,-3.47076188991,5.3,0,5.0,300.0,-10.5
3.1,0.0,2,400.0,22.0,0,0.0970458984375,0,94.0,2,3,4.00547274408,3.47076188991,5.3,0,5.0,300.0,-10.5
3.1,0.0,1,400.0,22.0,0,0.0970380306244,0,94.0,1,15,-4.82104957538,-2.20169956891,5.3,0,5.0,300.0,-10.5
3.1,0.0,1,400.0,22.0,1,0.0971689224243,1,94.0,1,14,-4.00547274408,-3.47076188991,5.3,0,5.0,300.0,-10.5
3.1,0.0,1,400.0,22.0,-1,0.0971708297729,-1,94.0,1,2,2.86539633251,4.45864372401,5.3,0,5.0,300.0,-10.5
3.1,0.0,2,400.0,22.0,2,0.0970458984375,2,94.0,2,7,4.82104957538,-2.20169956891,5.3,0,5.0,300.0,-10.5
3.1,0.0,1,400.0,22.0,0,0.0972008705139,0,94.0,1,6,5.24605364197,-0.754268642848,5.3,0,5.0,300.0,-10.5
3.1,0.0,2,400.0,22.0,0,0.0972030162811,0,94.0,2,11,6.49041367526e-16,-5.3,5.3,0,5.0,300.0,-10.5
3.1,0.0,1,400.0,22.0,0,0.0971720218658,0,94.0,1,13,-2.86539633251,-4.45864372401,5.3,0,5.0,300.0,-10.5
3.1,0.0,1,400.0,22.0,-1,0.0970559120178,-1,94.0,1,18,-4.82104957538,2.20169956891,5.3,0,5.0,300.0,-10.5
3.1,0.0,2,400.0,22.0,1,0.0970470905304,1,94.0,2,4,4.82104957538,2.20169956891,5.3,0,5.0,300.0,-10.5
3.1,0.0,2,400.0,22.0,2,0.0970520973206,2,94.0,2,20,-2.86539633251,4.45864372401,5.3,0,5.0,300.0,-10.5
3.1,0.0,1,400.0,22.0,-2,0.0971748828888,-2,94.0,1,8,4.00547274408,-3.47076188991,5.3,0,5.0,300.0,-10.5
3.1,0.0,1,400.0,22.0,1,0.0970618724823,1,94.0,1,15,-4.82104957538,-2.20169956891,5.3,0,5.0,300.0,-10.5
3.1,0.0,2,400.0,22.0,-1,0.0972039699554,-1,94.0,2,2,2.86539633251,4.45864372401,5.3,0,5.0,300.0,-10.5
3.1,0.0,1,400.0,22.0,0,0.0972421169281,0,94.0,1,1,1.49318255126,5.08531276016,5.3,0,5.0,300.0,-10.5
3.1,0.0,2,400.0,22.0,-2,0.0971930027008,-2,94.0,2,14,-4.00547274408,-3.47076188991,5.3,0,5.0,300.0,-10.5
3.1,0.0,1,400.0,22.0,1,0.0971820354462,1,94.0,1,2,2.86539633251,4.45864372401,5.3,0,5.0,300.0,-10.5
3.1,0.0,1,400.0,22.0,-2,0.0973968505859,-2,94.0,1,6,5.24605364197,-0.754268642848,5.3,0,5.0,300.0,-10.5
3.1,0.0,1,400.0,22.0,2,0.0971999168396,2,94.0,1,19,-4.00547274408,3.47076188991,5.3,0,5.0,300.0,-10.5
3.1,0.0,1,400.0,22.0,0,0.0972151756287,0,94.0,1,5,5.24605364197,0.754268642848,5.3,0,5.0,300.0,-10.5
3.1,0.0,1,400.0,22.0,1,0.0972139835358,1,94.0,1,16,-5.24605364197,-0.754268642848,5.3,0,5.0,300.0,-10.5
3.1,0.0,1,400.0,22.0,0,0.0972139835358,0,94.0,1,17,-5.24605364197,0.754268642848,5.3,0,5.0,300.0,-10.5
3.1,0.0,2,400.0,22.0,0,0.0972077846527,0,94.0,2,8,4.00547274408,-3.47076188991,5.3,0,5.0,300.0,-10.5
3.1,0.0,2,400.0,22.0,2,0.0971028804779,2,94.0,2,20,-2.86539633251,4.45864372401,5.3,0,5.0,300.0,-10.5
3.1,0.0,2,400.0,22.0,0,0.0972051620483,0,94.0,2,8,4.00547274408,-3.47076188991,5.3,0,5.0,300.0,-10.5
3.1,0.0,1,400.0,22.0,0,0.0971930027008,0,94.0,1,15,-4.82104957538,-2.20169956891,5.3,0,5.0,300.0,-10.5
3.1,0.0,1,400.0,22.0,0,0.0972111225128,0,94.0,1,3,4.00547274408,3.47076188991,5.3,0,5.0,300.0,-10.5
3.1,0.0,1,400.0,22.0,-2,0.0972368717194,-2,94.0,1,2,2.86539633251,4.45864372401,5.3,0,5.0,300.0,-10.5
3.1,0.0,2,400.0,22.0,-1,0.0972130298615,-1,94.0,2,17,-5.24605364197,0.754268642848,5.3,0,5.0,300.0,-10.5
3.1,0.0,1,400.0,22.0,-2,0.0972080230713,-2,94.0,1,11,6.49041367526e-16,-5.3,5.3,0,5.0,300.0,-10.5
3.1,0.0,2,400.0,22.0,1,0.0971729755402,1,94.0,2,10,1.49318255126,-5.08531276016,5.3,0,5.0,300.0,-10.5
3.1,0.0,2,400.0,22.0,-1,0.0972228050232,-1,94.0,2,20,-2.86539633251,4.45864372401,5.3,0,5.0,300.0,-10.5
3.1,0.0,1,400.0,22.0,0,0.0972101688385,0,94.0,1,17,-5.24605364197,0.754268642848,5.3,0,5.0,300.0,-10.5
3.1,0.0,1,400.0,22.0,-2,0.0971438884735,-2,94.0,1,7,4.82104957538,-2.20169956891,5.3,0,5.0,300.0,-10.5
3.1,0.0,1,400.0,22.0,0,0.0970067977905,0,94.0,1,4,4.82104957538,2.20169956891,5.3,0,5.0,300.0,-10.5
3.1,0.0,1,400.0,22.0,0,0.0971519947052,0,94.0,1,4,4.82104957538,2.20169956891,5.3,0,5.0,300.0,-10.5
3.1,0.0,1,400.0,22.0,0,0.0970470905304,0,94.0,1,7,4.82104957538,-2.20169956891,5.3,0,5.0,300.0,-10.5
3.1,0.0,1,400.0,22.0,-1,0.097198009491,-1,94.0,1,8,4.00547274408,-3.47076188991,5.3,0,5.0,300.0,-10.5
3.1,0.0,2,400.0,22.0,-1,0.097177028656,-1,94.0,2,20,-2.86539633251,4.45864372401,5.3,0,5.0,300.0,-10.5
3.1,0.0,1,400.0,22.0,1,0.0971717834473,1,94.0,1,14,-4.00547274408,-3.47076188991,5.3,0,5.0,300.0,-10.5
3.1,0.0,2,400.0,22.0,2,0.0971989631653,2,94.0,2,1,1.49318255126,5.08531276016,5.3,0,5.0,300.0,-10.5
3.1,0.0,2,400.0,22.0,0,0.0971848964691,0,94.0,2,18,-4.82104957538,2.20169956891,5.3,0,5.0,300.0,-10.5
3.1,0.0,1,400.0,22.0,0,0.0971739292145,0,94.0,1,10,1.49318255126,-5.08531276016,5.3,0,5.0,300.0,-10.5
3.1,0.0,1,400.0,22.0,-1,0.0972189903259,-1,94.0,1,16,-5.24605364197,-0.754268642848,5.3,0,5.0,300.0,-10.5
3.1,0.0,2,400.0,22.0,0,0.0972120761871,0,94.0,2,13,-2.86539633251,-4.45864372401,5.3,0,5.0,300.0,-10.5
3.1,0.0,1,400.0,22.0,0,0.0971710681915,0,94.0,1,15,-4.82104957538,-2.20169956891,5.3,0,5.0,300.0,-10.5
3.1,0.0,1,400.0,22.0,0,0.0971870422363,0,94.0,1,13,-2.86539633251,-4.45864372401,5.3,0,5.0,300.0,-10.5
3.1,0.0,1,400.0,22.0,0,0.0972099304199,0,94.0,1,2,2.86539633251,4.45864372401,5.3,0,5.0,300.0,-10.5
3.1,0.0,2,400.0,22.0,0,0.0972130298615,0,94.0,2,6,5.24605364197,-0.754268642848,5.3,0,5.0,300.0,-10.5
3.1,0.0,1,400.0,22.0,0,0.0972039699554,0,94.0,1,9,2.86539633251,-4.45864372401,5.3,0,5.0,300.0,-10.5
3.1,0.0,2,400.0,22.0,0,0.0970511436462,0,94.0,2,21,-1.49318255126,5.08531276016,5.3,0,5.0,300.0,-10.5
3.1,0.0,2,400.0,22.0,0,0.0971789360046,0,94.0,2,0,0.0,5.3,5.3,0,5.0,300.0,-10.5
3.1,0.0,1,400.0,22.0,0,0.0971848964691,0,94.0,1,18,-4.82104957538,2.20169956891,5.3,0,5.0,300.0,-10.5
3.1,0.0,2,400.0,22.0,0,0.0971450805664,0,94.0,2,21,-1.49318255126,5.08531276016,5.3,0,5.0,300.0,-10.5
3.1,0.0,2,400.0,22.0,-1,0.0971410274506,-1,94.0,2,0,0.0,5.3,5.3,0,5.0,300.0,-10.5
3.1,0.0,2,400.0,22.0,1,0.0971510410309,1,94.0,2,5,5.24605364197,0.754268642848,5.3,0,5.0,300.0,-10.5
3.1,0.0,2,400.0,22.0,-1,0.097020149231,-1,94.0,2,3,4.00547274408,3.47076188991,5.3,0,5.0,300.0,-10.5
3.1,0.0,2,400.0,22.0,0,0.0971829891205,0,94.0,2,5,5.24605364197,0.754268642848,5.3,0,5.0,300.0,-10.5
3.1,0.0,2,400.0,22.0,0,0.0970258712769,0,94.0,2,2,2.86539633251,4.45864372401,5.3,0,5.0,300.0,-10.5
3.1,0.0,2,400.0,22.0,0,0.0971729755402,0,94.0,2,18,-4.82104957538,2.20169956891,5.3,0,5.0,300.0,-10.5
3.1,0.0,1,400.0,22.0,0,0.0971620082855,0,94.0,1,17,-5.24605364197,0.754268642848,5.3,0,5.0,300.0,-10.5
3.1,0.0,2,400.0,22.0,-1,0.0971739292145,-1,94.0,2,6,5.24605364197,-0.754268642848,5.3,0,5.0,300.0,-10.5
3.1,0.0,2,400.0,22.0,1,0.097149848938,1,94.0,2,3,4.00547274408,3.47076188991,5.3,0,5.0,300.0,-10.5
3.1,0.0,1,400.0,22.0,1,0.0971949100494,0,94.0,2,20,-2.86539633251,4.45864372401,5.3,0,5.0,300.0,-10.5
3.1,0.0,2,400.0,22.0,1,0.0971710681915,-2,94.0,1,13,-2.86539633251,-4.45864372401,5.3,0,5.0,300.0,-10.5
3.1,0.0,1,400.0,22.0,-2,0.0971441268921,-1,94.0,2,16,-5.24605364197,-0.754268642848,5.3,0,5.0,300.0,-10.5
3.1,0.0,1,400.0,22.0,-2,0.0971879959106,-2,94.0,2,14,-4.00547274408,-3.47076188991,5.3,0,5.0,300.0,-10.5
3.1,0.0,1,400.0,22.0,-2,0.0971829891205,-2,94.0,1,2,2.86539633251,4.45864372401,5.3,0,5.0,300.0,-10.5
3.1,0.0,2,400.0,22.0,0,0.097188949585,0,94.0,2,19,-4.00547274408,3.47076188991,5.3,0,5.0,300.0,-10.5
3.1,0.0,2,400.0,22.0,2,0.0971620082855,0,94.0,2,4,4.82104957538,2.20169956891,5.3,0,5.0,300.0,-10.5
3.1,0.0,2,400.0,22.0,-1,0.0971760749817,-1,94.0,2,1,1.49318255126,5.08531276016,5.3,0,5.0,300.0,-10.5
3.1,0.0,1,400.0,22.0,2,0.0971879959106,-2,94.0,1,0,0.0,5.3,5.3,0,5.0,300.0,-10.5
3.1,0.0,1,400.0,22.0,-1,0.0970258712769,-1,94.0,1,8,4.00547274408,-3.47076188991,5.3,0,5.0,300.0,-10.5
3.1,0.0,1,400.0,22.0,0,0.097207069397,0,94.0,1,4,4.82104957538,2.20169956891,5.3,0,5.0,300.0,-10.5
3.1,0.0,1,400.0,22.0,0,0.0971801280975,0,94.0,2,5,5.24605364197,0.754268642848,5.3,0,5.0,300.0,-10.5
3.1,0.0,1,400.0,22.0,1,0.0970330238342,0,94.0,1,6,5.24605364197,-0.754268642848,5.3,0,5.0,300.0,-10.5
3.1,0.0,1,400.0,22.0,1,0.0971729755402,-2,94.0,2,20,-2.86539633251,4.45864372401,5.3,0,5.0,300.0,-10.5
3.1,0.0,2,400.0,22.0,-2,0.0970330238342,-2,94.0,2,18,-4.82104957538,2.20169956891,5.3,0,5.0,300.0,-10.5
3.1,0.0,1,400.0,22.0,1,0.09707903862,1,94.0,1,2,2.86539633251,4.45864372401,5.3,0,5.0,300.0,-10.5
3.1,0.0,1,400.0,22.0,-2,0.097198009491,-2,94.0,1,0,0.0,5.3,5.3,0,5.0,300.0,-10.5
3.1,0.0,1,400.0,22.0,-1,0.0971801280975,-1,94.0,1,2,2.86539633251,4.45864372401,5.3,0,5.0,300.0,-10.5
3.1,0.0,1,400.0,22.0,1,0.0970330238342,1,94.0,1,17,-5.24605364197,0.754268642848,5.3,0,5.0,300.0,-10.5
3.1,0.0,2,400.0,22.0,-1,0.0971720218658,-1,94.0,2,21,-1.49318255126,5.08531276016,5.3,0,5.0,300.0,-10.5
3.1,0.0,2,400.0,22.0,0,0.0970449447632,0,94.0,2,17,-5.24605364197,0.754268642848,5.3,0,5.0,300.0,-10.5
3.1,0.0,1,400.0,22.0,0,0.097177028656,2,94.0,1,6,5.24605364197,-0.754268642848,5.3,0,5.0,300.0,-10.5
3.1,0.0,2,400.0,22.0,0,0.0970358848572,0,94.0,1,5,5.24605364197,0.754268642848,5.3,0,5.0,300.0,-10.5
3.1,0.0,2,400.0,22.0,-1,0.0971789360046,-2,94.0,2,9,2.86539633251,-4.45864372401,5.3,0,5.0,300.0,-10.5
3.1,0.0,2,400.0,22.0,-1,0.097293138504,1,94.0,1,16,-5.24605364197,-0.754268642848,5.3,0,5.0,300.0,-10.5
3.1,0.0,2,400.0,22.0,0,0.0971808433533,2,94.0,2,21,-1.49318255126,5.08531276016,5.3,0,5.0,300.0,-10.5
3.1,0.0,2,400.0,22.0,1,0.0970659255981,0,94.0,1,21,-1.49318255126,5.08531276016,5.3,0,5.0,300.0,-10.5
3.1,0.0,2,400.0,22.0,2,0.0972008705139,2,94.0,1,6,5.24605364197,-0.754268642848,5.3,0,5.0,300.0,-10.5
3.1,0.0,1,400.0,22.0,-2,0.097216129303,-1,94.0,2,0,0.0,5.3,5.3,0,5.0,300.0,-10.5
3.1,0.0,1,400.0,22.0,-2,0.097207069397,0,94.0,1,15,-4.82104957538,-2.20169956891,5.3,0,5.0,300.0,-10.5
3.1,0.0,2,400.0,22.0,0,0.0972189903259,0,94.0,2,2,2.86539633251,4.45864372401,5.3,0,5.0,300.0,-10.5
3.1,0.0,1,400.0,22.0,-2,0.0973699092865,0,94.0,1,21,-1.49318255126,5.08531276016,5.3,0,5.0,300.0,-10.5
3.1,0.0,1,400.0,22.0,2,0.0972011089325,-2,94.0,2,10,1.49318255126,-5.08531276016,5.3,0,5.0,300.0,-10.5
3.1,0.0,2,400.0,22.0,0,0.097186088562,0,94.0,2,2,2.86539633251,4.45864372401,5.3,0,5.0,300.0,-10.5
3.1,0.0,1,400.0,22.0,0,0.0971939563751,0,94.0,1,3,4.00547274408,3.47076188991,5.3,0,5.0,300.0,-10.5
3.1,0.0,1,400.0,22.0,1,0.097198009491,1,94.0,2,2,2.86539633251,4.45864372401,5.3,0,5.0,300.0,-10.5
3.1,0.0,2,400.0,22.0,0,0.0972030162811,-1,94.0,1,12,-1.49318255126,-5.08531276016,5.3,0,5.0,300.0,-10.5
3.1,0.0,2,400.0,22.0,0,0.0972058773041,0,94.0,2,8,4.00547274408,-3.47076188991,5.3,0,5.0,300.0,-10.5
3.1,0.0,1,400.0,22.0,-2,0.0970280170441,1,94.0,2,21,-1.49318255126,5.08531276016,5.3,0,5.0,300.0,-10.5
3.1,0.0,2,400.0,22.0,1,0.0972239971161,1,94.0,2,9,2.86539633251,-4.45864372401,5.3,0,5.0,300.0,-10.5
3.1,0.0,1,400.0,22.0,2,0.0970721244812,-1,94.0,1,7,4.82104957538,-2.20169956891,5.3,0,5.0,300.0,-10.5
3.1,0.0,2,400.0,22.0,-1,0.0972080230713,-1,94.0,2,16,-5.24605364197,-0.754268642848,5.3,0,5.0,300.0,-10.5
3.1,0.0,1,400.0,22.0,1,0.097188949585,1,94.0,1,21,-1.49318255126,5.08531276016,5.3,0,5.0,300.0,-10.5
3.1,0.0,2,400.0,22.0,1,0.0971870422363,0,94.0,1,7,4.82104957538,-2.20169956891,5.3,0,5.0,300.0,-10.5
3.1,0.0,1,400.0,22.0,2,0.0970759391785,2,94.0,1,13,-2.86539633251,-4.45864372401,5.3,0,5.0,300.0,-10.5
3.1,0.0,2,400.0,22.0,1,0.0970079898834,1,94.0,2,3,4.00547274408,3.47076188991,5.3,0,5.0,300.0,-10.5
3.1,0.0,1,400.0,22.0,0,0.0972061157227,0,94.0,2,5,5.24605364197,0.754268642848,5.3,0,5.0,300.0,-10.5
3.1,0.0,2,400.0,22.0,0,0.097177028656,0,94.0,1,3,4.00547274408,3.47076188991,5.3,0,5.0,300.0,-10.5
3.1,0.0,1,400.0,22.0,0,0.0971779823303,0,94.0,1,11,6.49041367526e-16,-5.3,5.3,0,5.0,300.0,-10.5
3.1,0.0,1,400.0,22.0,-1,0.0970540046692,-1,94.0,1,13,-2.86539633251,-4.45864372401,5.3,0,5.0,300.0,-10.5
3.1,0.0,2,400.0,22.0,1,0.0971848964691,1,94.0,2,18,-4.82104957538,2.20169956891,5.3,0,5.0,300.0,-10.5
3.1,0.0,2,400.0,22.0,2,0.0971820354462,2,94.0,2,9,2.86539633251,-4.45864372401,5.3,0,5.0,300.0,-10.5
3.1,0.0,1,400.0,22.0,1,0.0971610546112,-2,94.0,1,3,4.00547274408,3.47076188991,5.3,0,5.0,300.0,-10.5
3.1,0.0,1,400.0,22.0,-1,0.0971848964691,-1,94.0,1,10,1.49318255126,-5.08531276016,5.3,0,5.0,300.0,-10.5
3.1,0.0,2,400.0,22.0,0,0.0971767902374,0,94.0,2,18,-4.82104957538,2.20169956891,5.3,0,5.0,300.0,-10.5
3.1,0.0,2,400.0,22.0,0,0.0971739292145,-2,94.0,2,5,5.24605364197,0.754268642848,5.3,0,5.0,300.0,-10.5
3.1,0.0,1,400.0,22.0,0,0.0971870422363,2,94.0,1,3,4.00547274408,3.47076188991,5.3,0,5.0,300.0,-10.5
3.1,0.0,2,400.0,22.0,2,0.0970289707184,0,94.0,1,18,-4.82104957538,2.20169956891,5.3,0,5.0,300.0,-10.5
3.1,0.0,2,400.0,22.0,2,0.0972061157227,-2,94.0,1,5,5.24605364197,0.754268642848,5.3,0,5.0,300.0,-10.5
3.1,0.0,2,400.0,22.0,-2,0.0971450805664,2,94.0,1,6,5.24605364197,-0.754268642848,5.3,0,5.0,300.0,-10.5
3.1,0.0,2,400.0,22.0,0,0.09716796875,-1,94.0,1,10,1.49318255126,-5.08531276016,5.3,0,5.0,300.0,-10.5
3.1,0.0,1,400.0,22.0,0,0.09716796875,0,94.0,1,6,5.24605364197,-0.754268642848,5.3,0,5.0,300.0,-10.5
3.1,0.0,2,400.0,22.0,-1,0.0972180366516,-1,94.0,2,20,-2.86539633251,4.45864372401,5.3,0,5.0,300.0,-10.5
3.1,0.0,2,400.0,22.0,-1,0.0971879959106,-1,94.0,2,4,4.82104957538,2.20169956891,5.3,0,5.0,300.0,-10.5
3.1,0.0,2,400.0,22.0,0,0.0970118045807,0,94.0,2,21,-1.49318255126,5.08531276016,5.3,0,5.0,300.0,-10.5
3.1,0.0,2,400.0,22.0,2,0.0972900390625,2,94.0,2,10,1.49318255126,-5.08531276016,5.3,0,5.0,300.0,-10.5
3.1,0.0,2,400.0,22.0,0,0.0972440242767,0,94.0,2,12,-1.49318255126,-5.08531276016,5.3,0,5.0,300.0,-10.5
3.1,0.0,2,400.0,22.0,-2,0.0970101356506,-2,94.0,2,19,-4.00547274408,3.47076188991,5.3,0,5.0,300.0,-10.5
3.1,0.0,2,400.0,22.0,0,0.0972681045532,0,94.0,2,18,-4.82104957538,2.20169956891,5.3,0,5.0,300.0,-10.5
3.1,0.0,2,400.0,22.0,0,0.0970602035522,0,94.0,2,18,-4.82104957538,2.20169956891,5.3,0,5.0,300.0,-10.5
3.1,0.0,2,400.0,22.0,0,0.0971848964691,0,94.0,2,5,5.24605364197,0.754268642848,5.3,0,5.0,300.0,-10.5
3.1,0.0,1,400.0,22.0,0,0.0971629619598,-1,94.0,2,11,6.49041367526e-16,-5.3,5.3,0,5.0,300.0,-10.5
3.1,0.0,2,400.0,22.0,0,0.0971739292145,0,94.0,2,1,1.49318255126,5.08531276016,5.3,0,5.0,300.0,-10.5
3.1,0.0,1,400.0,22.0,1,0.0971128940582,1,94.0,1,1,1.49318255126,5.08531276016,5.3,0,5.0,300.0,-10.5
3.1,0.0,1,400.0,22.0,0,0.0970849990845,2,94.0,1,9,2.86539633251,-4.45864372401,5.3,0,5.0,300.0,-10.5
3.1,0.0,2,400.0,22.0,0,0.0971789360046,0,94.0,2,21,-1.49318255126,5.08531276016,5.3,0,5.0,300.0,-10.5
3.1,0.0,2,400.0,22.0,0,0.0971610546112,1,94.0,2,1,1.49318255126,5.08531276016,5.3,0,5.0,300.0,-10.5
3.1,0.0,2,400.0,22.0,2,0.097186088562,1,94.0,1,11,6.49041367526e-16,-5.3,5.3,0,5.0,300.0,-10.5
3.1,0.0,2,400.0,22.0,0,0.0970859527588,-1,94.0,1,4,4.82104957538,2.20169956891,5.3,0,5.0,300.0,-10.5
3.1,0.0,2,400.0,22.0,-1,0.0971760749817,-2,94.0,2,14,-4.00547274408,-3.47076188991,5.3,0,5.0,300.0,-10.5
3.1,0.0,2,400.0,22.0,-2,0.0970919132233,-1,94.0,2,2,2.86539633251,4.45864372401,5.3,0,5.0,300.0,-10.5
3.1,0.0,2,400.0,22.0,0,0.0971748828888,0,94.0,1,13,-2.86539633251,-4.45864372401,5.3,0,5.0,300.0,-10.5
3.1,0.0,1,400.0,22.0,1,0.0970919132233,0,94.0,2,18,-4.82104957538,2.20169956891,5.3,0,5.0,300.0,-10.5
3.1,0.0,1,400.0,22.0,2,0.097090959549,-2,94.0,1,9,2.86539633251,-4.45864372401,5.3,0,5.0,300.0,-10.5
3.1,0.0,2,400.0,22.0,-2,0.0971841812134,1,94.0,2,0,0.0,5.3,5.3,0,5.0,300.0,-10.5
3.1,0.0,1,400.0,22.0,-1,0.0971949100494,-1,94.0,1,0,0.0,5.3,5.3,0,5.0,300.0,-10.5
3.1,0.0,1,400.0,22.0,-1,0.0972139835358,-1,94.0,1,20,-2.86539633251,4.45864372401,5.3,0,5.0,300.0,-10.5
3.1,0.0,2,400.0,22.0,0,0.0972158908844,0,94.0,2,17,-5.24605364197,0.754268642848,5.3,0,5.0,300.0,-10.5
3.1,0.0,1,400.0,22.0,-1,0.097188949585,-1,94.0,1,21,-1.49318255126,5.08531276016,5.3,0,5.0,300.0,-10.5
3.1,0.0,2,400.0,22.0,0,0.0972158908844,0,94.0,2,16,-5.24605364197,-0.754268642848,5.3,0,5.0,300.0,-10.5
3.1,0.0,2,400.0,22.0,0,0.0972089767456,0,94.0,2,21,-1.49318255126,5.08531276016,5.3,0,5.0,300.0,-10.5
3.1,0.0,1,400.0,22.0,0,0.0972108840942,2,94.0,2,8,4.00547274408,-3.47076188991,5.3,0,5.0,300.0,-10.5
3.1,0.0,2,400.0,22.0,1,0.0972089767456,0,94.0,2,5,5.24605364197,0.754268642848,5.3,0,5.0,300.0,-10.5
3.1,0.0,1,400.0,22.0,0,0.0972468852997,2,94.0,2,13,-2.86539633251,-4.45864372401,5.3,0,5.0,300.0,-10.5
3.1,0.0,1,400.0,22.0,2,0.0972199440002,-1,94.0,1,12,-1.49318255126,-5.08531276016,5.3,0,5.0,300.0,-10.5
3.1,0.0,2,400.0,22.0,0,0.0972199440002,0,94.0,2,1,1.49318255126,5.08531276016,5.3,0,5.0,300.0,-10.5
3.1,0.0,1,400.0,22.0,2,0.0972130298615,2,94.0,1,15,-4.82104957538,-2.20169956891,5.3,0,5.0,300.0,-10.5
3.1,0.0,2,400.0,22.0,0,0.0971720218658,0,94.0,2,21,-1.49318255126,5.08531276016,5.3,0,5.0,300.0,-10.5
3.1,0.0,1,400.0,22.0,-2,0.0972039699554,0,94.0,1,20,-2.86539633251,4.45864372401,5.3,0,5.0,300.0,-10.5
3.1,0.0,1,400.0,22.0,0,0.0972118377686,0,94.0,1,16,-5.24605364197,-0.754268642848,5.3,0,5.0,300.0,-10.5
3.1,0.0,1,400.0,22.0,1,0.0971558094025,1,94.0,1,12,-1.49318255126,-5.08531276016,5.3,0,5.0,300.0,-10.5
3.1,0.0,1,400.0,22.0,0,0.097146987915,0,94.0,1,0,0.0,5.3,5.3,0,5.0,300.0,-10.5
3.1,0.0,2,400.0,22.0,0,0.0971958637238,0,94.0,2,15,-4.82104957538,-2.20169956891,5.3,0,5.0,300.0,-10.5
3.1,0.0,1,400.0,22.0,0,0.097186088562,0,94.0,1,9,2.86539633251,-4.45864372401,5.3,0,5.0,300.0,-10.5
3.1,0.0,1,400.0,22.0,0,0.0971610546112,1,94.0,2,0,0.0,5.3,5.3,0,5.0,300.0,-10.5
3.1,0.0,2,400.0,22.0,0,0.0971760749817,0,94.0,1,5,5.24605364197,0.754268642848,5.3,0,5.0,300.0,-10.5
3.1,0.0,1,400.0,22.0,1,0.0971789360046,0,94.0,1,7,4.82104957538,-2.20169956891,5.3,0,5.0,300.0,-10.5
3.1,0.0,2,400.0,22.0,2,0.0971639156342,0,94.0,1,2,2.86539633251,4.45864372401,5.3,0,5.0,300.0,-10.5
3.1,0.0,2,400.0,22.0,2,0.0971899032593,-1,94.0,2,6,5.24605364197,-0.754268642848,5.3,0,5.0,300.0,-10.5
3.1,0.0,2,400.0,22.0,0,0.0971448421478,0,94.0,2,9,2.86539633251,-4.45864372401,5.3,0,5.0,300.0,-10.5
3.1,0.0,2,400.0,22.0,1,0.0971491336823,1,94.0,2,2,2.86539633251,4.45864372401,5.3,0,5.0,300.0,-10.5
3.1,0.0,2,400.0,22.0,1,0.0971729755402,0,94.0,2,6,5.24605364197,-0.754268642848,5.3,0,5.0,300.0,-10.5
3.1,0.0,2,400.0,22.0,-1,0.0971899032593,-1,94.0,2,19,-4.00547274408,3.47076188991,5.3,0,5.0,300.0,-10.5
3.1,0.0,2,400.0,22.0,1,0.0971970558167,1,94.0,2,13,-2.86539633251,-4.45864372401,5.3,0,5.0,300.0,-10.5
3.1,0.0,2,400.0,22.0,0,0.097156047821,0,94.0,2,10,1.49318255126,-5.08531276016,5.3,0,5.0,300.0,-10.5
3.1,0.0,2,400.0,22.0,1,0.0971570014954,0,94.0,2,0,0.0,5.3,5.3,0,5.0,300.0,-10.5
3.1,0.0,2,400.0,22.0,0,0.0971701145172,0,94.0,1,6,5.24605364197,-0.754268642848,5.3,0,5.0,300.0,-10.5
3.1,0.0,2,400.0,22.0,2,0.0970129966736,0,94.0,2,3,4.00547274408,3.47076188991,5.3,0,5.0,300.0,-10.5
3.1,0.0,2,400.0,22.0,-1,0.0970261096954,-1,94.0,2,0,0.0,5.3,5.3,0,5.0,300.0,-10.5
3.1,0.0,1,400.0,22.0,-1,0.0970339775085,-1,94.0,1,19,-4.00547274408,3.47076188991,5.3,0,5.0,300.0,-10.5
3.1,0.0,1,400.0,22.0,-1,0.0971930027008,-2,94.0,2,11,6.49041367526e-16,-5.3,5.3,0,5.0,300.0,-10.5
3.1,0.0,1,400.0,22.0,1,0.0970299243927,1,94.0,1,14,-4.00547274408,-3.47076188991,5.3,0,5.0,300.0,-10.5
3.1,0.0,2,400.0,22.0,-2,0.0971698760986,0,94.0,2,8,4.00547274408,-3.47076188991,5.3,0,5.0,300.0,-10.5
3.1,0.0,1,400.0,22.0,-2,0.0970289707184,1,94.0,2,1,1.49318255126,5.08531276016,5.3,0,5.0,300.0,-10.5
3.1,0.0,2,400.0,22.0,0,0.0971748828888,0,94.0,2,17,-5.24605364197,0.754268642848,5.3,0,5.0,300.0,-10.5
3.1,0.0,1,400.0,22.0,0,0.0970368385315,2,94.0,2,17,-5.24605364197,0.754268642848,5.3,0,5.0,300.0,-10.5
3.1,0.0,1,400.0,22.0,2,0.0972118377686,0,94.0,1,1,1.49318255126,5.08531276016,5.3,0,5.0,300.0,-10.5
3.1,0.0,1,400.0,22.0,0,0.0972049236298,2,94.0,1,2,2.86539633251,4.45864372401,5.3,0,5.0,300.0,-10.5
3.1,0.0,1,400.0,22.0,1,0.0971958637238,-2,94.0,2,2,2.86539633251,4.45864372401,5.3,0,5.0,300.0,-10.5
3.1,0.0,1,400.0,22.0,1,0.0972068309784,2,94.0,2,2,2.86539633251,4.45864372401,5.3,0,5.0,300.0,-10.5
3.1,0.0,2,400.0,22.0,1,0.0971608161926,1,94.0,2,0,0.0,5.3,5.3,0,5.0,300.0,-10.5
3.1,0.0,1,400.0,22.0,-1,0.0971930027008,-1,94.0,1,21,-1.49318255126,5.08531276016,5.3,0,5.0,300.0,-10.5
3.1,0.0,2,400.0,22.0,1,0.0972099304199,1,94.0,2,3,4.00547274408,3.47076188991,5.3,0,5.0,300.0,-10.5
3.1,0.0,1,400.0,22.0,-1,0.0972127914429,2,94.0,2,12,-1.49318255126,-5.08531276016,5.3,0,5.0,300.0,-10.5
3.1,0.0,1,400.0,22.0,0,0.0971920490265,0,94.0,1,16,-5.24605364197,-0.754268642848,5.3,0,5.0,300.0,-10.5
3.1,0.0,2,400.0,22.0,0,0.0971989631653,0,94.0,2,6,5.24605364197,-0.754268642848,5.3,0,5.0,300.0,-10.5
3.1,0.0,2,400.0,22.0,-2,0.0970060825348,-2,94.0,2,20,-2.86539633251,4.45864372401,5.3,0,5.0,300.0,-10.5
3.1,0.0,2,400.0,22.0,0,0.0970029830933,0,94.0,2,4,4.82104957538,2.20169956891,5.3,0,5.0,300.0,-10.5
3.1,0.0,1,400.0,22.0,1,0.0971949100494,2,94.0,2,9,2.86539633251,-4.45864372401,5.3,0,5.0,300.0,-10.5
3.1,0.0,1,400.0,22.0,1,0.0971791744232,0,94.0,2,7,4.82104957538,-2.20169956891,5.3,0,5.0,300.0,-10.5
3.1,0.0,1,400.0,22.0,0,0.0971491336823,0,94.0,1,16,-5.24605364197,-0.754268642848,5.3,0,5.0,300.0,-10.5
3.1,0.0,2,400.0,22.0,1,0.097177028656,1,94.0,2,1,1.49318255126,5.08531276016,5.3,0,5.0,300.0,-10.5
3.1,0.0,2,400.0,22.0,0,0.097188949585,0,94.0,2,11,6.49041367526e-16,-5.3,5.3,0,5.0,300.0,-10.5
3.1,0.0,2,400.0,22.0,0,0.097177028656,0,94.0,2,1,1.49318255126,5.08531276016,5.3,0,5.0,300.0,-10.5
3.1,0.0,1,400.0,22.0,0,0.097146987915,-1,94.0,2,4,4.82104957538,2.20169956891,5.3,0,5.0,300.0,-10.5
3.1,0.0,1,400.0,22.0,0,0.0971961021423,0,94.0,2,4,4.82104957538,2.20169956891,5.3,0,5.0,300.0,-10.5
3.1,0.0,2,400.0,22.0,-2,0.097177028656,0,94.0,1,1,1.49318255126,5.08531276016,5.3,0,5.0,300.0,-10.5
3.1,0.0,1,400.0,22.0,0,0.0971879959106,0,94.0,2,18,-4.82104957538,2.20169956891,5.3,0,5.0,300.0,-10.5
3.1,0.0,1,400.0,22.0,0,0.097179889679,0,94.0,2,5,5.24605364197,0.754268642848,5.3,0,5.0,300.0,-10.5
3.1,0.0,2,400.0,22.0,0,0.0970380306244,0,94.0,2,2,2.86539633251,4.45864372401,5.3,0,5.0,300.0,-10.5
3.1,0.0,2,400.0,22.0,-1,0.0971739292145,-1,94.0,2,10,1.49318255126,-5.08531276016,5.3,0,5.0,300.0,-10.5
3.1,0.0,1,400.0,22.0,-1,0.0970358848572,-1,94.0,1,9,2.86539633251,-4.45864372401,5.3,0,5.0,300.0,-10.5
3.1,0.0,2,400.0,22.0,0,0.0971870422363,0,94.0,2,10,1.49318255126,-5.08531276016,5.3,0,5.0,300.0,-10.5
3.1,0.0,2,400.0,22.0,0,0.0970361232758,0,94.0,2,8,4.00547274408,-3.47076188991,5.3,0,5.0,300.0,-10.5
3.1,0.0,2,400.0,22.0,0,0.0971729755402,0,94.0,2,10,1.49318255126,-5.08531276016,5.3,0,5.0,300.0,-10.5
3.1,0.0,2,400.0,22.0,0,0.0970480442047,0,94.0,2,6,5.24605364197,-0.754268642848,5.3,0,5.0,300.0,-10.5
3.1,0.0,2,400.0,22.0,0,0.0970349311829,-2,94.0,1,0,0.0,5.3,5.3,0,5.0,300.0,-10.5
3.1,0.0,1,400.0,22.0,0,0.0971760749817,0,94.0,1,13,-2.86539633251,-4.45864372401,5.3,0,5.0,300.0,-10.5
3.1,0.0,1,400.0,22.0,0,0.0970301628113,0,94.0,1,10,1.49318255126,-5.08531276016,5.3,0,5.0,300.0,-10.5
3.1,0.0,1,400.0,22.0,0,0.0971720218658,0,94.0,2,3,4.00547274408,3.47076188991,5.3,0,5.0,300.0,-10.5
3.1,0.0,1,400.0,22.0,-2,0.0970470905304,1,94.0,2,8,4.00547274408,-3.47076188991,5.3,0,5.0,300.0,-10.5
3.1,0.0,2,400.0,22.0,0,0.0970170497894,0,94.0,2,2,2.86539633251,4.45864372401,5.3,0,5.0,300.0,-10.5
3.1,0.0,2,400.0,22.0,-1,0.0971791744232,-1,94.0,2,10,1.49318255126,-5.08531276016,5.3,0,5.0,300.0,-10.5
3.1,0.0,1,400.0,22.0,0,0.0970530509949,0,94.0,1,16,-5.24605364197,-0.754268642848,5.3,0,5.0,300.0,-10.5
3.1,0.0,2,400.0,22.0,2,0.0970509052277,0,94.0,1,1,1.49318255126,5.08531276016,5.3,0,5.0,300.0,-10.5
3.1,0.0,2,400.0,22.0,0,0.0971748828888,0,94.0,2,5,5.24605364197,0.754268642848,5.3,0,5.0,300.0,-10.5
3.1,0.0,1,400.0,22.0,-1,0.0970602035522,-1,94.0,1,14,-4.00547274408,-3.47076188991,5.3,0,5.0,300.0,-10.5
3.1,0.0,2,400.0,22.0,0,0.0972039699554,-1,94.0,2,13,-2.86539633251,-4.45864372401,5.3,0,5.0,300.0,-10.5
3.1,0.0,2,400.0,22.0,0,0.097207069397,0,94.0,2,20,-2.86539633251,4.45864372401,5.3,0,5.0,300.0,-10.5
3.1,0.0,1,400.0,22.0,1,0.097216129303,1,94.0,1,9,2.86539633251,-4.45864372401,5.3,0,5.0,300.0,-10.5
3.1,0.0,2,400.0,22.0,1,0.0972108840942,-1,94.0,1,9,2.86539633251,-4.45864372401,5.3,0,5.0,300.0,-10.5
3.1,0.0,1,400.0,22.0,-1,0.0972139835358,-2,94.0,1,2,2.86539633251,4.45864372401,5.3,0,5.0,300.0,-10.5
3.1,0.0,2,400.0,22.0,-1,0.0971779823303,-2,94.0,1,11,6.49041367526e-16,-5.3,5.3,0,5.0,300.0,-10.5
3.1,0.0,2,400.0,22.0,0,0.0972030162811,0,94.0,1,5,5.24605364197,0.754268642848,5.3,0,5.0,300.0,-10.5
3.1,0.0,2,400.0,22.0,-2,0.0972049236298,-1,94.0,2,2,2.86539633251,4.45864372401,5.3,0,5.0,300.0,-10.5
3.1,0.0,2,400.0,22.0,1,0.097198009491,0,94.0,1,18,-4.82104957538,2.20169956891,5.3,0,5.0,300.0,-10.5
3.1,0.0,1,400.0,22.0,0,0.0972049236298,0,94.0,1,15,-4.82104957538,-2.20169956891,5.3,0,5.0,300.0,-10.5
3.1,0.0,2,400.0,22.0,1,0.097216129303,1,94.0,2,5,5.24605364197,0.754268642848,5.3,0,5.0,300.0,-10.5
3.1,0.0,1,400.0,22.0,2,0.0972108840942,2,94.0,1,13,-2.86539633251,-4.45864372401,5.3,0,5.0,300.0,-10.5
3.1,0.0,1,400.0,22.0,-2,0.0972008705139,-2,94.0,1,19,-4.00547274408,3.47076188991,5.3,0,5.0,300.0,-10.5
3.1,0.0,2,400.0,22.0,0,0.0971930027008,0,94.0,2,19,-4.00547274408,3.47076188991,5.3,0,5.0,300.0,-10.5
3.1,0.0,1,400.0,22.0,0,0.0971710681915,0,94.0,1,11,6.49041367526e-16,-5.3,5.3,0,5.0,300.0,-10.5
3.1,0.0,2,400.0,22.0,0,0.0971488952637,0,94.0,1,16,-5.24605364197,-0.754268642848,5.3,0,5.0,300.0,-10.5
3.1,0.0,2,400.0,22.0,0,0.0972127914429,0,94.0,2,20,-2.86539633251,4.45864372401,5.3,0,5.0,300.0,-10.5
3.1,0.0,2,400.0,22.0,0,0.0971992015839,0,94.0,2,1,1.49318255126,5.08531276016,5.3,0,5.0,300.0,-10.5
3.1,0.0,2,400.0,22.0,-1,0.097198009491,-1,94.0,2,1,1.49318255126,5.08531276016,5.3,0,5.0,300.0,-10.5
3.1,0.0,1,400.0,22.0,-1,0.0972011089325,-1,94.0,1,10,1.49318255126,-5.08531276016,5.3,0,5.0,300.0,-10.5
3.1,0.0,2,400.0,22.0,0,0.0971939563751,0,94.0,2,8,4.00547274408,-3.47076188991,5.3,0,5.0,300.0,-10.5
3.1,0.0,2,400.0,22.0,1,0.0971698760986,1,94.0,2,14,-4.00547274408,-3.47076188991,5.3,0,5.0,300.0,-10.5
3.1,0.0,2,400.0,22.0,0,0.0971968173981,0,94.0,2,18,-4.82104957538,2.20169956891,5.3,0,5.0,300.0,-10.5
3.1,0.0,1,400.0,22.0,1,0.0971710681915,1,94.0,1,3,4.00547274408,3.47076188991,5.3,0,5.0,300.0,-10.5
3.1,0.0,1,400.0,22.0,2,0.0971739292145,2,94.0,1,19,-4.00547274408,3.47076188991,5.3,0,5.0,300.0,-10.5
3.1,0.0,2,400.0,22.0,0,0.0972189903259,0,94.0,2,0,0.0,5.3,5.3,0,5.0,300.0,-10.5
3.1,0.0,1,400.0,22.0,-1,0.0972018241882,-1,94.0,1,15,-4.82104957538,-2.20169956891,5.3,0,5.0,300.0,-10.5
3.1,0.0,1,400.0,22.0,0,0.0971729755402,0,94.0,1,0,0.0,5.3,5.3,0,5.0,300.0,-10.5
