cue-length,ms-precue,resp-v-hv,ms-st-cue,nitems,offset2,resp-h-pos,actualStimOn,resp-v-pos,ms-stimon,resp-h-hv,cue-loc-int,cue-loc-x,cue-loc-y,radius,bars-or-spot,version,offset,npractice,ntrials
3.1,0.0,2,400.0,22.0,0,-2,0.0971968173981,-2,94.0,1,21,-1.49318255126,5.08531276016,5.3,0,11,-12,5.0,300.0
3.1,0.0,2,400.0,22.0,0,-2,0.0970129966736,2,94.0,2,4,4.82104957538,2.20169956891,5.3,0,11,-12,5.0,300.0
3.1,0.0,1,400.0,22.0,0,-1,0.097186088562,1,94.0,1,8,4.00547274408,-3.47076188991,5.3,0,11,-12,5.0,300.0
3.1,0.0,1,400.0,22.0,0,-2,0.0970180034637,-2,94.0,1,12,-1.49318255126,-5.08531276016,5.3,0,11,-12,5.0,300.0
3.1,0.0,1,400.0,22.0,0,1,0.0971839427948,1,94.0,1,8,4.00547274408,-3.47076188991,5.3,0,11,-12,5.0,300.0
3.1,0.0,2,400.0,22.0,0,1,0.0970590114594,1,94.0,2,0,0.0,5.3,5.3,0,11,-12,5.0,300.0
3.1,0.0,1,400.0,22.0,0,-2,0.0971879959106,0,94.0,2,10,1.49318255126,-5.08531276016,5.3,0,11,-12,5.0,300.0
3.1,0.0,1,400.0,22.0,0,2,0.0970590114594,2,94.0,1,15,-4.82104957538,-2.20169956891,5.3,0,11,-12,5.0,300.0
3.1,0.0,1,400.0,22.0,0,-2,0.097186088562,-2,94.0,1,18,-4.82104957538,2.20169956891,5.3,0,11,-12,5.0,300.0
3.1,0.0,2,400.0,22.0,0,1,0.0970270633698,1,94.0,2,10,1.49318255126,-5.08531276016,5.3,0,11,-12,5.0,300.0
3.1,0.0,2,400.0,22.0,0,2,0.0971732139587,2,94.0,2,6,5.24605364197,-0.754268642848,5.3,0,11,-12,5.0,300.0
3.1,0.0,1,400.0,22.0,0,0,0.0971970558167,0,94.0,2,13,-2.86539633251,-4.45864372401,5.3,0,11,-12,5.0,300.0
3.1,0.0,2,400.0,22.0,0,0,0.0970561504364,2,94.0,1,5,5.24605364197,0.754268642848,5.3,0,11,-12,5.0,300.0
3.1,0.0,2,400.0,22.0,0,-2,0.0971817970276,0,94.0,1,20,-2.86539633251,4.45864372401,5.3,0,11,-12,5.0,300.0
3.1,0.0,2,400.0,22.0,0,0,0.0970129966736,0,94.0,2,10,1.49318255126,-5.08531276016,5.3,0,11,-12,5.0,300.0
3.1,0.0,1,400.0,22.0,0,-1,0.0972518920898,-1,94.0,1,3,4.00547274408,3.47076188991,5.3,0,11,-12,5.0,300.0
3.1,0.0,2,400.0,22.0,0,1,0.0970659255981,1,94.0,2,19,-4.00547274408,3.47076188991,5.3,0,11,-12,5.0,300.0
3.1,0.0,1,400.0,22.0,0,1,0.0971901416779,0,94.0,2,12,-1.49318255126,-5.08531276016,5.3,0,11,-12,5.0,300.0
3.1,0.0,2,400.0,22.0,0,0,0.0970220565796,0,94.0,2,0,0.0,5.3,5.3,0,11,-12,5.0,300.0
3.1,0.0,2,400.0,22.0,0,0,0.0971970558167,0,94.0,1,6,5.24605364197,-0.754268642848,5.3,0,11,-12,5.0,300.0
3.1,0.0,2,400.0,22.0,0,-1,0.0970621109009,0,94.0,2,17,-5.24605364197,0.754268642848,5.3,0,11,-12,5.0,300.0
3.1,0.0,2,400.0,22.0,0,1,0.0970680713654,1,94.0,1,18,-4.82104957538,2.20169956891,5.3,0,11,-12,5.0,300.0
3.1,0.0,2,400.0,22.0,0,0,0.0971820354462,-1,94.0,1,0,0.0,5.3,5.3,0,11,-12,5.0,300.0
3.1,0.0,2,400.0,22.0,0,2,0.0970449447632,2,94.0,2,7,4.82104957538,-2.20169956891,5.3,0,11,-12,5.0,300.0
3.1,0.0,2,400.0,22.0,0,-2,0.0971760749817,0,94.0,2,11,6.49041367526e-16,-5.3,5.3,0,11,-12,5.0,300.0
3.1,0.0,2,400.0,22.0,0,-1,0.0971868038177,1,94.0,2,0,0.0,5.3,5.3,0,11,-12,5.0,300.0
3.1,0.0,1,400.0,22.0,0,1,0.0971479415894,0,94.0,1,11,6.49041367526e-16,-5.3,5.3,0,11,-12,5.0,300.0
3.1,0.0,1,400.0,22.0,0,-1,0.0971958637238,-1,94.0,1,21,-1.49318255126,5.08531276016,5.3,0,11,-12,5.0,300.0
3.1,0.0,2,400.0,22.0,0,-1,0.0971791744232,0,94.0,1,9,2.86539633251,-4.45864372401,5.3,0,11,-12,5.0,300.0
3.1,0.0,2,400.0,22.0,0,0,0.0971970558167,-1,94.0,1,17,-5.24605364197,0.754268642848,5.3,0,11,-12,5.0,300.0
3.1,0.0,2,400.0,22.0,0,0,0.0971901416779,-1,94.0,1,21,-1.49318255126,5.08531276016,5.3,0,11,-12,5.0,300.0
3.1,0.0,2,400.0,22.0,0,0,0.0972068309784,1,94.0,1,17,-5.24605364197,0.754268642848,5.3,0,11,-12,5.0,300.0
3.1,0.0,1,400.0,22.0,0,2,0.0971879959106,-1,94.0,1,9,2.86539633251,-4.45864372401,5.3,0,11,-12,5.0,300.0
3.1,0.0,1,400.0,22.0,0,0,0.0970098972321,0,94.0,2,14,-4.00547274408,-3.47076188991,5.3,0,11,-12,5.0,300.0
3.1,0.0,1,400.0,22.0,0,0,0.0971879959106,-2,94.0,1,12,-1.49318255126,-5.08531276016,5.3,0,11,-12,5.0,300.0
3.1,0.0,1,400.0,22.0,0,2,0.0970098972321,1,94.0,1,2,2.86539633251,4.45864372401,5.3,0,11,-12,5.0,300.0
3.1,0.0,1,400.0,22.0,0,0,0.0971848964691,0,94.0,2,7,4.82104957538,-2.20169956891,5.3,0,11,-12,5.0,300.0
3.1,0.0,1,400.0,22.0,0,2,0.0970439910889,2,94.0,2,3,4.00547274408,3.47076188991,5.3,0,11,-12,5.0,300.0
3.1,0.0,1,400.0,22.0,0,-1,0.0971891880035,-1,94.0,2,20,-2.86539633251,4.45864372401,5.3,0,11,-12,5.0,300.0
3.1,0.0,1,400.0,22.0,0,-1,0.0971941947937,-1,94.0,1,7,4.82104957538,-2.20169956891,5.3,0,11,-12,5.0,300.0
3.1,0.0,2,400.0,22.0,0,1,0.0971908569336,1,94.0,1,5,5.24605364197,0.754268642848,5.3,0,11,-12,5.0,300.0
3.1,0.0,2,400.0,22.0,0,-1,0.0970630645752,1,94.0,1,14,-4.00547274408,-3.47076188991,5.3,0,11,-12,5.0,300.0
3.1,0.0,2,400.0,22.0,0,0,0.0971779823303,-2,94.0,1,1,1.49318255126,5.08531276016,5.3,0,11,-12,5.0,300.0
3.1,0.0,1,400.0,22.0,0,0,0.0969989299774,2,94.0,1,7,4.82104957538,-2.20169956891,5.3,0,11,-12,5.0,300.0
3.1,0.0,2,400.0,22.0,0,0,0.0971839427948,1,94.0,1,3,4.00547274408,3.47076188991,5.3,0,11,-12,5.0,300.0
3.1,0.0,2,400.0,22.0,0,0,0.0970051288605,0,94.0,1,21,-1.49318255126,5.08531276016,5.3,0,11,-12,5.0,300.0
3.1,0.0,2,400.0,22.0,0,0,0.097195148468,0,94.0,1,16,-5.24605364197,-0.754268642848,5.3,0,11,-12,5.0,300.0
3.1,0.0,1,400.0,22.0,0,-2,0.0970041751862,-1,94.0,2,21,-1.49318255126,5.08531276016,5.3,0,11,-12,5.0,300.0
3.1,0.0,1,400.0,22.0,0,1,0.0971851348877,1,94.0,2,11,6.49041367526e-16,-5.3,5.3,0,11,-12,5.0,300.0
3.1,0.0,1,400.0,22.0,0,-2,0.0970439910889,-1,94.0,1,8,4.00547274408,-3.47076188991,5.3,0,11,-12,5.0,300.0
3.1,0.0,2,400.0,22.0,0,-1,0.0972118377686,0,94.0,2,18,-4.82104957538,2.20169956891,5.3,0,11,-12,5.0,300.0
3.1,0.0,2,400.0,22.0,0,1,0.0972030162811,0,94.0,1,18,-4.82104957538,2.20169956891,5.3,0,11,-12,5.0,300.0
3.1,0.0,2,400.0,22.0,0,1,0.097188949585,0,94.0,1,10,1.49318255126,-5.08531276016,5.3,0,11,-12,5.0,300.0
3.1,0.0,2,400.0,22.0,0,0,0.097216129303,0,94.0,1,7,4.82104957538,-2.20169956891,5.3,0,11,-12,5.0,300.0
3.1,0.0,2,400.0,22.0,0,1,0.0972030162811,-2,94.0,2,0,0.0,5.3,5.3,0,11,-12,5.0,300.0
3.1,0.0,2,400.0,22.0,0,-1,0.0971670150757,0,94.0,2,2,2.86539633251,4.45864372401,5.3,0,11,-12,5.0,300.0
3.1,0.0,2,400.0,22.0,0,0,0.0971801280975,1,94.0,2,6,5.24605364197,-0.754268642848,5.3,0,11,-12,5.0,300.0
3.1,0.0,2,400.0,22.0,0,0,0.0970540046692,-2,94.0,1,1,1.49318255126,5.08531276016,5.3,0,11,-12,5.0,300.0
3.1,0.0,2,400.0,22.0,0,-1,0.0972149372101,1,94.0,1,1,1.49318255126,5.08531276016,5.3,0,11,-12,5.0,300.0
3.1,0.0,2,400.0,22.0,0,0,0.0972080230713,0,94.0,1,5,5.24605364197,0.754268642848,5.3,0,11,-12,5.0,300.0
3.1,0.0,1,400.0,22.0,0,2,0.0972127914429,1,94.0,1,3,4.00547274408,3.47076188991,5.3,0,11,-12,5.0,300.0
3.1,0.0,2,400.0,22.0,0,2,0.0972239971161,-1,94.0,1,19,-4.00547274408,3.47076188991,5.3,0,11,-12,5.0,300.0
3.1,0.0,1,400.0,22.0,0,0,0.097198009491,0,94.0,2,3,4.00547274408,3.47076188991,5.3,0,11,-12,5.0,300.0
3.1,0.0,2,400.0,22.0,0,1,0.0972158908844,1,94.0,1,20,-2.86539633251,4.45864372401,5.3,0,11,-12,5.0,300.0
3.1,0.0,1,400.0,22.0,0,1,0.0972049236298,0,94.0,2,5,5.24605364197,0.754268642848,5.3,0,11,-12,5.0,300.0
3.1,0.0,1,400.0,22.0,0,0,0.0972039699554,1,94.0,2,11,6.49041367526e-16,-5.3,5.3,0,11,-12,5.0,300.0
3.1,0.0,2,400.0,22.0,0,-2,0.0972909927368,1,94.0,1,10,1.49318255126,-5.08531276016,5.3,0,11,-12,5.0,300.0
3.1,0.0,1,400.0,22.0,0,1,0.0971930027008,1,94.0,2,15,-4.82104957538,-2.20169956891,5.3,0,11,-12,5.0,300.0
3.1,0.0,1,400.0,22.0,0,0,0.0971858501434,-2,94.0,1,21,-1.49318255126,5.08531276016,5.3,0,11,-12,5.0,300.0
3.1,0.0,2,400.0,22.0,0,0,0.0970900058746,0,94.0,1,1,1.49318255126,5.08531276016,5.3,0,11,-12,5.0,300.0
3.1,0.0,2,400.0,22.0,0,-2,0.0972139835358,-2,94.0,2,14,-4.00547274408,-3.47076188991,5.3,0,11,-12,5.0,300.0
3.1,0.0,2,400.0,22.0,0,-1,0.0972020626068,0,94.0,2,16,-5.24605364197,-0.754268642848,5.3,0,11,-12,5.0,300.0
3.1,0.0,2,400.0,22.0,0,-2,0.097207069397,-1,94.0,2,9,2.86539633251,-4.45864372401,5.3,0,11,-12,5.0,300.0
3.1,0.0,2,400.0,22.0,0,1,0.0972149372101,1,94.0,1,13,-2.86539633251,-4.45864372401,5.3,0,11,-12,5.0,300.0
3.1,0.0,1,400.0,22.0,0,1,0.0972018241882,0,94.0,1,4,4.82104957538,2.20169956891,5.3,0,11,-12,5.0,300.0
3.1,0.0,2,400.0,22.0,0,1,0.0972208976746,2,94.0,2,14,-4.00547274408,-3.47076188991,5.3,0,11,-12,5.0,300.0
3.1,0.0,2,400.0,22.0,0,0,0.0972290039062,0,94.0,1,3,4.00547274408,3.47076188991,5.3,0,11,-12,5.0,300.0
3.1,0.0,2,400.0,22.0,0,-2,0.0972151756287,2,94.0,1,13,-2.86539633251,-4.45864372401,5.3,0,11,-12,5.0,300.0
3.1,0.0,2,400.0,22.0,0,1,0.0972008705139,1,94.0,1,5,5.24605364197,0.754268642848,5.3,0,11,-12,5.0,300.0
3.1,0.0,2,400.0,22.0,0,1,0.0972201824188,0,94.0,1,4,4.82104957538,2.20169956891,5.3,0,11,-12,5.0,300.0
3.1,0.0,1,400.0,22.0,0,2,0.0972149372101,-1,94.0,2,16,-5.24605364197,-0.754268642848,5.3,0,11,-12,5.0,300.0
3.1,0.0,2,400.0,22.0,0,1,0.097188949585,1,94.0,2,11,6.49041367526e-16,-5.3,5.3,0,11,-12,5.0,300.0
3.1,0.0,2,400.0,22.0,0,0,0.0972170829773,-1,94.0,1,2,2.86539633251,4.45864372401,5.3,0,11,-12,5.0,300.0
3.1,0.0,2,400.0,22.0,0,0,0.0972228050232,0,94.0,1,15,-4.82104957538,-2.20169956891,5.3,0,11,-12,5.0,300.0
3.1,0.0,2,400.0,22.0,0,0,0.0972149372101,-1,94.0,1,10,1.49318255126,-5.08531276016,5.3,0,11,-12,5.0,300.0
3.1,0.0,2,400.0,22.0,0,0,0.0973031520844,-1,94.0,1,7,4.82104957538,-2.20169956891,5.3,0,11,-12,5.0,300.0
3.1,0.0,1,400.0,22.0,0,0,0.0972158908844,0,94.0,2,14,-4.00547274408,-3.47076188991,5.3,0,11,-12,5.0,300.0
3.1,0.0,1,400.0,22.0,0,-1,0.0972149372101,-1,94.0,1,9,2.86539633251,-4.45864372401,5.3,0,11,-12,5.0,300.0
3.1,0.0,2,400.0,22.0,0,1,0.0972230434418,1,94.0,2,21,-1.49318255126,5.08531276016,5.3,0,11,-12,5.0,300.0
3.1,0.0,2,400.0,22.0,0,0,0.0972149372101,0,94.0,1,0,0.0,5.3,5.3,0,11,-12,5.0,300.0
3.1,0.0,2,400.0,22.0,0,-1,0.097226858139,2,94.0,1,18,-4.82104957538,2.20169956891,5.3,0,11,-12,5.0,300.0
3.1,0.0,2,400.0,22.0,0,0,0.0972149372101,1,94.0,1,1,1.49318255126,5.08531276016,5.3,0,11,-12,5.0,300.0
3.1,0.0,2,400.0,22.0,0,-2,0.0972201824188,0,94.0,1,17,-5.24605364197,0.754268642848,5.3,0,11,-12,5.0,300.0
3.1,0.0,2,400.0,22.0,0,2,0.0972039699554,0,94.0,1,17,-5.24605364197,0.754268642848,5.3,0,11,-12,5.0,300.0
3.1,0.0,2,400.0,22.0,0,1,0.0972390174866,1,94.0,1,12,-1.49318255126,-5.08531276016,5.3,0,11,-12,5.0,300.0
3.1,0.0,1,400.0,22.0,0,-2,0.0972189903259,0,94.0,1,16,-5.24605364197,-0.754268642848,5.3,0,11,-12,5.0,300.0
3.1,0.0,1,400.0,22.0,0,-2,0.0972101688385,-2,94.0,1,2,2.86539633251,4.45864372401,5.3,0,11,-12,5.0,300.0
3.1,0.0,1,400.0,22.0,0,0,0.0972049236298,0,94.0,2,6,5.24605364197,-0.754268642848,5.3,0,11,-12,5.0,300.0
3.1,0.0,2,400.0,22.0,0,1,0.0970749855042,0,94.0,1,16,-5.24605364197,-0.754268642848,5.3,0,11,-12,5.0,300.0
3.1,0.0,2,400.0,22.0,0,0,0.0971970558167,-1,94.0,1,13,-2.86539633251,-4.45864372401,5.3,0,11,-12,5.0,300.0
3.1,0.0,2,400.0,22.0,0,2,0.097207069397,1,94.0,1,7,4.82104957538,-2.20169956891,5.3,0,11,-12,5.0,300.0
3.1,0.0,2,400.0,22.0,0,1,0.097198009491,2,94.0,2,1,1.49318255126,5.08531276016,5.3,0,11,-12,5.0,300.0
3.1,0.0,2,400.0,22.0,0,1,0.0970931053162,0,94.0,2,5,5.24605364197,0.754268642848,5.3,0,11,-12,5.0,300.0
3.1,0.0,1,400.0,22.0,0,1,0.0972259044647,1,94.0,1,13,-2.86539633251,-4.45864372401,5.3,0,11,-12,5.0,300.0
3.1,0.0,2,400.0,22.0,0,0,0.0972039699554,-1,94.0,1,19,-4.00547274408,3.47076188991,5.3,0,11,-12,5.0,300.0
3.1,0.0,1,400.0,22.0,0,1,0.0972211360931,-1,94.0,2,20,-2.86539633251,4.45864372401,5.3,0,11,-12,5.0,300.0
3.1,0.0,1,400.0,22.0,0,0,0.0971899032593,0,94.0,1,9,2.86539633251,-4.45864372401,5.3,0,11,-12,5.0,300.0
3.1,0.0,1,400.0,22.0,0,-2,0.097198009491,-2,94.0,1,11,6.49041367526e-16,-5.3,5.3,0,11,-12,5.0,300.0
3.1,0.0,1,400.0,22.0,0,0,0.097216129303,-2,94.0,2,15,-4.82104957538,-2.20169956891,5.3,0,11,-12,5.0,300.0
3.1,0.0,2,400.0,22.0,0,1,0.0972111225128,0,94.0,1,0,0.0,5.3,5.3,0,11,-12,5.0,300.0
3.1,0.0,2,400.0,22.0,0,0,0.0970711708069,0,94.0,1,17,-5.24605364197,0.754268642848,5.3,0,11,-12,5.0,300.0
3.1,0.0,1,400.0,22.0,0,-2,0.0972051620483,2,94.0,2,12,-1.49318255126,-5.08531276016,5.3,0,11,-12,5.0,300.0
3.1,0.0,2,400.0,22.0,0,2,0.0970730781555,1,94.0,1,3,4.00547274408,3.47076188991,5.3,0,11,-12,5.0,300.0
3.1,0.0,2,400.0,22.0,0,0,0.0972280502319,0,94.0,1,5,5.24605364197,0.754268642848,5.3,0,11,-12,5.0,300.0
3.1,0.0,1,400.0,22.0,0,0,0.0970718860626,0,94.0,2,4,4.82104957538,2.20169956891,5.3,0,11,-12,5.0,300.0
3.1,0.0,2,400.0,22.0,0,0,0.0970778465271,0,94.0,2,2,2.86539633251,4.45864372401,5.3,0,11,-12,5.0,300.0
3.1,0.0,1,400.0,22.0,0,1,0.0971958637238,-2,94.0,1,20,-2.86539633251,4.45864372401,5.3,0,11,-12,5.0,300.0
3.1,0.0,1,400.0,22.0,0,0,0.0970442295074,0,94.0,1,5,5.24605364197,0.754268642848,5.3,0,11,-12,5.0,300.0
3.1,0.0,2,400.0,22.0,0,1,0.0972249507904,0,94.0,1,11,6.49041367526e-16,-5.3,5.3,0,11,-12,5.0,300.0
3.1,0.0,2,400.0,22.0,0,0,0.0972199440002,0,94.0,1,0,0.0,5.3,5.3,0,11,-12,5.0,300.0
3.1,0.0,1,400.0,22.0,0,-2,0.0970299243927,0,94.0,1,6,5.24605364197,-0.754268642848,5.3,0,11,-12,5.0,300.0
3.1,0.0,2,400.0,22.0,0,0,0.0972149372101,0,94.0,1,3,4.00547274408,3.47076188991,5.3,0,11,-12,5.0,300.0
3.1,0.0,1,400.0,22.0,0,0,0.0972018241882,1,94.0,1,5,5.24605364197,0.754268642848,5.3,0,11,-12,5.0,300.0
3.1,0.0,1,400.0,22.0,0,0,0.0972168445587,2,94.0,2,17,-5.24605364197,0.754268642848,5.3,0,11,-12,5.0,300.0
3.1,0.0,2,400.0,22.0,0,1,0.0972361564636,1,94.0,2,13,-2.86539633251,-4.45864372401,5.3,0,11,-12,5.0,300.0
3.1,0.0,2,400.0,22.0,0,2,0.0972321033478,-1,94.0,2,7,4.82104957538,-2.20169956891,5.3,0,11,-12,5.0,300.0
3.1,0.0,2,400.0,22.0,0,0,0.0970189571381,0,94.0,1,3,4.00547274408,3.47076188991,5.3,0,11,-12,5.0,300.0
3.1,0.0,2,400.0,22.0,0,0,0.0971939563751,0,94.0,1,16,-5.24605364197,-0.754268642848,5.3,0,11,-12,5.0,300.0
3.1,0.0,1,400.0,22.0,0,-2,0.0971071720123,-1,94.0,1,3,4.00547274408,3.47076188991,5.3,0,11,-12,5.0,300.0
3.1,0.0,2,400.0,22.0,0,-2,0.0972290039062,2,94.0,1,2,2.86539633251,4.45864372401,5.3,0,11,-12,5.0,300.0
3.1,0.0,2,400.0,22.0,0,-2,0.0972142219543,0,94.0,1,2,2.86539633251,4.45864372401,5.3,0,11,-12,5.0,300.0
3.1,0.0,1,400.0,22.0,0,-2,0.0972030162811,2,94.0,1,0,0.0,5.3,5.3,0,11,-12,5.0,300.0
3.1,0.0,2,400.0,22.0,0,0,0.0972030162811,0,94.0,2,8,4.00547274408,-3.47076188991,5.3,0,11,-12,5.0,300.0
3.1,0.0,2,400.0,22.0,0,0,0.097198009491,0,94.0,1,20,-2.86539633251,4.45864372401,5.3,0,11,-12,5.0,300.0
3.1,0.0,2,400.0,22.0,0,2,0.0972049236298,0,94.0,1,6,5.24605364197,-0.754268642848,5.3,0,11,-12,5.0,300.0
3.1,0.0,2,400.0,22.0,0,0,0.0972259044647,0,94.0,1,4,4.82104957538,2.20169956891,5.3,0,11,-12,5.0,300.0
3.1,0.0,1,400.0,22.0,0,1,0.097226858139,0,94.0,1,10,1.49318255126,-5.08531276016,5.3,0,11,-12,5.0,300.0
3.1,0.0,2,400.0,22.0,0,2,0.0972180366516,2,94.0,2,19,-4.00547274408,3.47076188991,5.3,0,11,-12,5.0,300.0
3.1,0.0,2,400.0,22.0,0,0,0.0972261428833,0,94.0,1,1,1.49318255126,5.08531276016,5.3,0,11,-12,5.0,300.0
3.1,0.0,1,400.0,22.0,0,-1,0.097188949585,0,94.0,1,18,-4.82104957538,2.20169956891,5.3,0,11,-12,5.0,300.0
3.1,0.0,2,400.0,22.0,0,2,0.097216129303,0,94.0,2,18,-4.82104957538,2.20169956891,5.3,0,11,-12,5.0,300.0
3.1,0.0,1,400.0,22.0,0,0,0.097188949585,-2,94.0,1,20,-2.86539633251,4.45864372401,5.3,0,11,-12,5.0,300.0
3.1,0.0,2,400.0,22.0,0,2,0.0972080230713,2,94.0,2,15,-4.82104957538,-2.20169956891,5.3,0,11,-12,5.0,300.0
3.1,0.0,2,400.0,22.0,0,0,0.0972130298615,0,94.0,1,21,-1.49318255126,5.08531276016,5.3,0,11,-12,5.0,300.0
3.1,0.0,2,400.0,22.0,0,-1,0.0972120761871,0,94.0,2,4,4.82104957538,2.20169956891,5.3,0,11,-12,5.0,300.0
3.1,0.0,1,400.0,22.0,0,0,0.0970451831818,0,94.0,2,5,5.24605364197,0.754268642848,5.3,0,11,-12,5.0,300.0
3.1,0.0,1,400.0,22.0,0,0,0.0972220897675,0,94.0,2,10,1.49318255126,-5.08531276016,5.3,0,11,-12,5.0,300.0
3.1,0.0,1,400.0,22.0,0,1,0.0972189903259,-2,94.0,2,20,-2.86539633251,4.45864372401,5.3,0,11,-12,5.0,300.0
3.1,0.0,2,400.0,22.0,0,0,0.0972080230713,0,94.0,1,3,4.00547274408,3.47076188991,5.3,0,11,-12,5.0,300.0
3.1,0.0,2,400.0,22.0,0,0,0.0972189903259,0,94.0,1,1,1.49318255126,5.08531276016,5.3,0,11,-12,5.0,300.0
3.1,0.0,2,400.0,22.0,0,-1,0.0972199440002,-1,94.0,1,2,2.86539633251,4.45864372401,5.3,0,11,-12,5.0,300.0
3.1,0.0,2,400.0,22.0,0,-1,0.0972220897675,-1,94.0,2,7,4.82104957538,-2.20169956891,5.3,0,11,-12,5.0,300.0
3.1,0.0,2,400.0,22.0,0,0,0.0970821380615,0,94.0,1,1,1.49318255126,5.08531276016,5.3,0,11,-12,5.0,300.0
3.1,0.0,2,400.0,22.0,0,2,0.0970408916473,2,94.0,2,13,-2.86539633251,-4.45864372401,5.3,0,11,-12,5.0,300.0
3.1,0.0,2,400.0,22.0,0,-1,0.0971899032593,-1,94.0,2,10,1.49318255126,-5.08531276016,5.3,0,11,-12,5.0,300.0
3.1,0.0,1,400.0,22.0,0,-1,0.0972101688385,-1,94.0,1,14,-4.00547274408,-3.47076188991,5.3,0,11,-12,5.0,300.0
3.1,0.0,2,400.0,22.0,0,1,0.0972039699554,2,94.0,1,12,-1.49318255126,-5.08531276016,5.3,0,11,-12,5.0,300.0
3.1,0.0,2,400.0,22.0,0,0,0.0972149372101,-1,94.0,1,0,0.0,5.3,5.3,0,11,-12,5.0,300.0
3.1,0.0,1,400.0,22.0,0,0,0.0972168445587,-1,94.0,1,15,-4.82104957538,-2.20169956891,5.3,0,11,-12,5.0,300.0
3.1,0.0,2,400.0,22.0,0,0,0.0972208976746,0,94.0,1,6,5.24605364197,-0.754268642848,5.3,0,11,-12,5.0,300.0
3.1,0.0,1,400.0,22.0,0,0,0.0971999168396,0,94.0,2,5,5.24605364197,0.754268642848,5.3,0,11,-12,5.0,300.0
3.1,0.0,1,400.0,22.0,0,0,0.0970520973206,2,94.0,2,13,-2.86539633251,-4.45864372401,5.3,0,11,-12,5.0,300.0
3.1,0.0,1,400.0,22.0,0,0,0.0970630645752,0,94.0,2,15,-4.82104957538,-2.20169956891,5.3,0,11,-12,5.0,300.0
3.1,0.0,1,400.0,22.0,0,1,0.0972139835358,0,94.0,1,15,-4.82104957538,-2.20169956891,5.3,0,11,-12,5.0,300.0
3.1,0.0,2,400.0,22.0,0,0,0.0972261428833,0,94.0,1,15,-4.82104957538,-2.20169956891,5.3,0,11,-12,5.0,300.0
3.1,0.0,2,400.0,22.0,0,1,0.0971870422363,0,94.0,2,12,-1.49318255126,-5.08531276016,5.3,0,11,-12,5.0,300.0
3.1,0.0,1,400.0,22.0,0,0,0.097060918808,1,94.0,1,1,1.49318255126,5.08531276016,5.3,0,11,-12,5.0,300.0
3.1,0.0,2,400.0,22.0,0,0,0.0970849990845,1,94.0,1,4,4.82104957538,2.20169956891,5.3,0,11,-12,5.0,300.0
3.1,0.0,2,400.0,22.0,0,0,0.0971801280975,0,94.0,1,2,2.86539633251,4.45864372401,5.3,0,11,-12,5.0,300.0
3.1,0.0,1,400.0,22.0,0,-2,0.0970849990845,-1,94.0,1,9,2.86539633251,-4.45864372401,5.3,0,11,-12,5.0,300.0
3.1,0.0,2,400.0,22.0,0,-2,0.0970599651337,0,94.0,2,15,-4.82104957538,-2.20169956891,5.3,0,11,-12,5.0,300.0
3.1,0.0,2,400.0,22.0,0,0,0.097177028656,0,94.0,2,8,4.00547274408,-3.47076188991,5.3,0,11,-12,5.0,300.0
3.1,0.0,2,400.0,22.0,0,1,0.097097158432,-1,94.0,2,2,2.86539633251,4.45864372401,5.3,0,11,-12,5.0,300.0
3.1,0.0,1,400.0,22.0,0,-1,0.097069978714,-2,94.0,2,8,4.00547274408,-3.47076188991,5.3,0,11,-12,5.0,300.0
3.1,0.0,1,400.0,22.0,0,1,0.0971720218658,-1,94.0,2,11,6.49041367526e-16,-5.3,5.3,0,11,-12,5.0,300.0
3.1,0.0,2,400.0,22.0,0,1,0.0970680713654,-2,94.0,1,20,-2.86539633251,4.45864372401,5.3,0,11,-12,5.0,300.0
3.1,0.0,2,400.0,22.0,0,1,0.0970349311829,1,94.0,1,14,-4.00547274408,-3.47076188991,5.3,0,11,-12,5.0,300.0
3.1,0.0,2,400.0,22.0,0,0,0.0971791744232,0,94.0,1,9,2.86539633251,-4.45864372401,5.3,0,11,-12,5.0,300.0
3.1,0.0,1,400.0,22.0,0,0,0.0970680713654,0,94.0,2,1,1.49318255126,5.08531276016,5.3,0,11,-12,5.0,300.0
3.1,0.0,2,400.0,22.0,0,0,0.0970299243927,1,94.0,2,18,-4.82104957538,2.20169956891,5.3,0,11,-12,5.0,300.0
3.1,0.0,1,400.0,22.0,0,0,0.0971739292145,-1,94.0,1,4,4.82104957538,2.20169956891,5.3,0,11,-12,5.0,300.0
3.1,0.0,2,400.0,22.0,0,1,0.097039937973,-1,94.0,1,14,-4.00547274408,-3.47076188991,5.3,0,11,-12,5.0,300.0
3.1,0.0,1,400.0,22.0,0,2,0.097195148468,2,94.0,1,9,2.86539633251,-4.45864372401,5.3,0,11,-12,5.0,300.0
3.1,0.0,1,400.0,22.0,0,2,0.0970430374146,-1,94.0,2,21,-1.49318255126,5.08531276016,5.3,0,11,-12,5.0,300.0
3.1,0.0,2,400.0,22.0,0,0,0.0972120761871,1,94.0,2,14,-4.00547274408,-3.47076188991,5.3,0,11,-12,5.0,300.0
3.1,0.0,1,400.0,22.0,0,2,0.0971720218658,1,94.0,1,2,2.86539633251,4.45864372401,5.3,0,11,-12,5.0,300.0
3.1,0.0,2,400.0,22.0,0,0,0.0970380306244,0,94.0,1,1,1.49318255126,5.08531276016,5.3,0,11,-12,5.0,300.0
3.1,0.0,1,400.0,22.0,0,0,0.0971689224243,0,94.0,2,3,4.00547274408,3.47076188991,5.3,0,11,-12,5.0,300.0
3.1,0.0,2,400.0,22.0,0,-2,0.0970370769501,-1,94.0,2,12,-1.49318255126,-5.08531276016,5.3,0,11,-12,5.0,300.0
3.1,0.0,2,400.0,22.0,0,-2,0.0971710681915,0,94.0,1,3,4.00547274408,3.47076188991,5.3,0,11,-12,5.0,300.0
3.1,0.0,1,400.0,22.0,0,2,0.0970361232758,1,94.0,1,14,-4.00547274408,-3.47076188991,5.3,0,11,-12,5.0,300.0
3.1,0.0,1,400.0,22.0,0,-1,0.0973320007324,-1,94.0,1,12,-1.49318255126,-5.08531276016,5.3,0,11,-12,5.0,300.0
3.1,0.0,2,400.0,22.0,0,2,0.0971870422363,-1,94.0,1,9,2.86539633251,-4.45864372401,5.3,0,11,-12,5.0,300.0
3.1,0.0,2,400.0,22.0,0,0,0.0970480442047,0,94.0,1,2,2.86539633251,4.45864372401,5.3,0,11,-12,5.0,300.0
3.1,0.0,2,400.0,22.0,0,0,0.0970358848572,0,94.0,1,0,0.0,5.3,5.3,0,11,-12,5.0,300.0
3.1,0.0,2,400.0,22.0,0,1,0.0970919132233,0,94.0,1,20,-2.86539633251,4.45864372401,5.3,0,11,-12,5.0,300.0
3.1,0.0,1,400.0,22.0,0,2,0.0972030162811,-1,94.0,2,15,-4.82104957538,-2.20169956891,5.3,0,11,-12,5.0,300.0
3.1,0.0,2,400.0,22.0,0,-2,0.0971820354462,-2,94.0,1,9,2.86539633251,-4.45864372401,5.3,0,11,-12,5.0,300.0
3.1,0.0,1,400.0,22.0,0,0,0.0970778465271,0,94.0,2,0,0.0,5.3,5.3,0,11,-12,5.0,300.0
3.1,0.0,1,400.0,22.0,0,-2,0.0971949100494,-2,94.0,1,20,-2.86539633251,4.45864372401,5.3,0,11,-12,5.0,300.0
3.1,0.0,2,400.0,22.0,0,1,0.0970571041107,-2,94.0,2,6,5.24605364197,-0.754268642848,5.3,0,11,-12,5.0,300.0
3.1,0.0,1,400.0,22.0,0,2,0.0971801280975,1,94.0,2,19,-4.00547274408,3.47076188991,5.3,0,11,-12,5.0,300.0
3.1,0.0,2,400.0,22.0,0,-1,0.0970320701599,0,94.0,2,19,-4.00547274408,3.47076188991,5.3,0,11,-12,5.0,300.0
3.1,0.0,2,400.0,22.0,0,0,0.0972099304199,0,94.0,1,20,-2.86539633251,4.45864372401,5.3,0,11,-12,5.0,300.0
3.1,0.0,1,400.0,22.0,0,0,0.0971820354462,0,94.0,1,1,1.49318255126,5.08531276016,5.3,0,11,-12,5.0,300.0
3.1,0.0,2,400.0,22.0,0,1,0.0970351696014,0,94.0,1,3,4.00547274408,3.47076188991,5.3,0,11,-12,5.0,300.0
3.1,0.0,2,400.0,22.0,0,-2,0.0970330238342,0,94.0,2,17,-5.24605364197,0.754268642848,5.3,0,11,-12,5.0,300.0
3.1,0.0,2,400.0,22.0,0,0,0.0971829891205,0,94.0,1,4,4.82104957538,2.20169956891,5.3,0,11,-12,5.0,300.0
3.1,0.0,2,400.0,22.0,0,0,0.0970289707184,0,94.0,1,21,-1.49318255126,5.08531276016,5.3,0,11,-12,5.0,300.0
3.1,0.0,2,400.0,22.0,0,1,0.0972001552582,1,94.0,1,14,-4.00547274408,-3.47076188991,5.3,0,11,-12,5.0,300.0
3.1,0.0,2,400.0,22.0,0,0,0.0971879959106,-1,94.0,1,6,5.24605364197,-0.754268642848,5.3,0,11,-12,5.0,300.0
3.1,0.0,1,400.0,22.0,0,0,0.0970778465271,0,94.0,1,9,2.86539633251,-4.45864372401,5.3,0,11,-12,5.0,300.0
3.1,0.0,2,400.0,22.0,0,0,0.0971879959106,0,94.0,1,0,0.0,5.3,5.3,0,11,-12,5.0,300.0
3.1,0.0,2,400.0,22.0,0,-1,0.0970370769501,0,94.0,2,17,-5.24605364197,0.754268642848,5.3,0,11,-12,5.0,300.0
3.1,0.0,2,400.0,22.0,0,-1,0.0971760749817,0,94.0,1,8,4.00547274408,-3.47076188991,5.3,0,11,-12,5.0,300.0
3.1,0.0,1,400.0,22.0,0,-1,0.0971829891205,0,94.0,2,1,1.49318255126,5.08531276016,5.3,0,11,-12,5.0,300.0
3.1,0.0,1,400.0,22.0,0,-1,0.0970389842987,-1,94.0,1,19,-4.00547274408,3.47076188991,5.3,0,11,-12,5.0,300.0
3.1,0.0,2,400.0,22.0,0,0,0.0971760749817,0,94.0,1,21,-1.49318255126,5.08531276016,5.3,0,11,-12,5.0,300.0
3.1,0.0,1,400.0,22.0,0,-1,0.0972321033478,-1,94.0,1,11,6.49041367526e-16,-5.3,5.3,0,11,-12,5.0,300.0
3.1,0.0,2,400.0,22.0,0,1,0.0970330238342,0,94.0,2,3,4.00547274408,3.47076188991,5.3,0,11,-12,5.0,300.0
3.1,0.0,2,400.0,22.0,0,0,0.0971670150757,0,94.0,1,3,4.00547274408,3.47076188991,5.3,0,11,-12,5.0,300.0
3.1,0.0,1,400.0,22.0,0,-1,0.0971820354462,2,94.0,2,9,2.86539633251,-4.45864372401,5.3,0,11,-12,5.0,300.0
3.1,0.0,1,400.0,22.0,0,0,0.0970377922058,-2,94.0,2,13,-2.86539633251,-4.45864372401,5.3,0,11,-12,5.0,300.0
3.1,0.0,2,400.0,22.0,0,0,0.097177028656,2,94.0,2,1,1.49318255126,5.08531276016,5.3,0,11,-12,5.0,300.0
3.1,0.0,2,400.0,22.0,0,-1,0.0970380306244,-1,94.0,1,8,4.00547274408,-3.47076188991,5.3,0,11,-12,5.0,300.0
3.1,0.0,2,400.0,22.0,0,1,0.0970718860626,1,94.0,1,2,2.86539633251,4.45864372401,5.3,0,11,-12,5.0,300.0
3.1,0.0,2,400.0,22.0,0,0,0.0970349311829,0,94.0,1,0,0.0,5.3,5.3,0,11,-12,5.0,300.0
3.1,0.0,2,400.0,22.0,0,-2,0.0972690582275,-1,94.0,1,18,-4.82104957538,2.20169956891,5.3,0,11,-12,5.0,300.0
3.1,0.0,1,400.0,22.0,0,0,0.0972437858582,2,94.0,1,6,5.24605364197,-0.754268642848,5.3,0,11,-12,5.0,300.0
3.1,0.0,2,400.0,22.0,0,-1,0.0971779823303,0,94.0,2,9,2.86539633251,-4.45864372401,5.3,0,11,-12,5.0,300.0
3.1,0.0,2,400.0,22.0,0,-2,0.0971841812134,0,94.0,2,17,-5.24605364197,0.754268642848,5.3,0,11,-12,5.0,300.0
3.1,0.0,2,400.0,22.0,0,-2,0.0972108840942,1,94.0,2,21,-1.49318255126,5.08531276016,5.3,0,11,-12,5.0,300.0
3.1,0.0,2,400.0,22.0,0,0,0.0971810817719,0,94.0,1,0,0.0,5.3,5.3,0,11,-12,5.0,300.0
3.1,0.0,2,400.0,22.0,0,-1,0.0970289707184,-1,94.0,1,7,4.82104957538,-2.20169956891,5.3,0,11,-12,5.0,300.0
3.1,0.0,1,400.0,22.0,0,0,0.0972709655762,-1,94.0,1,1,1.49318255126,5.08531276016,5.3,0,11,-12,5.0,300.0
3.1,0.0,2,400.0,22.0,0,2,0.0970339775085,-1,94.0,1,12,-1.49318255126,-5.08531276016,5.3,0,11,-12,5.0,300.0
3.1,0.0,1,400.0,22.0,0,1,0.0971729755402,-1,94.0,1,7,4.82104957538,-2.20169956891,5.3,0,11,-12,5.0,300.0
3.1,0.0,1,400.0,22.0,0,0,0.0970370769501,-1,94.0,2,14,-4.00547274408,-3.47076188991,5.3,0,11,-12,5.0,300.0
3.1,0.0,1,400.0,22.0,0,-1,0.0972049236298,0,94.0,2,12,-1.49318255126,-5.08531276016,5.3,0,11,-12,5.0,300.0
3.1,0.0,2,400.0,22.0,0,0,0.0974440574646,1,94.0,1,19,-4.00547274408,3.47076188991,5.3,0,11,-12,5.0,300.0
3.1,0.0,1,400.0,22.0,0,-1,0.0971920490265,-1,94.0,1,10,1.49318255126,-5.08531276016,5.3,0,11,-12,5.0,300.0
3.1,0.0,2,400.0,22.0,0,0,0.0970408916473,0,94.0,1,6,5.24605364197,-0.754268642848,5.3,0,11,-12,5.0,300.0
3.1,0.0,1,400.0,22.0,0,0,0.09716796875,0,94.0,2,5,5.24605364197,0.754268642848,5.3,0,11,-12,5.0,300.0
3.1,0.0,2,400.0,22.0,0,0,0.0971879959106,0,94.0,1,0,0.0,5.3,5.3,0,11,-12,5.0,300.0
3.1,0.0,1,400.0,22.0,0,2,0.0971848964691,0,94.0,1,6,5.24605364197,-0.754268642848,5.3,0,11,-12,5.0,300.0
3.1,0.0,2,400.0,22.0,0,0,0.0970368385315,0,94.0,1,4,4.82104957538,2.20169956891,5.3,0,11,-12,5.0,300.0
3.1,0.0,2,400.0,22.0,0,-2,0.0971930027008,2,94.0,2,1,1.49318255126,5.08531276016,5.3,0,11,-12,5.0,300.0
3.1,0.0,1,400.0,22.0,0,-2,0.0970280170441,1,94.0,2,20,-2.86539633251,4.45864372401,5.3,0,11,-12,5.0,300.0
3.1,0.0,2,400.0,22.0,0,0,0.0973250865936,0,94.0,1,5,5.24605364197,0.754268642848,5.3,0,11,-12,5.0,300.0
3.1,0.0,2,400.0,22.0,0,1,0.0970928668976,1,94.0,2,12,-1.49318255126,-5.08531276016,5.3,0,11,-12,5.0,300.0
3.1,0.0,2,400.0,22.0,0,0,0.0971839427948,0,94.0,2,12,-1.49318255126,-5.08531276016,5.3,0,11,-12,5.0,300.0
3.1,0.0,2,400.0,22.0,0,-1,0.0970239639282,-1,94.0,2,11,6.49041367526e-16,-5.3,5.3,0,11,-12,5.0,300.0
3.1,0.0,1,400.0,22.0,0,-2,0.0971789360046,-1,94.0,1,16,-5.24605364197,-0.754268642848,5.3,0,11,-12,5.0,300.0
3.1,0.0,2,400.0,22.0,0,1,0.0970249176025,-1,94.0,1,2,2.86539633251,4.45864372401,5.3,0,11,-12,5.0,300.0
3.1,0.0,2,400.0,22.0,0,0,0.0971701145172,-2,94.0,1,18,-4.82104957538,2.20169956891,5.3,0,11,-12,5.0,300.0
3.1,0.0,2,400.0,22.0,0,1,0.0970270633698,1,94.0,1,1,1.49318255126,5.08531276016,5.3,0,11,-12,5.0,300.0
3.1,0.0,2,400.0,22.0,0,-1,0.097188949585,0,94.0,1,11,6.49041367526e-16,-5.3,5.3,0,11,-12,5.0,300.0
3.1,0.0,1,400.0,22.0,0,-2,0.0970339775085,-1,94.0,2,21,-1.49318255126,5.08531276016,5.3,0,11,-12,5.0,300.0
3.1,0.0,1,400.0,22.0,0,1,0.0972058773041,2,94.0,2,3,4.00547274408,3.47076188991,5.3,0,11,-12,5.0,300.0
3.1,0.0,2,400.0,22.0,0,0,0.097186088562,0,94.0,1,15,-4.82104957538,-2.20169956891,5.3,0,11,-12,5.0,300.0
3.1,0.0,1,400.0,22.0,0,0,0.0970330238342,-2,94.0,1,11,6.49041367526e-16,-5.3,5.3,0,11,-12,5.0,300.0
3.1,0.0,1,400.0,22.0,0,0,0.0972430706024,-1,94.0,2,9,2.86539633251,-4.45864372401,5.3,0,11,-12,5.0,300.0
3.1,0.0,2,400.0,22.0,0,0,0.0971841812134,0,94.0,1,16,-5.24605364197,-0.754268642848,5.3,0,11,-12,5.0,300.0
3.1,0.0,2,400.0,22.0,0,2,0.0970261096954,0,94.0,1,10,1.49318255126,-5.08531276016,5.3,0,11,-12,5.0,300.0
3.1,0.0,2,400.0,22.0,0,0,0.0971808433533,0,94.0,1,17,-5.24605364197,0.754268642848,5.3,0,11,-12,5.0,300.0
3.1,0.0,2,400.0,22.0,0,-1,0.0970320701599,-2,94.0,2,17,-5.24605364197,0.754268642848,5.3,0,11,-12,5.0,300.0
3.1,0.0,2,400.0,22.0,0,1,0.0970389842987,0,94.0,1,0,0.0,5.3,5.3,0,11,-12,5.0,300.0
3.1,0.0,2,400.0,22.0,0,0,0.0971839427948,0,94.0,1,5,5.24605364197,0.754268642848,5.3,0,11,-12,5.0,300.0
3.1,0.0,2,400.0,22.0,0,-1,0.0970189571381,-1,94.0,2,9,2.86539633251,-4.45864372401,5.3,0,11,-12,5.0,300.0
3.1,0.0,2,400.0,22.0,0,0,0.0972030162811,0,94.0,1,21,-1.49318255126,5.08531276016,5.3,0,11,-12,5.0,300.0
3.1,0.0,2,400.0,22.0,0,0,0.0971748828888,1,94.0,2,5,5.24605364197,0.754268642848,5.3,0,11,-12,5.0,300.0
3.1,0.0,2,400.0,22.0,0,-1,0.0970199108124,0,94.0,1,9,2.86539633251,-4.45864372401,5.3,0,11,-12,5.0,300.0
3.1,0.0,1,400.0,22.0,0,0,0.0971829891205,0,94.0,2,18,-4.82104957538,2.20169956891,5.3,0,11,-12,5.0,300.0
3.1,0.0,2,400.0,22.0,0,1,0.0970211029053,2,94.0,1,1,1.49318255126,5.08531276016,5.3,0,11,-12,5.0,300.0
3.1,0.0,2,400.0,22.0,0,0,0.0970268249512,0,94.0,2,15,-4.82104957538,-2.20169956891,5.3,0,11,-12,5.0,300.0
3.1,0.0,2,400.0,22.0,0,0,0.0970261096954,1,94.0,2,5,5.24605364197,0.754268642848,5.3,0,11,-12,5.0,300.0
3.1,0.0,2,400.0,22.0,0,-1,0.0971879959106,0,94.0,1,5,5.24605364197,0.754268642848,5.3,0,11,-12,5.0,300.0
3.1,0.0,2,400.0,22.0,0,0,0.0970139503479,1,94.0,1,10,1.49318255126,-5.08531276016,5.3,0,11,-12,5.0,300.0
3.1,0.0,2,400.0,22.0,0,0,0.0971529483795,0,94.0,1,7,4.82104957538,-2.20169956891,5.3,0,11,-12,5.0,300.0
3.1,0.0,2,400.0,22.0,0,0,0.0972630977631,0,94.0,1,4,4.82104957538,2.20169956891,5.3,0,11,-12,5.0,300.0
3.1,0.0,2,400.0,22.0,0,0,0.0971729755402,0,94.0,1,6,5.24605364197,-0.754268642848,5.3,0,11,-12,5.0,300.0
3.1,0.0,1,400.0,22.0,0,-2,0.097177028656,-2,94.0,1,14,-4.00547274408,-3.47076188991,5.3,0,11,-12,5.0,300.0
3.1,0.0,1,400.0,22.0,0,-1,0.0970358848572,0,94.0,1,5,5.24605364197,0.754268642848,5.3,0,11,-12,5.0,300.0
3.1,0.0,2,400.0,22.0,0,1,0.0971839427948,-2,94.0,1,20,-2.86539633251,4.45864372401,5.3,0,11,-12,5.0,300.0
3.1,0.0,1,400.0,22.0,0,-1,0.097186088562,-1,94.0,2,8,4.00547274408,-3.47076188991,5.3,0,11,-12,5.0,300.0
3.1,0.0,2,400.0,22.0,0,0,0.0972120761871,0,94.0,1,7,4.82104957538,-2.20169956891,5.3,0,11,-12,5.0,300.0
3.1,0.0,1,400.0,22.0,0,1,0.0970330238342,1,94.0,1,20,-2.86539633251,4.45864372401,5.3,0,11,-12,5.0,300.0
3.1,0.0,2,400.0,22.0,0,0,0.0971848964691,1,94.0,2,19,-4.00547274408,3.47076188991,5.3,0,11,-12,5.0,300.0
3.1,0.0,2,400.0,22.0,0,-1,0.0971949100494,-2,94.0,1,8,4.00547274408,-3.47076188991,5.3,0,11,-12,5.0,300.0
3.1,0.0,2,400.0,22.0,0,1,0.0971848964691,0,94.0,1,3,4.00547274408,3.47076188991,5.3,0,11,-12,5.0,300.0
3.1,0.0,2,400.0,22.0,0,1,0.0971670150757,1,94.0,2,20,-2.86539633251,4.45864372401,5.3,0,11,-12,5.0,300.0
3.1,0.0,2,400.0,22.0,0,-1,0.0972089767456,-1,94.0,2,10,1.49318255126,-5.08531276016,5.3,0,11,-12,5.0,300.0
3.1,0.0,2,400.0,22.0,0,1,0.097198009491,1,94.0,1,21,-1.49318255126,5.08531276016,5.3,0,11,-12,5.0,300.0
3.1,0.0,1,400.0,22.0,0,1,0.0971839427948,2,94.0,1,10,1.49318255126,-5.08531276016,5.3,0,11,-12,5.0,300.0
3.1,0.0,2,400.0,22.0,0,-1,0.0971879959106,-1,94.0,1,4,4.82104957538,2.20169956891,5.3,0,11,-12,5.0,300.0
3.1,0.0,1,400.0,22.0,0,-1,0.0972030162811,-2,94.0,2,8,4.00547274408,-3.47076188991,5.3,0,11,-12,5.0,300.0
3.1,0.0,1,400.0,22.0,0,1,0.097188949585,1,94.0,1,11,6.49041367526e-16,-5.3,5.3,0,11,-12,5.0,300.0
3.1,0.0,2,400.0,22.0,0,-1,0.0971899032593,0,94.0,2,16,-5.24605364197,-0.754268642848,5.3,0,11,-12,5.0,300.0
3.1,0.0,2,400.0,22.0,0,-1,0.0972030162811,0,94.0,1,17,-5.24605364197,0.754268642848,5.3,0,11,-12,5.0,300.0
3.1,0.0,2,400.0,22.0,0,0,0.0972011089325,0,94.0,1,20,-2.86539633251,4.45864372401,5.3,0,11,-12,5.0,300.0
