cue-length,ms-precue,resp-v-hv,ms-st-cue,nitems,offset2,resp-h-pos,actualStimOn,resp-v-pos,ms-stimon,resp-h-hv,cue-loc-int,cue-loc-x,cue-loc-y,radius,bars-or-spot,version,offset,npractice,ntrials
3.1,0.0,2,400.0,22.0,0,0,0.100134849548,2,94.0,2,20,-2.86539633251,4.45864372401,5.3,3.0,2,5,5.0,400.0
3.1,0.0,1,400.0,22.0,0,2,0.100390911102,-1,94.0,1,4,4.82104957538,2.20169956891,5.3,3.0,2,5,5.0,400.0
3.1,0.0,2,400.0,22.0,0,1,0.100080013275,2,94.0,1,1,1.49318255126,5.08531276016,5.3,3.0,2,5,5.0,400.0
3.1,0.0,2,400.0,22.0,0,0,0.100138902664,0,94.0,1,18,-4.82104957538,2.20169956891,5.3,3.0,2,5,5.0,400.0
3.1,0.0,1,400.0,22.0,0,0,0.100107192993,-2,94.0,1,17,-5.24605364197,0.754268642848,5.3,3.0,2,5,5.0,400.0
3.1,0.0,2,400.0,22.0,0,0,0.100149154663,1,94.0,1,13,-2.86539633251,-4.45864372401,5.3,3.0,2,5,5.0,400.0
3.1,0.0,2,400.0,22.0,0,0,0.100063085556,-1,94.0,1,2,2.86539633251,4.45864372401,5.3,3.0,2,5,5.0,400.0
3.1,0.0,2,400.0,22.0,0,0,0.100134134293,0,94.0,1,17,-5.24605364197,0.754268642848,5.3,3.0,2,5,5.0,400.0
3.1,0.0,2,400.0,22.0,0,1,0.100162982941,1,94.0,1,20,-2.86539633251,4.45864372401,5.3,3.0,2,5,5.0,400.0
3.1,0.0,2,400.0,22.0,0,1,0.100095033646,0,94.0,2,16,-5.24605364197,-0.754268642848,5.3,3.0,2,5,5.0,400.0
3.1,0.0,1,400.0,22.0,0,0,0.100158214569,-2,94.0,1,4,4.82104957538,2.20169956891,5.3,3.0,2,5,5.0,400.0
3.1,0.0,1,400.0,22.0,0,0,0.100142002106,2,94.0,1,3,4.00547274408,3.47076188991,5.3,3.0,2,5,5.0,400.0
3.1,0.0,2,400.0,22.0,0,0,0.100129127502,1,94.0,1,18,-4.82104957538,2.20169956891,5.3,3.0,2,5,5.0,400.0
3.1,0.0,2,400.0,22.0,0,0,0.100162029266,-2,94.0,1,15,-4.82104957538,-2.20169956891,5.3,3.0,2,5,5.0,400.0
3.1,0.0,2,400.0,22.0,0,2,0.100902080536,2,94.0,1,16,-5.24605364197,-0.754268642848,5.3,3.0,2,5,5.0,400.0
3.1,0.0,2,400.0,22.0,0,0,0.100131988525,1,94.0,1,7,4.82104957538,-2.20169956891,5.3,3.0,2,5,5.0,400.0
3.1,0.0,2,400.0,22.0,0,0,0.100145101547,0,94.0,2,20,-2.86539633251,4.45864372401,5.3,3.0,2,5,5.0,400.0
3.1,0.0,2,400.0,22.0,0,0,0.100095033646,1,94.0,1,2,2.86539633251,4.45864372401,5.3,3.0,2,5,5.0,400.0
3.1,0.0,2,400.0,22.0,0,0,0.100086927414,0,94.0,1,4,4.82104957538,2.20169956891,5.3,3.0,2,5,5.0,400.0
3.1,0.0,2,400.0,22.0,0,0,0.100090026855,0,94.0,1,15,-4.82104957538,-2.20169956891,5.3,3.0,2,5,5.0,400.0
3.1,0.0,2,400.0,22.0,0,-2,0.100084066391,0,94.0,1,8,4.00547274408,-3.47076188991,5.3,3.0,2,5,5.0,400.0
3.1,0.0,1,400.0,22.0,0,1,0.100134134293,-1,94.0,1,2,2.86539633251,4.45864372401,5.3,3.0,2,5,5.0,400.0
3.1,0.0,1,400.0,22.0,0,0,0.100078105927,-1,94.0,2,10,1.49318255126,-5.08531276016,5.3,3.0,2,5,5.0,400.0
3.1,0.0,2,400.0,22.0,0,0,0.100182056427,-1,94.0,1,7,4.82104957538,-2.20169956891,5.3,3.0,2,5,5.0,400.0
3.1,0.0,1,400.0,22.0,0,0,0.100148916245,2,94.0,1,11,6.49041367526e-16,-5.3,5.3,3.0,2,5,5.0,400.0
3.1,0.0,2,400.0,22.0,0,0,0.10018992424,-1,94.0,1,3,4.00547274408,3.47076188991,5.3,3.0,2,5,5.0,400.0
3.1,0.0,2,400.0,22.0,0,1,0.10009098053,2,94.0,1,12,-1.49318255126,-5.08531276016,5.3,3.0,2,5,5.0,400.0
3.1,0.0,1,400.0,22.0,0,-2,0.100124835968,0,94.0,2,0,0.0,5.3,5.3,3.0,2,5,5.0,400.0
3.1,0.0,2,400.0,22.0,0,-1,0.100136995316,0,94.0,1,14,-4.00547274408,-3.47076188991,5.3,3.0,2,5,5.0,400.0
3.1,0.0,2,400.0,22.0,0,0,0.100166082382,0,94.0,1,4,4.82104957538,2.20169956891,5.3,3.0,2,5,5.0,400.0
3.1,0.0,2,400.0,22.0,0,2,0.10012793541,2,94.0,1,9,2.86539633251,-4.45864372401,5.3,3.0,2,5,5.0,400.0
3.1,0.0,1,400.0,22.0,0,-2,0.10011100769,-2,94.0,2,11,6.49041367526e-16,-5.3,5.3,3.0,2,5,5.0,400.0
3.1,0.0,2,400.0,22.0,0,0,0.10012793541,0,94.0,1,15,-4.82104957538,-2.20169956891,5.3,3.0,2,5,5.0,400.0
3.1,0.0,2,400.0,22.0,0,-2,0.100052833557,2,94.0,2,6,5.24605364197,-0.754268642848,5.3,3.0,2,5,5.0,400.0
3.1,0.0,1,400.0,22.0,0,0,0.100096940994,1,94.0,1,10,1.49318255126,-5.08531276016,5.3,3.0,2,5,5.0,400.0
3.1,0.0,2,400.0,22.0,0,1,0.100128889084,1,94.0,1,15,-4.82104957538,-2.20169956891,5.3,3.0,2,5,5.0,400.0
3.1,0.0,2,400.0,22.0,0,-2,0.10014796257,0,94.0,2,9,2.86539633251,-4.45864372401,5.3,3.0,2,5,5.0,400.0
3.1,0.0,1,400.0,22.0,0,0,0.100108861923,2,94.0,1,19,-4.00547274408,3.47076188991,5.3,3.0,2,5,5.0,400.0
3.1,0.0,2,400.0,22.0,0,0,0.100121974945,-2,94.0,1,14,-4.00547274408,-3.47076188991,5.3,3.0,2,5,5.0,400.0
3.1,0.0,2,400.0,22.0,0,2,0.100092172623,-2,94.0,1,21,-1.49318255126,5.08531276016,5.3,3.0,2,5,5.0,400.0
3.1,0.0,2,400.0,22.0,0,0,0.100125074387,0,94.0,1,4,4.82104957538,2.20169956891,5.3,3.0,2,5,5.0,400.0
3.1,0.0,1,400.0,22.0,0,0,0.10013794899,2,94.0,1,4,4.82104957538,2.20169956891,5.3,3.0,2,5,5.0,400.0
3.1,0.0,2,400.0,22.0,0,2,0.100127220154,0,94.0,1,4,4.82104957538,2.20169956891,5.3,3.0,2,5,5.0,400.0
3.1,0.0,2,400.0,22.0,0,-2,0.100092887878,-1,94.0,2,12,-1.49318255126,-5.08531276016,5.3,3.0,2,5,5.0,400.0
3.1,0.0,1,400.0,22.0,0,0,0.100064992905,1,94.0,1,0,0.0,5.3,5.3,3.0,2,5,5.0,400.0
3.1,0.0,2,400.0,22.0,0,0,0.10014295578,0,94.0,1,7,4.82104957538,-2.20169956891,5.3,3.0,2,5,5.0,400.0
3.1,0.0,2,400.0,22.0,0,2,0.100129842758,-1,94.0,1,14,-4.00547274408,-3.47076188991,5.3,3.0,2,5,5.0,400.0
3.1,0.0,1,400.0,22.0,0,2,0.100075960159,0,94.0,2,7,4.82104957538,-2.20169956891,5.3,3.0,2,5,5.0,400.0
3.1,0.0,2,400.0,22.0,0,-2,0.100181102753,-1,94.0,1,14,-4.00547274408,-3.47076188991,5.3,3.0,2,5,5.0,400.0
3.1,0.0,2,400.0,22.0,0,-2,0.100104808807,0,94.0,2,7,4.82104957538,-2.20169956891,5.3,3.0,2,5,5.0,400.0
3.1,0.0,2,400.0,22.0,0,0,0.100133180618,1,94.0,2,12,-1.49318255126,-5.08531276016,5.3,3.0,2,5,5.0,400.0
3.1,0.0,2,400.0,22.0,0,0,0.10012793541,0,94.0,1,10,1.49318255126,-5.08531276016,5.3,3.0,2,5,5.0,400.0
3.1,0.0,2,400.0,22.0,0,0,0.100090026855,1,94.0,1,16,-5.24605364197,-0.754268642848,5.3,3.0,2,5,5.0,400.0
3.1,0.0,2,400.0,22.0,0,-1,0.100076198578,0,94.0,1,5,5.24605364197,0.754268642848,5.3,3.0,2,5,5.0,400.0
3.1,0.0,2,400.0,22.0,0,0,0.100101947784,0,94.0,1,16,-5.24605364197,-0.754268642848,5.3,3.0,2,5,5.0,400.0
3.1,0.0,2,400.0,22.0,0,0,0.100162982941,-1,94.0,1,9,2.86539633251,-4.45864372401,5.3,3.0,2,5,5.0,400.0
3.1,0.0,2,400.0,22.0,0,0,0.10010099411,2,94.0,1,11,6.49041367526e-16,-5.3,5.3,3.0,2,5,5.0,400.0
3.1,0.0,1,400.0,22.0,0,-2,0.100104808807,-1,94.0,1,13,-2.86539633251,-4.45864372401,5.3,3.0,2,5,5.0,400.0
3.1,0.0,1,400.0,22.0,0,1,0.100093841553,-1,94.0,2,12,-1.49318255126,-5.08531276016,5.3,3.0,2,5,5.0,400.0
3.1,0.0,1,400.0,22.0,0,-1,0.100152015686,1,94.0,1,13,-2.86539633251,-4.45864372401,5.3,3.0,2,5,5.0,400.0
3.1,0.0,2,400.0,22.0,0,1,0.10018491745,0,94.0,1,5,5.24605364197,0.754268642848,5.3,3.0,2,5,5.0,400.0
3.1,0.0,1,400.0,22.0,0,0,0.10009598732,-1,94.0,1,0,0.0,5.3,5.3,3.0,2,5,5.0,400.0
3.1,0.0,2,400.0,22.0,0,-1,0.100389003754,-1,94.0,1,2,2.86539633251,4.45864372401,5.3,3.0,2,5,5.0,400.0
3.1,0.0,2,400.0,22.0,0,0,0.100133895874,1,94.0,1,1,1.49318255126,5.08531276016,5.3,3.0,2,5,5.0,400.0
3.1,0.0,2,400.0,22.0,0,0,0.100133180618,-1,94.0,1,8,4.00547274408,-3.47076188991,5.3,3.0,2,5,5.0,400.0
3.1,0.0,2,400.0,22.0,0,0,0.100092887878,0,94.0,1,8,4.00547274408,-3.47076188991,5.3,3.0,2,5,5.0,400.0
3.1,0.0,1,400.0,22.0,0,0,0.100193023682,2,94.0,1,13,-2.86539633251,-4.45864372401,5.3,3.0,2,5,5.0,400.0
3.1,0.0,2,400.0,22.0,0,2,0.100167989731,0,94.0,1,8,4.00547274408,-3.47076188991,5.3,3.0,2,5,5.0,400.0
3.1,0.0,2,400.0,22.0,0,0,0.100111961365,2,94.0,1,4,4.82104957538,2.20169956891,5.3,3.0,2,5,5.0,400.0
3.1,0.0,2,400.0,22.0,0,0,0.100075960159,-2,94.0,1,20,-2.86539633251,4.45864372401,5.3,3.0,2,5,5.0,400.0
3.1,0.0,2,400.0,22.0,0,1,0.100140810013,0,94.0,2,14,-4.00547274408,-3.47076188991,5.3,3.0,2,5,5.0,400.0
3.1,0.0,2,400.0,22.0,0,0,0.100161790848,0,94.0,2,19,-4.00547274408,3.47076188991,5.3,3.0,2,5,5.0,400.0
3.1,0.0,2,400.0,22.0,0,0,0.100205898285,-1,94.0,2,19,-4.00547274408,3.47076188991,5.3,3.0,2,5,5.0,400.0
3.1,0.0,2,400.0,22.0,0,-2,0.100085020065,-1,94.0,1,13,-2.86539633251,-4.45864372401,5.3,3.0,2,5,5.0,400.0
3.1,0.0,2,400.0,22.0,0,2,0.099650144577,1,94.0,2,11,6.49041367526e-16,-5.3,5.3,3.0,2,5,5.0,400.0
3.1,0.0,2,400.0,22.0,0,0,0.100263834,2,94.0,1,5,5.24605364197,0.754268642848,5.3,3.0,2,5,5.0,400.0
3.1,0.0,1,400.0,22.0,0,-1,0.10008597374,2,94.0,2,21,-1.49318255126,5.08531276016,5.3,3.0,2,5,5.0,400.0
3.1,0.0,2,400.0,22.0,0,1,0.100079059601,0,94.0,2,11,6.49041367526e-16,-5.3,5.3,3.0,2,5,5.0,400.0
3.1,0.0,1,400.0,22.0,0,0,0.10008597374,-2,94.0,1,5,5.24605364197,0.754268642848,5.3,3.0,2,5,5.0,400.0
3.1,0.0,1,400.0,22.0,0,1,0.100148916245,0,94.0,1,19,-4.00547274408,3.47076188991,5.3,3.0,2,5,5.0,400.0
3.1,0.0,2,400.0,22.0,0,0,0.100121974945,-1,94.0,1,16,-5.24605364197,-0.754268642848,5.3,3.0,2,5,5.0,400.0
3.1,0.0,1,400.0,22.0,0,1,0.10012793541,-1,94.0,1,7,4.82104957538,-2.20169956891,5.3,3.0,2,5,5.0,400.0
3.1,0.0,1,400.0,22.0,0,-1,0.100131034851,1,94.0,1,21,-1.49318255126,5.08531276016,5.3,3.0,2,5,5.0,400.0
3.1,0.0,1,400.0,22.0,0,-2,0.100203037262,-2,94.0,2,4,4.82104957538,2.20169956891,5.3,3.0,2,5,5.0,400.0
3.1,0.0,2,400.0,22.0,0,2,0.100044965744,0,94.0,1,3,4.00547274408,3.47076188991,5.3,3.0,2,5,5.0,400.0
3.1,0.0,2,400.0,22.0,0,-1,0.100126028061,0,94.0,1,3,4.00547274408,3.47076188991,5.3,3.0,2,5,5.0,400.0
3.1,0.0,2,400.0,22.0,0,0,0.100066184998,-1,94.0,1,21,-1.49318255126,5.08531276016,5.3,3.0,2,5,5.0,400.0
3.1,0.0,2,400.0,22.0,0,0,0.10009598732,-1,94.0,1,17,-5.24605364197,0.754268642848,5.3,3.0,2,5,5.0,400.0
3.1,0.0,2,400.0,22.0,0,0,0.100443124771,2,94.0,1,11,6.49041367526e-16,-5.3,5.3,3.0,2,5,5.0,400.0
3.1,0.0,2,400.0,22.0,0,0,0.100080013275,0,94.0,1,0,0.0,5.3,5.3,3.0,2,5,5.0,400.0
3.1,0.0,1,400.0,22.0,0,2,0.100096940994,0,94.0,2,0,0.0,5.3,5.3,3.0,2,5,5.0,400.0
3.1,0.0,2,400.0,22.0,0,0,0.100106954575,2,94.0,1,11,6.49041367526e-16,-5.3,5.3,3.0,2,5,5.0,400.0
3.1,0.0,2,400.0,22.0,0,0,0.100153923035,0,94.0,1,16,-5.24605364197,-0.754268642848,5.3,3.0,2,5,5.0,400.0
3.1,0.0,2,400.0,22.0,0,2,0.100087881088,0,94.0,1,13,-2.86539633251,-4.45864372401,5.3,3.0,2,5,5.0,400.0
3.1,0.0,2,400.0,22.0,0,0,0.1001060009,0,94.0,1,9,2.86539633251,-4.45864372401,5.3,3.0,2,5,5.0,400.0
3.1,0.0,1,400.0,22.0,0,0,0.100097894669,1,94.0,1,14,-4.00547274408,-3.47076188991,5.3,3.0,2,5,5.0,400.0
3.1,0.0,2,400.0,22.0,0,0,0.100102186203,0,94.0,1,7,4.82104957538,-2.20169956891,5.3,3.0,2,5,5.0,400.0
3.1,0.0,2,400.0,22.0,0,0,0.100136995316,0,94.0,1,17,-5.24605364197,0.754268642848,5.3,3.0,2,5,5.0,400.0
3.1,0.0,2,400.0,22.0,0,0,0.10009598732,1,94.0,1,13,-2.86539633251,-4.45864372401,5.3,3.0,2,5,5.0,400.0
3.1,0.0,2,400.0,22.0,0,0,0.100198984146,0,94.0,1,8,4.00547274408,-3.47076188991,5.3,3.0,2,5,5.0,400.0
3.1,0.0,2,400.0,22.0,0,0,0.100125789642,1,94.0,1,12,-1.49318255126,-5.08531276016,5.3,3.0,2,5,5.0,400.0
3.1,0.0,1,400.0,22.0,0,1,0.100094079971,-1,94.0,2,3,4.00547274408,3.47076188991,5.3,3.0,2,5,5.0,400.0
3.1,0.0,2,400.0,22.0,0,-1,0.100076198578,-1,94.0,1,8,4.00547274408,-3.47076188991,5.3,3.0,2,5,5.0,400.0
3.1,0.0,2,400.0,22.0,0,-1,0.100123882294,0,94.0,1,12,-1.49318255126,-5.08531276016,5.3,3.0,2,5,5.0,400.0
3.1,0.0,2,400.0,22.0,0,0,0.100270032883,1,94.0,1,7,4.82104957538,-2.20169956891,5.3,3.0,2,5,5.0,400.0
3.1,0.0,2,400.0,22.0,0,2,0.100116968155,-1,94.0,1,21,-1.49318255126,5.08531276016,5.3,3.0,2,5,5.0,400.0
3.1,0.0,1,400.0,22.0,0,2,0.100082874298,-2,94.0,2,9,2.86539633251,-4.45864372401,5.3,3.0,2,5,5.0,400.0
3.1,0.0,2,400.0,22.0,0,2,0.100067138672,1,94.0,2,0,0.0,5.3,5.3,3.0,2,5,5.0,400.0
3.1,0.0,2,400.0,22.0,0,1,0.100095033646,0,94.0,2,20,-2.86539633251,4.45864372401,5.3,3.0,2,5,5.0,400.0
3.1,0.0,1,400.0,22.0,0,-1,0.100163936615,1,94.0,2,8,4.00547274408,-3.47076188991,5.3,3.0,2,5,5.0,400.0
3.1,0.0,2,400.0,22.0,0,0,0.100126028061,-1,94.0,1,5,5.24605364197,0.754268642848,5.3,3.0,2,5,5.0,400.0
3.1,0.0,2,400.0,22.0,0,0,0.100080966949,-1,94.0,1,0,0.0,5.3,5.3,3.0,2,5,5.0,400.0
3.1,0.0,1,400.0,22.0,0,0,0.100098133087,-1,94.0,1,1,1.49318255126,5.08531276016,5.3,3.0,2,5,5.0,400.0
3.1,0.0,2,400.0,22.0,0,0,0.100101947784,0,94.0,1,21,-1.49318255126,5.08531276016,5.3,3.0,2,5,5.0,400.0
3.1,0.0,2,400.0,22.0,0,-1,0.100126028061,-1,94.0,1,14,-4.00547274408,-3.47076188991,5.3,3.0,2,5,5.0,400.0
3.1,0.0,2,400.0,22.0,0,1,0.100120067596,-2,94.0,1,15,-4.82104957538,-2.20169956891,5.3,3.0,2,5,5.0,400.0
3.1,0.0,2,400.0,22.0,0,0,0.100128889084,-1,94.0,2,5,5.24605364197,0.754268642848,5.3,3.0,2,5,5.0,400.0
3.1,0.0,1,400.0,22.0,0,-2,0.100138902664,0,94.0,1,2,2.86539633251,4.45864372401,5.3,3.0,2,5,5.0,400.0
3.1,0.0,1,400.0,22.0,0,0,0.100121974945,0,94.0,2,11,6.49041367526e-16,-5.3,5.3,3.0,2,5,5.0,400.0
3.1,0.0,2,400.0,22.0,0,-1,0.100077152252,-1,94.0,1,10,1.49318255126,-5.08531276016,5.3,3.0,2,5,5.0,400.0
3.1,0.0,2,400.0,22.0,0,0,0.100135087967,0,94.0,1,17,-5.24605364197,0.754268642848,5.3,3.0,2,5,5.0,400.0
3.1,0.0,2,400.0,22.0,0,-1,0.100070953369,-2,94.0,1,10,1.49318255126,-5.08531276016,5.3,3.0,2,5,5.0,400.0
3.1,0.0,2,400.0,22.0,0,1,0.100131988525,2,94.0,2,19,-4.00547274408,3.47076188991,5.3,3.0,2,5,5.0,400.0
3.1,0.0,2,400.0,22.0,0,0,0.10028219223,0,94.0,1,18,-4.82104957538,2.20169956891,5.3,3.0,2,5,5.0,400.0
3.1,0.0,2,400.0,22.0,0,-1,0.100087881088,-2,94.0,2,16,-5.24605364197,-0.754268642848,5.3,3.0,2,5,5.0,400.0
3.1,0.0,2,400.0,22.0,0,0,0.100149154663,0,94.0,1,0,0.0,5.3,5.3,3.0,2,5,5.0,400.0
3.1,0.0,1,400.0,22.0,0,0,0.100158929825,1,94.0,1,8,4.00547274408,-3.47076188991,5.3,3.0,2,5,5.0,400.0
3.1,0.0,1,400.0,22.0,0,2,0.100155115128,-2,94.0,1,13,-2.86539633251,-4.45864372401,5.3,3.0,2,5,5.0,400.0
3.1,0.0,2,400.0,22.0,0,-1,0.100129127502,0,94.0,1,2,2.86539633251,4.45864372401,5.3,3.0,2,5,5.0,400.0
3.1,0.0,2,400.0,22.0,0,0,0.100117921829,1,94.0,1,13,-2.86539633251,-4.45864372401,5.3,3.0,2,5,5.0,400.0
3.1,0.0,1,400.0,22.0,0,-2,0.100145816803,0,94.0,2,21,-1.49318255126,5.08531276016,5.3,3.0,2,5,5.0,400.0
3.1,0.0,2,400.0,22.0,0,-2,0.100146055222,0,94.0,2,9,2.86539633251,-4.45864372401,5.3,3.0,2,5,5.0,400.0
3.1,0.0,2,400.0,22.0,0,1,0.100150108337,0,94.0,1,15,-4.82104957538,-2.20169956891,5.3,3.0,2,5,5.0,400.0
3.1,0.0,2,400.0,22.0,0,2,0.10011100769,0,94.0,2,12,-1.49318255126,-5.08531276016,5.3,3.0,2,5,5.0,400.0
3.1,0.0,1,400.0,22.0,0,1,0.100120067596,0,94.0,1,12,-1.49318255126,-5.08531276016,5.3,3.0,2,5,5.0,400.0
3.1,0.0,2,400.0,22.0,0,0,0.100358963013,0,94.0,1,16,-5.24605364197,-0.754268642848,5.3,3.0,2,5,5.0,400.0
3.1,0.0,2,400.0,22.0,0,0,0.1001060009,1,94.0,1,6,5.24605364197,-0.754268642848,5.3,3.0,2,5,5.0,400.0
3.1,0.0,2,400.0,22.0,0,-2,0.10010099411,-2,94.0,1,13,-2.86539633251,-4.45864372401,5.3,3.0,2,5,5.0,400.0
3.1,0.0,1,400.0,22.0,0,-1,0.100170135498,0,94.0,1,9,2.86539633251,-4.45864372401,5.3,3.0,2,5,5.0,400.0
3.1,0.0,2,400.0,22.0,0,-2,0.100103139877,-1,94.0,1,19,-4.00547274408,3.47076188991,5.3,3.0,2,5,5.0,400.0
3.1,0.0,2,400.0,22.0,0,0,0.100099086761,0,94.0,1,18,-4.82104957538,2.20169956891,5.3,3.0,2,5,5.0,400.0
3.1,0.0,2,400.0,22.0,0,0,0.10011100769,0,94.0,1,18,-4.82104957538,2.20169956891,5.3,3.0,2,5,5.0,400.0
3.1,0.0,2,400.0,22.0,0,0,0.100090026855,0,94.0,1,3,4.00547274408,3.47076188991,5.3,3.0,2,5,5.0,400.0
3.1,0.0,2,400.0,22.0,0,1,0.100105047226,0,94.0,2,21,-1.49318255126,5.08531276016,5.3,3.0,2,5,5.0,400.0
3.1,0.0,1,400.0,22.0,0,0,0.100133180618,-2,94.0,2,0,0.0,5.3,5.3,3.0,2,5,5.0,400.0
3.1,0.0,2,400.0,22.0,0,2,0.100114822388,-2,94.0,2,11,6.49041367526e-16,-5.3,5.3,3.0,2,5,5.0,400.0
3.1,0.0,2,400.0,22.0,0,0,0.100150108337,1,94.0,1,7,4.82104957538,-2.20169956891,5.3,3.0,2,5,5.0,400.0
3.1,0.0,2,400.0,22.0,0,-1,0.100094079971,-1,94.0,1,8,4.00547274408,-3.47076188991,5.3,3.0,2,5,5.0,400.0
3.1,0.0,2,400.0,22.0,0,2,0.100112915039,1,94.0,2,3,4.00547274408,3.47076188991,5.3,3.0,2,5,5.0,400.0
3.1,0.0,2,400.0,22.0,0,-1,0.100087881088,-1,94.0,1,0,0.0,5.3,5.3,3.0,2,5,5.0,400.0
3.1,0.0,2,400.0,22.0,0,-1,0.100139141083,1,94.0,2,6,5.24605364197,-0.754268642848,5.3,3.0,2,5,5.0,400.0
3.1,0.0,1,400.0,22.0,0,0,0.100149869919,-1,94.0,1,9,2.86539633251,-4.45864372401,5.3,3.0,2,5,5.0,400.0
3.1,0.0,1,400.0,22.0,0,0,0.100159883499,-2,94.0,1,13,-2.86539633251,-4.45864372401,5.3,3.0,2,5,5.0,400.0
3.1,0.0,1,400.0,22.0,0,-2,0.100188970566,2,94.0,1,9,2.86539633251,-4.45864372401,5.3,3.0,2,5,5.0,400.0
3.1,0.0,2,400.0,22.0,0,0,0.100158929825,-1,94.0,1,7,4.82104957538,-2.20169956891,5.3,3.0,2,5,5.0,400.0
3.1,0.0,2,400.0,22.0,0,-2,0.100098133087,1,94.0,1,14,-4.00547274408,-3.47076188991,5.3,3.0,2,5,5.0,400.0
3.1,0.0,2,400.0,22.0,0,-2,0.100080013275,2,94.0,1,6,5.24605364197,-0.754268642848,5.3,3.0,2,5,5.0,400.0
3.1,0.0,2,400.0,22.0,0,-1,0.100097179413,0,94.0,1,10,1.49318255126,-5.08531276016,5.3,3.0,2,5,5.0,400.0
3.1,0.0,1,400.0,22.0,0,-1,0.100110054016,-1,94.0,2,2,2.86539633251,4.45864372401,5.3,3.0,2,5,5.0,400.0
3.1,0.0,2,400.0,22.0,0,0,0.100098133087,0,94.0,1,6,5.24605364197,-0.754268642848,5.3,3.0,2,5,5.0,400.0
3.1,0.0,1,400.0,22.0,0,0,0.100172996521,-1,94.0,1,13,-2.86539633251,-4.45864372401,5.3,3.0,2,5,5.0,400.0
3.1,0.0,2,400.0,22.0,0,0,0.100140094757,0,94.0,1,4,4.82104957538,2.20169956891,5.3,3.0,2,5,5.0,400.0
3.1,0.0,2,400.0,22.0,0,1,0.100085020065,0,94.0,2,13,-2.86539633251,-4.45864372401,5.3,3.0,2,5,5.0,400.0
3.1,0.0,2,400.0,22.0,0,0,0.100110054016,0,94.0,1,17,-5.24605364197,0.754268642848,5.3,3.0,2,5,5.0,400.0
3.1,0.0,1,400.0,22.0,0,-1,0.100080013275,0,94.0,1,2,2.86539633251,4.45864372401,5.3,3.0,2,5,5.0,400.0
3.1,0.0,2,400.0,22.0,0,0,0.100157976151,-1,94.0,1,7,4.82104957538,-2.20169956891,5.3,3.0,2,5,5.0,400.0
3.1,0.0,2,400.0,22.0,0,-1,0.100131034851,1,94.0,2,13,-2.86539633251,-4.45864372401,5.3,3.0,2,5,5.0,400.0
3.1,0.0,2,400.0,22.0,0,1,0.100152015686,2,94.0,1,4,4.82104957538,2.20169956891,5.3,3.0,2,5,5.0,400.0
3.1,0.0,1,400.0,22.0,0,1,0.100042819977,-1,94.0,1,11,6.49041367526e-16,-5.3,5.3,3.0,2,5,5.0,400.0
3.1,0.0,1,400.0,22.0,0,1,0.100079059601,2,94.0,1,12,-1.49318255126,-5.08531276016,5.3,3.0,2,5,5.0,400.0
3.1,0.0,2,400.0,22.0,0,-2,0.100080966949,1,94.0,1,0,0.0,5.3,5.3,3.0,2,5,5.0,400.0
3.1,0.0,2,400.0,22.0,0,0,0.100099086761,0,94.0,1,16,-5.24605364197,-0.754268642848,5.3,3.0,2,5,5.0,400.0
3.1,0.0,2,400.0,22.0,0,0,0.100109815598,1,94.0,1,5,5.24605364197,0.754268642848,5.3,3.0,2,5,5.0,400.0
3.1,0.0,2,400.0,22.0,0,0,0.100089073181,2,94.0,1,0,0.0,5.3,5.3,3.0,2,5,5.0,400.0
3.1,0.0,2,400.0,22.0,0,-2,0.100122928619,-1,94.0,2,12,-1.49318255126,-5.08531276016,5.3,3.0,2,5,5.0,400.0
3.1,0.0,2,400.0,22.0,0,0,0.100072145462,1,94.0,1,0,0.0,5.3,5.3,3.0,2,5,5.0,400.0
3.1,0.0,2,400.0,22.0,0,0,0.100090026855,-2,94.0,1,11,6.49041367526e-16,-5.3,5.3,3.0,2,5,5.0,400.0
3.1,0.0,2,400.0,22.0,0,0,0.100115060806,-1,94.0,1,16,-5.24605364197,-0.754268642848,5.3,3.0,2,5,5.0,400.0
3.1,0.0,1,400.0,22.0,0,0,0.100113868713,1,94.0,1,20,-2.86539633251,4.45864372401,5.3,3.0,2,5,5.0,400.0
3.1,0.0,2,400.0,22.0,0,1,0.100113153458,-2,94.0,1,2,2.86539633251,4.45864372401,5.3,3.0,2,5,5.0,400.0
3.1,0.0,2,400.0,22.0,0,0,0.100112915039,1,94.0,1,11,6.49041367526e-16,-5.3,5.3,3.0,2,5,5.0,400.0
3.1,0.0,2,400.0,22.0,0,0,0.100188016891,0,94.0,1,3,4.00547274408,3.47076188991,5.3,3.0,2,5,5.0,400.0
3.1,0.0,2,400.0,22.0,0,0,0.100131034851,-2,94.0,1,5,5.24605364197,0.754268642848,5.3,3.0,2,5,5.0,400.0
3.1,0.0,2,400.0,22.0,0,0,0.10022521019,2,94.0,2,15,-4.82104957538,-2.20169956891,5.3,3.0,2,5,5.0,400.0
3.1,0.0,2,400.0,22.0,0,0,0.100109815598,1,94.0,1,17,-5.24605364197,0.754268642848,5.3,3.0,2,5,5.0,400.0
3.1,0.0,1,400.0,22.0,0,0,0.100085020065,-1,94.0,1,0,0.0,5.3,5.3,3.0,2,5,5.0,400.0
3.1,0.0,2,400.0,22.0,0,0,0.100105047226,-2,94.0,1,21,-1.49318255126,5.08531276016,5.3,3.0,2,5,5.0,400.0
3.1,0.0,1,400.0,22.0,0,0,0.10017490387,1,94.0,1,10,1.49318255126,-5.08531276016,5.3,3.0,2,5,5.0,400.0
3.1,0.0,2,400.0,22.0,0,0,0.100126028061,0,94.0,1,17,-5.24605364197,0.754268642848,5.3,3.0,2,5,5.0,400.0
3.1,0.0,1,400.0,22.0,0,0,0.100123167038,2,94.0,1,19,-4.00547274408,3.47076188991,5.3,3.0,2,5,5.0,400.0
3.1,0.0,2,400.0,22.0,0,0,0.100099802017,0,94.0,1,6,5.24605364197,-0.754268642848,5.3,3.0,2,5,5.0,400.0
3.1,0.0,2,400.0,22.0,0,2,0.100057125092,-1,94.0,1,21,-1.49318255126,5.08531276016,5.3,3.0,2,5,5.0,400.0
3.1,0.0,1,400.0,22.0,0,0,0.100116014481,2,94.0,1,18,-4.82104957538,2.20169956891,5.3,3.0,2,5,5.0,400.0
3.1,0.0,1,400.0,22.0,0,-1,0.100089073181,-2,94.0,1,9,2.86539633251,-4.45864372401,5.3,3.0,2,5,5.0,400.0
3.1,0.0,2,400.0,22.0,0,-1,0.100130081177,-1,94.0,1,3,4.00547274408,3.47076188991,5.3,3.0,2,5,5.0,400.0
3.1,0.0,2,400.0,22.0,0,-1,0.10009098053,0,94.0,1,15,-4.82104957538,-2.20169956891,5.3,3.0,2,5,5.0,400.0
3.1,0.0,2,400.0,22.0,0,0,0.10009598732,0,94.0,1,16,-5.24605364197,-0.754268642848,5.3,3.0,2,5,5.0,400.0
3.1,0.0,2,400.0,22.0,0,0,0.100158929825,0,94.0,1,16,-5.24605364197,-0.754268642848,5.3,3.0,2,5,5.0,400.0
3.1,0.0,2,400.0,22.0,0,0,0.100134134293,0,94.0,1,17,-5.24605364197,0.754268642848,5.3,3.0,2,5,5.0,400.0
3.1,0.0,2,400.0,22.0,0,1,0.10014295578,0,94.0,1,21,-1.49318255126,5.08531276016,5.3,3.0,2,5,5.0,400.0
3.1,0.0,1,400.0,22.0,0,-1,0.100097179413,0,94.0,1,15,-4.82104957538,-2.20169956891,5.3,3.0,2,5,5.0,400.0
3.1,0.0,2,400.0,22.0,0,2,0.10012793541,0,94.0,2,6,5.24605364197,-0.754268642848,5.3,3.0,2,5,5.0,400.0
3.1,0.0,2,400.0,22.0,0,0,0.100121021271,0,94.0,1,20,-2.86539633251,4.45864372401,5.3,3.0,2,5,5.0,400.0
3.1,0.0,2,400.0,22.0,0,0,0.100102186203,0,94.0,1,15,-4.82104957538,-2.20169956891,5.3,3.0,2,5,5.0,400.0
3.1,0.0,2,400.0,22.0,0,-1,0.100093126297,1,94.0,1,13,-2.86539633251,-4.45864372401,5.3,3.0,2,5,5.0,400.0
3.1,0.0,1,400.0,22.0,0,0,0.100097894669,1,94.0,1,15,-4.82104957538,-2.20169956891,5.3,3.0,2,5,5.0,400.0
3.1,0.0,2,400.0,22.0,0,0,0.100096940994,0,94.0,1,7,4.82104957538,-2.20169956891,5.3,3.0,2,5,5.0,400.0
3.1,0.0,1,400.0,22.0,0,-2,0.100069999695,-1,94.0,1,18,-4.82104957538,2.20169956891,5.3,3.0,2,5,5.0,400.0
3.1,0.0,2,400.0,22.0,0,0,0.100102901459,0,94.0,1,15,-4.82104957538,-2.20169956891,5.3,3.0,2,5,5.0,400.0
3.1,0.0,2,400.0,22.0,0,0,0.100084066391,0,94.0,1,6,5.24605364197,-0.754268642848,5.3,3.0,2,5,5.0,400.0
3.1,0.0,2,400.0,22.0,0,2,0.100099802017,-1,94.0,1,3,4.00547274408,3.47076188991,5.3,3.0,2,5,5.0,400.0
3.1,0.0,1,400.0,22.0,0,0,0.100061178207,1,94.0,1,0,0.0,5.3,5.3,3.0,2,5,5.0,400.0
3.1,0.0,1,400.0,22.0,0,2,0.100111961365,-1,94.0,1,10,1.49318255126,-5.08531276016,5.3,3.0,2,5,5.0,400.0
3.1,0.0,2,400.0,22.0,0,0,0.100172996521,-1,94.0,1,18,-4.82104957538,2.20169956891,5.3,3.0,2,5,5.0,400.0
3.1,0.0,2,400.0,22.0,0,0,0.100105047226,-1,94.0,2,8,4.00547274408,-3.47076188991,5.3,3.0,2,5,5.0,400.0
3.1,0.0,2,400.0,22.0,0,-1,0.100126981735,-2,94.0,1,10,1.49318255126,-5.08531276016,5.3,3.0,2,5,5.0,400.0
3.1,0.0,2,400.0,22.0,0,-2,0.100062847137,-2,94.0,1,19,-4.00547274408,3.47076188991,5.3,3.0,2,5,5.0,400.0
3.1,0.0,2,400.0,22.0,0,0,0.100157976151,0,94.0,1,17,-5.24605364197,0.754268642848,5.3,3.0,2,5,5.0,400.0
3.1,0.0,1,400.0,22.0,0,0,0.100115060806,0,94.0,1,20,-2.86539633251,4.45864372401,5.3,3.0,2,5,5.0,400.0
3.1,0.0,2,400.0,22.0,0,0,0.10012793541,2,94.0,1,3,4.00547274408,3.47076188991,5.3,3.0,2,5,5.0,400.0
3.1,0.0,2,400.0,22.0,0,1,0.100048065186,0,94.0,2,4,4.82104957538,2.20169956891,5.3,3.0,2,5,5.0,400.0
3.1,0.0,1,400.0,22.0,0,0,0.100141048431,-2,94.0,1,6,5.24605364197,-0.754268642848,5.3,3.0,2,5,5.0,400.0
3.1,0.0,1,400.0,22.0,0,0,0.100161075592,-1,94.0,1,8,4.00547274408,-3.47076188991,5.3,3.0,2,5,5.0,400.0
3.1,0.0,2,400.0,22.0,0,0,0.100121021271,2,94.0,1,12,-1.49318255126,-5.08531276016,5.3,3.0,2,5,5.0,400.0
3.1,0.0,2,400.0,22.0,0,1,0.100151062012,-1,94.0,2,3,4.00547274408,3.47076188991,5.3,3.0,2,5,5.0,400.0
3.1,0.0,2,400.0,22.0,0,-1,0.100077867508,2,94.0,1,8,4.00547274408,-3.47076188991,5.3,3.0,2,5,5.0,400.0
3.1,0.0,1,400.0,22.0,0,-1,0.100143909454,2,94.0,2,12,-1.49318255126,-5.08531276016,5.3,3.0,2,5,5.0,400.0
3.1,0.0,2,400.0,22.0,0,-1,0.100088119507,-1,94.0,1,21,-1.49318255126,5.08531276016,5.3,3.0,2,5,5.0,400.0
3.1,0.0,2,400.0,22.0,0,0,0.100080966949,1,94.0,1,10,1.49318255126,-5.08531276016,5.3,3.0,2,5,5.0,400.0
3.1,0.0,2,400.0,22.0,0,-1,0.100118875504,-1,94.0,1,16,-5.24605364197,-0.754268642848,5.3,3.0,2,5,5.0,400.0
3.1,0.0,1,400.0,22.0,0,0,0.100136041641,1,94.0,1,1,1.49318255126,5.08531276016,5.3,3.0,2,5,5.0,400.0
3.1,0.0,2,400.0,22.0,0,0,0.100116014481,1,94.0,1,20,-2.86539633251,4.45864372401,5.3,3.0,2,5,5.0,400.0
3.1,0.0,2,400.0,22.0,0,-2,0.100106954575,1,94.0,1,16,-5.24605364197,-0.754268642848,5.3,3.0,2,5,5.0,400.0
3.1,0.0,2,400.0,22.0,0,0,0.100112915039,0,94.0,1,5,5.24605364197,0.754268642848,5.3,3.0,2,5,5.0,400.0
3.1,0.0,2,400.0,22.0,0,0,0.100068092346,0,94.0,1,1,1.49318255126,5.08531276016,5.3,3.0,2,5,5.0,400.0
3.1,0.0,2,400.0,22.0,0,0,0.100136995316,2,94.0,1,13,-2.86539633251,-4.45864372401,5.3,3.0,2,5,5.0,400.0
3.1,0.0,1,400.0,22.0,0,0,0.100088119507,-1,94.0,1,19,-4.00547274408,3.47076188991,5.3,3.0,2,5,5.0,400.0
3.1,0.0,2,400.0,22.0,0,-1,0.100109100342,-1,94.0,1,9,2.86539633251,-4.45864372401,5.3,3.0,2,5,5.0,400.0
3.1,0.0,2,400.0,22.0,0,1,0.100151062012,1,94.0,1,0,0.0,5.3,5.3,3.0,2,5,5.0,400.0
3.1,0.0,2,400.0,22.0,0,0,0.100049972534,0,94.0,1,15,-4.82104957538,-2.20169956891,5.3,3.0,2,5,5.0,400.0
3.1,0.0,2,400.0,22.0,0,0,0.100163936615,0,94.0,1,0,0.0,5.3,5.3,3.0,2,5,5.0,400.0
3.1,0.0,2,400.0,22.0,0,-1,0.100359201431,1,94.0,2,8,4.00547274408,-3.47076188991,5.3,3.0,2,5,5.0,400.0
3.1,0.0,2,400.0,22.0,0,0,0.100090026855,0,94.0,1,16,-5.24605364197,-0.754268642848,5.3,3.0,2,5,5.0,400.0
3.1,0.0,2,400.0,22.0,0,-1,0.100109100342,0,94.0,1,2,2.86539633251,4.45864372401,5.3,3.0,2,5,5.0,400.0
3.1,0.0,2,400.0,22.0,0,0,0.100156068802,-2,94.0,1,18,-4.82104957538,2.20169956891,5.3,3.0,2,5,5.0,400.0
3.1,0.0,2,400.0,22.0,0,0,0.100100040436,-1,94.0,1,6,5.24605364197,-0.754268642848,5.3,3.0,2,5,5.0,400.0
3.1,0.0,2,400.0,22.0,0,-2,0.100145816803,-1,94.0,1,14,-4.00547274408,-3.47076188991,5.3,3.0,2,5,5.0,400.0
3.1,0.0,2,400.0,22.0,0,-1,0.10014295578,-1,94.0,1,10,1.49318255126,-5.08531276016,5.3,3.0,2,5,5.0,400.0
3.1,0.0,1,400.0,22.0,0,2,0.100112915039,-2,94.0,2,19,-4.00547274408,3.47076188991,5.3,3.0,2,5,5.0,400.0
3.1,0.0,2,400.0,22.0,0,-1,0.100145101547,-1,94.0,1,19,-4.00547274408,3.47076188991,5.3,3.0,2,5,5.0,400.0
3.1,0.0,2,400.0,22.0,0,0,0.100146055222,0,94.0,1,19,-4.00547274408,3.47076188991,5.3,3.0,2,5,5.0,400.0
3.1,0.0,2,400.0,22.0,0,0,0.100080013275,0,94.0,1,1,1.49318255126,5.08531276016,5.3,3.0,2,5,5.0,400.0
3.1,0.0,2,400.0,22.0,0,0,0.100113868713,0,94.0,2,18,-4.82104957538,2.20169956891,5.3,3.0,2,5,5.0,400.0
3.1,0.0,2,400.0,22.0,0,-1,0.100114822388,1,94.0,1,15,-4.82104957538,-2.20169956891,5.3,3.0,2,5,5.0,400.0
3.1,0.0,2,400.0,22.0,0,0,0.100051879883,-1,94.0,1,19,-4.00547274408,3.47076188991,5.3,3.0,2,5,5.0,400.0
3.1,0.0,2,400.0,22.0,0,2,0.10014295578,-1,94.0,1,13,-2.86539633251,-4.45864372401,5.3,3.0,2,5,5.0,400.0
3.1,0.0,2,400.0,22.0,0,0,0.1001060009,-1,94.0,1,0,0.0,5.3,5.3,3.0,2,5,5.0,400.0
3.1,0.0,2,400.0,22.0,0,0,0.1001060009,-1,94.0,1,21,-1.49318255126,5.08531276016,5.3,3.0,2,5,5.0,400.0
3.1,0.0,1,400.0,22.0,0,0,0.100110054016,2,94.0,1,19,-4.00547274408,3.47076188991,5.3,3.0,2,5,5.0,400.0
3.1,0.0,1,400.0,22.0,0,0,0.100126028061,-1,94.0,1,12,-1.49318255126,-5.08531276016,5.3,3.0,2,5,5.0,400.0
3.1,0.0,2,400.0,22.0,0,1,0.100106954575,-1,94.0,1,1,1.49318255126,5.08531276016,5.3,3.0,2,5,5.0,400.0
3.1,0.0,1,400.0,22.0,0,0,0.10017490387,2,94.0,1,10,1.49318255126,-5.08531276016,5.3,3.0,2,5,5.0,400.0
3.1,0.0,2,400.0,22.0,0,0,0.10014796257,1,94.0,1,19,-4.00547274408,3.47076188991,5.3,3.0,2,5,5.0,400.0
3.1,0.0,2,400.0,22.0,0,0,0.100103139877,-1,94.0,1,10,1.49318255126,-5.08531276016,5.3,3.0,2,5,5.0,400.0
3.1,0.0,1,400.0,22.0,0,1,0.100065946579,2,94.0,2,7,4.82104957538,-2.20169956891,5.3,3.0,2,5,5.0,400.0
3.1,0.0,1,400.0,22.0,0,0,0.100072860718,1,94.0,2,8,4.00547274408,-3.47076188991,5.3,3.0,2,5,5.0,400.0
3.1,0.0,1,400.0,22.0,0,0,0.100129127502,-2,94.0,1,1,1.49318255126,5.08531276016,5.3,3.0,2,5,5.0,400.0
3.1,0.0,1,400.0,22.0,0,0,0.100175142288,2,94.0,1,6,5.24605364197,-0.754268642848,5.3,3.0,2,5,5.0,400.0
3.1,0.0,2,400.0,22.0,0,-2,0.100167036057,1,94.0,1,9,2.86539633251,-4.45864372401,5.3,3.0,2,5,5.0,400.0
3.1,0.0,1,400.0,22.0,0,0,0.099937915802,2,94.0,1,0,0.0,5.3,5.3,3.0,2,5,5.0,400.0
3.1,0.0,2,400.0,22.0,0,1,0.100080013275,2,94.0,2,4,4.82104957538,2.20169956891,5.3,3.0,2,5,5.0,400.0
3.1,0.0,1,400.0,22.0,0,0,0.100149154663,2,94.0,2,3,4.00547274408,3.47076188991,5.3,3.0,2,5,5.0,400.0
3.1,0.0,1,400.0,22.0,0,0,0.100457906723,-2,94.0,1,18,-4.82104957538,2.20169956891,5.3,3.0,2,5,5.0,400.0
3.1,0.0,2,400.0,22.0,0,0,0.100145101547,1,94.0,1,10,1.49318255126,-5.08531276016,5.3,3.0,2,5,5.0,400.0
3.1,0.0,2,400.0,22.0,0,0,0.10012793541,0,94.0,1,2,2.86539633251,4.45864372401,5.3,3.0,2,5,5.0,400.0
3.1,0.0,2,400.0,22.0,0,0,0.100055932999,1,94.0,1,16,-5.24605364197,-0.754268642848,5.3,3.0,2,5,5.0,400.0
3.1,0.0,2,400.0,22.0,0,0,0.100147008896,-2,94.0,1,13,-2.86539633251,-4.45864372401,5.3,3.0,2,5,5.0,400.0
3.1,0.0,2,400.0,22.0,0,2,0.100102901459,1,94.0,2,3,4.00547274408,3.47076188991,5.3,3.0,2,5,5.0,400.0
3.1,0.0,2,400.0,22.0,0,0,0.100164890289,-1,94.0,1,3,4.00547274408,3.47076188991,5.3,3.0,2,5,5.0,400.0
3.1,0.0,2,400.0,22.0,0,2,0.100119113922,2,94.0,2,12,-1.49318255126,-5.08531276016,5.3,3.0,2,5,5.0,400.0
3.1,0.0,2,400.0,22.0,0,0,0.100136995316,0,94.0,1,7,4.82104957538,-2.20169956891,5.3,3.0,2,5,5.0,400.0
3.1,0.0,2,400.0,22.0,0,0,0.100103855133,0,94.0,1,19,-4.00547274408,3.47076188991,5.3,3.0,2,5,5.0,400.0
3.1,0.0,1,400.0,22.0,0,2,0.100172996521,-1,94.0,2,5,5.24605364197,0.754268642848,5.3,3.0,2,5,5.0,400.0
3.1,0.0,2,400.0,22.0,0,0,0.100099802017,0,94.0,1,0,0.0,5.3,5.3,3.0,2,5,5.0,400.0
3.1,0.0,2,400.0,22.0,0,-1,0.100140094757,2,94.0,1,18,-4.82104957538,2.20169956891,5.3,3.0,2,5,5.0,400.0
3.1,0.0,2,400.0,22.0,0,0,0.100140094757,0,94.0,1,2,2.86539633251,4.45864372401,5.3,3.0,2,5,5.0,400.0
3.1,0.0,2,400.0,22.0,0,0,0.100133895874,0,94.0,1,1,1.49318255126,5.08531276016,5.3,3.0,2,5,5.0,400.0
3.1,0.0,1,400.0,22.0,0,1,0.100080966949,-2,94.0,2,11,6.49041367526e-16,-5.3,5.3,3.0,2,5,5.0,400.0
3.1,0.0,2,400.0,22.0,0,0,0.100075006485,-2,94.0,1,10,1.49318255126,-5.08531276016,5.3,3.0,2,5,5.0,400.0
3.1,0.0,2,400.0,22.0,0,0,0.100086927414,0,94.0,1,16,-5.24605364197,-0.754268642848,5.3,3.0,2,5,5.0,400.0
3.1,0.0,1,400.0,22.0,0,0,0.100075006485,2,94.0,1,21,-1.49318255126,5.08531276016,5.3,3.0,2,5,5.0,400.0
3.1,0.0,2,400.0,22.0,0,-1,0.100131988525,0,94.0,1,4,4.82104957538,2.20169956891,5.3,3.0,2,5,5.0,400.0
3.1,0.0,1,400.0,22.0,0,-1,0.100095033646,0,94.0,1,17,-5.24605364197,0.754268642848,5.3,3.0,2,5,5.0,400.0
3.1,0.0,1,400.0,22.0,0,-2,0.100135087967,-1,94.0,1,0,0.0,5.3,5.3,3.0,2,5,5.0,400.0
3.1,0.0,2,400.0,22.0,0,0,0.100117206573,1,94.0,1,19,-4.00547274408,3.47076188991,5.3,3.0,2,5,5.0,400.0
3.1,0.0,2,400.0,22.0,0,1,0.100090026855,0,94.0,1,15,-4.82104957538,-2.20169956891,5.3,3.0,2,5,5.0,400.0
3.1,0.0,2,400.0,22.0,0,0,0.100117921829,0,94.0,1,19,-4.00547274408,3.47076188991,5.3,3.0,2,5,5.0,400.0
3.1,0.0,2,400.0,22.0,0,0,0.100164890289,-1,94.0,1,8,4.00547274408,-3.47076188991,5.3,3.0,2,5,5.0,400.0
3.1,0.0,2,400.0,22.0,0,0,0.100138902664,0,94.0,1,21,-1.49318255126,5.08531276016,5.3,3.0,2,5,5.0,400.0
3.1,0.0,2,400.0,22.0,0,0,0.10019493103,1,94.0,2,12,-1.49318255126,-5.08531276016,5.3,3.0,2,5,5.0,400.0
3.1,0.0,1,400.0,22.0,0,0,0.100126028061,0,94.0,2,13,-2.86539633251,-4.45864372401,5.3,3.0,2,5,5.0,400.0
3.1,0.0,1,400.0,22.0,0,-1,0.100099802017,0,94.0,1,11,6.49041367526e-16,-5.3,5.3,3.0,2,5,5.0,400.0
3.1,0.0,2,400.0,22.0,0,0,0.100104808807,0,94.0,1,3,4.00547274408,3.47076188991,5.3,3.0,2,5,5.0,400.0
3.1,0.0,2,400.0,22.0,0,-1,0.100106954575,2,94.0,1,1,1.49318255126,5.08531276016,5.3,3.0,2,5,5.0,400.0
3.1,0.0,1,400.0,22.0,0,-1,0.100146055222,1,94.0,1,7,4.82104957538,-2.20169956891,5.3,3.0,2,5,5.0,400.0
3.1,0.0,2,400.0,22.0,0,1,0.100116968155,1,94.0,1,16,-5.24605364197,-0.754268642848,5.3,3.0,2,5,5.0,400.0
3.1,0.0,1,400.0,22.0,0,-1,0.100063085556,-2,94.0,1,7,4.82104957538,-2.20169956891,5.3,3.0,2,5,5.0,400.0
3.1,0.0,2,400.0,22.0,0,2,0.100091934204,1,94.0,1,1,1.49318255126,5.08531276016,5.3,3.0,2,5,5.0,400.0
3.1,0.0,1,400.0,22.0,0,-2,0.100170850754,1,94.0,2,8,4.00547274408,-3.47076188991,5.3,3.0,2,5,5.0,400.0
3.1,0.0,2,400.0,22.0,0,1,0.100136995316,-2,94.0,2,1,1.49318255126,5.08531276016,5.3,3.0,2,5,5.0,400.0
3.1,0.0,2,400.0,22.0,0,2,0.100154876709,-1,94.0,1,13,-2.86539633251,-4.45864372401,5.3,3.0,2,5,5.0,400.0
3.1,0.0,2,400.0,22.0,0,0,0.100105047226,2,94.0,1,21,-1.49318255126,5.08531276016,5.3,3.0,2,5,5.0,400.0
3.1,0.0,1,400.0,22.0,0,0,0.1001060009,0,94.0,1,11,6.49041367526e-16,-5.3,5.3,3.0,2,5,5.0,400.0
3.1,0.0,2,400.0,22.0,0,0,0.100087165833,-1,94.0,1,18,-4.82104957538,2.20169956891,5.3,3.0,2,5,5.0,400.0
3.1,0.0,2,400.0,22.0,0,0,0.100075960159,0,94.0,1,20,-2.86539633251,4.45864372401,5.3,3.0,2,5,5.0,400.0
3.1,0.0,2,400.0,22.0,0,0,0.100084781647,1,94.0,1,18,-4.82104957538,2.20169956891,5.3,3.0,2,5,5.0,400.0
3.1,0.0,2,400.0,22.0,0,-1,0.100121974945,2,94.0,1,17,-5.24605364197,0.754268642848,5.3,3.0,2,5,5.0,400.0
3.1,0.0,1,400.0,22.0,0,0,0.100158929825,-2,94.0,1,17,-5.24605364197,0.754268642848,5.3,3.0,2,5,5.0,400.0
3.1,0.0,2,400.0,22.0,0,1,0.100151062012,0,94.0,2,16,-5.24605364197,-0.754268642848,5.3,3.0,2,5,5.0,400.0
3.1,0.0,2,400.0,22.0,0,-1,0.100069999695,2,94.0,1,10,1.49318255126,-5.08531276016,5.3,3.0,2,5,5.0,400.0
3.1,0.0,2,400.0,22.0,0,0,0.100097179413,0,94.0,1,6,5.24605364197,-0.754268642848,5.3,3.0,2,5,5.0,400.0
3.1,0.0,2,400.0,22.0,0,0,0.100075960159,2,94.0,1,2,2.86539633251,4.45864372401,5.3,3.0,2,5,5.0,400.0
3.1,0.0,2,400.0,22.0,0,-2,0.100170850754,-2,94.0,1,6,5.24605364197,-0.754268642848,5.3,3.0,2,5,5.0,400.0
3.1,0.0,1,400.0,22.0,0,2,0.100102186203,-2,94.0,1,1,1.49318255126,5.08531276016,5.3,3.0,2,5,5.0,400.0
3.1,0.0,1,400.0,22.0,0,2,0.0999240875244,-2,94.0,2,12,-1.49318255126,-5.08531276016,5.3,3.0,2,5,5.0,400.0
3.1,0.0,1,400.0,22.0,0,-1,0.10015296936,-2,94.0,1,10,1.49318255126,-5.08531276016,5.3,3.0,2,5,5.0,400.0
3.1,0.0,1,400.0,22.0,0,-2,0.100053071976,-1,94.0,2,6,5.24605364197,-0.754268642848,5.3,3.0,2,5,5.0,400.0
3.1,0.0,1,400.0,22.0,0,0,0.100124835968,2,94.0,1,13,-2.86539633251,-4.45864372401,5.3,3.0,2,5,5.0,400.0
3.1,0.0,2,400.0,22.0,0,1,0.100094079971,-1,94.0,1,13,-2.86539633251,-4.45864372401,5.3,3.0,2,5,5.0,400.0
3.1,0.0,1,400.0,22.0,0,-2,0.100113868713,-2,94.0,2,15,-4.82104957538,-2.20169956891,5.3,3.0,2,5,5.0,400.0
3.1,0.0,1,400.0,22.0,0,0,0.10018992424,1,94.0,1,0,0.0,5.3,5.3,3.0,2,5,5.0,400.0
3.1,0.0,1,400.0,22.0,0,2,0.10011100769,-2,94.0,1,19,-4.00547274408,3.47076188991,5.3,3.0,2,5,5.0,400.0
3.1,0.0,1,400.0,22.0,0,2,0.100124120712,-2,94.0,1,0,0.0,5.3,5.3,3.0,2,5,5.0,400.0
3.1,0.0,2,400.0,22.0,0,-2,0.100094079971,-1,94.0,1,11,6.49041367526e-16,-5.3,5.3,3.0,2,5,5.0,400.0
3.1,0.0,2,400.0,22.0,0,-1,0.100098133087,-1,94.0,2,16,-5.24605364197,-0.754268642848,5.3,3.0,2,5,5.0,400.0
3.1,0.0,2,400.0,22.0,0,-2,0.100066900253,-1,94.0,2,14,-4.00547274408,-3.47076188991,5.3,3.0,2,5,5.0,400.0
3.1,0.0,1,400.0,22.0,0,2,0.100093126297,1,94.0,2,6,5.24605364197,-0.754268642848,5.3,3.0,2,5,5.0,400.0
3.1,0.0,2,400.0,22.0,0,-2,0.100129127502,-2,94.0,1,17,-5.24605364197,0.754268642848,5.3,3.0,2,5,5.0,400.0
3.1,0.0,1,400.0,22.0,0,1,0.100303173065,-2,94.0,2,12,-1.49318255126,-5.08531276016,5.3,3.0,2,5,5.0,400.0
3.1,0.0,2,400.0,22.0,0,2,0.100069999695,-2,94.0,1,0,0.0,5.3,5.3,3.0,2,5,5.0,400.0
3.1,0.0,1,400.0,22.0,0,2,0.100113153458,1,94.0,1,21,-1.49318255126,5.08531276016,5.3,3.0,2,5,5.0,400.0
3.1,0.0,2,400.0,22.0,0,1,0.100085020065,1,94.0,1,1,1.49318255126,5.08531276016,5.3,3.0,2,5,5.0,400.0
3.1,0.0,1,400.0,22.0,0,-2,0.100084066391,0,94.0,1,15,-4.82104957538,-2.20169956891,5.3,3.0,2,5,5.0,400.0
3.1,0.0,1,400.0,22.0,0,0,0.100146055222,-2,94.0,1,2,2.86539633251,4.45864372401,5.3,3.0,2,5,5.0,400.0
3.1,0.0,2,400.0,22.0,0,0,0.100153923035,0,94.0,1,6,5.24605364197,-0.754268642848,5.3,3.0,2,5,5.0,400.0
3.1,0.0,2,400.0,22.0,0,0,0.100117921829,1,94.0,1,7,4.82104957538,-2.20169956891,5.3,3.0,2,5,5.0,400.0
3.1,0.0,1,400.0,22.0,0,-1,0.100094079971,0,94.0,2,11,6.49041367526e-16,-5.3,5.3,3.0,2,5,5.0,400.0
3.1,0.0,2,400.0,22.0,0,1,0.10009098053,0,94.0,1,18,-4.82104957538,2.20169956891,5.3,3.0,2,5,5.0,400.0
3.1,0.0,1,400.0,22.0,0,0,0.10010099411,1,94.0,1,19,-4.00547274408,3.47076188991,5.3,3.0,2,5,5.0,400.0
3.1,0.0,2,400.0,22.0,0,0,0.100161075592,0,94.0,1,4,4.82104957538,2.20169956891,5.3,3.0,2,5,5.0,400.0
3.1,0.0,1,400.0,22.0,0,-2,0.100080013275,2,94.0,2,3,4.00547274408,3.47076188991,5.3,3.0,2,5,5.0,400.0
3.1,0.0,2,400.0,22.0,0,0,0.100089073181,0,94.0,1,8,4.00547274408,-3.47076188991,5.3,3.0,2,5,5.0,400.0
3.1,0.0,2,400.0,22.0,0,0,0.100098133087,1,94.0,1,9,2.86539633251,-4.45864372401,5.3,3.0,2,5,5.0,400.0
3.1,0.0,2,400.0,22.0,0,0,0.10006403923,1,94.0,1,13,-2.86539633251,-4.45864372401,5.3,3.0,2,5,5.0,400.0
3.1,0.0,2,400.0,22.0,0,0,0.100116014481,0,94.0,2,4,4.82104957538,2.20169956891,5.3,3.0,2,5,5.0,400.0
3.1,0.0,2,400.0,22.0,0,-2,0.100093126297,2,94.0,1,12,-1.49318255126,-5.08531276016,5.3,3.0,2,5,5.0,400.0
3.1,0.0,1,400.0,22.0,0,-2,0.100060939789,-2,94.0,2,18,-4.82104957538,2.20169956891,5.3,3.0,2,5,5.0,400.0
3.1,0.0,1,400.0,22.0,0,2,0.100106954575,2,94.0,2,13,-2.86539633251,-4.45864372401,5.3,3.0,2,5,5.0,400.0
3.1,0.0,2,400.0,22.0,0,1,0.100110054016,2,94.0,1,17,-5.24605364197,0.754268642848,5.3,3.0,2,5,5.0,400.0
3.1,0.0,2,400.0,22.0,0,2,0.100211143494,1,94.0,1,17,-5.24605364197,0.754268642848,5.3,3.0,2,5,5.0,400.0
3.1,0.0,1,400.0,22.0,0,2,0.10010099411,0,94.0,2,12,-1.49318255126,-5.08531276016,5.3,3.0,2,5,5.0,400.0
3.1,0.0,2,400.0,22.0,0,2,0.100133895874,0,94.0,2,15,-4.82104957538,-2.20169956891,5.3,3.0,2,5,5.0,400.0
3.1,0.0,1,400.0,22.0,0,1,0.100083112717,1,94.0,2,16,-5.24605364197,-0.754268642848,5.3,3.0,2,5,5.0,400.0
3.1,0.0,1,400.0,22.0,0,0,0.100167989731,-1,94.0,1,5,5.24605364197,0.754268642848,5.3,3.0,2,5,5.0,400.0
3.1,0.0,1,400.0,22.0,0,0,0.100080013275,-2,94.0,2,0,0.0,5.3,5.3,3.0,2,5,5.0,400.0
3.1,0.0,1,400.0,22.0,0,-1,0.100082159042,2,94.0,1,5,5.24605364197,0.754268642848,5.3,3.0,2,5,5.0,400.0
3.1,0.0,2,400.0,22.0,0,0,0.100096940994,-2,94.0,2,12,-1.49318255126,-5.08531276016,5.3,3.0,2,5,5.0,400.0
3.1,0.0,1,400.0,22.0,0,2,0.100159168243,0,94.0,2,16,-5.24605364197,-0.754268642848,5.3,3.0,2,5,5.0,400.0
3.1,0.0,2,400.0,22.0,0,-1,0.100135087967,0,94.0,2,5,5.24605364197,0.754268642848,5.3,3.0,2,5,5.0,400.0
3.1,0.0,1,400.0,22.0,0,-1,0.10014796257,1,94.0,1,6,5.24605364197,-0.754268642848,5.3,3.0,2,5,5.0,400.0
3.1,0.0,1,400.0,22.0,0,1,0.100080966949,2,94.0,1,0,0.0,5.3,5.3,3.0,2,5,5.0,400.0
3.1,0.0,1,400.0,22.0,0,-1,0.100093126297,-1,94.0,1,3,4.00547274408,3.47076188991,5.3,3.0,2,5,5.0,400.0
3.1,0.0,1,400.0,22.0,0,1,0.100023984909,-1,94.0,1,1,1.49318255126,5.08531276016,5.3,3.0,2,5,5.0,400.0
3.1,0.0,2,400.0,22.0,0,-1,0.100390911102,2,94.0,1,19,-4.00547274408,3.47076188991,5.3,3.0,2,5,5.0,400.0
3.1,0.0,1,400.0,22.0,0,1,0.10011100769,-1,94.0,1,16,-5.24605364197,-0.754268642848,5.3,3.0,2,5,5.0,400.0
3.1,0.0,2,400.0,22.0,0,1,0.100157976151,2,94.0,1,13,-2.86539633251,-4.45864372401,5.3,3.0,2,5,5.0,400.0
3.1,0.0,2,400.0,22.0,0,-1,0.100134134293,1,94.0,2,11,6.49041367526e-16,-5.3,5.3,3.0,2,5,5.0,400.0
3.1,0.0,2,400.0,22.0,0,0,0.100126028061,2,94.0,1,10,1.49318255126,-5.08531276016,5.3,3.0,2,5,5.0,400.0
3.1,0.0,2,400.0,22.0,0,2,0.100138902664,-2,94.0,1,13,-2.86539633251,-4.45864372401,5.3,3.0,2,5,5.0,400.0
3.1,0.0,1,400.0,22.0,0,-2,0.100076913834,2,94.0,2,9,2.86539633251,-4.45864372401,5.3,3.0,2,5,5.0,400.0
3.1,0.0,2,400.0,22.0,0,-2,0.100053071976,2,94.0,2,20,-2.86539633251,4.45864372401,5.3,3.0,2,5,5.0,400.0
3.1,0.0,2,400.0,22.0,0,1,0.10012793541,-1,94.0,1,3,4.00547274408,3.47076188991,5.3,3.0,2,5,5.0,400.0
3.1,0.0,2,400.0,22.0,0,0,0.100151062012,1,94.0,1,0,0.0,5.3,5.3,3.0,2,5,5.0,400.0
3.1,0.0,2,400.0,22.0,0,-2,0.100178003311,0,94.0,1,3,4.00547274408,3.47076188991,5.3,3.0,2,5,5.0,400.0
3.1,0.0,1,400.0,22.0,0,2,0.100074052811,-1,94.0,2,12,-1.49318255126,-5.08531276016,5.3,3.0,2,5,5.0,400.0
3.1,0.0,2,400.0,22.0,0,-1,0.100106954575,1,94.0,1,9,2.86539633251,-4.45864372401,5.3,3.0,2,5,5.0,400.0
3.1,0.0,2,400.0,22.0,0,-2,0.1001329422,-1,94.0,2,16,-5.24605364197,-0.754268642848,5.3,3.0,2,5,5.0,400.0
3.1,0.0,2,400.0,22.0,0,-1,0.100170135498,-2,94.0,2,8,4.00547274408,-3.47076188991,5.3,3.0,2,5,5.0,400.0
3.1,0.0,2,400.0,22.0,0,-1,0.100110054016,2,94.0,1,18,-4.82104957538,2.20169956891,5.3,3.0,2,5,5.0,400.0
3.1,0.0,2,400.0,22.0,0,-1,0.100114107132,-2,94.0,1,5,5.24605364197,0.754268642848,5.3,3.0,2,5,5.0,400.0
3.1,0.0,1,400.0,22.0,0,-1,0.100160121918,1,94.0,2,4,4.82104957538,2.20169956891,5.3,3.0,2,5,5.0,400.0
3.1,0.0,2,400.0,22.0,0,-2,0.100131988525,0,94.0,2,19,-4.00547274408,3.47076188991,5.3,3.0,2,5,5.0,400.0
3.1,0.0,2,400.0,22.0,0,-2,0.100121974945,0,94.0,1,11,6.49041367526e-16,-5.3,5.3,3.0,2,5,5.0,400.0
3.1,0.0,2,400.0,22.0,0,2,0.100117921829,0,94.0,2,3,4.00547274408,3.47076188991,5.3,3.0,2,5,5.0,400.0
3.1,0.0,1,400.0,22.0,0,0,0.100069046021,-1,94.0,1,20,-2.86539633251,4.45864372401,5.3,3.0,2,5,5.0,400.0
3.1,0.0,1,400.0,22.0,0,1,0.100159883499,1,94.0,2,2,2.86539633251,4.45864372401,5.3,3.0,2,5,5.0,400.0
3.1,0.0,1,400.0,22.0,0,-2,0.100115060806,2,94.0,1,16,-5.24605364197,-0.754268642848,5.3,3.0,2,5,5.0,400.0
3.1,0.0,1,400.0,22.0,0,-2,0.100143194199,1,94.0,1,13,-2.86539633251,-4.45864372401,5.3,3.0,2,5,5.0,400.0
3.1,0.0,1,400.0,22.0,0,-1,0.100089073181,1,94.0,1,16,-5.24605364197,-0.754268642848,5.3,3.0,2,5,5.0,400.0
3.1,0.0,1,400.0,22.0,0,1,0.1001329422,-2,94.0,2,0,0.0,5.3,5.3,3.0,2,5,5.0,400.0
