cue-length,ms-precue,resp-v-hv,ms-st-cue,nitems,offset2,resp-h-pos,actualStimOn,resp-v-pos,ms-stimon,resp-h-hv,cue-loc-int,cue-loc-x,cue-loc-y,radius,bars-or-spot,version,offset,npractice,ntrials
3.1,0.0,1,400.0,22.0,0,1,0.09707903862,2,94.0,1,18,-4.82104957538,2.20169956891,5.3,0,9,-10.5,5.0,400.0
3.1,0.0,2,400.0,22.0,0,-2,0.0971839427948,2,94.0,2,6,5.24605364197,-0.754268642848,5.3,0,9,-10.5,5.0,400.0
3.1,0.0,1,400.0,22.0,0,1,0.0970449447632,-2,94.0,2,2,2.86539633251,4.45864372401,5.3,0,9,-10.5,5.0,400.0
3.1,0.0,1,400.0,22.0,0,2,0.097177028656,-1,94.0,1,2,2.86539633251,4.45864372401,5.3,0,9,-10.5,5.0,400.0
3.1,0.0,2,400.0,22.0,0,-1,0.0970220565796,1,94.0,2,6,5.24605364197,-0.754268642848,5.3,0,9,-10.5,5.0,400.0
3.1,0.0,1,400.0,22.0,0,-1,0.0972189903259,-2,94.0,1,1,1.49318255126,5.08531276016,5.3,0,9,-10.5,5.0,400.0
3.1,0.0,1,400.0,22.0,0,-1,0.0971992015839,2,94.0,1,13,-2.86539633251,-4.45864372401,5.3,0,9,-10.5,5.0,400.0
3.1,0.0,2,400.0,22.0,0,-1,0.0971930027008,1,94.0,2,15,-4.82104957538,-2.20169956891,5.3,0,9,-10.5,5.0,400.0
3.1,0.0,2,400.0,22.0,0,0,0.097188949585,-1,94.0,2,14,-4.00547274408,-3.47076188991,5.3,0,9,-10.5,5.0,400.0
3.1,0.0,1,400.0,22.0,0,2,0.0972259044647,0,94.0,1,17,-5.24605364197,0.754268642848,5.3,0,9,-10.5,5.0,400.0
3.1,0.0,1,400.0,22.0,0,-2,0.0972218513489,-1,94.0,1,6,5.24605364197,-0.754268642848,5.3,0,9,-10.5,5.0,400.0
3.1,0.0,2,400.0,22.0,0,-2,0.0972130298615,1,94.0,2,11,6.49041367526e-16,-5.3,5.3,0,9,-10.5,5.0,400.0
3.1,0.0,2,400.0,22.0,0,-1,0.0971989631653,0,94.0,2,18,-4.82104957538,2.20169956891,5.3,0,9,-10.5,5.0,400.0
3.1,0.0,1,400.0,22.0,0,2,0.0972180366516,0,94.0,2,12,-1.49318255126,-5.08531276016,5.3,0,9,-10.5,5.0,400.0
3.1,0.0,1,400.0,22.0,0,2,0.0971829891205,1,94.0,2,21,-1.49318255126,5.08531276016,5.3,0,9,-10.5,5.0,400.0
3.1,0.0,2,400.0,22.0,0,2,0.0970549583435,0,94.0,1,13,-2.86539633251,-4.45864372401,5.3,0,9,-10.5,5.0,400.0
3.1,0.0,1,400.0,22.0,0,0,0.0970339775085,0,94.0,2,11,6.49041367526e-16,-5.3,5.3,0,9,-10.5,5.0,400.0
3.1,0.0,2,400.0,22.0,0,2,0.0970659255981,-1,94.0,2,6,5.24605364197,-0.754268642848,5.3,0,9,-10.5,5.0,400.0
3.1,0.0,1,400.0,22.0,0,1,0.0970480442047,1,94.0,2,11,6.49041367526e-16,-5.3,5.3,0,9,-10.5,5.0,400.0
3.1,0.0,2,400.0,22.0,0,2,0.0970361232758,0,94.0,1,1,1.49318255126,5.08531276016,5.3,0,9,-10.5,5.0,400.0
3.1,0.0,1,400.0,22.0,0,0,0.0970330238342,-1,94.0,2,5,5.24605364197,0.754268642848,5.3,0,9,-10.5,5.0,400.0
3.1,0.0,1,400.0,22.0,0,-1,0.0970411300659,2,94.0,1,5,5.24605364197,0.754268642848,5.3,0,9,-10.5,5.0,400.0
3.1,0.0,1,400.0,22.0,0,2,0.0970411300659,-2,94.0,2,21,-1.49318255126,5.08531276016,5.3,0,9,-10.5,5.0,400.0
3.1,0.0,1,400.0,22.0,0,1,0.0971829891205,2,94.0,2,21,-1.49318255126,5.08531276016,5.3,0,9,-10.5,5.0,400.0
3.1,0.0,2,400.0,22.0,0,-2,0.0970189571381,1,94.0,1,13,-2.86539633251,-4.45864372401,5.3,0,9,-10.5,5.0,400.0
3.1,0.0,1,400.0,22.0,0,-2,0.0972170829773,0,94.0,2,7,4.82104957538,-2.20169956891,5.3,0,9,-10.5,5.0,400.0
3.1,0.0,2,400.0,22.0,0,0,0.0971879959106,1,94.0,2,2,2.86539633251,4.45864372401,5.3,0,9,-10.5,5.0,400.0
3.1,0.0,1,400.0,22.0,0,0,0.0971808433533,-1,94.0,1,17,-5.24605364197,0.754268642848,5.3,0,9,-10.5,5.0,400.0
3.1,0.0,1,400.0,22.0,0,-2,0.0971741676331,2,94.0,1,3,4.00547274408,3.47076188991,5.3,0,9,-10.5,5.0,400.0
3.1,0.0,2,400.0,22.0,0,-1,0.0971782207489,-2,94.0,2,13,-2.86539633251,-4.45864372401,5.3,0,9,-10.5,5.0,400.0
3.1,0.0,1,400.0,22.0,0,-1,0.0971500873566,1,94.0,2,8,4.00547274408,-3.47076188991,5.3,0,9,-10.5,5.0,400.0
3.1,0.0,1,400.0,22.0,0,-1,0.0970098972321,1,94.0,2,3,4.00547274408,3.47076188991,5.3,0,9,-10.5,5.0,400.0
3.1,0.0,1,400.0,22.0,0,-2,0.0971720218658,-2,94.0,1,15,-4.82104957538,-2.20169956891,5.3,0,9,-10.5,5.0,400.0
3.1,0.0,2,400.0,22.0,0,1,0.0971801280975,0,94.0,1,8,4.00547274408,-3.47076188991,5.3,0,9,-10.5,5.0,400.0
3.1,0.0,2,400.0,22.0,0,0,0.0970051288605,1,94.0,2,10,1.49318255126,-5.08531276016,5.3,0,9,-10.5,5.0,400.0
3.1,0.0,2,400.0,22.0,0,2,0.0973420143127,1,94.0,2,16,-5.24605364197,-0.754268642848,5.3,0,9,-10.5,5.0,400.0
3.1,0.0,2,400.0,22.0,0,0,0.0971689224243,0,94.0,1,6,5.24605364197,-0.754268642848,5.3,0,9,-10.5,5.0,400.0
3.1,0.0,1,400.0,22.0,0,1,0.0972089767456,-2,94.0,2,4,4.82104957538,2.20169956891,5.3,0,9,-10.5,5.0,400.0
3.1,0.0,1,400.0,22.0,0,1,0.0972061157227,1,94.0,1,18,-4.82104957538,2.20169956891,5.3,0,9,-10.5,5.0,400.0
3.1,0.0,1,400.0,22.0,0,-1,0.0971899032593,0,94.0,2,19,-4.00547274408,3.47076188991,5.3,0,9,-10.5,5.0,400.0
3.1,0.0,2,400.0,22.0,0,2,0.0970590114594,-1,94.0,2,15,-4.82104957538,-2.20169956891,5.3,0,9,-10.5,5.0,400.0
3.1,0.0,2,400.0,22.0,0,-1,0.097188949585,-2,94.0,1,20,-2.86539633251,4.45864372401,5.3,0,9,-10.5,5.0,400.0
3.1,0.0,1,400.0,22.0,0,0,0.0972361564636,2,94.0,1,13,-2.86539633251,-4.45864372401,5.3,0,9,-10.5,5.0,400.0
3.1,0.0,2,400.0,22.0,0,-1,0.0970330238342,-2,94.0,2,0,0.0,5.3,5.3,0,9,-10.5,5.0,400.0
3.1,0.0,1,400.0,22.0,0,2,0.097146987915,2,94.0,2,11,6.49041367526e-16,-5.3,5.3,0,9,-10.5,5.0,400.0
3.1,0.0,2,400.0,22.0,0,-2,0.0970439910889,1,94.0,2,15,-4.82104957538,-2.20169956891,5.3,0,9,-10.5,5.0,400.0
3.1,0.0,2,400.0,22.0,0,-1,0.0971918106079,-2,94.0,2,12,-1.49318255126,-5.08531276016,5.3,0,9,-10.5,5.0,400.0
3.1,0.0,1,400.0,22.0,0,0,0.0971901416779,2,94.0,2,9,2.86539633251,-4.45864372401,5.3,0,9,-10.5,5.0,400.0
3.1,0.0,1,400.0,22.0,0,1,0.0971748828888,-2,94.0,1,5,5.24605364197,0.754268642848,5.3,0,9,-10.5,5.0,400.0
3.1,0.0,2,400.0,22.0,0,2,0.0971500873566,-1,94.0,2,7,4.82104957538,-2.20169956891,5.3,0,9,-10.5,5.0,400.0
3.1,0.0,2,400.0,22.0,0,0,0.0970618724823,0,94.0,1,7,4.82104957538,-2.20169956891,5.3,0,9,-10.5,5.0,400.0
3.1,0.0,1,400.0,22.0,0,2,0.0970139503479,1,94.0,2,7,4.82104957538,-2.20169956891,5.3,0,9,-10.5,5.0,400.0
3.1,0.0,1,400.0,22.0,0,-1,0.0972049236298,1,94.0,2,8,4.00547274408,-3.47076188991,5.3,0,9,-10.5,5.0,400.0
3.1,0.0,2,400.0,22.0,0,-1,0.0970098972321,0,94.0,2,4,4.82104957538,2.20169956891,5.3,0,9,-10.5,5.0,400.0
3.1,0.0,1,400.0,22.0,0,0,0.0971438884735,1,94.0,2,21,-1.49318255126,5.08531276016,5.3,0,9,-10.5,5.0,400.0
3.1,0.0,1,400.0,22.0,0,-2,0.0971748828888,0,94.0,2,8,4.00547274408,-3.47076188991,5.3,0,9,-10.5,5.0,400.0
3.1,0.0,2,400.0,22.0,0,0,0.0971879959106,-1,94.0,2,21,-1.49318255126,5.08531276016,5.3,0,9,-10.5,5.0,400.0
3.1,0.0,1,400.0,22.0,0,1,0.0971949100494,-2,94.0,1,10,1.49318255126,-5.08531276016,5.3,0,9,-10.5,5.0,400.0
3.1,0.0,2,400.0,22.0,0,-2,0.0971910953522,0,94.0,2,16,-5.24605364197,-0.754268642848,5.3,0,9,-10.5,5.0,400.0
3.1,0.0,2,400.0,22.0,0,-2,0.0970010757446,0,94.0,1,5,5.24605364197,0.754268642848,5.3,0,9,-10.5,5.0,400.0
3.1,0.0,1,400.0,22.0,0,0,0.0972130298615,1,94.0,1,15,-4.82104957538,-2.20169956891,5.3,0,9,-10.5,5.0,400.0
3.1,0.0,2,400.0,22.0,0,-1,0.097198009491,2,94.0,1,10,1.49318255126,-5.08531276016,5.3,0,9,-10.5,5.0,400.0
3.1,0.0,2,400.0,22.0,0,0,0.0972130298615,2,94.0,2,16,-5.24605364197,-0.754268642848,5.3,0,9,-10.5,5.0,400.0
3.1,0.0,1,400.0,22.0,0,1,0.0972099304199,1,94.0,2,7,4.82104957538,-2.20169956891,5.3,0,9,-10.5,5.0,400.0
3.1,0.0,2,400.0,22.0,0,-1,0.0972011089325,-2,94.0,2,14,-4.00547274408,-3.47076188991,5.3,0,9,-10.5,5.0,400.0
3.1,0.0,1,400.0,22.0,0,0,0.0972120761871,1,94.0,2,14,-4.00547274408,-3.47076188991,5.3,0,9,-10.5,5.0,400.0
3.1,0.0,2,400.0,22.0,0,2,0.097179889679,-1,94.0,1,2,2.86539633251,4.45864372401,5.3,0,9,-10.5,5.0,400.0
3.1,0.0,2,400.0,22.0,0,2,0.0970349311829,-1,94.0,1,4,4.82104957538,2.20169956891,5.3,0,9,-10.5,5.0,400.0
3.1,0.0,1,400.0,22.0,0,-1,0.0971868038177,0,94.0,2,12,-1.49318255126,-5.08531276016,5.3,0,9,-10.5,5.0,400.0
3.1,0.0,2,400.0,22.0,0,-2,0.0972018241882,0,94.0,1,21,-1.49318255126,5.08531276016,5.3,0,9,-10.5,5.0,400.0
3.1,0.0,1,400.0,22.0,0,-2,0.0970339775085,1,94.0,1,10,1.49318255126,-5.08531276016,5.3,0,9,-10.5,5.0,400.0
3.1,0.0,2,400.0,22.0,0,-2,0.0970289707184,0,94.0,1,12,-1.49318255126,-5.08531276016,5.3,0,9,-10.5,5.0,400.0
3.1,0.0,2,400.0,22.0,0,1,0.0972118377686,0,94.0,1,16,-5.24605364197,-0.754268642848,5.3,0,9,-10.5,5.0,400.0
3.1,0.0,1,400.0,22.0,0,1,0.0972108840942,1,94.0,2,3,4.00547274408,3.47076188991,5.3,0,9,-10.5,5.0,400.0
3.1,0.0,1,400.0,22.0,0,0,0.0971920490265,2,94.0,2,18,-4.82104957538,2.20169956891,5.3,0,9,-10.5,5.0,400.0
3.1,0.0,1,400.0,22.0,0,-1,0.0970320701599,2,94.0,2,18,-4.82104957538,2.20169956891,5.3,0,9,-10.5,5.0,400.0
3.1,0.0,2,400.0,22.0,0,-2,0.0972108840942,0,94.0,1,7,4.82104957538,-2.20169956891,5.3,0,9,-10.5,5.0,400.0
3.1,0.0,2,400.0,22.0,0,0,0.0971939563751,1,94.0,2,11,6.49041367526e-16,-5.3,5.3,0,9,-10.5,5.0,400.0
3.1,0.0,1,400.0,22.0,0,0,0.0971810817719,-1,94.0,2,0,0.0,5.3,5.3,0,9,-10.5,5.0,400.0
3.1,0.0,1,400.0,22.0,0,0,0.097039937973,-1,94.0,2,17,-5.24605364197,0.754268642848,5.3,0,9,-10.5,5.0,400.0
3.1,0.0,1,400.0,22.0,0,-1,0.0971779823303,1,94.0,1,18,-4.82104957538,2.20169956891,5.3,0,9,-10.5,5.0,400.0
3.1,0.0,2,400.0,22.0,0,1,0.0970380306244,-1,94.0,1,17,-5.24605364197,0.754268642848,5.3,0,9,-10.5,5.0,400.0
3.1,0.0,1,400.0,22.0,0,2,0.0972118377686,1,94.0,2,21,-1.49318255126,5.08531276016,5.3,0,9,-10.5,5.0,400.0
3.1,0.0,2,400.0,22.0,0,-1,0.0971629619598,-1,94.0,1,20,-2.86539633251,4.45864372401,5.3,0,9,-10.5,5.0,400.0
3.1,0.0,1,400.0,22.0,0,-1,0.0971519947052,2,94.0,1,17,-5.24605364197,0.754268642848,5.3,0,9,-10.5,5.0,400.0
3.1,0.0,1,400.0,22.0,0,2,0.0972008705139,-1,94.0,1,10,1.49318255126,-5.08531276016,5.3,0,9,-10.5,5.0,400.0
3.1,0.0,1,400.0,22.0,0,-1,0.0972061157227,1,94.0,1,15,-4.82104957538,-2.20169956891,5.3,0,9,-10.5,5.0,400.0
3.1,0.0,1,400.0,22.0,0,0,0.0972139835358,-1,94.0,1,7,4.82104957538,-2.20169956891,5.3,0,9,-10.5,5.0,400.0
3.1,0.0,2,400.0,22.0,0,-2,0.0972149372101,2,94.0,1,16,-5.24605364197,-0.754268642848,5.3,0,9,-10.5,5.0,400.0
3.1,0.0,1,400.0,22.0,0,1,0.0972089767456,-2,94.0,1,2,2.86539633251,4.45864372401,5.3,0,9,-10.5,5.0,400.0
3.1,0.0,2,400.0,22.0,0,1,0.097217798233,0,94.0,1,0,0.0,5.3,5.3,0,9,-10.5,5.0,400.0
3.1,0.0,2,400.0,22.0,0,-2,0.097186088562,2,94.0,1,1,1.49318255126,5.08531276016,5.3,0,9,-10.5,5.0,400.0
3.1,0.0,2,400.0,22.0,0,0,0.0970578193665,-2,94.0,2,3,4.00547274408,3.47076188991,5.3,0,9,-10.5,5.0,400.0
3.1,0.0,2,400.0,22.0,0,2,0.0970640182495,1,94.0,2,6,5.24605364197,-0.754268642848,5.3,0,9,-10.5,5.0,400.0
3.1,0.0,2,400.0,22.0,0,-1,0.0970311164856,-2,94.0,2,2,2.86539633251,4.45864372401,5.3,0,9,-10.5,5.0,400.0
3.1,0.0,2,400.0,22.0,0,-2,0.0971839427948,-1,94.0,1,1,1.49318255126,5.08531276016,5.3,0,9,-10.5,5.0,400.0
3.1,0.0,2,400.0,22.0,0,-1,0.0972030162811,-1,94.0,1,1,1.49318255126,5.08531276016,5.3,0,9,-10.5,5.0,400.0
3.1,0.0,2,400.0,22.0,0,2,0.0970270633698,1,94.0,1,6,5.24605364197,-0.754268642848,5.3,0,9,-10.5,5.0,400.0
3.1,0.0,1,400.0,22.0,0,1,0.097179889679,2,94.0,2,19,-4.00547274408,3.47076188991,5.3,0,9,-10.5,5.0,400.0
3.1,0.0,1,400.0,22.0,0,0,0.0970520973206,-2,94.0,2,1,1.49318255126,5.08531276016,5.3,0,9,-10.5,5.0,400.0
3.1,0.0,1,400.0,22.0,0,0,0.0970180034637,1,94.0,1,15,-4.82104957538,-2.20169956891,5.3,0,9,-10.5,5.0,400.0
3.1,0.0,2,400.0,22.0,0,2,0.0970349311829,-2,94.0,1,17,-5.24605364197,0.754268642848,5.3,0,9,-10.5,5.0,400.0
3.1,0.0,1,400.0,22.0,0,-2,0.0972170829773,-2,94.0,2,9,2.86539633251,-4.45864372401,5.3,0,9,-10.5,5.0,400.0
3.1,0.0,2,400.0,22.0,0,2,0.0971918106079,0,94.0,2,6,5.24605364197,-0.754268642848,5.3,0,9,-10.5,5.0,400.0
3.1,0.0,1,400.0,22.0,0,-2,0.0972337722778,-2,94.0,2,17,-5.24605364197,0.754268642848,5.3,0,9,-10.5,5.0,400.0
3.1,0.0,1,400.0,22.0,0,0,0.0972058773041,2,94.0,2,11,6.49041367526e-16,-5.3,5.3,0,9,-10.5,5.0,400.0
3.1,0.0,2,400.0,22.0,0,0,0.0972111225128,1,94.0,1,12,-1.49318255126,-5.08531276016,5.3,0,9,-10.5,5.0,400.0
3.1,0.0,1,400.0,22.0,0,2,0.0972080230713,-2,94.0,1,10,1.49318255126,-5.08531276016,5.3,0,9,-10.5,5.0,400.0
3.1,0.0,1,400.0,22.0,0,1,0.0970809459686,1,94.0,2,8,4.00547274408,-3.47076188991,5.3,0,9,-10.5,5.0,400.0
3.1,0.0,2,400.0,22.0,0,0,0.0972020626068,2,94.0,1,20,-2.86539633251,4.45864372401,5.3,0,9,-10.5,5.0,400.0
3.1,0.0,1,400.0,22.0,0,-1,0.0971729755402,-1,94.0,2,7,4.82104957538,-2.20169956891,5.3,0,9,-10.5,5.0,400.0
3.1,0.0,2,400.0,22.0,0,2,0.0972218513489,0,94.0,1,10,1.49318255126,-5.08531276016,5.3,0,9,-10.5,5.0,400.0
3.1,0.0,1,400.0,22.0,0,1,0.0971720218658,-2,94.0,2,6,5.24605364197,-0.754268642848,5.3,0,9,-10.5,5.0,400.0
3.1,0.0,2,400.0,22.0,0,-1,0.0972249507904,1,94.0,2,3,4.00547274408,3.47076188991,5.3,0,9,-10.5,5.0,400.0
3.1,0.0,2,400.0,22.0,0,2,0.0971989631653,0,94.0,2,8,4.00547274408,-3.47076188991,5.3,0,9,-10.5,5.0,400.0
3.1,0.0,1,400.0,22.0,0,-1,0.0971999168396,1,94.0,2,14,-4.00547274408,-3.47076188991,5.3,0,9,-10.5,5.0,400.0
3.1,0.0,2,400.0,22.0,0,1,0.0972018241882,1,94.0,1,7,4.82104957538,-2.20169956891,5.3,0,9,-10.5,5.0,400.0
3.1,0.0,2,400.0,22.0,0,2,0.0971610546112,2,94.0,1,16,-5.24605364197,-0.754268642848,5.3,0,9,-10.5,5.0,400.0
3.1,0.0,2,400.0,22.0,0,1,0.0972080230713,1,94.0,1,3,4.00547274408,3.47076188991,5.3,0,9,-10.5,5.0,400.0
3.1,0.0,2,400.0,22.0,0,0,0.0971939563751,2,94.0,1,18,-4.82104957538,2.20169956891,5.3,0,9,-10.5,5.0,400.0
3.1,0.0,2,400.0,22.0,0,0,0.0971632003784,0,94.0,1,10,1.49318255126,-5.08531276016,5.3,0,9,-10.5,5.0,400.0
3.1,0.0,1,400.0,22.0,0,1,0.097188949585,-1,94.0,1,1,1.49318255126,5.08531276016,5.3,0,9,-10.5,5.0,400.0
3.1,0.0,1,400.0,22.0,0,0,0.0971879959106,-1,94.0,1,14,-4.00547274408,-3.47076188991,5.3,0,9,-10.5,5.0,400.0
3.1,0.0,1,400.0,22.0,0,0,0.0970349311829,1,94.0,2,11,6.49041367526e-16,-5.3,5.3,0,9,-10.5,5.0,400.0
3.1,0.0,1,400.0,22.0,0,-2,0.097608089447,-1,94.0,1,15,-4.82104957538,-2.20169956891,5.3,0,9,-10.5,5.0,400.0
3.1,0.0,1,400.0,22.0,0,1,0.0972061157227,0,94.0,1,1,1.49318255126,5.08531276016,5.3,0,9,-10.5,5.0,400.0
3.1,0.0,2,400.0,22.0,0,1,0.0974209308624,0,94.0,2,2,2.86539633251,4.45864372401,5.3,0,9,-10.5,5.0,400.0
3.1,0.0,2,400.0,22.0,0,1,0.0975799560547,0,94.0,2,5,5.24605364197,0.754268642848,5.3,0,9,-10.5,5.0,400.0
3.1,0.0,2,400.0,22.0,0,0,0.0977990627289,-1,94.0,2,18,-4.82104957538,2.20169956891,5.3,0,9,-10.5,5.0,400.0
3.1,0.0,2,400.0,22.0,0,-2,0.0976121425629,1,94.0,2,7,4.82104957538,-2.20169956891,5.3,0,9,-10.5,5.0,400.0
3.1,0.0,2,400.0,22.0,0,-1,0.0975730419159,0,94.0,2,17,-5.24605364197,0.754268642848,5.3,0,9,-10.5,5.0,400.0
3.1,0.0,2,400.0,22.0,0,2,0.0972349643707,0,94.0,2,3,4.00547274408,3.47076188991,5.3,0,9,-10.5,5.0,400.0
3.1,0.0,1,400.0,22.0,0,2,0.0975551605225,-1,94.0,1,13,-2.86539633251,-4.45864372401,5.3,0,9,-10.5,5.0,400.0
3.1,0.0,2,400.0,22.0,0,1,0.0976600646973,-2,94.0,1,21,-1.49318255126,5.08531276016,5.3,0,9,-10.5,5.0,400.0
3.1,0.0,2,400.0,22.0,0,0,0.0972220897675,0,94.0,1,7,4.82104957538,-2.20169956891,5.3,0,9,-10.5,5.0,400.0
3.1,0.0,2,400.0,22.0,0,-2,0.0972580909729,0,94.0,2,8,4.00547274408,-3.47076188991,5.3,0,9,-10.5,5.0,400.0
3.1,0.0,2,400.0,22.0,0,-1,0.09725689888,1,94.0,1,21,-1.49318255126,5.08531276016,5.3,0,9,-10.5,5.0,400.0
3.1,0.0,2,400.0,22.0,0,-1,0.0972609519958,2,94.0,1,2,2.86539633251,4.45864372401,5.3,0,9,-10.5,5.0,400.0
3.1,0.0,2,400.0,22.0,0,-2,0.097216129303,1,94.0,1,20,-2.86539633251,4.45864372401,5.3,0,9,-10.5,5.0,400.0
3.1,0.0,1,400.0,22.0,0,1,0.0972199440002,1,94.0,2,4,4.82104957538,2.20169956891,5.3,0,9,-10.5,5.0,400.0
3.1,0.0,1,400.0,22.0,0,1,0.0972471237183,1,94.0,2,7,4.82104957538,-2.20169956891,5.3,0,9,-10.5,5.0,400.0
3.1,0.0,2,400.0,22.0,0,-1,0.0972487926483,0,94.0,1,17,-5.24605364197,0.754268642848,5.3,0,9,-10.5,5.0,400.0
3.1,0.0,2,400.0,22.0,0,1,0.097198009491,-1,94.0,2,3,4.00547274408,3.47076188991,5.3,0,9,-10.5,5.0,400.0
3.1,0.0,1,400.0,22.0,0,-2,0.0972039699554,2,94.0,1,21,-1.49318255126,5.08531276016,5.3,0,9,-10.5,5.0,400.0
3.1,0.0,2,400.0,22.0,0,-2,0.0972080230713,1,94.0,2,9,2.86539633251,-4.45864372401,5.3,0,9,-10.5,5.0,400.0
3.1,0.0,2,400.0,22.0,0,-1,0.0972259044647,2,94.0,1,13,-2.86539633251,-4.45864372401,5.3,0,9,-10.5,5.0,400.0
3.1,0.0,2,400.0,22.0,0,-1,0.0972609519958,-1,94.0,1,11,6.49041367526e-16,-5.3,5.3,0,9,-10.5,5.0,400.0
3.1,0.0,1,400.0,22.0,0,0,0.097235918045,-2,94.0,1,6,5.24605364197,-0.754268642848,5.3,0,9,-10.5,5.0,400.0
3.1,0.0,1,400.0,22.0,0,-2,0.097244977951,-2,94.0,2,2,2.86539633251,4.45864372401,5.3,0,9,-10.5,5.0,400.0
3.1,0.0,1,400.0,22.0,0,-2,0.097275018692,-1,94.0,1,15,-4.82104957538,-2.20169956891,5.3,0,9,-10.5,5.0,400.0
3.1,0.0,1,400.0,22.0,0,1,0.0972418785095,0,94.0,2,3,4.00547274408,3.47076188991,5.3,0,9,-10.5,5.0,400.0
3.1,0.0,2,400.0,22.0,0,0,0.0972471237183,-1,94.0,1,0,0.0,5.3,5.3,0,9,-10.5,5.0,400.0
3.1,0.0,1,400.0,22.0,0,0,0.0972590446472,-2,94.0,2,20,-2.86539633251,4.45864372401,5.3,0,9,-10.5,5.0,400.0
3.1,0.0,2,400.0,22.0,0,1,0.097235918045,-1,94.0,1,4,4.82104957538,2.20169956891,5.3,0,9,-10.5,5.0,400.0
3.1,0.0,1,400.0,22.0,0,0,0.0972199440002,1,94.0,1,10,1.49318255126,-5.08531276016,5.3,0,9,-10.5,5.0,400.0
3.1,0.0,2,400.0,22.0,0,2,0.0972290039062,1,94.0,2,14,-4.00547274408,-3.47076188991,5.3,0,9,-10.5,5.0,400.0
3.1,0.0,1,400.0,22.0,0,-1,0.0972299575806,0,94.0,2,16,-5.24605364197,-0.754268642848,5.3,0,9,-10.5,5.0,400.0
3.1,0.0,2,400.0,22.0,0,0,0.0972700119019,1,94.0,2,13,-2.86539633251,-4.45864372401,5.3,0,9,-10.5,5.0,400.0
3.1,0.0,2,400.0,22.0,0,-2,0.0977690219879,-1,94.0,2,21,-1.49318255126,5.08531276016,5.3,0,9,-10.5,5.0,400.0
3.1,0.0,1,400.0,22.0,0,0,0.0972020626068,2,94.0,2,2,2.86539633251,4.45864372401,5.3,0,9,-10.5,5.0,400.0
3.1,0.0,2,400.0,22.0,0,2,0.0972130298615,-1,94.0,2,8,4.00547274408,-3.47076188991,5.3,0,9,-10.5,5.0,400.0
3.1,0.0,2,400.0,22.0,0,-2,0.0970158576965,0,94.0,1,4,4.82104957538,2.20169956891,5.3,0,9,-10.5,5.0,400.0
3.1,0.0,2,400.0,22.0,0,0,0.0972440242767,0,94.0,1,14,-4.00547274408,-3.47076188991,5.3,0,9,-10.5,5.0,400.0
3.1,0.0,2,400.0,22.0,0,0,0.0972328186035,-1,94.0,1,10,1.49318255126,-5.08531276016,5.3,0,9,-10.5,5.0,400.0
3.1,0.0,1,400.0,22.0,0,-1,0.0971429347992,0,94.0,2,16,-5.24605364197,-0.754268642848,5.3,0,9,-10.5,5.0,400.0
3.1,0.0,2,400.0,22.0,0,1,0.0970640182495,0,94.0,1,15,-4.82104957538,-2.20169956891,5.3,0,9,-10.5,5.0,400.0
3.1,0.0,2,400.0,22.0,0,-2,0.0972149372101,0,94.0,2,15,-4.82104957538,-2.20169956891,5.3,0,9,-10.5,5.0,400.0
3.1,0.0,1,400.0,22.0,0,-2,0.097048997879,2,94.0,2,19,-4.00547274408,3.47076188991,5.3,0,9,-10.5,5.0,400.0
3.1,0.0,1,400.0,22.0,0,-2,0.0972049236298,0,94.0,1,3,4.00547274408,3.47076188991,5.3,0,9,-10.5,5.0,400.0
3.1,0.0,1,400.0,22.0,0,2,0.0971989631653,-1,94.0,1,2,2.86539633251,4.45864372401,5.3,0,9,-10.5,5.0,400.0
3.1,0.0,2,400.0,22.0,0,-2,0.0972039699554,1,94.0,2,6,5.24605364197,-0.754268642848,5.3,0,9,-10.5,5.0,400.0
3.1,0.0,1,400.0,22.0,0,1,0.0972030162811,2,94.0,2,2,2.86539633251,4.45864372401,5.3,0,9,-10.5,5.0,400.0
3.1,0.0,2,400.0,22.0,0,-2,0.0970189571381,0,94.0,2,18,-4.82104957538,2.20169956891,5.3,0,9,-10.5,5.0,400.0
3.1,0.0,1,400.0,22.0,0,0,0.0970649719238,2,94.0,2,8,4.00547274408,-3.47076188991,5.3,0,9,-10.5,5.0,400.0
3.1,0.0,2,400.0,22.0,0,2,0.0970590114594,-1,94.0,2,0,0.0,5.3,5.3,0,9,-10.5,5.0,400.0
3.1,0.0,1,400.0,22.0,0,0,0.0970458984375,-1,94.0,2,4,4.82104957538,2.20169956891,5.3,0,9,-10.5,5.0,400.0
3.1,0.0,2,400.0,22.0,0,-1,0.0971598625183,-2,94.0,2,11,6.49041367526e-16,-5.3,5.3,0,9,-10.5,5.0,400.0
3.1,0.0,1,400.0,22.0,0,-2,0.0970368385315,2,94.0,2,7,4.82104957538,-2.20169956891,5.3,0,9,-10.5,5.0,400.0
3.1,0.0,2,400.0,22.0,0,2,0.0971758365631,2,94.0,1,19,-4.00547274408,3.47076188991,5.3,0,9,-10.5,5.0,400.0
3.1,0.0,2,400.0,22.0,0,0,0.0970270633698,2,94.0,1,10,1.49318255126,-5.08531276016,5.3,0,9,-10.5,5.0,400.0
3.1,0.0,2,400.0,22.0,0,-2,0.0971789360046,1,94.0,1,0,0.0,5.3,5.3,0,9,-10.5,5.0,400.0
3.1,0.0,2,400.0,22.0,0,-1,0.0971758365631,1,94.0,2,5,5.24605364197,0.754268642848,5.3,0,9,-10.5,5.0,400.0
3.1,0.0,2,400.0,22.0,0,-2,0.0971391201019,2,94.0,1,2,2.86539633251,4.45864372401,5.3,0,9,-10.5,5.0,400.0
3.1,0.0,2,400.0,22.0,0,2,0.0971810817719,-2,94.0,1,7,4.82104957538,-2.20169956891,5.3,0,9,-10.5,5.0,400.0
3.1,0.0,1,400.0,22.0,0,1,0.0970258712769,-2,94.0,1,14,-4.00547274408,-3.47076188991,5.3,0,9,-10.5,5.0,400.0
3.1,0.0,1,400.0,22.0,0,1,0.0970809459686,-2,94.0,1,16,-5.24605364197,-0.754268642848,5.3,0,9,-10.5,5.0,400.0
3.1,0.0,1,400.0,22.0,0,-1,0.0971858501434,-2,94.0,2,7,4.82104957538,-2.20169956891,5.3,0,9,-10.5,5.0,400.0
3.1,0.0,1,400.0,22.0,0,-1,0.0972080230713,-1,94.0,2,11,6.49041367526e-16,-5.3,5.3,0,9,-10.5,5.0,400.0
3.1,0.0,1,400.0,22.0,0,1,0.0970559120178,1,94.0,2,20,-2.86539633251,4.45864372401,5.3,0,9,-10.5,5.0,400.0
3.1,0.0,1,400.0,22.0,0,-2,0.0971870422363,-2,94.0,2,10,1.49318255126,-5.08531276016,5.3,0,9,-10.5,5.0,400.0
3.1,0.0,1,400.0,22.0,0,-1,0.0971720218658,-1,94.0,2,19,-4.00547274408,3.47076188991,5.3,0,9,-10.5,5.0,400.0
3.1,0.0,2,400.0,22.0,0,2,0.0973989963531,1,94.0,2,4,4.82104957538,2.20169956891,5.3,0,9,-10.5,5.0,400.0
3.1,0.0,2,400.0,22.0,0,0,0.0970752239227,1,94.0,2,8,4.00547274408,-3.47076188991,5.3,0,9,-10.5,5.0,400.0
3.1,0.0,1,400.0,22.0,0,2,0.097177028656,0,94.0,1,19,-4.00547274408,3.47076188991,5.3,0,9,-10.5,5.0,400.0
3.1,0.0,2,400.0,22.0,0,1,0.0971701145172,1,94.0,1,4,4.82104957538,2.20169956891,5.3,0,9,-10.5,5.0,400.0
3.1,0.0,2,400.0,22.0,0,2,0.0970180034637,0,94.0,2,20,-2.86539633251,4.45864372401,5.3,0,9,-10.5,5.0,400.0
3.1,0.0,1,400.0,22.0,0,-2,0.0971879959106,2,94.0,1,19,-4.00547274408,3.47076188991,5.3,0,9,-10.5,5.0,400.0
3.1,0.0,2,400.0,22.0,0,1,0.0971870422363,0,94.0,1,7,4.82104957538,-2.20169956891,5.3,0,9,-10.5,5.0,400.0
3.1,0.0,1,400.0,22.0,0,-2,0.0971739292145,-2,94.0,2,1,1.49318255126,5.08531276016,5.3,0,9,-10.5,5.0,400.0
3.1,0.0,2,400.0,22.0,0,0,0.0971529483795,-1,94.0,1,19,-4.00547274408,3.47076188991,5.3,0,9,-10.5,5.0,400.0
3.1,0.0,2,400.0,22.0,0,1,0.0972089767456,2,94.0,1,14,-4.00547274408,-3.47076188991,5.3,0,9,-10.5,5.0,400.0
3.1,0.0,2,400.0,22.0,0,1,0.09716796875,-2,94.0,1,10,1.49318255126,-5.08531276016,5.3,0,9,-10.5,5.0,400.0
3.1,0.0,1,400.0,22.0,0,1,0.0971570014954,2,94.0,2,20,-2.86539633251,4.45864372401,5.3,0,9,-10.5,5.0,400.0
3.1,0.0,1,400.0,22.0,0,1,0.0971570014954,2,94.0,1,4,4.82104957538,2.20169956891,5.3,0,9,-10.5,5.0,400.0
3.1,0.0,1,400.0,22.0,0,2,0.0971989631653,1,94.0,1,12,-1.49318255126,-5.08531276016,5.3,0,9,-10.5,5.0,400.0
3.1,0.0,1,400.0,22.0,0,1,0.0970017910004,2,94.0,2,8,4.00547274408,-3.47076188991,5.3,0,9,-10.5,5.0,400.0
3.1,0.0,2,400.0,22.0,0,2,0.0971999168396,-1,94.0,1,12,-1.49318255126,-5.08531276016,5.3,0,9,-10.5,5.0,400.0
3.1,0.0,1,400.0,22.0,0,2,0.0972039699554,1,94.0,2,15,-4.82104957538,-2.20169956891,5.3,0,9,-10.5,5.0,400.0
3.1,0.0,2,400.0,22.0,0,1,0.0971667766571,0,94.0,2,8,4.00547274408,-3.47076188991,5.3,0,9,-10.5,5.0,400.0
3.1,0.0,1,400.0,22.0,0,-1,0.0971670150757,1,94.0,2,12,-1.49318255126,-5.08531276016,5.3,0,9,-10.5,5.0,400.0
3.1,0.0,2,400.0,22.0,0,-2,0.097146987915,1,94.0,2,5,5.24605364197,0.754268642848,5.3,0,9,-10.5,5.0,400.0
3.1,0.0,1,400.0,22.0,0,0,0.0971691608429,0,94.0,2,15,-4.82104957538,-2.20169956891,5.3,0,9,-10.5,5.0,400.0
3.1,0.0,2,400.0,22.0,0,-1,0.0972149372101,2,94.0,2,1,1.49318255126,5.08531276016,5.3,0,9,-10.5,5.0,400.0
3.1,0.0,2,400.0,22.0,0,1,0.0972030162811,-1,94.0,2,8,4.00547274408,-3.47076188991,5.3,0,9,-10.5,5.0,400.0
3.1,0.0,1,400.0,22.0,0,2,0.0972290039062,-2,94.0,1,4,4.82104957538,2.20169956891,5.3,0,9,-10.5,5.0,400.0
3.1,0.0,1,400.0,22.0,0,-2,0.0972101688385,0,94.0,2,8,4.00547274408,-3.47076188991,5.3,0,9,-10.5,5.0,400.0
3.1,0.0,2,400.0,22.0,0,0,0.0972020626068,1,94.0,2,8,4.00547274408,-3.47076188991,5.3,0,9,-10.5,5.0,400.0
3.1,0.0,1,400.0,22.0,0,0,0.0970258712769,0,94.0,2,6,5.24605364197,-0.754268642848,5.3,0,9,-10.5,5.0,400.0
3.1,0.0,2,400.0,22.0,0,1,0.0972108840942,0,94.0,1,14,-4.00547274408,-3.47076188991,5.3,0,9,-10.5,5.0,400.0
3.1,0.0,1,400.0,22.0,0,1,0.0970408916473,0,94.0,1,0,0.0,5.3,5.3,0,9,-10.5,5.0,400.0
3.1,0.0,2,400.0,22.0,0,-2,0.0970380306244,2,94.0,1,19,-4.00547274408,3.47076188991,5.3,0,9,-10.5,5.0,400.0
3.1,0.0,2,400.0,22.0,0,2,0.097225189209,-1,94.0,1,18,-4.82104957538,2.20169956891,5.3,0,9,-10.5,5.0,400.0
3.1,0.0,1,400.0,22.0,0,0,0.0971019268036,2,94.0,1,1,1.49318255126,5.08531276016,5.3,0,9,-10.5,5.0,400.0
3.1,0.0,2,400.0,22.0,0,-2,0.0971210002899,0,94.0,1,14,-4.00547274408,-3.47076188991,5.3,0,9,-10.5,5.0,400.0
3.1,0.0,1,400.0,22.0,0,1,0.0972230434418,2,94.0,1,4,4.82104957538,2.20169956891,5.3,0,9,-10.5,5.0,400.0
3.1,0.0,2,400.0,22.0,0,1,0.0972089767456,0,94.0,1,21,-1.49318255126,5.08531276016,5.3,0,9,-10.5,5.0,400.0
3.1,0.0,1,400.0,22.0,0,1,0.0971808433533,0,94.0,2,21,-1.49318255126,5.08531276016,5.3,0,9,-10.5,5.0,400.0
3.1,0.0,1,400.0,22.0,0,0,0.0970680713654,2,94.0,1,13,-2.86539633251,-4.45864372401,5.3,0,9,-10.5,5.0,400.0
3.1,0.0,2,400.0,22.0,0,0,0.097069978714,-2,94.0,2,6,5.24605364197,-0.754268642848,5.3,0,9,-10.5,5.0,400.0
3.1,0.0,2,400.0,22.0,0,1,0.0971810817719,0,94.0,2,7,4.82104957538,-2.20169956891,5.3,0,9,-10.5,5.0,400.0
3.1,0.0,2,400.0,22.0,0,-1,0.09707903862,0,94.0,1,15,-4.82104957538,-2.20169956891,5.3,0,9,-10.5,5.0,400.0
3.1,0.0,1,400.0,22.0,0,0,0.0971720218658,-1,94.0,2,18,-4.82104957538,2.20169956891,5.3,0,9,-10.5,5.0,400.0
3.1,0.0,1,400.0,22.0,0,2,0.0970320701599,0,94.0,1,1,1.49318255126,5.08531276016,5.3,0,9,-10.5,5.0,400.0
3.1,0.0,1,400.0,22.0,0,-2,0.0970358848572,-2,94.0,2,18,-4.82104957538,2.20169956891,5.3,0,9,-10.5,5.0,400.0
3.1,0.0,1,400.0,22.0,0,0,0.0971999168396,0,94.0,2,7,4.82104957538,-2.20169956891,5.3,0,9,-10.5,5.0,400.0
3.1,0.0,2,400.0,22.0,0,2,0.0972068309784,2,94.0,1,3,4.00547274408,3.47076188991,5.3,0,9,-10.5,5.0,400.0
3.1,0.0,2,400.0,22.0,0,-2,0.0971820354462,0,94.0,2,12,-1.49318255126,-5.08531276016,5.3,0,9,-10.5,5.0,400.0
3.1,0.0,2,400.0,22.0,0,1,0.0970160961151,-1,94.0,1,17,-5.24605364197,0.754268642848,5.3,0,9,-10.5,5.0,400.0
3.1,0.0,1,400.0,22.0,0,0,0.0971858501434,2,94.0,1,10,1.49318255126,-5.08531276016,5.3,0,9,-10.5,5.0,400.0
3.1,0.0,1,400.0,22.0,0,1,0.0971820354462,2,94.0,1,1,1.49318255126,5.08531276016,5.3,0,9,-10.5,5.0,400.0
3.1,0.0,2,400.0,22.0,0,-1,0.0970299243927,-1,94.0,2,6,5.24605364197,-0.754268642848,5.3,0,9,-10.5,5.0,400.0
3.1,0.0,1,400.0,22.0,0,2,0.0972249507904,0,94.0,1,17,-5.24605364197,0.754268642848,5.3,0,9,-10.5,5.0,400.0
3.1,0.0,1,400.0,22.0,0,0,0.0971510410309,-2,94.0,1,0,0.0,5.3,5.3,0,9,-10.5,5.0,400.0
3.1,0.0,2,400.0,22.0,0,1,0.0971491336823,-2,94.0,2,5,5.24605364197,0.754268642848,5.3,0,9,-10.5,5.0,400.0
3.1,0.0,2,400.0,22.0,0,-2,0.0971510410309,-1,94.0,1,19,-4.00547274408,3.47076188991,5.3,0,9,-10.5,5.0,400.0
3.1,0.0,2,400.0,22.0,0,-2,0.0971989631653,2,94.0,2,19,-4.00547274408,3.47076188991,5.3,0,9,-10.5,5.0,400.0
3.1,0.0,1,400.0,22.0,0,0,0.0970129966736,2,94.0,2,11,6.49041367526e-16,-5.3,5.3,0,9,-10.5,5.0,400.0
3.1,0.0,1,400.0,22.0,0,1,0.0970220565796,-1,94.0,1,8,4.00547274408,-3.47076188991,5.3,0,9,-10.5,5.0,400.0
3.1,0.0,1,400.0,22.0,0,-1,0.0972039699554,-2,94.0,2,18,-4.82104957538,2.20169956891,5.3,0,9,-10.5,5.0,400.0
3.1,0.0,1,400.0,22.0,0,0,0.0972080230713,1,94.0,1,5,5.24605364197,0.754268642848,5.3,0,9,-10.5,5.0,400.0
3.1,0.0,1,400.0,22.0,0,2,0.0971970558167,-2,94.0,2,18,-4.82104957538,2.20169956891,5.3,0,9,-10.5,5.0,400.0
3.1,0.0,1,400.0,22.0,0,0,0.097177028656,1,94.0,2,1,1.49318255126,5.08531276016,5.3,0,9,-10.5,5.0,400.0
3.1,0.0,2,400.0,22.0,0,2,0.0971388816833,2,94.0,1,8,4.00547274408,-3.47076188991,5.3,0,9,-10.5,5.0,400.0
3.1,0.0,2,400.0,22.0,0,2,0.0972039699554,-2,94.0,1,17,-5.24605364197,0.754268642848,5.3,0,9,-10.5,5.0,400.0
3.1,0.0,2,400.0,22.0,0,2,0.0971910953522,1,94.0,2,9,2.86539633251,-4.45864372401,5.3,0,9,-10.5,5.0,400.0
3.1,0.0,2,400.0,22.0,0,1,0.0971748828888,-2,94.0,2,12,-1.49318255126,-5.08531276016,5.3,0,9,-10.5,5.0,400.0
3.1,0.0,2,400.0,22.0,0,0,0.0971879959106,-1,94.0,2,9,2.86539633251,-4.45864372401,5.3,0,9,-10.5,5.0,400.0
3.1,0.0,2,400.0,22.0,0,0,0.0971858501434,-2,94.0,2,16,-5.24605364197,-0.754268642848,5.3,0,9,-10.5,5.0,400.0
3.1,0.0,2,400.0,22.0,0,-2,0.0971610546112,-1,94.0,2,2,2.86539633251,4.45864372401,5.3,0,9,-10.5,5.0,400.0
3.1,0.0,1,400.0,22.0,0,2,0.0971930027008,0,94.0,1,3,4.00547274408,3.47076188991,5.3,0,9,-10.5,5.0,400.0
3.1,0.0,1,400.0,22.0,0,0,0.0971961021423,-1,94.0,2,16,-5.24605364197,-0.754268642848,5.3,0,9,-10.5,5.0,400.0
3.1,0.0,2,400.0,22.0,0,-1,0.0971879959106,0,94.0,1,11,6.49041367526e-16,-5.3,5.3,0,9,-10.5,5.0,400.0
3.1,0.0,2,400.0,22.0,0,1,0.0970020294189,1,94.0,1,3,4.00547274408,3.47076188991,5.3,0,9,-10.5,5.0,400.0
3.1,0.0,2,400.0,22.0,0,0,0.0972001552582,-2,94.0,1,20,-2.86539633251,4.45864372401,5.3,0,9,-10.5,5.0,400.0
3.1,0.0,2,400.0,22.0,0,1,0.0971689224243,0,94.0,1,8,4.00547274408,-3.47076188991,5.3,0,9,-10.5,5.0,400.0
3.1,0.0,1,400.0,22.0,0,0,0.0971519947052,-1,94.0,2,7,4.82104957538,-2.20169956891,5.3,0,9,-10.5,5.0,400.0
3.1,0.0,2,400.0,22.0,0,-1,0.0971500873566,1,94.0,1,18,-4.82104957538,2.20169956891,5.3,0,9,-10.5,5.0,400.0
3.1,0.0,2,400.0,22.0,0,2,0.0972068309784,0,94.0,2,10,1.49318255126,-5.08531276016,5.3,0,9,-10.5,5.0,400.0
3.1,0.0,1,400.0,22.0,0,1,0.0972111225128,-2,94.0,2,9,2.86539633251,-4.45864372401,5.3,0,9,-10.5,5.0,400.0
3.1,0.0,1,400.0,22.0,0,0,0.097204208374,0,94.0,2,17,-5.24605364197,0.754268642848,5.3,0,9,-10.5,5.0,400.0
3.1,0.0,1,400.0,22.0,0,2,0.0972099304199,-1,94.0,2,1,1.49318255126,5.08531276016,5.3,0,9,-10.5,5.0,400.0
3.1,0.0,1,400.0,22.0,0,-1,0.0971698760986,2,94.0,2,12,-1.49318255126,-5.08531276016,5.3,0,9,-10.5,5.0,400.0
3.1,0.0,2,400.0,22.0,0,2,0.0971999168396,1,94.0,2,3,4.00547274408,3.47076188991,5.3,0,9,-10.5,5.0,400.0
3.1,0.0,1,400.0,22.0,0,-2,0.097195148468,-1,94.0,1,7,4.82104957538,-2.20169956891,5.3,0,9,-10.5,5.0,400.0
3.1,0.0,2,400.0,22.0,0,2,0.097216129303,-2,94.0,1,21,-1.49318255126,5.08531276016,5.3,0,9,-10.5,5.0,400.0
3.1,0.0,2,400.0,22.0,0,0,0.0972001552582,2,94.0,1,2,2.86539633251,4.45864372401,5.3,0,9,-10.5,5.0,400.0
3.1,0.0,1,400.0,22.0,0,-2,0.0971751213074,1,94.0,1,9,2.86539633251,-4.45864372401,5.3,0,9,-10.5,5.0,400.0
3.1,0.0,2,400.0,22.0,0,-1,0.0972099304199,2,94.0,1,13,-2.86539633251,-4.45864372401,5.3,0,9,-10.5,5.0,400.0
3.1,0.0,1,400.0,22.0,0,1,0.0973010063171,-2,94.0,1,2,2.86539633251,4.45864372401,5.3,0,9,-10.5,5.0,400.0
3.1,0.0,1,400.0,22.0,0,-1,0.0971901416779,-2,94.0,1,2,2.86539633251,4.45864372401,5.3,0,9,-10.5,5.0,400.0
3.1,0.0,2,400.0,22.0,0,1,0.0972130298615,1,94.0,1,15,-4.82104957538,-2.20169956891,5.3,0,9,-10.5,5.0,400.0
3.1,0.0,1,400.0,22.0,0,1,0.0972108840942,1,94.0,2,20,-2.86539633251,4.45864372401,5.3,0,9,-10.5,5.0,400.0
3.1,0.0,1,400.0,22.0,0,-2,0.0972118377686,-1,94.0,2,3,4.00547274408,3.47076188991,5.3,0,9,-10.5,5.0,400.0
3.1,0.0,1,400.0,22.0,0,-1,0.0970599651337,2,94.0,2,18,-4.82104957538,2.20169956891,5.3,0,9,-10.5,5.0,400.0
3.1,0.0,2,400.0,22.0,0,0,0.0971999168396,-2,94.0,2,10,1.49318255126,-5.08531276016,5.3,0,9,-10.5,5.0,400.0
3.1,0.0,2,400.0,22.0,0,1,0.097179889679,-1,94.0,1,9,2.86539633251,-4.45864372401,5.3,0,9,-10.5,5.0,400.0
3.1,0.0,1,400.0,22.0,0,2,0.0970439910889,1,94.0,1,21,-1.49318255126,5.08531276016,5.3,0,9,-10.5,5.0,400.0
3.1,0.0,2,400.0,22.0,0,1,0.0971899032593,0,94.0,2,2,2.86539633251,4.45864372401,5.3,0,9,-10.5,5.0,400.0
3.1,0.0,1,400.0,22.0,0,2,0.0971791744232,1,94.0,2,12,-1.49318255126,-5.08531276016,5.3,0,9,-10.5,5.0,400.0
3.1,0.0,1,400.0,22.0,0,-1,0.0970840454102,0,94.0,1,18,-4.82104957538,2.20169956891,5.3,0,9,-10.5,5.0,400.0
3.1,0.0,1,400.0,22.0,0,-1,0.0971870422363,-2,94.0,2,10,1.49318255126,-5.08531276016,5.3,0,9,-10.5,5.0,400.0
3.1,0.0,1,400.0,22.0,0,1,0.0970821380615,0,94.0,1,20,-2.86539633251,4.45864372401,5.3,0,9,-10.5,5.0,400.0
3.1,0.0,1,400.0,22.0,0,-2,0.0971970558167,1,94.0,2,2,2.86539633251,4.45864372401,5.3,0,9,-10.5,5.0,400.0
3.1,0.0,1,400.0,22.0,0,1,0.0970749855042,2,94.0,1,13,-2.86539633251,-4.45864372401,5.3,0,9,-10.5,5.0,400.0
3.1,0.0,2,400.0,22.0,0,-1,0.097186088562,-1,94.0,1,9,2.86539633251,-4.45864372401,5.3,0,9,-10.5,5.0,400.0
3.1,0.0,2,400.0,22.0,0,0,0.0970859527588,-1,94.0,2,15,-4.82104957538,-2.20169956891,5.3,0,9,-10.5,5.0,400.0
3.1,0.0,2,400.0,22.0,0,1,0.0971760749817,2,94.0,2,19,-4.00547274408,3.47076188991,5.3,0,9,-10.5,5.0,400.0
3.1,0.0,2,400.0,22.0,0,0,0.0970251560211,2,94.0,1,15,-4.82104957538,-2.20169956891,5.3,0,9,-10.5,5.0,400.0
3.1,0.0,2,400.0,22.0,0,1,0.0971710681915,0,94.0,1,12,-1.49318255126,-5.08531276016,5.3,0,9,-10.5,5.0,400.0
3.1,0.0,1,400.0,22.0,0,-2,0.097090959549,1,94.0,1,4,4.82104957538,2.20169956891,5.3,0,9,-10.5,5.0,400.0
3.1,0.0,1,400.0,22.0,0,-1,0.097188949585,0,94.0,1,16,-5.24605364197,-0.754268642848,5.3,0,9,-10.5,5.0,400.0
3.1,0.0,2,400.0,22.0,0,-1,0.0970809459686,-1,94.0,1,14,-4.00547274408,-3.47076188991,5.3,0,9,-10.5,5.0,400.0
3.1,0.0,2,400.0,22.0,0,2,0.0971999168396,-1,94.0,1,9,2.86539633251,-4.45864372401,5.3,0,9,-10.5,5.0,400.0
3.1,0.0,1,400.0,22.0,0,0,0.0970799922943,2,94.0,2,9,2.86539633251,-4.45864372401,5.3,0,9,-10.5,5.0,400.0
3.1,0.0,2,400.0,22.0,0,0,0.0971810817719,-1,94.0,2,14,-4.00547274408,-3.47076188991,5.3,0,9,-10.5,5.0,400.0
3.1,0.0,1,400.0,22.0,0,0,0.0971748828888,-2,94.0,1,1,1.49318255126,5.08531276016,5.3,0,9,-10.5,5.0,400.0
3.1,0.0,1,400.0,22.0,0,-2,0.0970830917358,2,94.0,1,16,-5.24605364197,-0.754268642848,5.3,0,9,-10.5,5.0,400.0
3.1,0.0,2,400.0,22.0,0,-1,0.0971548557281,0,94.0,1,8,4.00547274408,-3.47076188991,5.3,0,9,-10.5,5.0,400.0
3.1,0.0,2,400.0,22.0,0,1,0.0971868038177,1,94.0,2,5,5.24605364197,0.754268642848,5.3,0,9,-10.5,5.0,400.0
3.1,0.0,2,400.0,22.0,0,-1,0.0970208644867,-1,94.0,2,7,4.82104957538,-2.20169956891,5.3,0,9,-10.5,5.0,400.0
3.1,0.0,1,400.0,22.0,0,0,0.0972230434418,2,94.0,2,20,-2.86539633251,4.45864372401,5.3,0,9,-10.5,5.0,400.0
3.1,0.0,2,400.0,22.0,0,1,0.0972039699554,-2,94.0,2,4,4.82104957538,2.20169956891,5.3,0,9,-10.5,5.0,400.0
3.1,0.0,2,400.0,22.0,0,0,0.0970139503479,0,94.0,1,21,-1.49318255126,5.08531276016,5.3,0,9,-10.5,5.0,400.0
3.1,0.0,2,400.0,22.0,0,1,0.0971779823303,0,94.0,2,17,-5.24605364197,0.754268642848,5.3,0,9,-10.5,5.0,400.0
3.1,0.0,2,400.0,22.0,0,0,0.0970139503479,0,94.0,2,0,0.0,5.3,5.3,0,9,-10.5,5.0,400.0
3.1,0.0,2,400.0,22.0,0,0,0.0971810817719,0,94.0,1,15,-4.82104957538,-2.20169956891,5.3,0,9,-10.5,5.0,400.0
3.1,0.0,1,400.0,22.0,0,2,0.0970311164856,-1,94.0,1,13,-2.86539633251,-4.45864372401,5.3,0,9,-10.5,5.0,400.0
3.1,0.0,1,400.0,22.0,0,0,0.0971539020538,2,94.0,1,10,1.49318255126,-5.08531276016,5.3,0,9,-10.5,5.0,400.0
3.1,0.0,2,400.0,22.0,0,2,0.097188949585,0,94.0,1,20,-2.86539633251,4.45864372401,5.3,0,9,-10.5,5.0,400.0
3.1,0.0,2,400.0,22.0,0,-2,0.0971801280975,0,94.0,2,17,-5.24605364197,0.754268642848,5.3,0,9,-10.5,5.0,400.0
3.1,0.0,1,400.0,22.0,0,1,0.0971539020538,1,94.0,2,5,5.24605364197,0.754268642848,5.3,0,9,-10.5,5.0,400.0
3.1,0.0,2,400.0,22.0,0,0,0.097177028656,0,94.0,2,1,1.49318255126,5.08531276016,5.3,0,9,-10.5,5.0,400.0
3.1,0.0,1,400.0,22.0,0,-2,0.0970470905304,0,94.0,1,17,-5.24605364197,0.754268642848,5.3,0,9,-10.5,5.0,400.0
3.1,0.0,1,400.0,22.0,0,-2,0.0972819328308,-2,94.0,1,19,-4.00547274408,3.47076188991,5.3,0,9,-10.5,5.0,400.0
3.1,0.0,2,400.0,22.0,0,1,0.097195148468,1,94.0,2,13,-2.86539633251,-4.45864372401,5.3,0,9,-10.5,5.0,400.0
3.1,0.0,1,400.0,22.0,0,-2,0.097177028656,-1,94.0,1,19,-4.00547274408,3.47076188991,5.3,0,9,-10.5,5.0,400.0
3.1,0.0,1,400.0,22.0,0,-1,0.0972108840942,0,94.0,2,19,-4.00547274408,3.47076188991,5.3,0,9,-10.5,5.0,400.0
3.1,0.0,1,400.0,22.0,0,-1,0.0972068309784,0,94.0,2,16,-5.24605364197,-0.754268642848,5.3,0,9,-10.5,5.0,400.0
3.1,0.0,2,400.0,22.0,0,1,0.0971779823303,-1,94.0,2,3,4.00547274408,3.47076188991,5.3,0,9,-10.5,5.0,400.0
3.1,0.0,2,400.0,22.0,0,2,0.0972099304199,-1,94.0,1,13,-2.86539633251,-4.45864372401,5.3,0,9,-10.5,5.0,400.0
3.1,0.0,1,400.0,22.0,0,2,0.0971741676331,0,94.0,2,15,-4.82104957538,-2.20169956891,5.3,0,9,-10.5,5.0,400.0
3.1,0.0,2,400.0,22.0,0,0,0.0971741676331,-2,94.0,2,21,-1.49318255126,5.08531276016,5.3,0,9,-10.5,5.0,400.0
3.1,0.0,2,400.0,22.0,0,0,0.0972051620483,0,94.0,1,16,-5.24605364197,-0.754268642848,5.3,0,9,-10.5,5.0,400.0
3.1,0.0,2,400.0,22.0,0,2,0.0972061157227,2,94.0,1,14,-4.00547274408,-3.47076188991,5.3,0,9,-10.5,5.0,400.0
3.1,0.0,2,400.0,22.0,0,2,0.0972108840942,1,94.0,2,5,5.24605364197,0.754268642848,5.3,0,9,-10.5,5.0,400.0
3.1,0.0,2,400.0,22.0,0,-1,0.0971810817719,1,94.0,1,15,-4.82104957538,-2.20169956891,5.3,0,9,-10.5,5.0,400.0
3.1,0.0,2,400.0,22.0,0,-1,0.0971820354462,1,94.0,1,8,4.00547274408,-3.47076188991,5.3,0,9,-10.5,5.0,400.0
3.1,0.0,2,400.0,22.0,0,-2,0.0972099304199,-2,94.0,1,3,4.00547274408,3.47076188991,5.3,0,9,-10.5,5.0,400.0
3.1,0.0,2,400.0,22.0,0,2,0.0971748828888,2,94.0,1,4,4.82104957538,2.20169956891,5.3,0,9,-10.5,5.0,400.0
3.1,0.0,1,400.0,22.0,0,0,0.097217798233,1,94.0,1,17,-5.24605364197,0.754268642848,5.3,0,9,-10.5,5.0,400.0
3.1,0.0,1,400.0,22.0,0,2,0.0972039699554,1,94.0,1,3,4.00547274408,3.47076188991,5.3,0,9,-10.5,5.0,400.0
3.1,0.0,2,400.0,22.0,0,0,0.0971629619598,-1,94.0,2,9,2.86539633251,-4.45864372401,5.3,0,9,-10.5,5.0,400.0
3.1,0.0,1,400.0,22.0,0,2,0.0971989631653,-1,94.0,1,9,2.86539633251,-4.45864372401,5.3,0,9,-10.5,5.0,400.0
3.1,0.0,1,400.0,22.0,0,-2,0.0972080230713,2,94.0,1,2,2.86539633251,4.45864372401,5.3,0,9,-10.5,5.0,400.0
3.1,0.0,2,400.0,22.0,0,-1,0.0971970558167,-1,94.0,1,10,1.49318255126,-5.08531276016,5.3,0,9,-10.5,5.0,400.0
3.1,0.0,1,400.0,22.0,0,1,0.097207069397,-1,94.0,1,2,2.86539633251,4.45864372401,5.3,0,9,-10.5,5.0,400.0
3.1,0.0,2,400.0,22.0,0,0,0.0971958637238,-2,94.0,2,19,-4.00547274408,3.47076188991,5.3,0,9,-10.5,5.0,400.0
3.1,0.0,1,400.0,22.0,0,-2,0.0971901416779,1,94.0,1,2,2.86539633251,4.45864372401,5.3,0,9,-10.5,5.0,400.0
3.1,0.0,2,400.0,22.0,0,-1,0.0971908569336,1,94.0,2,15,-4.82104957538,-2.20169956891,5.3,0,9,-10.5,5.0,400.0
3.1,0.0,2,400.0,22.0,0,2,0.0971989631653,-1,94.0,1,15,-4.82104957538,-2.20169956891,5.3,0,9,-10.5,5.0,400.0
3.1,0.0,2,400.0,22.0,0,-1,0.0972018241882,-2,94.0,2,21,-1.49318255126,5.08531276016,5.3,0,9,-10.5,5.0,400.0
3.1,0.0,2,400.0,22.0,0,-2,0.0972151756287,1,94.0,2,0,0.0,5.3,5.3,0,9,-10.5,5.0,400.0
3.1,0.0,2,400.0,22.0,0,-1,0.097207069397,0,94.0,2,18,-4.82104957538,2.20169956891,5.3,0,9,-10.5,5.0,400.0
3.1,0.0,1,400.0,22.0,0,-1,0.0972139835358,1,94.0,2,7,4.82104957538,-2.20169956891,5.3,0,9,-10.5,5.0,400.0
3.1,0.0,1,400.0,22.0,0,-1,0.0972020626068,-2,94.0,1,17,-5.24605364197,0.754268642848,5.3,0,9,-10.5,5.0,400.0
3.1,0.0,2,400.0,22.0,0,1,0.0972101688385,2,94.0,2,7,4.82104957538,-2.20169956891,5.3,0,9,-10.5,5.0,400.0
3.1,0.0,2,400.0,22.0,0,0,0.097207069397,-1,94.0,2,8,4.00547274408,-3.47076188991,5.3,0,9,-10.5,5.0,400.0
3.1,0.0,1,400.0,22.0,0,2,0.0971820354462,-2,94.0,2,7,4.82104957538,-2.20169956891,5.3,0,9,-10.5,5.0,400.0
3.1,0.0,1,400.0,22.0,0,2,0.0970430374146,-1,94.0,2,6,5.24605364197,-0.754268642848,5.3,0,9,-10.5,5.0,400.0
3.1,0.0,2,400.0,22.0,0,0,0.0971641540527,2,94.0,1,21,-1.49318255126,5.08531276016,5.3,0,9,-10.5,5.0,400.0
3.1,0.0,1,400.0,22.0,0,2,0.0971591472626,1,94.0,2,0,0.0,5.3,5.3,0,9,-10.5,5.0,400.0
3.1,0.0,1,400.0,22.0,0,1,0.0971949100494,2,94.0,2,5,5.24605364197,0.754268642848,5.3,0,9,-10.5,5.0,400.0
3.1,0.0,2,400.0,22.0,0,-1,0.0971820354462,1,94.0,2,9,2.86539633251,-4.45864372401,5.3,0,9,-10.5,5.0,400.0
3.1,0.0,1,400.0,22.0,0,1,0.0970368385315,0,94.0,1,12,-1.49318255126,-5.08531276016,5.3,0,9,-10.5,5.0,400.0
3.1,0.0,2,400.0,22.0,0,0,0.0972788333893,-1,94.0,1,6,5.24605364197,-0.754268642848,5.3,0,9,-10.5,5.0,400.0
3.1,0.0,1,400.0,22.0,0,2,0.0970959663391,1,94.0,2,19,-4.00547274408,3.47076188991,5.3,0,9,-10.5,5.0,400.0
3.1,0.0,2,400.0,22.0,0,-2,0.0971939563751,-2,94.0,1,1,1.49318255126,5.08531276016,5.3,0,9,-10.5,5.0,400.0
3.1,0.0,1,400.0,22.0,0,-2,0.0971720218658,1,94.0,2,14,-4.00547274408,-3.47076188991,5.3,0,9,-10.5,5.0,400.0
3.1,0.0,1,400.0,22.0,0,0,0.0970330238342,-1,94.0,1,13,-2.86539633251,-4.45864372401,5.3,0,9,-10.5,5.0,400.0
3.1,0.0,2,400.0,22.0,0,-1,0.0972180366516,-1,94.0,2,15,-4.82104957538,-2.20169956891,5.3,0,9,-10.5,5.0,400.0
3.1,0.0,1,400.0,22.0,0,-1,0.0970821380615,2,94.0,2,15,-4.82104957538,-2.20169956891,5.3,0,9,-10.5,5.0,400.0
3.1,0.0,1,400.0,22.0,0,-2,0.0971789360046,1,94.0,1,19,-4.00547274408,3.47076188991,5.3,0,9,-10.5,5.0,400.0
3.1,0.0,2,400.0,22.0,0,-2,0.0970380306244,2,94.0,1,1,1.49318255126,5.08531276016,5.3,0,9,-10.5,5.0,400.0
3.1,0.0,1,400.0,22.0,0,1,0.0972080230713,2,94.0,2,19,-4.00547274408,3.47076188991,5.3,0,9,-10.5,5.0,400.0
3.1,0.0,2,400.0,22.0,0,0,0.0971429347992,-1,94.0,1,19,-4.00547274408,3.47076188991,5.3,0,9,-10.5,5.0,400.0
3.1,0.0,1,400.0,22.0,0,1,0.0971941947937,0,94.0,2,8,4.00547274408,-3.47076188991,5.3,0,9,-10.5,5.0,400.0
3.1,0.0,2,400.0,22.0,0,1,0.0971639156342,1,94.0,1,20,-2.86539633251,4.45864372401,5.3,0,9,-10.5,5.0,400.0
3.1,0.0,1,400.0,22.0,0,-1,0.0971891880035,-1,94.0,2,11,6.49041367526e-16,-5.3,5.3,0,9,-10.5,5.0,400.0
3.1,0.0,2,400.0,22.0,0,2,0.0970711708069,1,94.0,1,10,1.49318255126,-5.08531276016,5.3,0,9,-10.5,5.0,400.0
3.1,0.0,2,400.0,22.0,0,-2,0.0971808433533,-1,94.0,1,4,4.82104957538,2.20169956891,5.3,0,9,-10.5,5.0,400.0
3.1,0.0,1,400.0,22.0,0,0,0.0971829891205,-2,94.0,1,6,5.24605364197,-0.754268642848,5.3,0,9,-10.5,5.0,400.0
3.1,0.0,2,400.0,22.0,0,0,0.0971360206604,-1,94.0,2,11,6.49041367526e-16,-5.3,5.3,0,9,-10.5,5.0,400.0
3.1,0.0,1,400.0,22.0,0,2,0.0971610546112,2,94.0,2,13,-2.86539633251,-4.45864372401,5.3,0,9,-10.5,5.0,400.0
3.1,0.0,2,400.0,22.0,0,-2,0.0971870422363,-2,94.0,2,11,6.49041367526e-16,-5.3,5.3,0,9,-10.5,5.0,400.0
3.1,0.0,1,400.0,22.0,0,-1,0.0971879959106,-1,94.0,1,15,-4.82104957538,-2.20169956891,5.3,0,9,-10.5,5.0,400.0
3.1,0.0,1,400.0,22.0,0,-1,0.0972099304199,1,94.0,2,20,-2.86539633251,4.45864372401,5.3,0,9,-10.5,5.0,400.0
3.1,0.0,2,400.0,22.0,0,1,0.0971519947052,2,94.0,1,4,4.82104957538,2.20169956891,5.3,0,9,-10.5,5.0,400.0
3.1,0.0,2,400.0,22.0,0,2,0.0970551967621,-1,94.0,1,2,2.86539633251,4.45864372401,5.3,0,9,-10.5,5.0,400.0
3.1,0.0,1,400.0,22.0,0,-2,0.0971829891205,2,94.0,1,17,-5.24605364197,0.754268642848,5.3,0,9,-10.5,5.0,400.0
3.1,0.0,2,400.0,22.0,0,2,0.0971899032593,1,94.0,1,6,5.24605364197,-0.754268642848,5.3,0,9,-10.5,5.0,400.0
3.1,0.0,2,400.0,22.0,0,-2,0.0971839427948,1,94.0,2,20,-2.86539633251,4.45864372401,5.3,0,9,-10.5,5.0,400.0
3.1,0.0,1,400.0,22.0,0,-2,0.0970358848572,-2,94.0,1,9,2.86539633251,-4.45864372401,5.3,0,9,-10.5,5.0,400.0
3.1,0.0,1,400.0,22.0,0,0,0.0971949100494,2,94.0,1,15,-4.82104957538,-2.20169956891,5.3,0,9,-10.5,5.0,400.0
3.1,0.0,2,400.0,22.0,0,1,0.0971760749817,1,94.0,1,5,5.24605364197,0.754268642848,5.3,0,9,-10.5,5.0,400.0
3.1,0.0,2,400.0,22.0,0,0,0.0971989631653,1,94.0,1,19,-4.00547274408,3.47076188991,5.3,0,9,-10.5,5.0,400.0
3.1,0.0,2,400.0,22.0,0,2,0.0970599651337,2,94.0,2,3,4.00547274408,3.47076188991,5.3,0,9,-10.5,5.0,400.0
3.1,0.0,1,400.0,22.0,0,-2,0.0970430374146,1,94.0,1,14,-4.00547274408,-3.47076188991,5.3,0,9,-10.5,5.0,400.0
3.1,0.0,1,400.0,22.0,0,-2,0.0971758365631,1,94.0,2,4,4.82104957538,2.20169956891,5.3,0,9,-10.5,5.0,400.0
3.1,0.0,2,400.0,22.0,0,0,0.0972428321838,-1,94.0,1,9,2.86539633251,-4.45864372401,5.3,0,9,-10.5,5.0,400.0
3.1,0.0,1,400.0,22.0,0,-1,0.0970659255981,0,94.0,2,3,4.00547274408,3.47076188991,5.3,0,9,-10.5,5.0,400.0
