cue-length,ms-precue,resp-v-hv,ms-st-cue,nitems,offset2,resp-h-pos,actualStimOn,resp-v-pos,ms-stimon,resp-h-hv,cue-loc-int,cue-loc-x,cue-loc-y,radius,bars-or-spot,version,offset,npractice,ntrials
3.1,0.0,1,400.0,22.0,0,-1,0.0971879959106,0,94.0,1,7,4.82104957538,-2.20169956891,5.3,1,12,0,5.0,400.0
3.1,0.0,2,400.0,22.0,0,-2,0.0970838069916,1,94.0,1,15,-4.82104957538,-2.20169956891,5.3,1,12,0,5.0,400.0
3.1,0.0,1,400.0,22.0,0,-1,0.0970180034637,-1,94.0,2,7,4.82104957538,-2.20169956891,5.3,1,12,0,5.0,400.0
3.1,0.0,1,400.0,22.0,0,1,0.0970208644867,1,94.0,2,14,-4.00547274408,-3.47076188991,5.3,1,12,0,5.0,400.0
3.1,0.0,2,400.0,22.0,0,0,0.0971930027008,0,94.0,1,10,1.49318255126,-5.08531276016,5.3,1,12,0,5.0,400.0
3.1,0.0,2,400.0,22.0,0,0,0.0972149372101,-2,94.0,2,5,5.24605364197,0.754268642848,5.3,1,12,0,5.0,400.0
3.1,0.0,1,400.0,22.0,0,-1,0.09716796875,-2,94.0,2,0,0.0,5.3,5.3,1,12,0,5.0,400.0
3.1,0.0,2,400.0,22.0,0,-2,0.0970740318298,1,94.0,2,7,4.82104957538,-2.20169956891,5.3,1,12,0,5.0,400.0
3.1,0.0,2,400.0,22.0,0,0,0.0971848964691,-1,94.0,1,6,5.24605364197,-0.754268642848,5.3,1,12,0,5.0,400.0
3.1,0.0,1,400.0,22.0,0,1,0.097195148468,1,94.0,1,4,4.82104957538,2.20169956891,5.3,1,12,0,5.0,400.0
3.1,0.0,2,400.0,22.0,0,-1,0.0971720218658,-1,94.0,1,12,-1.49318255126,-5.08531276016,5.3,1,12,0,5.0,400.0
3.1,0.0,1,400.0,22.0,0,-1,0.0970120429993,0,94.0,2,20,-2.86539633251,4.45864372401,5.3,1,12,0,5.0,400.0
3.1,0.0,1,400.0,22.0,0,0,0.097198009491,0,94.0,1,8,4.00547274408,-3.47076188991,5.3,1,12,0,5.0,400.0
3.1,0.0,2,400.0,22.0,0,0,0.0972239971161,0,94.0,2,16,-5.24605364197,-0.754268642848,5.3,1,12,0,5.0,400.0
3.1,0.0,1,400.0,22.0,0,0,0.0971868038177,0,94.0,1,4,4.82104957538,2.20169956891,5.3,1,12,0,5.0,400.0
3.1,0.0,2,400.0,22.0,0,0,0.0970151424408,1,94.0,2,19,-4.00547274408,3.47076188991,5.3,1,12,0,5.0,400.0
3.1,0.0,2,400.0,22.0,0,0,0.097179889679,0,94.0,2,3,4.00547274408,3.47076188991,5.3,1,12,0,5.0,400.0
3.1,0.0,1,400.0,22.0,0,2,0.097195148468,0,94.0,1,16,-5.24605364197,-0.754268642848,5.3,1,12,0,5.0,400.0
3.1,0.0,2,400.0,22.0,0,-1,0.0972030162811,0,94.0,1,19,-4.00547274408,3.47076188991,5.3,1,12,0,5.0,400.0
3.1,0.0,2,400.0,22.0,0,0,0.0972039699554,0,94.0,1,12,-1.49318255126,-5.08531276016,5.3,1,12,0,5.0,400.0
3.1,0.0,2,400.0,22.0,0,0,0.0971999168396,-2,94.0,1,2,2.86539633251,4.45864372401,5.3,1,12,0,5.0,400.0
3.1,0.0,1,400.0,22.0,0,0,0.0970652103424,-1,94.0,1,13,-2.86539633251,-4.45864372401,5.3,1,12,0,5.0,400.0
3.1,0.0,2,400.0,22.0,0,-1,0.0972299575806,-1,94.0,2,12,-1.49318255126,-5.08531276016,5.3,1,12,0,5.0,400.0
3.1,0.0,2,400.0,22.0,0,2,0.0972118377686,0,94.0,2,13,-2.86539633251,-4.45864372401,5.3,1,12,0,5.0,400.0
3.1,0.0,2,400.0,22.0,0,1,0.0971989631653,1,94.0,2,5,5.24605364197,0.754268642848,5.3,1,12,0,5.0,400.0
3.1,0.0,1,400.0,22.0,0,0,0.0972039699554,0,94.0,1,5,5.24605364197,0.754268642848,5.3,1,12,0,5.0,400.0
3.1,0.0,1,400.0,22.0,0,-1,0.0971789360046,0,94.0,1,5,5.24605364197,0.754268642848,5.3,1,12,0,5.0,400.0
3.1,0.0,2,400.0,22.0,0,-1,0.0972039699554,-1,94.0,2,20,-2.86539633251,4.45864372401,5.3,1,12,0,5.0,400.0
3.1,0.0,1,400.0,22.0,0,-1,0.097198009491,1,94.0,2,18,-4.82104957538,2.20169956891,5.3,1,12,0,5.0,400.0
3.1,0.0,2,400.0,22.0,0,1,0.0971689224243,0,94.0,1,15,-4.82104957538,-2.20169956891,5.3,1,12,0,5.0,400.0
3.1,0.0,1,400.0,22.0,0,0,0.0971820354462,0,94.0,2,18,-4.82104957538,2.20169956891,5.3,1,12,0,5.0,400.0
3.1,0.0,2,400.0,22.0,0,0,0.097198009491,0,94.0,1,16,-5.24605364197,-0.754268642848,5.3,1,12,0,5.0,400.0
3.1,0.0,2,400.0,22.0,0,0,0.0972149372101,0,94.0,1,15,-4.82104957538,-2.20169956891,5.3,1,12,0,5.0,400.0
3.1,0.0,1,400.0,22.0,0,-2,0.0972068309784,1,94.0,1,3,4.00547274408,3.47076188991,5.3,1,12,0,5.0,400.0
3.1,0.0,1,400.0,22.0,0,0,0.0971858501434,-2,94.0,2,14,-4.00547274408,-3.47076188991,5.3,1,12,0,5.0,400.0
3.1,0.0,1,400.0,22.0,0,0,0.0970840454102,0,94.0,2,16,-5.24605364197,-0.754268642848,5.3,1,12,0,5.0,400.0
3.1,0.0,1,400.0,22.0,0,0,0.0970041751862,0,94.0,1,1,1.49318255126,5.08531276016,5.3,1,12,0,5.0,400.0
3.1,0.0,1,400.0,22.0,0,0,0.0971941947937,0,94.0,2,15,-4.82104957538,-2.20169956891,5.3,1,12,0,5.0,400.0
3.1,0.0,1,400.0,22.0,0,0,0.0971901416779,0,94.0,1,20,-2.86539633251,4.45864372401,5.3,1,12,0,5.0,400.0
3.1,0.0,2,400.0,22.0,0,-1,0.0971999168396,0,94.0,2,9,2.86539633251,-4.45864372401,5.3,1,12,0,5.0,400.0
3.1,0.0,1,400.0,22.0,0,-1,0.0972049236298,0,94.0,2,17,-5.24605364197,0.754268642848,5.3,1,12,0,5.0,400.0
3.1,0.0,2,400.0,22.0,0,1,0.0970001220703,-1,94.0,1,16,-5.24605364197,-0.754268642848,5.3,1,12,0,5.0,400.0
3.1,0.0,1,400.0,22.0,0,0,0.0971949100494,0,94.0,1,5,5.24605364197,0.754268642848,5.3,1,12,0,5.0,400.0
3.1,0.0,1,400.0,22.0,0,1,0.0971848964691,-1,94.0,2,21,-1.49318255126,5.08531276016,5.3,1,12,0,5.0,400.0
3.1,0.0,2,400.0,22.0,0,0,0.0971810817719,0,94.0,2,16,-5.24605364197,-0.754268642848,5.3,1,12,0,5.0,400.0
3.1,0.0,1,400.0,22.0,0,0,0.0971999168396,0,94.0,2,16,-5.24605364197,-0.754268642848,5.3,1,12,0,5.0,400.0
3.1,0.0,1,400.0,22.0,0,0,0.0970001220703,0,94.0,1,17,-5.24605364197,0.754268642848,5.3,1,12,0,5.0,400.0
3.1,0.0,2,400.0,22.0,0,-2,0.0972371101379,-2,94.0,2,9,2.86539633251,-4.45864372401,5.3,1,12,0,5.0,400.0
3.1,0.0,2,400.0,22.0,0,-2,0.0972058773041,0,94.0,2,3,4.00547274408,3.47076188991,5.3,1,12,0,5.0,400.0
3.1,0.0,2,400.0,22.0,0,0,0.0972030162811,-1,94.0,1,20,-2.86539633251,4.45864372401,5.3,1,12,0,5.0,400.0
3.1,0.0,1,400.0,22.0,0,0,0.097198009491,0,94.0,2,8,4.00547274408,-3.47076188991,5.3,1,12,0,5.0,400.0
3.1,0.0,2,400.0,22.0,0,-1,0.0972020626068,-1,94.0,2,21,-1.49318255126,5.08531276016,5.3,1,12,0,5.0,400.0
3.1,0.0,2,400.0,22.0,0,0,0.0971939563751,0,94.0,1,8,4.00547274408,-3.47076188991,5.3,1,12,0,5.0,400.0
3.1,0.0,1,400.0,22.0,0,-1,0.0971961021423,0,94.0,2,9,2.86539633251,-4.45864372401,5.3,1,12,0,5.0,400.0
3.1,0.0,2,400.0,22.0,0,0,0.0972120761871,-1,94.0,2,2,2.86539633251,4.45864372401,5.3,1,12,0,5.0,400.0
3.1,0.0,1,400.0,22.0,0,2,0.0970129966736,0,94.0,2,5,5.24605364197,0.754268642848,5.3,1,12,0,5.0,400.0
3.1,0.0,1,400.0,22.0,0,1,0.0970411300659,1,94.0,1,7,4.82104957538,-2.20169956891,5.3,1,12,0,5.0,400.0
3.1,0.0,2,400.0,22.0,0,0,0.0971920490265,0,94.0,2,0,0.0,5.3,5.3,1,12,0,5.0,400.0
3.1,0.0,2,400.0,22.0,0,-1,0.0971870422363,-2,94.0,2,20,-2.86539633251,4.45864372401,5.3,1,12,0,5.0,400.0
3.1,0.0,1,400.0,22.0,0,-1,0.0973019599915,1,94.0,1,19,-4.00547274408,3.47076188991,5.3,1,12,0,5.0,400.0
3.1,0.0,2,400.0,22.0,0,1,0.0972130298615,0,94.0,2,4,4.82104957538,2.20169956891,5.3,1,12,0,5.0,400.0
3.1,0.0,2,400.0,22.0,0,0,0.097198009491,0,94.0,2,16,-5.24605364197,-0.754268642848,5.3,1,12,0,5.0,400.0
3.1,0.0,2,400.0,22.0,0,0,0.097186088562,0,94.0,2,11,6.49041367526e-16,-5.3,5.3,1,12,0,5.0,400.0
3.1,0.0,1,400.0,22.0,0,-2,0.0971958637238,1,94.0,2,21,-1.49318255126,5.08531276016,5.3,1,12,0,5.0,400.0
3.1,0.0,2,400.0,22.0,0,0,0.097039937973,0,94.0,2,1,1.49318255126,5.08531276016,5.3,1,12,0,5.0,400.0
3.1,0.0,1,400.0,22.0,0,1,0.097226858139,0,94.0,2,0,0.0,5.3,5.3,1,12,0,5.0,400.0
3.1,0.0,2,400.0,22.0,0,0,0.0972030162811,0,94.0,1,3,4.00547274408,3.47076188991,5.3,1,12,0,5.0,400.0
3.1,0.0,2,400.0,22.0,0,-1,0.0970098972321,0,94.0,1,10,1.49318255126,-5.08531276016,5.3,1,12,0,5.0,400.0
3.1,0.0,1,400.0,22.0,0,0,0.0971789360046,0,94.0,2,8,4.00547274408,-3.47076188991,5.3,1,12,0,5.0,400.0
3.1,0.0,1,400.0,22.0,0,0,0.0971910953522,0,94.0,2,19,-4.00547274408,3.47076188991,5.3,1,12,0,5.0,400.0
3.1,0.0,2,400.0,22.0,0,2,0.0972299575806,2,94.0,1,18,-4.82104957538,2.20169956891,5.3,1,12,0,5.0,400.0
3.1,0.0,1,400.0,22.0,0,0,0.0971930027008,0,94.0,1,17,-5.24605364197,0.754268642848,5.3,1,12,0,5.0,400.0
3.1,0.0,2,400.0,22.0,0,0,0.0971879959106,0,94.0,1,11,6.49041367526e-16,-5.3,5.3,1,12,0,5.0,400.0
3.1,0.0,2,400.0,22.0,0,0,0.0972061157227,1,94.0,2,5,5.24605364197,0.754268642848,5.3,1,12,0,5.0,400.0
3.1,0.0,1,400.0,22.0,0,-1,0.0970141887665,1,94.0,1,20,-2.86539633251,4.45864372401,5.3,1,12,0,5.0,400.0
3.1,0.0,2,400.0,22.0,0,-2,0.0972008705139,-2,94.0,2,20,-2.86539633251,4.45864372401,5.3,1,12,0,5.0,400.0
3.1,0.0,1,400.0,22.0,0,0,0.0970571041107,2,94.0,2,16,-5.24605364197,-0.754268642848,5.3,1,12,0,5.0,400.0
3.1,0.0,2,400.0,22.0,0,0,0.0972030162811,-1,94.0,1,16,-5.24605364197,-0.754268642848,5.3,1,12,0,5.0,400.0
3.1,0.0,1,400.0,22.0,0,1,0.0970621109009,1,94.0,2,3,4.00547274408,3.47076188991,5.3,1,12,0,5.0,400.0
3.1,0.0,2,400.0,22.0,0,-1,0.0971810817719,0,94.0,1,7,4.82104957538,-2.20169956891,5.3,1,12,0,5.0,400.0
3.1,0.0,1,400.0,22.0,0,0,0.0971999168396,2,94.0,1,5,5.24605364197,0.754268642848,5.3,1,12,0,5.0,400.0
3.1,0.0,1,400.0,22.0,0,0,0.0971829891205,1,94.0,2,2,2.86539633251,4.45864372401,5.3,1,12,0,5.0,400.0
3.1,0.0,2,400.0,22.0,0,0,0.0971651077271,1,94.0,1,19,-4.00547274408,3.47076188991,5.3,1,12,0,5.0,400.0
3.1,0.0,2,400.0,22.0,0,2,0.097195148468,2,94.0,2,1,1.49318255126,5.08531276016,5.3,1,12,0,5.0,400.0
3.1,0.0,2,400.0,22.0,0,0,0.0971879959106,0,94.0,1,3,4.00547274408,3.47076188991,5.3,1,12,0,5.0,400.0
3.1,0.0,1,400.0,22.0,0,-1,0.0971910953522,-1,94.0,1,20,-2.86539633251,4.45864372401,5.3,1,12,0,5.0,400.0
3.1,0.0,1,400.0,22.0,0,-2,0.0971858501434,-1,94.0,1,8,4.00547274408,-3.47076188991,5.3,1,12,0,5.0,400.0
3.1,0.0,1,400.0,22.0,0,0,0.0972099304199,0,94.0,1,12,-1.49318255126,-5.08531276016,5.3,1,12,0,5.0,400.0
3.1,0.0,1,400.0,22.0,0,0,0.0972068309784,0,94.0,1,10,1.49318255126,-5.08531276016,5.3,1,12,0,5.0,400.0
3.1,0.0,2,400.0,22.0,0,0,0.097195148468,-2,94.0,2,21,-1.49318255126,5.08531276016,5.3,1,12,0,5.0,400.0
3.1,0.0,2,400.0,22.0,0,0,0.0970239639282,0,94.0,1,14,-4.00547274408,-3.47076188991,5.3,1,12,0,5.0,400.0
3.1,0.0,2,400.0,22.0,0,0,0.0970420837402,0,94.0,1,21,-1.49318255126,5.08531276016,5.3,1,12,0,5.0,400.0
3.1,0.0,2,400.0,22.0,0,0,0.0971899032593,-1,94.0,1,4,4.82104957538,2.20169956891,5.3,1,12,0,5.0,400.0
3.1,0.0,1,400.0,22.0,0,-1,0.0971939563751,-1,94.0,2,15,-4.82104957538,-2.20169956891,5.3,1,12,0,5.0,400.0
3.1,0.0,1,400.0,22.0,0,0,0.097295999527,0,94.0,1,2,2.86539633251,4.45864372401,5.3,1,12,0,5.0,400.0
3.1,0.0,1,400.0,22.0,0,0,0.0972180366516,2,94.0,2,13,-2.86539633251,-4.45864372401,5.3,1,12,0,5.0,400.0
3.1,0.0,2,400.0,22.0,0,0,0.0972149372101,0,94.0,2,4,4.82104957538,2.20169956891,5.3,1,12,0,5.0,400.0
3.1,0.0,1,400.0,22.0,0,-1,0.0971989631653,-1,94.0,1,0,0.0,5.3,5.3,1,12,0,5.0,400.0
3.1,0.0,1,400.0,22.0,0,0,0.0971910953522,0,94.0,1,5,5.24605364197,0.754268642848,5.3,1,12,0,5.0,400.0
3.1,0.0,1,400.0,22.0,0,1,0.0972878932953,0,94.0,2,18,-4.82104957538,2.20169956891,5.3,1,12,0,5.0,400.0
3.1,0.0,1,400.0,22.0,0,0,0.0971839427948,0,94.0,2,3,4.00547274408,3.47076188991,5.3,1,12,0,5.0,400.0
3.1,0.0,1,400.0,22.0,0,0,0.0971899032593,1,94.0,2,15,-4.82104957538,-2.20169956891,5.3,1,12,0,5.0,400.0
3.1,0.0,1,400.0,22.0,0,2,0.0971958637238,1,94.0,1,0,0.0,5.3,5.3,1,12,0,5.0,400.0
3.1,0.0,1,400.0,22.0,0,0,0.0972139835358,-1,94.0,1,19,-4.00547274408,3.47076188991,5.3,1,12,0,5.0,400.0
3.1,0.0,2,400.0,22.0,0,0,0.0972168445587,-2,94.0,1,5,5.24605364197,0.754268642848,5.3,1,12,0,5.0,400.0
3.1,0.0,1,400.0,22.0,0,0,0.0971939563751,0,94.0,1,19,-4.00547274408,3.47076188991,5.3,1,12,0,5.0,400.0
3.1,0.0,1,400.0,22.0,0,0,0.0972080230713,0,94.0,1,16,-5.24605364197,-0.754268642848,5.3,1,12,0,5.0,400.0
3.1,0.0,1,400.0,22.0,0,-1,0.0971841812134,-2,94.0,1,20,-2.86539633251,4.45864372401,5.3,1,12,0,5.0,400.0
3.1,0.0,2,400.0,22.0,0,0,0.097198009491,0,94.0,2,5,5.24605364197,0.754268642848,5.3,1,12,0,5.0,400.0
3.1,0.0,1,400.0,22.0,0,0,0.0972139835358,0,94.0,1,8,4.00547274408,-3.47076188991,5.3,1,12,0,5.0,400.0
3.1,0.0,2,400.0,22.0,0,0,0.0971949100494,0,94.0,2,18,-4.82104957538,2.20169956891,5.3,1,12,0,5.0,400.0
3.1,0.0,1,400.0,22.0,0,0,0.0971999168396,1,94.0,1,0,0.0,5.3,5.3,1,12,0,5.0,400.0
3.1,0.0,1,400.0,22.0,0,0,0.0972101688385,-1,94.0,2,16,-5.24605364197,-0.754268642848,5.3,1,12,0,5.0,400.0
3.1,0.0,2,400.0,22.0,0,-2,0.0972089767456,0,94.0,2,12,-1.49318255126,-5.08531276016,5.3,1,12,0,5.0,400.0
3.1,0.0,2,400.0,22.0,0,-1,0.0971519947052,-1,94.0,2,16,-5.24605364197,-0.754268642848,5.3,1,12,0,5.0,400.0
3.1,0.0,2,400.0,22.0,0,0,0.0971908569336,0,94.0,1,6,5.24605364197,-0.754268642848,5.3,1,12,0,5.0,400.0
3.1,0.0,2,400.0,22.0,0,1,0.0971848964691,0,94.0,2,1,1.49318255126,5.08531276016,5.3,1,12,0,5.0,400.0
3.1,0.0,2,400.0,22.0,0,0,0.0971870422363,1,94.0,2,13,-2.86539633251,-4.45864372401,5.3,1,12,0,5.0,400.0
3.1,0.0,2,400.0,22.0,0,0,0.0972049236298,0,94.0,1,18,-4.82104957538,2.20169956891,5.3,1,12,0,5.0,400.0
3.1,0.0,2,400.0,22.0,0,-2,0.0972089767456,0,94.0,2,16,-5.24605364197,-0.754268642848,5.3,1,12,0,5.0,400.0
3.1,0.0,1,400.0,22.0,0,0,0.0972130298615,1,94.0,1,6,5.24605364197,-0.754268642848,5.3,1,12,0,5.0,400.0
3.1,0.0,2,400.0,22.0,0,0,0.0972030162811,0,94.0,2,16,-5.24605364197,-0.754268642848,5.3,1,12,0,5.0,400.0
3.1,0.0,2,400.0,22.0,0,1,0.0971949100494,0,94.0,1,13,-2.86539633251,-4.45864372401,5.3,1,12,0,5.0,400.0
3.1,0.0,2,400.0,22.0,0,1,0.0970690250397,0,94.0,2,14,-4.00547274408,-3.47076188991,5.3,1,12,0,5.0,400.0
3.1,0.0,2,400.0,22.0,0,1,0.0971848964691,-1,94.0,1,17,-5.24605364197,0.754268642848,5.3,1,12,0,5.0,400.0
3.1,0.0,2,400.0,22.0,0,2,0.0971992015839,0,94.0,1,9,2.86539633251,-4.45864372401,5.3,1,12,0,5.0,400.0
3.1,0.0,1,400.0,22.0,0,1,0.0970389842987,1,94.0,2,8,4.00547274408,-3.47076188991,5.3,1,12,0,5.0,400.0
3.1,0.0,1,400.0,22.0,0,0,0.0972080230713,0,94.0,1,5,5.24605364197,0.754268642848,5.3,1,12,0,5.0,400.0
3.1,0.0,1,400.0,22.0,0,1,0.0971999168396,1,94.0,1,11,6.49041367526e-16,-5.3,5.3,1,12,0,5.0,400.0
3.1,0.0,2,400.0,22.0,0,0,0.0971851348877,-1,94.0,1,19,-4.00547274408,3.47076188991,5.3,1,12,0,5.0,400.0
3.1,0.0,2,400.0,22.0,0,0,0.0971789360046,0,94.0,1,11,6.49041367526e-16,-5.3,5.3,1,12,0,5.0,400.0
3.1,0.0,2,400.0,22.0,0,-1,0.0971858501434,0,94.0,1,7,4.82104957538,-2.20169956891,5.3,1,12,0,5.0,400.0
3.1,0.0,2,400.0,22.0,0,1,0.0971968173981,1,94.0,2,2,2.86539633251,4.45864372401,5.3,1,12,0,5.0,400.0
3.1,0.0,2,400.0,22.0,0,0,0.0971870422363,1,94.0,1,15,-4.82104957538,-2.20169956891,5.3,1,12,0,5.0,400.0
3.1,0.0,2,400.0,22.0,0,-2,0.0971970558167,0,94.0,2,10,1.49318255126,-5.08531276016,5.3,1,12,0,5.0,400.0
3.1,0.0,1,400.0,22.0,0,-2,0.0971958637238,0,94.0,2,12,-1.49318255126,-5.08531276016,5.3,1,12,0,5.0,400.0
3.1,0.0,1,400.0,22.0,0,2,0.0970470905304,0,94.0,2,21,-1.49318255126,5.08531276016,5.3,1,12,0,5.0,400.0
3.1,0.0,2,400.0,22.0,0,0,0.0972290039062,0,94.0,1,11,6.49041367526e-16,-5.3,5.3,1,12,0,5.0,400.0
3.1,0.0,1,400.0,22.0,0,0,0.0970339775085,1,94.0,1,2,2.86539633251,4.45864372401,5.3,1,12,0,5.0,400.0
3.1,0.0,1,400.0,22.0,0,0,0.0970098972321,1,94.0,2,0,0.0,5.3,5.3,1,12,0,5.0,400.0
3.1,0.0,2,400.0,22.0,0,2,0.0972831249237,-2,94.0,1,2,2.86539633251,4.45864372401,5.3,1,12,0,5.0,400.0
3.1,0.0,2,400.0,22.0,0,0,0.0972080230713,0,94.0,2,21,-1.49318255126,5.08531276016,5.3,1,12,0,5.0,400.0
3.1,0.0,2,400.0,22.0,0,0,0.0972008705139,0,94.0,1,4,4.82104957538,2.20169956891,5.3,1,12,0,5.0,400.0
3.1,0.0,1,400.0,22.0,0,-2,0.0971958637238,1,94.0,2,6,5.24605364197,-0.754268642848,5.3,1,12,0,5.0,400.0
3.1,0.0,1,400.0,22.0,0,-2,0.097198009491,0,94.0,2,14,-4.00547274408,-3.47076188991,5.3,1,12,0,5.0,400.0
3.1,0.0,2,400.0,22.0,0,-2,0.0971839427948,-1,94.0,1,1,1.49318255126,5.08531276016,5.3,1,12,0,5.0,400.0
3.1,0.0,1,400.0,22.0,0,-1,0.0971829891205,-1,94.0,1,15,-4.82104957538,-2.20169956891,5.3,1,12,0,5.0,400.0
3.1,0.0,2,400.0,22.0,0,0,0.0971791744232,0,94.0,2,7,4.82104957538,-2.20169956891,5.3,1,12,0,5.0,400.0
3.1,0.0,1,400.0,22.0,0,0,0.0972080230713,1,94.0,1,3,4.00547274408,3.47076188991,5.3,1,12,0,5.0,400.0
3.1,0.0,2,400.0,22.0,0,-1,0.0971879959106,0,94.0,2,10,1.49318255126,-5.08531276016,5.3,1,12,0,5.0,400.0
3.1,0.0,2,400.0,22.0,0,2,0.0971920490265,0,94.0,2,3,4.00547274408,3.47076188991,5.3,1,12,0,5.0,400.0
3.1,0.0,1,400.0,22.0,0,0,0.097198009491,0,94.0,2,11,6.49041367526e-16,-5.3,5.3,1,12,0,5.0,400.0
3.1,0.0,2,400.0,22.0,0,-1,0.097204208374,1,94.0,2,12,-1.49318255126,-5.08531276016,5.3,1,12,0,5.0,400.0
3.1,0.0,1,400.0,22.0,0,0,0.0971901416779,0,94.0,1,7,4.82104957538,-2.20169956891,5.3,1,12,0,5.0,400.0
3.1,0.0,2,400.0,22.0,0,0,0.0970361232758,0,94.0,1,11,6.49041367526e-16,-5.3,5.3,1,12,0,5.0,400.0
3.1,0.0,2,400.0,22.0,0,0,0.0971930027008,0,94.0,2,4,4.82104957538,2.20169956891,5.3,1,12,0,5.0,400.0
3.1,0.0,2,400.0,22.0,0,0,0.0971989631653,0,94.0,2,5,5.24605364197,0.754268642848,5.3,1,12,0,5.0,400.0
3.1,0.0,2,400.0,22.0,0,0,0.0970361232758,0,94.0,1,11,6.49041367526e-16,-5.3,5.3,1,12,0,5.0,400.0
3.1,0.0,2,400.0,22.0,0,0,0.0971989631653,0,94.0,1,15,-4.82104957538,-2.20169956891,5.3,1,12,0,5.0,400.0
3.1,0.0,1,400.0,22.0,0,1,0.0971949100494,0,94.0,1,17,-5.24605364197,0.754268642848,5.3,1,12,0,5.0,400.0
3.1,0.0,2,400.0,22.0,0,0,0.0972051620483,0,94.0,1,14,-4.00547274408,-3.47076188991,5.3,1,12,0,5.0,400.0
3.1,0.0,2,400.0,22.0,0,0,0.0970120429993,0,94.0,2,2,2.86539633251,4.45864372401,5.3,1,12,0,5.0,400.0
3.1,0.0,2,400.0,22.0,0,2,0.0971779823303,2,94.0,2,3,4.00547274408,3.47076188991,5.3,1,12,0,5.0,400.0
3.1,0.0,1,400.0,22.0,0,0,0.0971851348877,0,94.0,2,0,0.0,5.3,5.3,1,12,0,5.0,400.0
3.1,0.0,2,400.0,22.0,0,1,0.0970530509949,1,94.0,2,17,-5.24605364197,0.754268642848,5.3,1,12,0,5.0,400.0
3.1,0.0,1,400.0,22.0,0,0,0.0971820354462,2,94.0,2,14,-4.00547274408,-3.47076188991,5.3,1,12,0,5.0,400.0
3.1,0.0,1,400.0,22.0,0,0,0.0971851348877,-1,94.0,1,11,6.49041367526e-16,-5.3,5.3,1,12,0,5.0,400.0
3.1,0.0,1,400.0,22.0,0,0,0.0972149372101,0,94.0,1,1,1.49318255126,5.08531276016,5.3,1,12,0,5.0,400.0
3.1,0.0,1,400.0,22.0,0,1,0.0972099304199,0,94.0,1,4,4.82104957538,2.20169956891,5.3,1,12,0,5.0,400.0
3.1,0.0,2,400.0,22.0,0,0,0.0971920490265,1,94.0,1,11,6.49041367526e-16,-5.3,5.3,1,12,0,5.0,400.0
3.1,0.0,2,400.0,22.0,0,0,0.097188949585,0,94.0,2,14,-4.00547274408,-3.47076188991,5.3,1,12,0,5.0,400.0
3.1,0.0,1,400.0,22.0,0,0,0.0973029136658,-2,94.0,2,6,5.24605364197,-0.754268642848,5.3,1,12,0,5.0,400.0
3.1,0.0,1,400.0,22.0,0,0,0.0971949100494,0,94.0,2,12,-1.49318255126,-5.08531276016,5.3,1,12,0,5.0,400.0
3.1,0.0,2,400.0,22.0,0,2,0.0972080230713,2,94.0,2,20,-2.86539633251,4.45864372401,5.3,1,12,0,5.0,400.0
3.1,0.0,1,400.0,22.0,0,-1,0.0972030162811,1,94.0,2,21,-1.49318255126,5.08531276016,5.3,1,12,0,5.0,400.0
3.1,0.0,1,400.0,22.0,0,-1,0.0972001552582,-1,94.0,1,18,-4.82104957538,2.20169956891,5.3,1,12,0,5.0,400.0
3.1,0.0,2,400.0,22.0,0,0,0.0971989631653,0,94.0,2,13,-2.86539633251,-4.45864372401,5.3,1,12,0,5.0,400.0
3.1,0.0,2,400.0,22.0,0,-2,0.0971930027008,0,94.0,2,0,0.0,5.3,5.3,1,12,0,5.0,400.0
3.1,0.0,1,400.0,22.0,0,0,0.0971820354462,0,94.0,1,5,5.24605364197,0.754268642848,5.3,1,12,0,5.0,400.0
3.1,0.0,2,400.0,22.0,0,1,0.0972230434418,1,94.0,2,18,-4.82104957538,2.20169956891,5.3,1,12,0,5.0,400.0
3.1,0.0,1,400.0,22.0,0,0,0.097235918045,1,94.0,2,11,6.49041367526e-16,-5.3,5.3,1,12,0,5.0,400.0
3.1,0.0,1,400.0,22.0,0,0,0.0971820354462,0,94.0,1,3,4.00547274408,3.47076188991,5.3,1,12,0,5.0,400.0
3.1,0.0,2,400.0,22.0,0,1,0.0971901416779,0,94.0,2,2,2.86539633251,4.45864372401,5.3,1,12,0,5.0,400.0
3.1,0.0,1,400.0,22.0,0,0,0.0970470905304,0,94.0,1,21,-1.49318255126,5.08531276016,5.3,1,12,0,5.0,400.0
3.1,0.0,1,400.0,22.0,0,2,0.0972039699554,0,94.0,2,15,-4.82104957538,-2.20169956891,5.3,1,12,0,5.0,400.0
3.1,0.0,1,400.0,22.0,0,1,0.0972130298615,1,94.0,1,19,-4.00547274408,3.47076188991,5.3,1,12,0,5.0,400.0
3.1,0.0,1,400.0,22.0,0,-1,0.097198009491,-1,94.0,2,16,-5.24605364197,-0.754268642848,5.3,1,12,0,5.0,400.0
3.1,0.0,1,400.0,22.0,0,-2,0.0971958637238,1,94.0,2,12,-1.49318255126,-5.08531276016,5.3,1,12,0,5.0,400.0
3.1,0.0,1,400.0,22.0,0,0,0.0971992015839,0,94.0,2,11,6.49041367526e-16,-5.3,5.3,1,12,0,5.0,400.0
3.1,0.0,1,400.0,22.0,0,2,0.0972030162811,1,94.0,2,3,4.00547274408,3.47076188991,5.3,1,12,0,5.0,400.0
3.1,0.0,1,400.0,22.0,0,0,0.0971918106079,0,94.0,1,18,-4.82104957538,2.20169956891,5.3,1,12,0,5.0,400.0
3.1,0.0,2,400.0,22.0,0,1,0.0971961021423,1,94.0,2,21,-1.49318255126,5.08531276016,5.3,1,12,0,5.0,400.0
3.1,0.0,2,400.0,22.0,0,1,0.0971829891205,1,94.0,2,11,6.49041367526e-16,-5.3,5.3,1,12,0,5.0,400.0
3.1,0.0,1,400.0,22.0,0,0,0.0972030162811,1,94.0,1,7,4.82104957538,-2.20169956891,5.3,1,12,0,5.0,400.0
3.1,0.0,2,400.0,22.0,0,0,0.0971968173981,1,94.0,1,9,2.86539633251,-4.45864372401,5.3,1,12,0,5.0,400.0
3.1,0.0,1,400.0,22.0,0,1,0.0970389842987,0,94.0,1,1,1.49318255126,5.08531276016,5.3,1,12,0,5.0,400.0
3.1,0.0,1,400.0,22.0,0,0,0.0971748828888,-1,94.0,2,12,-1.49318255126,-5.08531276016,5.3,1,12,0,5.0,400.0
3.1,0.0,1,400.0,22.0,0,0,0.0971918106079,1,94.0,1,3,4.00547274408,3.47076188991,5.3,1,12,0,5.0,400.0
3.1,0.0,2,400.0,22.0,0,2,0.0971789360046,-1,94.0,1,5,5.24605364197,0.754268642848,5.3,1,12,0,5.0,400.0
3.1,0.0,2,400.0,22.0,0,-1,0.0971910953522,-1,94.0,1,11,6.49041367526e-16,-5.3,5.3,1,12,0,5.0,400.0
3.1,0.0,1,400.0,22.0,0,0,0.0970330238342,0,94.0,1,7,4.82104957538,-2.20169956891,5.3,1,12,0,5.0,400.0
3.1,0.0,2,400.0,22.0,0,1,0.0971870422363,1,94.0,2,2,2.86539633251,4.45864372401,5.3,1,12,0,5.0,400.0
3.1,0.0,2,400.0,22.0,0,0,0.0971910953522,0,94.0,2,20,-2.86539633251,4.45864372401,5.3,1,12,0,5.0,400.0
3.1,0.0,1,400.0,22.0,0,-1,0.0971810817719,0,94.0,2,6,5.24605364197,-0.754268642848,5.3,1,12,0,5.0,400.0
3.1,0.0,1,400.0,22.0,0,0,0.0971808433533,1,94.0,2,10,1.49318255126,-5.08531276016,5.3,1,12,0,5.0,400.0
3.1,0.0,2,400.0,22.0,0,0,0.097186088562,0,94.0,1,11,6.49041367526e-16,-5.3,5.3,1,12,0,5.0,400.0
3.1,0.0,1,400.0,22.0,0,1,0.0973179340363,1,94.0,1,1,1.49318255126,5.08531276016,5.3,1,12,0,5.0,400.0
3.1,0.0,1,400.0,22.0,0,0,0.0972080230713,-2,94.0,2,19,-4.00547274408,3.47076188991,5.3,1,12,0,5.0,400.0
3.1,0.0,2,400.0,22.0,0,0,0.0970141887665,0,94.0,1,5,5.24605364197,0.754268642848,5.3,1,12,0,5.0,400.0
3.1,0.0,1,400.0,22.0,0,-2,0.097188949585,0,94.0,1,10,1.49318255126,-5.08531276016,5.3,1,12,0,5.0,400.0
3.1,0.0,1,400.0,22.0,0,-1,0.0972089767456,-1,94.0,1,20,-2.86539633251,4.45864372401,5.3,1,12,0,5.0,400.0
3.1,0.0,1,400.0,22.0,0,1,0.097198009491,0,94.0,2,12,-1.49318255126,-5.08531276016,5.3,1,12,0,5.0,400.0
3.1,0.0,1,400.0,22.0,0,0,0.097195148468,0,94.0,2,12,-1.49318255126,-5.08531276016,5.3,1,12,0,5.0,400.0
3.1,0.0,1,400.0,22.0,0,-1,0.0971941947937,1,94.0,1,17,-5.24605364197,0.754268642848,5.3,1,12,0,5.0,400.0
3.1,0.0,2,400.0,22.0,0,0,0.0971870422363,-2,94.0,1,4,4.82104957538,2.20169956891,5.3,1,12,0,5.0,400.0
3.1,0.0,1,400.0,22.0,0,-2,0.0971930027008,0,94.0,2,7,4.82104957538,-2.20169956891,5.3,1,12,0,5.0,400.0
3.1,0.0,1,400.0,22.0,0,1,0.097198009491,0,94.0,2,15,-4.82104957538,-2.20169956891,5.3,1,12,0,5.0,400.0
3.1,0.0,2,400.0,22.0,0,-2,0.097195148468,0,94.0,2,12,-1.49318255126,-5.08531276016,5.3,1,12,0,5.0,400.0
3.1,0.0,2,400.0,22.0,0,-2,0.0972089767456,0,94.0,1,2,2.86539633251,4.45864372401,5.3,1,12,0,5.0,400.0
3.1,0.0,2,400.0,22.0,0,0,0.0971848964691,-2,94.0,1,7,4.82104957538,-2.20169956891,5.3,1,12,0,5.0,400.0
3.1,0.0,2,400.0,22.0,0,0,0.0972049236298,0,94.0,1,6,5.24605364197,-0.754268642848,5.3,1,12,0,5.0,400.0
3.1,0.0,1,400.0,22.0,0,1,0.0972020626068,0,94.0,2,6,5.24605364197,-0.754268642848,5.3,1,12,0,5.0,400.0
3.1,0.0,2,400.0,22.0,0,-1,0.097216129303,1,94.0,2,17,-5.24605364197,0.754268642848,5.3,1,12,0,5.0,400.0
3.1,0.0,1,400.0,22.0,0,0,0.0972011089325,0,94.0,2,6,5.24605364197,-0.754268642848,5.3,1,12,0,5.0,400.0
3.1,0.0,1,400.0,22.0,0,1,0.0972151756287,1,94.0,2,7,4.82104957538,-2.20169956891,5.3,1,12,0,5.0,400.0
3.1,0.0,2,400.0,22.0,0,2,0.0972030162811,-1,94.0,1,2,2.86539633251,4.45864372401,5.3,1,12,0,5.0,400.0
3.1,0.0,1,400.0,22.0,0,0,0.0972199440002,1,94.0,1,1,1.49318255126,5.08531276016,5.3,1,12,0,5.0,400.0
3.1,0.0,2,400.0,22.0,0,0,0.0972151756287,0,94.0,1,1,1.49318255126,5.08531276016,5.3,1,12,0,5.0,400.0
3.1,0.0,1,400.0,22.0,0,0,0.0972318649292,1,94.0,1,19,-4.00547274408,3.47076188991,5.3,1,12,0,5.0,400.0
3.1,0.0,2,400.0,22.0,0,0,0.0971848964691,-2,94.0,1,4,4.82104957538,2.20169956891,5.3,1,12,0,5.0,400.0
3.1,0.0,1,400.0,22.0,0,0,0.0971918106079,0,94.0,2,20,-2.86539633251,4.45864372401,5.3,1,12,0,5.0,400.0
3.1,0.0,1,400.0,22.0,0,-2,0.0971910953522,0,94.0,1,4,4.82104957538,2.20169956891,5.3,1,12,0,5.0,400.0
3.1,0.0,1,400.0,22.0,0,-1,0.0972001552582,-1,94.0,2,3,4.00547274408,3.47076188991,5.3,1,12,0,5.0,400.0
3.1,0.0,1,400.0,22.0,0,0,0.0971930027008,0,94.0,2,21,-1.49318255126,5.08531276016,5.3,1,12,0,5.0,400.0
3.1,0.0,1,400.0,22.0,0,0,0.0971910953522,0,94.0,2,6,5.24605364197,-0.754268642848,5.3,1,12,0,5.0,400.0
3.1,0.0,1,400.0,22.0,0,0,0.0971939563751,0,94.0,1,5,5.24605364197,0.754268642848,5.3,1,12,0,5.0,400.0
3.1,0.0,2,400.0,22.0,0,-1,0.0972049236298,-1,94.0,2,14,-4.00547274408,-3.47076188991,5.3,1,12,0,5.0,400.0
3.1,0.0,1,400.0,22.0,0,0,0.0970129966736,2,94.0,2,21,-1.49318255126,5.08531276016,5.3,1,12,0,5.0,400.0
3.1,0.0,2,400.0,22.0,0,0,0.0971930027008,0,94.0,1,2,2.86539633251,4.45864372401,5.3,1,12,0,5.0,400.0
3.1,0.0,1,400.0,22.0,0,0,0.0972261428833,0,94.0,2,15,-4.82104957538,-2.20169956891,5.3,1,12,0,5.0,400.0
3.1,0.0,2,400.0,22.0,0,0,0.0973100662231,0,94.0,1,11,6.49041367526e-16,-5.3,5.3,1,12,0,5.0,400.0
3.1,0.0,1,400.0,22.0,0,0,0.0971851348877,0,94.0,1,21,-1.49318255126,5.08531276016,5.3,1,12,0,5.0,400.0
3.1,0.0,2,400.0,22.0,0,0,0.0971920490265,0,94.0,2,19,-4.00547274408,3.47076188991,5.3,1,12,0,5.0,400.0
3.1,0.0,1,400.0,22.0,0,0,0.0972092151642,0,94.0,1,13,-2.86539633251,-4.45864372401,5.3,1,12,0,5.0,400.0
3.1,0.0,2,400.0,22.0,0,0,0.0971789360046,0,94.0,2,12,-1.49318255126,-5.08531276016,5.3,1,12,0,5.0,400.0
3.1,0.0,1,400.0,22.0,0,0,0.0973060131073,0,94.0,1,21,-1.49318255126,5.08531276016,5.3,1,12,0,5.0,400.0
3.1,0.0,1,400.0,22.0,0,0,0.0971939563751,0,94.0,1,15,-4.82104957538,-2.20169956891,5.3,1,12,0,5.0,400.0
3.1,0.0,2,400.0,22.0,0,0,0.0972580909729,0,94.0,1,14,-4.00547274408,-3.47076188991,5.3,1,12,0,5.0,400.0
3.1,0.0,2,400.0,22.0,0,2,0.0973289012909,-1,94.0,2,11,6.49041367526e-16,-5.3,5.3,1,12,0,5.0,400.0
3.1,0.0,2,400.0,22.0,0,0,0.0972180366516,0,94.0,2,20,-2.86539633251,4.45864372401,5.3,1,12,0,5.0,400.0
3.1,0.0,2,400.0,22.0,0,0,0.0972259044647,0,94.0,1,0,0.0,5.3,5.3,1,12,0,5.0,400.0
3.1,0.0,2,400.0,22.0,0,0,0.0972170829773,0,94.0,1,10,1.49318255126,-5.08531276016,5.3,1,12,0,5.0,400.0
3.1,0.0,1,400.0,22.0,0,0,0.0971989631653,-1,94.0,1,1,1.49318255126,5.08531276016,5.3,1,12,0,5.0,400.0
3.1,0.0,1,400.0,22.0,0,1,0.0971999168396,0,94.0,2,17,-5.24605364197,0.754268642848,5.3,1,12,0,5.0,400.0
3.1,0.0,1,400.0,22.0,0,-1,0.0972559452057,0,94.0,1,8,4.00547274408,-3.47076188991,5.3,1,12,0,5.0,400.0
3.1,0.0,2,400.0,22.0,0,-1,0.0971820354462,-2,94.0,2,16,-5.24605364197,-0.754268642848,5.3,1,12,0,5.0,400.0
3.1,0.0,2,400.0,22.0,0,0,0.0971910953522,0,94.0,2,1,1.49318255126,5.08531276016,5.3,1,12,0,5.0,400.0
3.1,0.0,2,400.0,22.0,0,0,0.0972020626068,0,94.0,2,8,4.00547274408,-3.47076188991,5.3,1,12,0,5.0,400.0
3.1,0.0,2,400.0,22.0,0,1,0.0971829891205,0,94.0,1,11,6.49041367526e-16,-5.3,5.3,1,12,0,5.0,400.0
3.1,0.0,1,400.0,22.0,0,-1,0.0971848964691,0,94.0,1,5,5.24605364197,0.754268642848,5.3,1,12,0,5.0,400.0
3.1,0.0,1,400.0,22.0,0,0,0.0970220565796,0,94.0,1,2,2.86539633251,4.45864372401,5.3,1,12,0,5.0,400.0
3.1,0.0,2,400.0,22.0,0,1,0.0971820354462,-2,94.0,1,12,-1.49318255126,-5.08531276016,5.3,1,12,0,5.0,400.0
3.1,0.0,1,400.0,22.0,0,0,0.0971901416779,0,94.0,1,15,-4.82104957538,-2.20169956891,5.3,1,12,0,5.0,400.0
3.1,0.0,1,400.0,22.0,0,0,0.0972099304199,0,94.0,1,12,-1.49318255126,-5.08531276016,5.3,1,12,0,5.0,400.0
3.1,0.0,1,400.0,22.0,0,2,0.097195148468,2,94.0,1,18,-4.82104957538,2.20169956891,5.3,1,12,0,5.0,400.0
3.1,0.0,1,400.0,22.0,0,0,0.0972130298615,0,94.0,1,21,-1.49318255126,5.08531276016,5.3,1,12,0,5.0,400.0
3.1,0.0,1,400.0,22.0,0,0,0.0971739292145,0,94.0,1,5,5.24605364197,0.754268642848,5.3,1,12,0,5.0,400.0
3.1,0.0,1,400.0,22.0,0,-2,0.0972158908844,-2,94.0,1,16,-5.24605364197,-0.754268642848,5.3,1,12,0,5.0,400.0
3.1,0.0,1,400.0,22.0,0,-2,0.0971970558167,-2,94.0,1,5,5.24605364197,0.754268642848,5.3,1,12,0,5.0,400.0
3.1,0.0,1,400.0,22.0,0,0,0.0971930027008,1,94.0,1,6,5.24605364197,-0.754268642848,5.3,1,12,0,5.0,400.0
3.1,0.0,1,400.0,22.0,0,1,0.0972008705139,-1,94.0,1,13,-2.86539633251,-4.45864372401,5.3,1,12,0,5.0,400.0
3.1,0.0,1,400.0,22.0,0,0,0.097198009491,0,94.0,2,13,-2.86539633251,-4.45864372401,5.3,1,12,0,5.0,400.0
3.1,0.0,2,400.0,22.0,0,-2,0.0971992015839,2,94.0,2,0,0.0,5.3,5.3,1,12,0,5.0,400.0
3.1,0.0,1,400.0,22.0,0,0,0.0971977710724,0,94.0,1,15,-4.82104957538,-2.20169956891,5.3,1,12,0,5.0,400.0
3.1,0.0,2,400.0,22.0,0,1,0.0970170497894,1,94.0,2,8,4.00547274408,-3.47076188991,5.3,1,12,0,5.0,400.0
3.1,0.0,2,400.0,22.0,0,0,0.0972249507904,0,94.0,2,18,-4.82104957538,2.20169956891,5.3,1,12,0,5.0,400.0
3.1,0.0,1,400.0,22.0,0,1,0.0972340106964,0,94.0,2,9,2.86539633251,-4.45864372401,5.3,1,12,0,5.0,400.0
3.1,0.0,2,400.0,22.0,0,-1,0.0971958637238,-1,94.0,2,20,-2.86539633251,4.45864372401,5.3,1,12,0,5.0,400.0
3.1,0.0,2,400.0,22.0,0,0,0.0972189903259,0,94.0,1,12,-1.49318255126,-5.08531276016,5.3,1,12,0,5.0,400.0
3.1,0.0,2,400.0,22.0,0,0,0.0971870422363,0,94.0,1,17,-5.24605364197,0.754268642848,5.3,1,12,0,5.0,400.0
3.1,0.0,1,400.0,22.0,0,-2,0.0972030162811,0,94.0,2,0,0.0,5.3,5.3,1,12,0,5.0,400.0
3.1,0.0,1,400.0,22.0,0,1,0.0971970558167,-1,94.0,1,3,4.00547274408,3.47076188991,5.3,1,12,0,5.0,400.0
3.1,0.0,1,400.0,22.0,0,0,0.0971970558167,0,94.0,1,0,0.0,5.3,5.3,1,12,0,5.0,400.0
3.1,0.0,1,400.0,22.0,0,-2,0.0971968173981,-2,94.0,2,20,-2.86539633251,4.45864372401,5.3,1,12,0,5.0,400.0
3.1,0.0,1,400.0,22.0,0,2,0.0971839427948,1,94.0,2,10,1.49318255126,-5.08531276016,5.3,1,12,0,5.0,400.0
3.1,0.0,1,400.0,22.0,0,-1,0.0971779823303,0,94.0,1,2,2.86539633251,4.45864372401,5.3,1,12,0,5.0,400.0
3.1,0.0,2,400.0,22.0,0,0,0.097207069397,0,94.0,2,8,4.00547274408,-3.47076188991,5.3,1,12,0,5.0,400.0
3.1,0.0,1,400.0,22.0,0,0,0.0971829891205,0,94.0,1,20,-2.86539633251,4.45864372401,5.3,1,12,0,5.0,400.0
3.1,0.0,2,400.0,22.0,0,0,0.0972030162811,0,94.0,1,13,-2.86539633251,-4.45864372401,5.3,1,12,0,5.0,400.0
3.1,0.0,1,400.0,22.0,0,0,0.0972328186035,-2,94.0,2,5,5.24605364197,0.754268642848,5.3,1,12,0,5.0,400.0
3.1,0.0,2,400.0,22.0,0,-1,0.0972130298615,-1,94.0,1,11,6.49041367526e-16,-5.3,5.3,1,12,0,5.0,400.0
3.1,0.0,1,400.0,22.0,0,0,0.097195148468,0,94.0,1,3,4.00547274408,3.47076188991,5.3,1,12,0,5.0,400.0
3.1,0.0,1,400.0,22.0,0,1,0.0972118377686,1,94.0,1,2,2.86539633251,4.45864372401,5.3,1,12,0,5.0,400.0
3.1,0.0,2,400.0,22.0,0,1,0.0971879959106,1,94.0,2,15,-4.82104957538,-2.20169956891,5.3,1,12,0,5.0,400.0
3.1,0.0,1,400.0,22.0,0,0,0.0970368385315,0,94.0,1,1,1.49318255126,5.08531276016,5.3,1,12,0,5.0,400.0
3.1,0.0,1,400.0,22.0,0,0,0.097020149231,0,94.0,1,15,-4.82104957538,-2.20169956891,5.3,1,12,0,5.0,400.0
3.1,0.0,1,400.0,22.0,0,0,0.0972039699554,0,94.0,1,2,2.86539633251,4.45864372401,5.3,1,12,0,5.0,400.0
3.1,0.0,2,400.0,22.0,0,-1,0.097204208374,0,94.0,2,7,4.82104957538,-2.20169956891,5.3,1,12,0,5.0,400.0
3.1,0.0,1,400.0,22.0,0,0,0.0972049236298,0,94.0,1,13,-2.86539633251,-4.45864372401,5.3,1,12,0,5.0,400.0
3.1,0.0,2,400.0,22.0,0,0,0.0972001552582,0,94.0,1,1,1.49318255126,5.08531276016,5.3,1,12,0,5.0,400.0
3.1,0.0,1,400.0,22.0,0,-1,0.097195148468,0,94.0,1,20,-2.86539633251,4.45864372401,5.3,1,12,0,5.0,400.0
3.1,0.0,1,400.0,22.0,0,0,0.097216129303,0,94.0,1,20,-2.86539633251,4.45864372401,5.3,1,12,0,5.0,400.0
3.1,0.0,1,400.0,22.0,0,0,0.097198009491,0,94.0,1,7,4.82104957538,-2.20169956891,5.3,1,12,0,5.0,400.0
3.1,0.0,2,400.0,22.0,0,0,0.0971918106079,2,94.0,1,15,-4.82104957538,-2.20169956891,5.3,1,12,0,5.0,400.0
3.1,0.0,2,400.0,22.0,0,0,0.0971801280975,0,94.0,2,4,4.82104957538,2.20169956891,5.3,1,12,0,5.0,400.0
3.1,0.0,1,400.0,22.0,0,1,0.0972030162811,-2,94.0,2,14,-4.00547274408,-3.47076188991,5.3,1,12,0,5.0,400.0
3.1,0.0,1,400.0,22.0,0,0,0.0972030162811,0,94.0,1,17,-5.24605364197,0.754268642848,5.3,1,12,0,5.0,400.0
3.1,0.0,2,400.0,22.0,0,0,0.0971767902374,0,94.0,2,18,-4.82104957538,2.20169956891,5.3,1,12,0,5.0,400.0
3.1,0.0,1,400.0,22.0,0,1,0.097186088562,1,94.0,1,2,2.86539633251,4.45864372401,5.3,1,12,0,5.0,400.0
3.1,0.0,2,400.0,22.0,0,1,0.0971870422363,1,94.0,2,11,6.49041367526e-16,-5.3,5.3,1,12,0,5.0,400.0
3.1,0.0,1,400.0,22.0,0,0,0.0972080230713,0,94.0,2,6,5.24605364197,-0.754268642848,5.3,1,12,0,5.0,400.0
3.1,0.0,2,400.0,22.0,0,-1,0.0972030162811,1,94.0,1,20,-2.86539633251,4.45864372401,5.3,1,12,0,5.0,400.0
3.1,0.0,2,400.0,22.0,0,1,0.0971829891205,0,94.0,1,8,4.00547274408,-3.47076188991,5.3,1,12,0,5.0,400.0
3.1,0.0,1,400.0,22.0,0,0,0.0972080230713,0,94.0,1,14,-4.00547274408,-3.47076188991,5.3,1,12,0,5.0,400.0
3.1,0.0,2,400.0,22.0,0,0,0.0972189903259,0,94.0,1,11,6.49041367526e-16,-5.3,5.3,1,12,0,5.0,400.0
3.1,0.0,2,400.0,22.0,0,-1,0.0970101356506,-1,94.0,2,14,-4.00547274408,-3.47076188991,5.3,1,12,0,5.0,400.0
3.1,0.0,2,400.0,22.0,0,0,0.0970251560211,0,94.0,2,6,5.24605364197,-0.754268642848,5.3,1,12,0,5.0,400.0
3.1,0.0,2,400.0,22.0,0,0,0.0970170497894,0,94.0,2,0,0.0,5.3,5.3,1,12,0,5.0,400.0
3.1,0.0,2,400.0,22.0,0,0,0.097020149231,0,94.0,2,19,-4.00547274408,3.47076188991,5.3,1,12,0,5.0,400.0
3.1,0.0,2,400.0,22.0,0,-1,0.097198009491,0,94.0,1,8,4.00547274408,-3.47076188991,5.3,1,12,0,5.0,400.0
3.1,0.0,1,400.0,22.0,0,0,0.097198009491,0,94.0,1,9,2.86539633251,-4.45864372401,5.3,1,12,0,5.0,400.0
3.1,0.0,1,400.0,22.0,0,0,0.0971949100494,0,94.0,2,0,0.0,5.3,5.3,1,12,0,5.0,400.0
3.1,0.0,2,400.0,22.0,0,0,0.0971839427948,0,94.0,2,14,-4.00547274408,-3.47076188991,5.3,1,12,0,5.0,400.0
3.1,0.0,1,400.0,22.0,0,0,0.0971958637238,0,94.0,1,8,4.00547274408,-3.47076188991,5.3,1,12,0,5.0,400.0
3.1,0.0,1,400.0,22.0,0,2,0.0972030162811,-1,94.0,2,12,-1.49318255126,-5.08531276016,5.3,1,12,0,5.0,400.0
3.1,0.0,2,400.0,22.0,0,1,0.0971970558167,1,94.0,1,9,2.86539633251,-4.45864372401,5.3,1,12,0,5.0,400.0
3.1,0.0,2,400.0,22.0,0,-1,0.0970141887665,-1,94.0,1,12,-1.49318255126,-5.08531276016,5.3,1,12,0,5.0,400.0
3.1,0.0,2,400.0,22.0,0,-2,0.0972349643707,0,94.0,2,10,1.49318255126,-5.08531276016,5.3,1,12,0,5.0,400.0
3.1,0.0,2,400.0,22.0,0,0,0.0971970558167,0,94.0,1,12,-1.49318255126,-5.08531276016,5.3,1,12,0,5.0,400.0
3.1,0.0,1,400.0,22.0,0,0,0.0970430374146,0,94.0,1,19,-4.00547274408,3.47076188991,5.3,1,12,0,5.0,400.0
3.1,0.0,1,400.0,22.0,0,0,0.0970180034637,0,94.0,1,6,5.24605364197,-0.754268642848,5.3,1,12,0,5.0,400.0
3.1,0.0,1,400.0,22.0,0,0,0.097275018692,0,94.0,1,6,5.24605364197,-0.754268642848,5.3,1,12,0,5.0,400.0
3.1,0.0,2,400.0,22.0,0,-2,0.0970511436462,-2,94.0,2,17,-5.24605364197,0.754268642848,5.3,1,12,0,5.0,400.0
3.1,0.0,1,400.0,22.0,0,-1,0.097179889679,0,94.0,2,21,-1.49318255126,5.08531276016,5.3,1,12,0,5.0,400.0
3.1,0.0,1,400.0,22.0,0,2,0.0971848964691,1,94.0,1,5,5.24605364197,0.754268642848,5.3,1,12,0,5.0,400.0
3.1,0.0,2,400.0,22.0,0,1,0.0971989631653,1,94.0,2,0,0.0,5.3,5.3,1,12,0,5.0,400.0
3.1,0.0,2,400.0,22.0,0,2,0.0972068309784,2,94.0,2,15,-4.82104957538,-2.20169956891,5.3,1,12,0,5.0,400.0
3.1,0.0,1,400.0,22.0,0,1,0.0972061157227,0,94.0,2,7,4.82104957538,-2.20169956891,5.3,1,12,0,5.0,400.0
3.1,0.0,1,400.0,22.0,0,0,0.0970590114594,0,94.0,2,8,4.00547274408,-3.47076188991,5.3,1,12,0,5.0,400.0
3.1,0.0,2,400.0,22.0,0,0,0.097198009491,0,94.0,1,7,4.82104957538,-2.20169956891,5.3,1,12,0,5.0,400.0
3.1,0.0,1,400.0,22.0,0,-1,0.0972089767456,0,94.0,1,16,-5.24605364197,-0.754268642848,5.3,1,12,0,5.0,400.0
3.1,0.0,1,400.0,22.0,0,-1,0.0972089767456,0,94.0,1,10,1.49318255126,-5.08531276016,5.3,1,12,0,5.0,400.0
3.1,0.0,2,400.0,22.0,0,2,0.0972051620483,0,94.0,1,2,2.86539633251,4.45864372401,5.3,1,12,0,5.0,400.0
3.1,0.0,1,400.0,22.0,0,0,0.0971868038177,0,94.0,1,18,-4.82104957538,2.20169956891,5.3,1,12,0,5.0,400.0
3.1,0.0,1,400.0,22.0,0,0,0.0972049236298,0,94.0,2,19,-4.00547274408,3.47076188991,5.3,1,12,0,5.0,400.0
3.1,0.0,1,400.0,22.0,0,-2,0.0971910953522,2,94.0,2,12,-1.49318255126,-5.08531276016,5.3,1,12,0,5.0,400.0
3.1,0.0,2,400.0,22.0,0,1,0.0972011089325,1,94.0,2,3,4.00547274408,3.47076188991,5.3,1,12,0,5.0,400.0
3.1,0.0,2,400.0,22.0,0,1,0.097051858902,1,94.0,2,8,4.00547274408,-3.47076188991,5.3,1,12,0,5.0,400.0
3.1,0.0,2,400.0,22.0,0,1,0.0973329544067,1,94.0,2,5,5.24605364197,0.754268642848,5.3,1,12,0,5.0,400.0
3.1,0.0,1,400.0,22.0,0,0,0.0972101688385,0,94.0,2,2,2.86539633251,4.45864372401,5.3,1,12,0,5.0,400.0
3.1,0.0,2,400.0,22.0,0,0,0.0972049236298,0,94.0,1,20,-2.86539633251,4.45864372401,5.3,1,12,0,5.0,400.0
3.1,0.0,2,400.0,22.0,0,0,0.0972089767456,0,94.0,2,15,-4.82104957538,-2.20169956891,5.3,1,12,0,5.0,400.0
3.1,0.0,2,400.0,22.0,0,1,0.0971920490265,1,94.0,2,18,-4.82104957538,2.20169956891,5.3,1,12,0,5.0,400.0
3.1,0.0,2,400.0,22.0,0,2,0.097195148468,-1,94.0,1,1,1.49318255126,5.08531276016,5.3,1,12,0,5.0,400.0
3.1,0.0,2,400.0,22.0,0,0,0.0971879959106,0,94.0,2,3,4.00547274408,3.47076188991,5.3,1,12,0,5.0,400.0
3.1,0.0,1,400.0,22.0,0,0,0.0971739292145,0,94.0,1,10,1.49318255126,-5.08531276016,5.3,1,12,0,5.0,400.0
3.1,0.0,2,400.0,22.0,0,2,0.0971839427948,2,94.0,2,8,4.00547274408,-3.47076188991,5.3,1,12,0,5.0,400.0
3.1,0.0,2,400.0,22.0,0,0,0.0971810817719,0,94.0,2,16,-5.24605364197,-0.754268642848,5.3,1,12,0,5.0,400.0
3.1,0.0,2,400.0,22.0,0,0,0.0971868038177,0,94.0,2,20,-2.86539633251,4.45864372401,5.3,1,12,0,5.0,400.0
3.1,0.0,1,400.0,22.0,0,0,0.0972020626068,0,94.0,1,16,-5.24605364197,-0.754268642848,5.3,1,12,0,5.0,400.0
3.1,0.0,2,400.0,22.0,0,0,0.0971910953522,0,94.0,2,5,5.24605364197,0.754268642848,5.3,1,12,0,5.0,400.0
3.1,0.0,2,400.0,22.0,0,0,0.097177028656,0,94.0,2,18,-4.82104957538,2.20169956891,5.3,1,12,0,5.0,400.0
3.1,0.0,2,400.0,22.0,0,0,0.0971839427948,0,94.0,2,12,-1.49318255126,-5.08531276016,5.3,1,12,0,5.0,400.0
3.1,0.0,2,400.0,22.0,0,0,0.0971920490265,0,94.0,2,0,0.0,5.3,5.3,1,12,0,5.0,400.0
3.1,0.0,1,400.0,22.0,0,0,0.0971989631653,0,94.0,1,21,-1.49318255126,5.08531276016,5.3,1,12,0,5.0,400.0
3.1,0.0,1,400.0,22.0,0,0,0.0972011089325,0,94.0,1,10,1.49318255126,-5.08531276016,5.3,1,12,0,5.0,400.0
3.1,0.0,2,400.0,22.0,0,0,0.0972089767456,0,94.0,1,11,6.49041367526e-16,-5.3,5.3,1,12,0,5.0,400.0
3.1,0.0,1,400.0,22.0,0,0,0.0972080230713,0,94.0,1,15,-4.82104957538,-2.20169956891,5.3,1,12,0,5.0,400.0
3.1,0.0,2,400.0,22.0,0,0,0.0972120761871,0,94.0,2,0,0.0,5.3,5.3,1,12,0,5.0,400.0
3.1,0.0,1,400.0,22.0,0,1,0.0972011089325,1,94.0,1,3,4.00547274408,3.47076188991,5.3,1,12,0,5.0,400.0
3.1,0.0,1,400.0,22.0,0,1,0.097198009491,1,94.0,2,20,-2.86539633251,4.45864372401,5.3,1,12,0,5.0,400.0
3.1,0.0,1,400.0,22.0,0,0,0.0972108840942,0,94.0,1,14,-4.00547274408,-3.47076188991,5.3,1,12,0,5.0,400.0
3.1,0.0,1,400.0,22.0,0,0,0.0970740318298,0,94.0,1,16,-5.24605364197,-0.754268642848,5.3,1,12,0,5.0,400.0
3.1,0.0,1,400.0,22.0,0,0,0.0972049236298,0,94.0,2,13,-2.86539633251,-4.45864372401,5.3,1,12,0,5.0,400.0
3.1,0.0,1,400.0,22.0,0,0,0.0971920490265,0,94.0,1,21,-1.49318255126,5.08531276016,5.3,1,12,0,5.0,400.0
3.1,0.0,1,400.0,22.0,0,0,0.0971930027008,0,94.0,1,3,4.00547274408,3.47076188991,5.3,1,12,0,5.0,400.0
3.1,0.0,1,400.0,22.0,0,0,0.0972051620483,2,94.0,1,8,4.00547274408,-3.47076188991,5.3,1,12,0,5.0,400.0
3.1,0.0,1,400.0,22.0,0,-2,0.097188949585,-2,94.0,1,18,-4.82104957538,2.20169956891,5.3,1,12,0,5.0,400.0
3.1,0.0,2,400.0,22.0,0,0,0.0971858501434,0,94.0,1,11,6.49041367526e-16,-5.3,5.3,1,12,0,5.0,400.0
3.1,0.0,1,400.0,22.0,0,-1,0.0971858501434,-1,94.0,2,14,-4.00547274408,-3.47076188991,5.3,1,12,0,5.0,400.0
3.1,0.0,2,400.0,22.0,0,-1,0.0972108840942,0,94.0,1,18,-4.82104957538,2.20169956891,5.3,1,12,0,5.0,400.0
3.1,0.0,1,400.0,22.0,0,-1,0.0972049236298,-1,94.0,1,7,4.82104957538,-2.20169956891,5.3,1,12,0,5.0,400.0
3.1,0.0,2,400.0,22.0,0,0,0.0972008705139,-1,94.0,2,4,4.82104957538,2.20169956891,5.3,1,12,0,5.0,400.0
3.1,0.0,2,400.0,22.0,0,0,0.097177028656,0,94.0,1,11,6.49041367526e-16,-5.3,5.3,1,12,0,5.0,400.0
3.1,0.0,2,400.0,22.0,0,0,0.0972180366516,0,94.0,1,13,-2.86539633251,-4.45864372401,5.3,1,12,0,5.0,400.0
3.1,0.0,2,400.0,22.0,0,0,0.0972020626068,0,94.0,2,13,-2.86539633251,-4.45864372401,5.3,1,12,0,5.0,400.0
3.1,0.0,1,400.0,22.0,0,-1,0.0972011089325,-1,94.0,1,21,-1.49318255126,5.08531276016,5.3,1,12,0,5.0,400.0
3.1,0.0,2,400.0,22.0,0,0,0.0972018241882,0,94.0,2,2,2.86539633251,4.45864372401,5.3,1,12,0,5.0,400.0
3.1,0.0,1,400.0,22.0,0,1,0.0970578193665,1,94.0,1,12,-1.49318255126,-5.08531276016,5.3,1,12,0,5.0,400.0
3.1,0.0,2,400.0,22.0,0,0,0.0970180034637,0,94.0,1,13,-2.86539633251,-4.45864372401,5.3,1,12,0,5.0,400.0
3.1,0.0,1,400.0,22.0,0,1,0.0971999168396,1,94.0,1,6,5.24605364197,-0.754268642848,5.3,1,12,0,5.0,400.0
3.1,0.0,2,400.0,22.0,0,0,0.0971870422363,0,94.0,1,8,4.00547274408,-3.47076188991,5.3,1,12,0,5.0,400.0
3.1,0.0,1,400.0,22.0,0,-1,0.097188949585,2,94.0,2,3,4.00547274408,3.47076188991,5.3,1,12,0,5.0,400.0
3.1,0.0,1,400.0,22.0,0,1,0.0971930027008,1,94.0,1,3,4.00547274408,3.47076188991,5.3,1,12,0,5.0,400.0
3.1,0.0,1,400.0,22.0,0,-1,0.0971920490265,1,94.0,2,14,-4.00547274408,-3.47076188991,5.3,1,12,0,5.0,400.0
3.1,0.0,1,400.0,22.0,0,-1,0.0971899032593,0,94.0,1,16,-5.24605364197,-0.754268642848,5.3,1,12,0,5.0,400.0
3.1,0.0,2,400.0,22.0,0,-2,0.0971949100494,-2,94.0,2,17,-5.24605364197,0.754268642848,5.3,1,12,0,5.0,400.0
3.1,0.0,1,400.0,22.0,0,0,0.0971939563751,0,94.0,1,0,0.0,5.3,5.3,1,12,0,5.0,400.0
3.1,0.0,2,400.0,22.0,0,-1,0.0971970558167,-1,94.0,2,7,4.82104957538,-2.20169956891,5.3,1,12,0,5.0,400.0
3.1,0.0,1,400.0,22.0,0,-2,0.0971989631653,-2,94.0,1,14,-4.00547274408,-3.47076188991,5.3,1,12,0,5.0,400.0
