cue-length,ms-precue,resp-v-hv,ms-st-cue,nitems,offset2,resp-h-pos,actualStimOn,resp-v-pos,ms-stimon,resp-h-hv,cue-loc-int,cue-loc-x,cue-loc-y,radius,bars-or-spot,version,offset,npractice,ntrials
3.1,0.0,2,400.0,22.0,0,0,0.100093841553,-1,94.0,2,19,-4.00547274408,3.47076188991,5.3,1,12,0,5.0,400.0
3.1,0.0,2,400.0,22.0,0,2,0.100122928619,0,94.0,2,9,2.86539633251,-4.45864372401,5.3,1,12,0,5.0,400.0
3.1,0.0,1,400.0,22.0,0,0,0.100080013275,0,94.0,2,4,4.82104957538,2.20169956891,5.3,1,12,0,5.0,400.0
3.1,0.0,1,400.0,22.0,0,1,0.1002202034,0,94.0,1,10,1.49318255126,-5.08531276016,5.3,1,12,0,5.0,400.0
3.1,0.0,2,400.0,22.0,0,-2,0.100122928619,1,94.0,2,5,5.24605364197,0.754268642848,5.3,1,12,0,5.0,400.0
3.1,0.0,1,400.0,22.0,0,1,0.100093126297,-1,94.0,2,11,6.49041367526e-16,-5.3,5.3,1,12,0,5.0,400.0
3.1,0.0,2,400.0,22.0,0,-2,0.100049972534,-2,94.0,2,10,1.49318255126,-5.08531276016,5.3,1,12,0,5.0,400.0
3.1,0.0,1,400.0,22.0,0,2,0.100082159042,1,94.0,1,20,-2.86539633251,4.45864372401,5.3,1,12,0,5.0,400.0
3.1,0.0,1,400.0,22.0,0,0,0.100121021271,0,94.0,1,6,5.24605364197,-0.754268642848,5.3,1,12,0,5.0,400.0
3.1,0.0,2,400.0,22.0,0,1,0.100113153458,1,94.0,2,14,-4.00547274408,-3.47076188991,5.3,1,12,0,5.0,400.0
3.1,0.0,1,400.0,22.0,0,-1,0.10013794899,0,94.0,2,17,-5.24605364197,0.754268642848,5.3,1,12,0,5.0,400.0
3.1,0.0,1,400.0,22.0,0,0,0.100082874298,0,94.0,1,21,-1.49318255126,5.08531276016,5.3,1,12,0,5.0,400.0
3.1,0.0,1,400.0,22.0,0,-2,0.10014796257,-2,94.0,1,9,2.86539633251,-4.45864372401,5.3,1,12,0,5.0,400.0
3.1,0.0,1,400.0,22.0,0,1,0.10014796257,0,94.0,2,19,-4.00547274408,3.47076188991,5.3,1,12,0,5.0,400.0
3.1,0.0,2,400.0,22.0,0,1,0.100088834763,0,94.0,1,18,-4.82104957538,2.20169956891,5.3,1,12,0,5.0,400.0
3.1,0.0,1,400.0,22.0,0,0,0.0999510288239,-2,94.0,2,0,0.0,5.3,5.3,1,12,0,5.0,400.0
3.1,0.0,1,400.0,22.0,0,-1,0.100065946579,0,94.0,2,20,-2.86539633251,4.45864372401,5.3,1,12,0,5.0,400.0
3.1,0.0,2,400.0,22.0,0,0,0.100164890289,0,94.0,2,8,4.00547274408,-3.47076188991,5.3,1,12,0,5.0,400.0
3.1,0.0,2,400.0,22.0,0,0,0.100288152695,0,94.0,2,5,5.24605364197,0.754268642848,5.3,1,12,0,5.0,400.0
3.1,0.0,1,400.0,22.0,0,1,0.0999798774719,1,94.0,1,2,2.86539633251,4.45864372401,5.3,1,12,0,5.0,400.0
3.1,0.0,2,400.0,22.0,0,0,0.100155115128,0,94.0,2,19,-4.00547274408,3.47076188991,5.3,1,12,0,5.0,400.0
3.1,0.0,1,400.0,22.0,0,0,0.10010099411,0,94.0,1,18,-4.82104957538,2.20169956891,5.3,1,12,0,5.0,400.0
3.1,0.0,2,400.0,22.0,0,1,0.0999341011047,1,94.0,2,2,2.86539633251,4.45864372401,5.3,1,12,0,5.0,400.0
3.1,0.0,1,400.0,22.0,0,2,0.100167036057,2,94.0,1,18,-4.82104957538,2.20169956891,5.3,1,12,0,5.0,400.0
3.1,0.0,1,400.0,22.0,0,0,0.10014295578,1,94.0,1,1,1.49318255126,5.08531276016,5.3,1,12,0,5.0,400.0
3.1,0.0,2,400.0,22.0,0,0,0.100415945053,0,94.0,2,2,2.86539633251,4.45864372401,5.3,1,12,0,5.0,400.0
3.1,0.0,1,400.0,22.0,0,0,0.100142002106,0,94.0,2,17,-5.24605364197,0.754268642848,5.3,1,12,0,5.0,400.0
3.1,0.0,1,400.0,22.0,0,1,0.0995891094208,-1,94.0,1,10,1.49318255126,-5.08531276016,5.3,1,12,0,5.0,400.0
3.1,0.0,1,400.0,22.0,0,0,0.0999100208282,0,94.0,1,4,4.82104957538,2.20169956891,5.3,1,12,0,5.0,400.0
3.1,0.0,1,400.0,22.0,0,0,0.100116968155,0,94.0,1,6,5.24605364197,-0.754268642848,5.3,1,12,0,5.0,400.0
3.1,0.0,1,400.0,22.0,0,0,0.100416898727,0,94.0,1,5,5.24605364197,0.754268642848,5.3,1,12,0,5.0,400.0
3.1,0.0,1,400.0,22.0,0,-1,0.100044965744,0,94.0,2,14,-4.00547274408,-3.47076188991,5.3,1,12,0,5.0,400.0
3.1,0.0,1,400.0,22.0,0,0,0.1001060009,0,94.0,1,1,1.49318255126,5.08531276016,5.3,1,12,0,5.0,400.0
3.1,0.0,1,400.0,22.0,0,0,0.100135087967,-1,94.0,1,16,-5.24605364197,-0.754268642848,5.3,1,12,0,5.0,400.0
3.1,0.0,2,400.0,22.0,0,0,0.100116014481,0,94.0,2,17,-5.24605364197,0.754268642848,5.3,1,12,0,5.0,400.0
3.1,0.0,1,400.0,22.0,0,0,0.100126028061,0,94.0,1,4,4.82104957538,2.20169956891,5.3,1,12,0,5.0,400.0
3.1,0.0,2,400.0,22.0,0,0,0.100130796432,0,94.0,1,16,-5.24605364197,-0.754268642848,5.3,1,12,0,5.0,400.0
3.1,0.0,2,400.0,22.0,0,-1,0.0999231338501,-1,94.0,2,19,-4.00547274408,3.47076188991,5.3,1,12,0,5.0,400.0
3.1,0.0,2,400.0,22.0,0,0,0.10010099411,0,94.0,1,4,4.82104957538,2.20169956891,5.3,1,12,0,5.0,400.0
3.1,0.0,1,400.0,22.0,0,0,0.100094079971,0,94.0,2,5,5.24605364197,0.754268642848,5.3,1,12,0,5.0,400.0
3.1,0.0,1,400.0,22.0,0,0,0.100115060806,0,94.0,1,8,4.00547274408,-3.47076188991,5.3,1,12,0,5.0,400.0
3.1,0.0,2,400.0,22.0,0,-1,0.100144863129,-1,94.0,2,8,4.00547274408,-3.47076188991,5.3,1,12,0,5.0,400.0
3.1,0.0,2,400.0,22.0,0,0,0.100195169449,0,94.0,2,19,-4.00547274408,3.47076188991,5.3,1,12,0,5.0,400.0
3.1,0.0,1,400.0,22.0,0,0,0.100176095963,0,94.0,1,18,-4.82104957538,2.20169956891,5.3,1,12,0,5.0,400.0
3.1,0.0,1,400.0,22.0,0,0,0.100014925003,0,94.0,2,6,5.24605364197,-0.754268642848,5.3,1,12,0,5.0,400.0
3.1,0.0,1,400.0,22.0,0,-1,0.100058078766,-1,94.0,1,15,-4.82104957538,-2.20169956891,5.3,1,12,0,5.0,400.0
3.1,0.0,2,400.0,22.0,0,1,0.0999329090118,-1,94.0,1,12,-1.49318255126,-5.08531276016,5.3,1,12,0,5.0,400.0
3.1,0.0,2,400.0,22.0,0,0,0.100088119507,0,94.0,1,10,1.49318255126,-5.08531276016,5.3,1,12,0,5.0,400.0
3.1,0.0,2,400.0,22.0,0,0,0.100096940994,0,94.0,2,14,-4.00547274408,-3.47076188991,5.3,1,12,0,5.0,400.0
3.1,0.0,1,400.0,22.0,0,-1,0.100088119507,-1,94.0,1,18,-4.82104957538,2.20169956891,5.3,1,12,0,5.0,400.0
3.1,0.0,2,400.0,22.0,0,0,0.100130081177,0,94.0,2,10,1.49318255126,-5.08531276016,5.3,1,12,0,5.0,400.0
3.1,0.0,1,400.0,22.0,0,0,0.10010099411,0,94.0,2,7,4.82104957538,-2.20169956891,5.3,1,12,0,5.0,400.0
3.1,0.0,2,400.0,22.0,0,0,0.10010099411,0,94.0,2,2,2.86539633251,4.45864372401,5.3,1,12,0,5.0,400.0
3.1,0.0,1,400.0,22.0,0,0,0.100153923035,0,94.0,2,7,4.82104957538,-2.20169956891,5.3,1,12,0,5.0,400.0
3.1,0.0,2,400.0,22.0,0,2,0.100154161453,0,94.0,2,10,1.49318255126,-5.08531276016,5.3,1,12,0,5.0,400.0
3.1,0.0,2,400.0,22.0,0,1,0.100120067596,0,94.0,1,12,-1.49318255126,-5.08531276016,5.3,1,12,0,5.0,400.0
3.1,0.0,2,400.0,22.0,0,-1,0.100071907043,0,94.0,1,10,1.49318255126,-5.08531276016,5.3,1,12,0,5.0,400.0
3.1,0.0,2,400.0,22.0,0,-1,0.099828004837,-1,94.0,2,2,2.86539633251,4.45864372401,5.3,1,12,0,5.0,400.0
3.1,0.0,2,400.0,22.0,0,0,0.100270986557,0,94.0,2,2,2.86539633251,4.45864372401,5.3,1,12,0,5.0,400.0
3.1,0.0,2,400.0,22.0,0,1,0.100029945374,1,94.0,2,5,5.24605364197,0.754268642848,5.3,1,12,0,5.0,400.0
3.1,0.0,2,400.0,22.0,0,2,0.100082874298,1,94.0,2,12,-1.49318255126,-5.08531276016,5.3,1,12,0,5.0,400.0
3.1,0.0,1,400.0,22.0,0,0,0.100136995316,0,94.0,1,17,-5.24605364197,0.754268642848,5.3,1,12,0,5.0,400.0
3.1,0.0,1,400.0,22.0,0,-2,0.0999839305878,-2,94.0,1,14,-4.00547274408,-3.47076188991,5.3,1,12,0,5.0,400.0
3.1,0.0,1,400.0,22.0,0,0,0.100133895874,0,94.0,1,17,-5.24605364197,0.754268642848,5.3,1,12,0,5.0,400.0
3.1,0.0,1,400.0,22.0,0,0,0.100196123123,2,94.0,1,16,-5.24605364197,-0.754268642848,5.3,1,12,0,5.0,400.0
3.1,0.0,2,400.0,22.0,0,0,0.10010099411,0,94.0,2,15,-4.82104957538,-2.20169956891,5.3,1,12,0,5.0,400.0
3.1,0.0,2,400.0,22.0,0,0,0.100094079971,0,94.0,1,17,-5.24605364197,0.754268642848,5.3,1,12,0,5.0,400.0
3.1,0.0,1,400.0,22.0,0,0,0.100112915039,0,94.0,1,2,2.86539633251,4.45864372401,5.3,1,12,0,5.0,400.0
3.1,0.0,1,400.0,22.0,0,1,0.100152015686,1,94.0,1,3,4.00547274408,3.47076188991,5.3,1,12,0,5.0,400.0
3.1,0.0,2,400.0,22.0,0,-1,0.100121974945,-1,94.0,2,12,-1.49318255126,-5.08531276016,5.3,1,12,0,5.0,400.0
3.1,0.0,1,400.0,22.0,0,1,0.100122928619,1,94.0,1,4,4.82104957538,2.20169956891,5.3,1,12,0,5.0,400.0
3.1,0.0,2,400.0,22.0,0,0,0.10017490387,0,94.0,1,9,2.86539633251,-4.45864372401,5.3,1,12,0,5.0,400.0
3.1,0.0,1,400.0,22.0,0,0,0.100129842758,0,94.0,1,18,-4.82104957538,2.20169956891,5.3,1,12,0,5.0,400.0
3.1,0.0,1,400.0,22.0,0,-2,0.100122928619,-2,94.0,1,9,2.86539633251,-4.45864372401,5.3,1,12,0,5.0,400.0
3.1,0.0,2,400.0,22.0,0,0,0.100119113922,0,94.0,2,5,5.24605364197,0.754268642848,5.3,1,12,0,5.0,400.0
3.1,0.0,1,400.0,22.0,0,0,0.100426912308,-1,94.0,2,1,1.49318255126,5.08531276016,5.3,1,12,0,5.0,400.0
3.1,0.0,2,400.0,22.0,0,-1,0.1001329422,0,94.0,2,10,1.49318255126,-5.08531276016,5.3,1,12,0,5.0,400.0
3.1,0.0,1,400.0,22.0,0,0,0.100139141083,0,94.0,1,21,-1.49318255126,5.08531276016,5.3,1,12,0,5.0,400.0
3.1,0.0,1,400.0,22.0,0,0,0.100222826004,0,94.0,1,19,-4.00547274408,3.47076188991,5.3,1,12,0,5.0,400.0
3.1,0.0,2,400.0,22.0,0,0,0.100125074387,0,94.0,1,0,0.0,5.3,5.3,1,12,0,5.0,400.0
3.1,0.0,1,400.0,22.0,0,0,0.100584030151,0,94.0,1,4,4.82104957538,2.20169956891,5.3,1,12,0,5.0,400.0
3.1,0.0,1,400.0,22.0,0,-1,0.100960016251,-1,94.0,1,10,1.49318255126,-5.08531276016,5.3,1,12,0,5.0,400.0
3.1,0.0,2,400.0,22.0,0,1,0.10012793541,1,94.0,2,14,-4.00547274408,-3.47076188991,5.3,1,12,0,5.0,400.0
3.1,0.0,2,400.0,22.0,0,0,0.100147008896,0,94.0,2,15,-4.82104957538,-2.20169956891,5.3,1,12,0,5.0,400.0
3.1,0.0,2,400.0,22.0,0,-1,0.0999031066895,-1,94.0,2,10,1.49318255126,-5.08531276016,5.3,1,12,0,5.0,400.0
3.1,0.0,2,400.0,22.0,0,1,0.10010099411,0,94.0,2,16,-5.24605364197,-0.754268642848,5.3,1,12,0,5.0,400.0
3.1,0.0,2,400.0,22.0,0,0,0.100116014481,1,94.0,1,13,-2.86539633251,-4.45864372401,5.3,1,12,0,5.0,400.0
3.1,0.0,1,400.0,22.0,0,1,0.100138902664,0,94.0,1,10,1.49318255126,-5.08531276016,5.3,1,12,0,5.0,400.0
3.1,0.0,1,400.0,22.0,0,0,0.100076913834,0,94.0,1,5,5.24605364197,0.754268642848,5.3,1,12,0,5.0,400.0
3.1,0.0,2,400.0,22.0,0,-2,0.100064992905,-2,94.0,2,2,2.86539633251,4.45864372401,5.3,1,12,0,5.0,400.0
3.1,0.0,1,400.0,22.0,0,1,0.0995659828186,1,94.0,1,9,2.86539633251,-4.45864372401,5.3,1,12,0,5.0,400.0
3.1,0.0,2,400.0,22.0,0,0,0.10008597374,-1,94.0,1,16,-5.24605364197,-0.754268642848,5.3,1,12,0,5.0,400.0
3.1,0.0,2,400.0,22.0,0,0,0.100167036057,0,94.0,1,11,6.49041367526e-16,-5.3,5.3,1,12,0,5.0,400.0
3.1,0.0,1,400.0,22.0,0,-1,0.100062131882,-1,94.0,1,14,-4.00547274408,-3.47076188991,5.3,1,12,0,5.0,400.0
3.1,0.0,1,400.0,22.0,0,-2,0.100090026855,2,94.0,2,0,0.0,5.3,5.3,1,12,0,5.0,400.0
3.1,0.0,2,400.0,22.0,0,0,0.0997710227966,-2,94.0,1,7,4.82104957538,-2.20169956891,5.3,1,12,0,5.0,400.0
3.1,0.0,1,400.0,22.0,0,0,0.100121021271,0,94.0,1,5,5.24605364197,0.754268642848,5.3,1,12,0,5.0,400.0
3.1,0.0,1,400.0,22.0,0,0,0.100075006485,0,94.0,1,17,-5.24605364197,0.754268642848,5.3,1,12,0,5.0,400.0
3.1,0.0,1,400.0,22.0,0,0,0.100065946579,0,94.0,1,18,-4.82104957538,2.20169956891,5.3,1,12,0,5.0,400.0
3.1,0.0,1,400.0,22.0,0,2,0.10009098053,0,94.0,2,16,-5.24605364197,-0.754268642848,5.3,1,12,0,5.0,400.0
3.1,0.0,2,400.0,22.0,0,-1,0.100116968155,-1,94.0,2,19,-4.00547274408,3.47076188991,5.3,1,12,0,5.0,400.0
3.1,0.0,2,400.0,22.0,0,1,0.0997979640961,1,94.0,2,8,4.00547274408,-3.47076188991,5.3,1,12,0,5.0,400.0
3.1,0.0,2,400.0,22.0,0,0,0.100159883499,0,94.0,2,1,1.49318255126,5.08531276016,5.3,1,12,0,5.0,400.0
3.1,0.0,1,400.0,22.0,0,0,0.100131988525,0,94.0,1,0,0.0,5.3,5.3,1,12,0,5.0,400.0
3.1,0.0,2,400.0,22.0,0,-1,0.0998108386993,-1,94.0,2,20,-2.86539633251,4.45864372401,5.3,1,12,0,5.0,400.0
3.1,0.0,1,400.0,22.0,0,0,0.101125001907,0,94.0,2,16,-5.24605364197,-0.754268642848,5.3,1,12,0,5.0,400.0
3.1,0.0,1,400.0,22.0,0,-2,0.10018491745,-2,94.0,1,20,-2.86539633251,4.45864372401,5.3,1,12,0,5.0,400.0
3.1,0.0,1,400.0,22.0,0,2,0.100138902664,2,94.0,1,15,-4.82104957538,-2.20169956891,5.3,1,12,0,5.0,400.0
3.1,0.0,1,400.0,22.0,0,-1,0.100105047226,-1,94.0,1,19,-4.00547274408,3.47076188991,5.3,1,12,0,5.0,400.0
3.1,0.0,2,400.0,22.0,0,0,0.100133895874,0,94.0,1,17,-5.24605364197,0.754268642848,5.3,1,12,0,5.0,400.0
3.1,0.0,2,400.0,22.0,0,0,0.100099086761,1,94.0,1,5,5.24605364197,0.754268642848,5.3,1,12,0,5.0,400.0
3.1,0.0,2,400.0,22.0,0,0,0.0997769832611,0,94.0,2,13,-2.86539633251,-4.45864372401,5.3,1,12,0,5.0,400.0
3.1,0.0,1,400.0,22.0,0,0,0.100095033646,-1,94.0,2,9,2.86539633251,-4.45864372401,5.3,1,12,0,5.0,400.0
3.1,0.0,2,400.0,22.0,0,0,0.100147008896,0,94.0,2,19,-4.00547274408,3.47076188991,5.3,1,12,0,5.0,400.0
3.1,0.0,1,400.0,22.0,0,1,0.10003900528,1,94.0,2,2,2.86539633251,4.45864372401,5.3,1,12,0,5.0,400.0
3.1,0.0,1,400.0,22.0,0,2,0.101034879684,-2,94.0,1,1,1.49318255126,5.08531276016,5.3,1,12,0,5.0,400.0
3.1,0.0,1,400.0,22.0,0,-2,0.100113868713,-2,94.0,1,17,-5.24605364197,0.754268642848,5.3,1,12,0,5.0,400.0
3.1,0.0,1,400.0,22.0,0,0,0.100082874298,0,94.0,2,4,4.82104957538,2.20169956891,5.3,1,12,0,5.0,400.0
3.1,0.0,1,400.0,22.0,0,0,0.100083827972,0,94.0,1,20,-2.86539633251,4.45864372401,5.3,1,12,0,5.0,400.0
3.1,0.0,2,400.0,22.0,0,0,0.100043058395,0,94.0,2,15,-4.82104957538,-2.20169956891,5.3,1,12,0,5.0,400.0
3.1,0.0,2,400.0,22.0,0,0,0.0998668670654,0,94.0,1,16,-5.24605364197,-0.754268642848,5.3,1,12,0,5.0,400.0
3.1,0.0,2,400.0,22.0,0,-2,0.100083112717,0,94.0,2,7,4.82104957538,-2.20169956891,5.3,1,12,0,5.0,400.0
3.1,0.0,2,400.0,22.0,0,1,0.0998709201813,1,94.0,1,13,-2.86539633251,-4.45864372401,5.3,1,12,0,5.0,400.0
3.1,0.0,1,400.0,22.0,0,-1,0.100117921829,-1,94.0,1,19,-4.00547274408,3.47076188991,5.3,1,12,0,5.0,400.0
3.1,0.0,2,400.0,22.0,0,-2,0.0999441146851,-2,94.0,2,2,2.86539633251,4.45864372401,5.3,1,12,0,5.0,400.0
3.1,0.0,2,400.0,22.0,0,-1,0.100198030472,-1,94.0,2,10,1.49318255126,-5.08531276016,5.3,1,12,0,5.0,400.0
3.1,0.0,2,400.0,22.0,0,0,0.100214004517,-1,94.0,1,15,-4.82104957538,-2.20169956891,5.3,1,12,0,5.0,400.0
3.1,0.0,1,400.0,22.0,0,0,0.100160837173,2,94.0,1,17,-5.24605364197,0.754268642848,5.3,1,12,0,5.0,400.0
3.1,0.0,1,400.0,22.0,0,0,0.100100040436,0,94.0,1,4,4.82104957538,2.20169956891,5.3,1,12,0,5.0,400.0
3.1,0.0,1,400.0,22.0,0,-2,0.100131034851,0,94.0,1,21,-1.49318255126,5.08531276016,5.3,1,12,0,5.0,400.0
3.1,0.0,1,400.0,22.0,0,1,0.100071907043,0,94.0,2,15,-4.82104957538,-2.20169956891,5.3,1,12,0,5.0,400.0
3.1,0.0,2,400.0,22.0,0,0,0.100157022476,0,94.0,1,11,6.49041367526e-16,-5.3,5.3,1,12,0,5.0,400.0
3.1,0.0,2,400.0,22.0,0,2,0.100135087967,2,94.0,2,19,-4.00547274408,3.47076188991,5.3,1,12,0,5.0,400.0
3.1,0.0,2,400.0,22.0,0,0,0.100109815598,0,94.0,1,16,-5.24605364197,-0.754268642848,5.3,1,12,0,5.0,400.0
3.1,0.0,2,400.0,22.0,0,0,0.100096940994,0,94.0,2,0,0.0,5.3,5.3,1,12,0,5.0,400.0
3.1,0.0,2,400.0,22.0,0,-1,0.100178003311,0,94.0,1,9,2.86539633251,-4.45864372401,5.3,1,12,0,5.0,400.0
3.1,0.0,1,400.0,22.0,0,1,0.0997319221497,1,94.0,1,8,4.00547274408,-3.47076188991,5.3,1,12,0,5.0,400.0
3.1,0.0,1,400.0,22.0,0,0,0.100089073181,-1,94.0,2,12,-1.49318255126,-5.08531276016,5.3,1,12,0,5.0,400.0
3.1,0.0,2,400.0,22.0,0,0,0.10321187973,0,94.0,2,17,-5.24605364197,0.754268642848,5.3,1,12,0,5.0,400.0
3.1,0.0,1,400.0,22.0,0,0,0.100104093552,0,94.0,2,9,2.86539633251,-4.45864372401,5.3,1,12,0,5.0,400.0
3.1,0.0,1,400.0,22.0,0,0,0.100101947784,0,94.0,1,11,6.49041367526e-16,-5.3,5.3,1,12,0,5.0,400.0
3.1,0.0,2,400.0,22.0,0,0,0.100073814392,-1,94.0,1,12,-1.49318255126,-5.08531276016,5.3,1,12,0,5.0,400.0
3.1,0.0,2,400.0,22.0,0,0,0.0999639034271,0,94.0,2,20,-2.86539633251,4.45864372401,5.3,1,12,0,5.0,400.0
3.1,0.0,2,400.0,22.0,0,0,0.102321863174,2,94.0,1,1,1.49318255126,5.08531276016,5.3,1,12,0,5.0,400.0
3.1,0.0,2,400.0,22.0,0,0,0.100082874298,0,94.0,2,14,-4.00547274408,-3.47076188991,5.3,1,12,0,5.0,400.0
3.1,0.0,2,400.0,22.0,0,-1,0.100134134293,-1,94.0,2,0,0.0,5.3,5.3,1,12,0,5.0,400.0
3.1,0.0,2,400.0,22.0,0,0,0.100184202194,0,94.0,1,11,6.49041367526e-16,-5.3,5.3,1,12,0,5.0,400.0
3.1,0.0,1,400.0,22.0,0,-1,0.100006103516,-1,94.0,1,6,5.24605364197,-0.754268642848,5.3,1,12,0,5.0,400.0
3.1,0.0,2,400.0,22.0,0,0,0.100098848343,0,94.0,2,3,4.00547274408,3.47076188991,5.3,1,12,0,5.0,400.0
3.1,0.0,1,400.0,22.0,0,-1,0.100080013275,0,94.0,2,3,4.00547274408,3.47076188991,5.3,1,12,0,5.0,400.0
3.1,0.0,1,400.0,22.0,0,0,0.10009098053,0,94.0,2,18,-4.82104957538,2.20169956891,5.3,1,12,0,5.0,400.0
3.1,0.0,1,400.0,22.0,0,0,0.100108861923,0,94.0,1,8,4.00547274408,-3.47076188991,5.3,1,12,0,5.0,400.0
3.1,0.0,2,400.0,22.0,0,0,0.100101947784,0,94.0,2,9,2.86539633251,-4.45864372401,5.3,1,12,0,5.0,400.0
3.1,0.0,2,400.0,22.0,0,2,0.100144863129,2,94.0,2,20,-2.86539633251,4.45864372401,5.3,1,12,0,5.0,400.0
3.1,0.0,1,400.0,22.0,0,-1,0.100133895874,0,94.0,1,11,6.49041367526e-16,-5.3,5.3,1,12,0,5.0,400.0
3.1,0.0,2,400.0,22.0,0,0,0.100158929825,1,94.0,1,15,-4.82104957538,-2.20169956891,5.3,1,12,0,5.0,400.0
3.1,0.0,2,400.0,22.0,0,1,0.100080966949,1,94.0,2,4,4.82104957538,2.20169956891,5.3,1,12,0,5.0,400.0
3.1,0.0,2,400.0,22.0,0,0,0.100059986115,1,94.0,2,13,-2.86539633251,-4.45864372401,5.3,1,12,0,5.0,400.0
3.1,0.0,1,400.0,22.0,0,-1,0.100134134293,-1,94.0,1,1,1.49318255126,5.08531276016,5.3,1,12,0,5.0,400.0
3.1,0.0,1,400.0,22.0,0,0,0.100136041641,1,94.0,1,6,5.24605364197,-0.754268642848,5.3,1,12,0,5.0,400.0
3.1,0.0,1,400.0,22.0,0,2,0.100125074387,0,94.0,1,8,4.00547274408,-3.47076188991,5.3,1,12,0,5.0,400.0
3.1,0.0,1,400.0,22.0,0,0,0.100112915039,0,94.0,1,15,-4.82104957538,-2.20169956891,5.3,1,12,0,5.0,400.0
3.1,0.0,2,400.0,22.0,0,2,0.100133895874,0,94.0,1,14,-4.00547274408,-3.47076188991,5.3,1,12,0,5.0,400.0
3.1,0.0,1,400.0,22.0,0,0,0.100113868713,2,94.0,1,14,-4.00547274408,-3.47076188991,5.3,1,12,0,5.0,400.0
3.1,0.0,2,400.0,22.0,0,0,0.100126028061,-1,94.0,1,10,1.49318255126,-5.08531276016,5.3,1,12,0,5.0,400.0
3.1,0.0,2,400.0,22.0,0,0,0.0999751091003,0,94.0,2,19,-4.00547274408,3.47076188991,5.3,1,12,0,5.0,400.0
3.1,0.0,2,400.0,22.0,0,0,0.100072145462,0,94.0,2,20,-2.86539633251,4.45864372401,5.3,1,12,0,5.0,400.0
3.1,0.0,1,400.0,22.0,0,2,0.10008597374,0,94.0,2,9,2.86539633251,-4.45864372401,5.3,1,12,0,5.0,400.0
3.1,0.0,2,400.0,22.0,0,-1,0.100125074387,0,94.0,2,21,-1.49318255126,5.08531276016,5.3,1,12,0,5.0,400.0
3.1,0.0,2,400.0,22.0,0,1,0.100249052048,1,94.0,2,3,4.00547274408,3.47076188991,5.3,1,12,0,5.0,400.0
3.1,0.0,2,400.0,22.0,0,0,0.100084066391,0,94.0,1,16,-5.24605364197,-0.754268642848,5.3,1,12,0,5.0,400.0
3.1,0.0,2,400.0,22.0,0,0,0.100138187408,0,94.0,1,15,-4.82104957538,-2.20169956891,5.3,1,12,0,5.0,400.0
3.1,0.0,2,400.0,22.0,0,1,0.100083112717,0,94.0,1,1,1.49318255126,5.08531276016,5.3,1,12,0,5.0,400.0
3.1,0.0,2,400.0,22.0,0,0,0.1001329422,0,94.0,1,10,1.49318255126,-5.08531276016,5.3,1,12,0,5.0,400.0
3.1,0.0,1,400.0,22.0,0,-1,0.100109100342,-2,94.0,2,19,-4.00547274408,3.47076188991,5.3,1,12,0,5.0,400.0
3.1,0.0,2,400.0,22.0,0,0,0.100152015686,2,94.0,2,12,-1.49318255126,-5.08531276016,5.3,1,12,0,5.0,400.0
3.1,0.0,2,400.0,22.0,0,0,0.0998940467834,1,94.0,1,13,-2.86539633251,-4.45864372401,5.3,1,12,0,5.0,400.0
3.1,0.0,2,400.0,22.0,0,-1,0.100136995316,-2,94.0,2,7,4.82104957538,-2.20169956891,5.3,1,12,0,5.0,400.0
3.1,0.0,2,400.0,22.0,0,0,0.100261926651,-1,94.0,1,17,-5.24605364197,0.754268642848,5.3,1,12,0,5.0,400.0
3.1,0.0,1,400.0,22.0,0,0,0.0998029708862,0,94.0,2,9,2.86539633251,-4.45864372401,5.3,1,12,0,5.0,400.0
3.1,0.0,2,400.0,22.0,0,0,0.100070953369,0,94.0,2,18,-4.82104957538,2.20169956891,5.3,1,12,0,5.0,400.0
3.1,0.0,1,400.0,22.0,0,-1,0.100145101547,-1,94.0,1,18,-4.82104957538,2.20169956891,5.3,1,12,0,5.0,400.0
3.1,0.0,2,400.0,22.0,0,0,0.100150108337,0,94.0,1,11,6.49041367526e-16,-5.3,5.3,1,12,0,5.0,400.0
3.1,0.0,2,400.0,22.0,0,2,0.10045003891,2,94.0,2,21,-1.49318255126,5.08531276016,5.3,1,12,0,5.0,400.0
3.1,0.0,2,400.0,22.0,0,0,0.0997939109802,0,94.0,2,11,6.49041367526e-16,-5.3,5.3,1,12,0,5.0,400.0
3.1,0.0,2,400.0,22.0,0,0,0.0999670028687,0,94.0,1,13,-2.86539633251,-4.45864372401,5.3,1,12,0,5.0,400.0
3.1,0.0,2,400.0,22.0,0,0,0.100085020065,0,94.0,2,7,4.82104957538,-2.20169956891,5.3,1,12,0,5.0,400.0
3.1,0.0,2,400.0,22.0,0,2,0.100084066391,0,94.0,2,1,1.49318255126,5.08531276016,5.3,1,12,0,5.0,400.0
3.1,0.0,2,400.0,22.0,0,0,0.10004401207,0,94.0,1,1,1.49318255126,5.08531276016,5.3,1,12,0,5.0,400.0
3.1,0.0,2,400.0,22.0,0,0,0.100134134293,0,94.0,1,8,4.00547274408,-3.47076188991,5.3,1,12,0,5.0,400.0
3.1,0.0,2,400.0,22.0,0,-1,0.10004401207,-1,94.0,2,19,-4.00547274408,3.47076188991,5.3,1,12,0,5.0,400.0
3.1,0.0,2,400.0,22.0,0,-2,0.100087881088,-2,94.0,2,17,-5.24605364197,0.754268642848,5.3,1,12,0,5.0,400.0
3.1,0.0,1,400.0,22.0,0,0,0.10004401207,2,94.0,1,17,-5.24605364197,0.754268642848,5.3,1,12,0,5.0,400.0
3.1,0.0,2,400.0,22.0,0,0,0.100067853928,0,94.0,2,18,-4.82104957538,2.20169956891,5.3,1,12,0,5.0,400.0
3.1,0.0,2,400.0,22.0,0,0,0.100138902664,0,94.0,1,6,5.24605364197,-0.754268642848,5.3,1,12,0,5.0,400.0
3.1,0.0,1,400.0,22.0,0,-1,0.100070953369,-1,94.0,1,14,-4.00547274408,-3.47076188991,5.3,1,12,0,5.0,400.0
3.1,0.0,2,400.0,22.0,0,0,0.100187063217,0,94.0,1,8,4.00547274408,-3.47076188991,5.3,1,12,0,5.0,400.0
3.1,0.0,2,400.0,22.0,0,1,0.100131988525,1,94.0,2,2,2.86539633251,4.45864372401,5.3,1,12,0,5.0,400.0
3.1,0.0,1,400.0,22.0,0,0,0.0999341011047,0,94.0,2,17,-5.24605364197,0.754268642848,5.3,1,12,0,5.0,400.0
3.1,0.0,2,400.0,22.0,0,0,0.100077152252,0,94.0,2,13,-2.86539633251,-4.45864372401,5.3,1,12,0,5.0,400.0
3.1,0.0,2,400.0,22.0,0,1,0.100085020065,0,94.0,1,8,4.00547274408,-3.47076188991,5.3,1,12,0,5.0,400.0
3.1,0.0,1,400.0,22.0,0,0,0.0999188423157,0,94.0,1,20,-2.86539633251,4.45864372401,5.3,1,12,0,5.0,400.0
3.1,0.0,1,400.0,22.0,0,0,0.100145101547,0,94.0,2,6,5.24605364197,-0.754268642848,5.3,1,12,0,5.0,400.0
3.1,0.0,2,400.0,22.0,0,0,0.100171089172,0,94.0,1,16,-5.24605364197,-0.754268642848,5.3,1,12,0,5.0,400.0
3.1,0.0,2,400.0,22.0,0,-1,0.100143194199,-1,94.0,2,19,-4.00547274408,3.47076188991,5.3,1,12,0,5.0,400.0
3.1,0.0,2,400.0,22.0,0,1,0.100093126297,0,94.0,2,14,-4.00547274408,-3.47076188991,5.3,1,12,0,5.0,400.0
3.1,0.0,2,400.0,22.0,0,0,0.100146770477,1,94.0,1,17,-5.24605364197,0.754268642848,5.3,1,12,0,5.0,400.0
3.1,0.0,1,400.0,22.0,0,-1,0.0999181270599,-1,94.0,1,21,-1.49318255126,5.08531276016,5.3,1,12,0,5.0,400.0
3.1,0.0,2,400.0,22.0,0,-1,0.0998978614807,-1,94.0,1,10,1.49318255126,-5.08531276016,5.3,1,12,0,5.0,400.0
3.1,0.0,2,400.0,22.0,0,0,0.100087165833,2,94.0,1,5,5.24605364197,0.754268642848,5.3,1,12,0,5.0,400.0
3.1,0.0,2,400.0,22.0,0,1,0.100178956985,2,94.0,1,3,4.00547274408,3.47076188991,5.3,1,12,0,5.0,400.0
3.1,0.0,1,400.0,22.0,0,0,0.0998001098633,0,94.0,1,14,-4.00547274408,-3.47076188991,5.3,1,12,0,5.0,400.0
3.1,0.0,2,400.0,22.0,0,0,0.100075006485,2,94.0,1,17,-5.24605364197,0.754268642848,5.3,1,12,0,5.0,400.0
3.1,0.0,2,400.0,22.0,0,-1,0.100113153458,-1,94.0,2,21,-1.49318255126,5.08531276016,5.3,1,12,0,5.0,400.0
3.1,0.0,1,400.0,22.0,0,0,0.100128889084,0,94.0,1,3,4.00547274408,3.47076188991,5.3,1,12,0,5.0,400.0
3.1,0.0,2,400.0,22.0,0,-1,0.100050926208,0,94.0,1,9,2.86539633251,-4.45864372401,5.3,1,12,0,5.0,400.0
3.1,0.0,2,400.0,22.0,0,0,0.100120067596,-1,94.0,1,4,4.82104957538,2.20169956891,5.3,1,12,0,5.0,400.0
3.1,0.0,2,400.0,22.0,0,1,0.100067138672,2,94.0,1,12,-1.49318255126,-5.08531276016,5.3,1,12,0,5.0,400.0
3.1,0.0,2,400.0,22.0,0,0,0.100032091141,0,94.0,1,7,4.82104957538,-2.20169956891,5.3,1,12,0,5.0,400.0
3.1,0.0,2,400.0,22.0,0,-1,0.100212097168,-1,94.0,1,1,1.49318255126,5.08531276016,5.3,1,12,0,5.0,400.0
3.1,0.0,2,400.0,22.0,0,0,0.100169897079,0,94.0,1,2,2.86539633251,4.45864372401,5.3,1,12,0,5.0,400.0
3.1,0.0,1,400.0,22.0,0,-1,0.100133895874,-1,94.0,2,19,-4.00547274408,3.47076188991,5.3,1,12,0,5.0,400.0
3.1,0.0,2,400.0,22.0,0,0,0.100113868713,0,94.0,2,9,2.86539633251,-4.45864372401,5.3,1,12,0,5.0,400.0
3.1,0.0,2,400.0,22.0,0,-2,0.100156068802,-2,94.0,2,21,-1.49318255126,5.08531276016,5.3,1,12,0,5.0,400.0
3.1,0.0,1,400.0,22.0,0,0,0.10012793541,0,94.0,1,14,-4.00547274408,-3.47076188991,5.3,1,12,0,5.0,400.0
3.1,0.0,2,400.0,22.0,0,0,0.100093126297,0,94.0,1,16,-5.24605364197,-0.754268642848,5.3,1,12,0,5.0,400.0
3.1,0.0,2,400.0,22.0,0,1,0.100114822388,0,94.0,2,14,-4.00547274408,-3.47076188991,5.3,1,12,0,5.0,400.0
3.1,0.0,1,400.0,22.0,0,0,0.100172042847,0,94.0,2,16,-5.24605364197,-0.754268642848,5.3,1,12,0,5.0,400.0
3.1,0.0,2,400.0,22.0,0,0,0.100069999695,0,94.0,1,13,-2.86539633251,-4.45864372401,5.3,1,12,0,5.0,400.0
3.1,0.0,1,400.0,22.0,0,0,0.0998539924622,-2,94.0,1,9,2.86539633251,-4.45864372401,5.3,1,12,0,5.0,400.0
3.1,0.0,2,400.0,22.0,0,0,0.100121974945,0,94.0,1,10,1.49318255126,-5.08531276016,5.3,1,12,0,5.0,400.0
3.1,0.0,2,400.0,22.0,0,0,0.100269794464,0,94.0,2,18,-4.82104957538,2.20169956891,5.3,1,12,0,5.0,400.0
3.1,0.0,2,400.0,22.0,0,-1,0.100075006485,0,94.0,1,10,1.49318255126,-5.08531276016,5.3,1,12,0,5.0,400.0
3.1,0.0,1,400.0,22.0,0,0,0.100161790848,0,94.0,1,0,0.0,5.3,5.3,1,12,0,5.0,400.0
3.1,0.0,2,400.0,22.0,0,2,0.0999341011047,0,94.0,2,5,5.24605364197,0.754268642848,5.3,1,12,0,5.0,400.0
3.1,0.0,2,400.0,22.0,0,0,0.100078105927,0,94.0,2,20,-2.86539633251,4.45864372401,5.3,1,12,0,5.0,400.0
3.1,0.0,1,400.0,22.0,0,0,0.100141048431,-1,94.0,1,5,5.24605364197,0.754268642848,5.3,1,12,0,5.0,400.0
3.1,0.0,1,400.0,22.0,0,0,0.100084066391,0,94.0,2,7,4.82104957538,-2.20169956891,5.3,1,12,0,5.0,400.0
3.1,0.0,1,400.0,22.0,0,0,0.0999219417572,-1,94.0,2,5,5.24605364197,0.754268642848,5.3,1,12,0,5.0,400.0
3.1,0.0,1,400.0,22.0,0,-2,0.0999889373779,-2,94.0,1,17,-5.24605364197,0.754268642848,5.3,1,12,0,5.0,400.0
3.1,0.0,2,400.0,22.0,0,0,0.0999140739441,0,94.0,1,5,5.24605364197,0.754268642848,5.3,1,12,0,5.0,400.0
3.1,0.0,2,400.0,22.0,0,-1,0.10004401207,0,94.0,2,0,0.0,5.3,5.3,1,12,0,5.0,400.0
3.1,0.0,2,400.0,22.0,0,0,0.0998558998108,0,94.0,2,12,-1.49318255126,-5.08531276016,5.3,1,12,0,5.0,400.0
3.1,0.0,1,400.0,22.0,0,0,0.100091934204,0,94.0,1,8,4.00547274408,-3.47076188991,5.3,1,12,0,5.0,400.0
3.1,0.0,2,400.0,22.0,0,0,0.099925994873,-1,94.0,1,15,-4.82104957538,-2.20169956891,5.3,1,12,0,5.0,400.0
3.1,0.0,1,400.0,22.0,0,0,0.100065946579,0,94.0,1,9,2.86539633251,-4.45864372401,5.3,1,12,0,5.0,400.0
3.1,0.0,2,400.0,22.0,0,-1,0.100129842758,0,94.0,2,17,-5.24605364197,0.754268642848,5.3,1,12,0,5.0,400.0
3.1,0.0,2,400.0,22.0,0,0,0.100064992905,0,94.0,2,6,5.24605364197,-0.754268642848,5.3,1,12,0,5.0,400.0
3.1,0.0,1,400.0,22.0,0,-1,0.10005402565,0,94.0,1,0,0.0,5.3,5.3,1,12,0,5.0,400.0
3.1,0.0,1,400.0,22.0,0,0,0.100120067596,1,94.0,1,0,0.0,5.3,5.3,1,12,0,5.0,400.0
3.1,0.0,2,400.0,22.0,0,2,0.0999550819397,0,94.0,1,9,2.86539633251,-4.45864372401,5.3,1,12,0,5.0,400.0
3.1,0.0,1,400.0,22.0,0,0,0.100108146667,0,94.0,1,3,4.00547274408,3.47076188991,5.3,1,12,0,5.0,400.0
3.1,0.0,2,400.0,22.0,0,-1,0.1001329422,0,94.0,2,0,0.0,5.3,5.3,1,12,0,5.0,400.0
3.1,0.0,2,400.0,22.0,0,0,0.100078105927,1,94.0,1,15,-4.82104957538,-2.20169956891,5.3,1,12,0,5.0,400.0
3.1,0.0,1,400.0,22.0,0,0,0.100301980972,0,94.0,1,9,2.86539633251,-4.45864372401,5.3,1,12,0,5.0,400.0
3.1,0.0,2,400.0,22.0,0,0,0.100011110306,0,94.0,1,16,-5.24605364197,-0.754268642848,5.3,1,12,0,5.0,400.0
3.1,0.0,2,400.0,22.0,0,0,0.100038051605,0,94.0,1,16,-5.24605364197,-0.754268642848,5.3,1,12,0,5.0,400.0
3.1,0.0,2,400.0,22.0,0,0,0.100384950638,0,94.0,2,16,-5.24605364197,-0.754268642848,5.3,1,12,0,5.0,400.0
3.1,0.0,2,400.0,22.0,0,0,0.100021839142,0,94.0,1,0,0.0,5.3,5.3,1,12,0,5.0,400.0
3.1,0.0,1,400.0,22.0,0,0,0.100163936615,0,94.0,1,19,-4.00547274408,3.47076188991,5.3,1,12,0,5.0,400.0
3.1,0.0,2,400.0,22.0,0,0,0.100128889084,0,94.0,1,5,5.24605364197,0.754268642848,5.3,1,12,0,5.0,400.0
3.1,0.0,2,400.0,22.0,0,2,0.099818944931,0,94.0,2,7,4.82104957538,-2.20169956891,5.3,1,12,0,5.0,400.0
3.1,0.0,2,400.0,22.0,0,2,0.100115060806,0,94.0,2,9,2.86539633251,-4.45864372401,5.3,1,12,0,5.0,400.0
3.1,0.0,1,400.0,22.0,0,0,0.100131034851,0,94.0,1,18,-4.82104957538,2.20169956891,5.3,1,12,0,5.0,400.0
3.1,0.0,2,400.0,22.0,0,1,0.100080013275,1,94.0,2,2,2.86539633251,4.45864372401,5.3,1,12,0,5.0,400.0
3.1,0.0,1,400.0,22.0,0,0,0.100161075592,0,94.0,1,6,5.24605364197,-0.754268642848,5.3,1,12,0,5.0,400.0
3.1,0.0,2,400.0,22.0,0,0,0.100143909454,0,94.0,2,17,-5.24605364197,0.754268642848,5.3,1,12,0,5.0,400.0
3.1,0.0,2,400.0,22.0,0,0,0.100003004074,2,94.0,1,16,-5.24605364197,-0.754268642848,5.3,1,12,0,5.0,400.0
3.1,0.0,1,400.0,22.0,0,1,0.100076913834,1,94.0,1,1,1.49318255126,5.08531276016,5.3,1,12,0,5.0,400.0
3.1,0.0,2,400.0,22.0,0,0,0.100151062012,0,94.0,2,1,1.49318255126,5.08531276016,5.3,1,12,0,5.0,400.0
3.1,0.0,2,400.0,22.0,0,0,0.100065946579,0,94.0,2,14,-4.00547274408,-3.47076188991,5.3,1,12,0,5.0,400.0
3.1,0.0,1,400.0,22.0,0,1,0.100114822388,1,94.0,1,4,4.82104957538,2.20169956891,5.3,1,12,0,5.0,400.0
3.1,0.0,2,400.0,22.0,0,-1,0.0999181270599,0,94.0,1,9,2.86539633251,-4.45864372401,5.3,1,12,0,5.0,400.0
3.1,0.0,1,400.0,22.0,0,1,0.100149869919,1,94.0,2,2,2.86539633251,4.45864372401,5.3,1,12,0,5.0,400.0
3.1,0.0,2,400.0,22.0,0,-1,0.0998978614807,-1,94.0,1,9,2.86539633251,-4.45864372401,5.3,1,12,0,5.0,400.0
3.1,0.0,2,400.0,22.0,0,1,0.10011100769,1,94.0,2,2,2.86539633251,4.45864372401,5.3,1,12,0,5.0,400.0
3.1,0.0,2,400.0,22.0,0,1,0.100131034851,0,94.0,1,13,-2.86539633251,-4.45864372401,5.3,1,12,0,5.0,400.0
3.1,0.0,2,400.0,22.0,0,-1,0.0999438762665,-1,94.0,2,18,-4.82104957538,2.20169956891,5.3,1,12,0,5.0,400.0
3.1,0.0,2,400.0,22.0,0,0,0.0998020172119,0,94.0,2,9,2.86539633251,-4.45864372401,5.3,1,12,0,5.0,400.0
3.1,0.0,2,400.0,22.0,0,0,0.100079059601,0,94.0,1,6,5.24605364197,-0.754268642848,5.3,1,12,0,5.0,400.0
3.1,0.0,2,400.0,22.0,0,0,0.100130081177,0,94.0,1,17,-5.24605364197,0.754268642848,5.3,1,12,0,5.0,400.0
3.1,0.0,1,400.0,22.0,0,1,0.100039958954,2,94.0,2,12,-1.49318255126,-5.08531276016,5.3,1,12,0,5.0,400.0
3.1,0.0,1,400.0,22.0,0,0,0.100148200989,0,94.0,1,13,-2.86539633251,-4.45864372401,5.3,1,12,0,5.0,400.0
3.1,0.0,1,400.0,22.0,0,0,0.100152015686,0,94.0,1,5,5.24605364197,0.754268642848,5.3,1,12,0,5.0,400.0
3.1,0.0,1,400.0,22.0,0,0,0.100701093674,0,94.0,2,9,2.86539633251,-4.45864372401,5.3,1,12,0,5.0,400.0
3.1,0.0,2,400.0,22.0,0,-2,0.0998420715332,-2,94.0,2,20,-2.86539633251,4.45864372401,5.3,1,12,0,5.0,400.0
3.1,0.0,2,400.0,22.0,0,0,0.100093126297,0,94.0,2,3,4.00547274408,3.47076188991,5.3,1,12,0,5.0,400.0
3.1,0.0,1,400.0,22.0,0,0,0.099916934967,-1,94.0,1,7,4.82104957538,-2.20169956891,5.3,1,12,0,5.0,400.0
3.1,0.0,2,400.0,22.0,0,0,0.100136041641,0,94.0,2,1,1.49318255126,5.08531276016,5.3,1,12,0,5.0,400.0
3.1,0.0,1,400.0,22.0,0,0,0.100167989731,0,94.0,1,17,-5.24605364197,0.754268642848,5.3,1,12,0,5.0,400.0
3.1,0.0,1,400.0,22.0,0,-1,0.100245952606,-1,94.0,2,14,-4.00547274408,-3.47076188991,5.3,1,12,0,5.0,400.0
3.1,0.0,2,400.0,22.0,0,-1,0.100122928619,-1,94.0,2,10,1.49318255126,-5.08531276016,5.3,1,12,0,5.0,400.0
3.1,0.0,2,400.0,22.0,0,1,0.100039958954,1,94.0,2,4,4.82104957538,2.20169956891,5.3,1,12,0,5.0,400.0
3.1,0.0,2,400.0,22.0,0,0,0.100182056427,0,94.0,2,0,0.0,5.3,5.3,1,12,0,5.0,400.0
3.1,0.0,2,400.0,22.0,0,0,0.0999038219452,0,94.0,2,4,4.82104957538,2.20169956891,5.3,1,12,0,5.0,400.0
3.1,0.0,2,400.0,22.0,0,0,0.0998680591583,0,94.0,1,15,-4.82104957538,-2.20169956891,5.3,1,12,0,5.0,400.0
3.1,0.0,2,400.0,22.0,0,-2,0.100075006485,0,94.0,2,0,0.0,5.3,5.3,1,12,0,5.0,400.0
3.1,0.0,2,400.0,22.0,0,0,0.0999360084534,0,94.0,1,17,-5.24605364197,0.754268642848,5.3,1,12,0,5.0,400.0
3.1,0.0,2,400.0,22.0,0,0,0.100176095963,0,94.0,1,11,6.49041367526e-16,-5.3,5.3,1,12,0,5.0,400.0
3.1,0.0,2,400.0,22.0,0,0,0.100069999695,0,94.0,2,4,4.82104957538,2.20169956891,5.3,1,12,0,5.0,400.0
3.1,0.0,1,400.0,22.0,0,0,0.100078821182,0,94.0,1,7,4.82104957538,-2.20169956891,5.3,1,12,0,5.0,400.0
3.1,0.0,2,400.0,22.0,0,-1,0.100123882294,-1,94.0,2,20,-2.86539633251,4.45864372401,5.3,1,12,0,5.0,400.0
3.1,0.0,2,400.0,22.0,0,0,0.1001329422,0,94.0,1,8,4.00547274408,-3.47076188991,5.3,1,12,0,5.0,400.0
3.1,0.0,2,400.0,22.0,0,0,0.0999848842621,0,94.0,1,12,-1.49318255126,-5.08531276016,5.3,1,12,0,5.0,400.0
3.1,0.0,1,400.0,22.0,0,0,0.100113868713,0,94.0,2,9,2.86539633251,-4.45864372401,5.3,1,12,0,5.0,400.0
3.1,0.0,2,400.0,22.0,0,1,0.0999019145966,0,94.0,2,0,0.0,5.3,5.3,1,12,0,5.0,400.0
3.1,0.0,2,400.0,22.0,0,1,0.100154876709,1,94.0,2,12,-1.49318255126,-5.08531276016,5.3,1,12,0,5.0,400.0
3.1,0.0,2,400.0,22.0,0,0,0.10011100769,0,94.0,1,11,6.49041367526e-16,-5.3,5.3,1,12,0,5.0,400.0
3.1,0.0,2,400.0,22.0,0,0,0.100121974945,-1,94.0,1,16,-5.24605364197,-0.754268642848,5.3,1,12,0,5.0,400.0
3.1,0.0,1,400.0,22.0,0,0,0.100106954575,0,94.0,1,21,-1.49318255126,5.08531276016,5.3,1,12,0,5.0,400.0
3.1,0.0,2,400.0,22.0,0,0,0.1001060009,0,94.0,1,8,4.00547274408,-3.47076188991,5.3,1,12,0,5.0,400.0
3.1,0.0,2,400.0,22.0,0,-1,0.100084066391,2,94.0,2,20,-2.86539633251,4.45864372401,5.3,1,12,0,5.0,400.0
3.1,0.0,1,400.0,22.0,0,-2,0.100112915039,2,94.0,2,4,4.82104957538,2.20169956891,5.3,1,12,0,5.0,400.0
3.1,0.0,1,400.0,22.0,0,0,0.100146055222,2,94.0,1,11,6.49041367526e-16,-5.3,5.3,1,12,0,5.0,400.0
3.1,0.0,1,400.0,22.0,0,0,0.0998258590698,0,94.0,1,14,-4.00547274408,-3.47076188991,5.3,1,12,0,5.0,400.0
3.1,0.0,2,400.0,22.0,0,0,0.099848985672,0,94.0,2,19,-4.00547274408,3.47076188991,5.3,1,12,0,5.0,400.0
3.1,0.0,2,400.0,22.0,0,2,0.10009598732,0,94.0,1,7,4.82104957538,-2.20169956891,5.3,1,12,0,5.0,400.0
3.1,0.0,2,400.0,22.0,0,-2,0.1001329422,0,94.0,2,4,4.82104957538,2.20169956891,5.3,1,12,0,5.0,400.0
3.1,0.0,1,400.0,22.0,0,1,0.100109100342,1,94.0,1,1,1.49318255126,5.08531276016,5.3,1,12,0,5.0,400.0
3.1,0.0,1,400.0,22.0,0,-1,0.100115060806,0,94.0,1,8,4.00547274408,-3.47076188991,5.3,1,12,0,5.0,400.0
3.1,0.0,2,400.0,22.0,0,-1,0.100140094757,2,94.0,1,5,5.24605364197,0.754268642848,5.3,1,12,0,5.0,400.0
3.1,0.0,2,400.0,22.0,0,-1,0.100104808807,2,94.0,2,19,-4.00547274408,3.47076188991,5.3,1,12,0,5.0,400.0
3.1,0.0,2,400.0,22.0,0,1,0.0999619960785,-1,94.0,1,3,4.00547274408,3.47076188991,5.3,1,12,0,5.0,400.0
3.1,0.0,2,400.0,22.0,0,1,0.100121974945,1,94.0,1,15,-4.82104957538,-2.20169956891,5.3,1,12,0,5.0,400.0
3.1,0.0,2,400.0,22.0,0,2,0.100121021271,0,94.0,1,2,2.86539633251,4.45864372401,5.3,1,12,0,5.0,400.0
3.1,0.0,2,400.0,22.0,0,0,0.100161075592,0,94.0,2,17,-5.24605364197,0.754268642848,5.3,1,12,0,5.0,400.0
3.1,0.0,2,400.0,22.0,0,2,0.100081920624,2,94.0,2,3,4.00547274408,3.47076188991,5.3,1,12,0,5.0,400.0
3.1,0.0,1,400.0,22.0,0,0,0.0999500751495,0,94.0,1,4,4.82104957538,2.20169956891,5.3,1,12,0,5.0,400.0
3.1,0.0,1,400.0,22.0,0,0,0.0998530387878,-1,94.0,1,13,-2.86539633251,-4.45864372401,5.3,1,12,0,5.0,400.0
3.1,0.0,2,400.0,22.0,0,0,0.100121021271,0,94.0,1,18,-4.82104957538,2.20169956891,5.3,1,12,0,5.0,400.0
3.1,0.0,1,400.0,22.0,0,0,0.100112915039,0,94.0,1,19,-4.00547274408,3.47076188991,5.3,1,12,0,5.0,400.0
3.1,0.0,2,400.0,22.0,0,2,0.0999429225922,0,94.0,2,21,-1.49318255126,5.08531276016,5.3,1,12,0,5.0,400.0
3.1,0.0,2,400.0,22.0,0,0,0.100148916245,0,94.0,1,8,4.00547274408,-3.47076188991,5.3,1,12,0,5.0,400.0
3.1,0.0,1,400.0,22.0,0,1,0.1001060009,0,94.0,2,12,-1.49318255126,-5.08531276016,5.3,1,12,0,5.0,400.0
3.1,0.0,2,400.0,22.0,0,0,0.100173950195,0,94.0,1,9,2.86539633251,-4.45864372401,5.3,1,12,0,5.0,400.0
3.1,0.0,2,400.0,22.0,0,0,0.100060224533,0,94.0,2,3,4.00547274408,3.47076188991,5.3,1,12,0,5.0,400.0
3.1,0.0,1,400.0,22.0,0,0,0.100121974945,1,94.0,2,15,-4.82104957538,-2.20169956891,5.3,1,12,0,5.0,400.0
3.1,0.0,1,400.0,22.0,0,-1,0.100083827972,2,94.0,2,11,6.49041367526e-16,-5.3,5.3,1,12,0,5.0,400.0
3.1,0.0,2,400.0,22.0,0,1,0.0998680591583,1,94.0,2,18,-4.82104957538,2.20169956891,5.3,1,12,0,5.0,400.0
3.1,0.0,2,400.0,22.0,0,-1,0.100172042847,0,94.0,2,12,-1.49318255126,-5.08531276016,5.3,1,12,0,5.0,400.0
3.1,0.0,1,400.0,22.0,0,-1,0.100076913834,0,94.0,1,17,-5.24605364197,0.754268642848,5.3,1,12,0,5.0,400.0
3.1,0.0,2,400.0,22.0,0,0,0.100055932999,0,94.0,1,6,5.24605364197,-0.754268642848,5.3,1,12,0,5.0,400.0
3.1,0.0,2,400.0,22.0,0,1,0.100105047226,0,94.0,1,8,4.00547274408,-3.47076188991,5.3,1,12,0,5.0,400.0
3.1,0.0,2,400.0,22.0,0,1,0.10011100769,0,94.0,1,0,0.0,5.3,5.3,1,12,0,5.0,400.0
3.1,0.0,2,400.0,22.0,0,1,0.100102901459,1,94.0,2,7,4.82104957538,-2.20169956891,5.3,1,12,0,5.0,400.0
3.1,0.0,2,400.0,22.0,0,0,0.100098133087,0,94.0,1,17,-5.24605364197,0.754268642848,5.3,1,12,0,5.0,400.0
3.1,0.0,1,400.0,22.0,0,0,0.100117921829,0,94.0,2,3,4.00547274408,3.47076188991,5.3,1,12,0,5.0,400.0
3.1,0.0,2,400.0,22.0,0,0,0.100099086761,0,94.0,1,11,6.49041367526e-16,-5.3,5.3,1,12,0,5.0,400.0
3.1,0.0,2,400.0,22.0,0,-1,0.100140094757,-1,94.0,1,20,-2.86539633251,4.45864372401,5.3,1,12,0,5.0,400.0
3.1,0.0,1,400.0,22.0,0,1,0.100074052811,2,94.0,1,3,4.00547274408,3.47076188991,5.3,1,12,0,5.0,400.0
3.1,0.0,1,400.0,22.0,0,-1,0.100097179413,-1,94.0,1,19,-4.00547274408,3.47076188991,5.3,1,12,0,5.0,400.0
3.1,0.0,1,400.0,22.0,0,0,0.100157976151,0,94.0,2,15,-4.82104957538,-2.20169956891,5.3,1,12,0,5.0,400.0
3.1,0.0,2,400.0,22.0,0,0,0.100136995316,0,94.0,2,14,-4.00547274408,-3.47076188991,5.3,1,12,0,5.0,400.0
3.1,0.0,2,400.0,22.0,0,0,0.100091934204,0,94.0,1,16,-5.24605364197,-0.754268642848,5.3,1,12,0,5.0,400.0
3.1,0.0,2,400.0,22.0,0,0,0.100051879883,0,94.0,1,11,6.49041367526e-16,-5.3,5.3,1,12,0,5.0,400.0
3.1,0.0,1,400.0,22.0,0,0,0.100124120712,-1,94.0,2,4,4.82104957538,2.20169956891,5.3,1,12,0,5.0,400.0
3.1,0.0,1,400.0,22.0,0,0,0.100123167038,0,94.0,2,0,0.0,5.3,5.3,1,12,0,5.0,400.0
3.1,0.0,2,400.0,22.0,0,0,0.10004901886,0,94.0,1,14,-4.00547274408,-3.47076188991,5.3,1,12,0,5.0,400.0
3.1,0.0,1,400.0,22.0,0,-1,0.100080013275,0,94.0,1,9,2.86539633251,-4.45864372401,5.3,1,12,0,5.0,400.0
3.1,0.0,1,400.0,22.0,0,2,0.100126028061,0,94.0,1,1,1.49318255126,5.08531276016,5.3,1,12,0,5.0,400.0
3.1,0.0,1,400.0,22.0,0,0,0.100081920624,0,94.0,1,6,5.24605364197,-0.754268642848,5.3,1,12,0,5.0,400.0
3.1,0.0,2,400.0,22.0,0,0,0.100114822388,0,94.0,1,12,-1.49318255126,-5.08531276016,5.3,1,12,0,5.0,400.0
3.1,0.0,1,400.0,22.0,0,0,0.100110054016,0,94.0,2,7,4.82104957538,-2.20169956891,5.3,1,12,0,5.0,400.0
3.1,0.0,2,400.0,22.0,0,1,0.100144147873,0,94.0,2,18,-4.82104957538,2.20169956891,5.3,1,12,0,5.0,400.0
3.1,0.0,1,400.0,22.0,0,1,0.1001060009,1,94.0,1,21,-1.49318255126,5.08531276016,5.3,1,12,0,5.0,400.0
3.1,0.0,1,400.0,22.0,0,0,0.1001060009,1,94.0,1,19,-4.00547274408,3.47076188991,5.3,1,12,0,5.0,400.0
3.1,0.0,2,400.0,22.0,0,0,0.100121974945,0,94.0,2,8,4.00547274408,-3.47076188991,5.3,1,12,0,5.0,400.0
3.1,0.0,2,400.0,22.0,0,1,0.100124835968,1,94.0,1,14,-4.00547274408,-3.47076188991,5.3,1,12,0,5.0,400.0
3.1,0.0,1,400.0,22.0,0,0,0.0999720096588,2,94.0,1,6,5.24605364197,-0.754268642848,5.3,1,12,0,5.0,400.0
3.1,0.0,2,400.0,22.0,0,1,0.100061893463,0,94.0,1,11,6.49041367526e-16,-5.3,5.3,1,12,0,5.0,400.0
3.1,0.0,1,400.0,22.0,0,-2,0.099888086319,-2,94.0,1,20,-2.86539633251,4.45864372401,5.3,1,12,0,5.0,400.0
3.1,0.0,1,400.0,22.0,0,-1,0.100116014481,-1,94.0,1,10,1.49318255126,-5.08531276016,5.3,1,12,0,5.0,400.0
3.1,0.0,2,400.0,22.0,0,0,0.100092887878,0,94.0,1,5,5.24605364197,0.754268642848,5.3,1,12,0,5.0,400.0
3.1,0.0,2,400.0,22.0,0,2,0.100040912628,0,94.0,1,12,-1.49318255126,-5.08531276016,5.3,1,12,0,5.0,400.0
3.1,0.0,2,400.0,22.0,0,0,0.100054979324,0,94.0,1,13,-2.86539633251,-4.45864372401,5.3,1,12,0,5.0,400.0
3.1,0.0,1,400.0,22.0,0,0,0.100113153458,0,94.0,2,6,5.24605364197,-0.754268642848,5.3,1,12,0,5.0,400.0
3.1,0.0,2,400.0,22.0,0,0,0.100024938583,2,94.0,1,5,5.24605364197,0.754268642848,5.3,1,12,0,5.0,400.0
3.1,0.0,2,400.0,22.0,0,1,0.100131034851,1,94.0,2,1,1.49318255126,5.08531276016,5.3,1,12,0,5.0,400.0
3.1,0.0,1,400.0,22.0,0,-1,0.0998919010162,-1,94.0,1,4,4.82104957538,2.20169956891,5.3,1,12,0,5.0,400.0
3.1,0.0,1,400.0,22.0,0,0,0.10010099411,-1,94.0,2,9,2.86539633251,-4.45864372401,5.3,1,12,0,5.0,400.0
3.1,0.0,2,400.0,22.0,0,0,0.10009098053,0,94.0,2,15,-4.82104957538,-2.20169956891,5.3,1,12,0,5.0,400.0
3.1,0.0,2,400.0,22.0,0,0,0.100186824799,0,94.0,2,21,-1.49318255126,5.08531276016,5.3,1,12,0,5.0,400.0
3.1,0.0,2,400.0,22.0,0,-2,0.100063800812,-2,94.0,2,19,-4.00547274408,3.47076188991,5.3,1,12,0,5.0,400.0
3.1,0.0,2,400.0,22.0,0,1,0.100129127502,1,94.0,1,14,-4.00547274408,-3.47076188991,5.3,1,12,0,5.0,400.0
3.1,0.0,1,400.0,22.0,0,1,0.0999069213867,1,94.0,1,3,4.00547274408,3.47076188991,5.3,1,12,0,5.0,400.0
3.1,0.0,2,400.0,22.0,0,1,0.100107908249,1,94.0,2,4,4.82104957538,2.20169956891,5.3,1,12,0,5.0,400.0
3.1,0.0,1,400.0,22.0,0,0,0.100136041641,2,94.0,1,5,5.24605364197,0.754268642848,5.3,1,12,0,5.0,400.0
3.1,0.0,2,400.0,22.0,0,1,0.100115060806,-1,94.0,2,1,1.49318255126,5.08531276016,5.3,1,12,0,5.0,400.0
3.1,0.0,1,400.0,22.0,0,0,0.100162982941,0,94.0,2,5,5.24605364197,0.754268642848,5.3,1,12,0,5.0,400.0
3.1,0.0,2,400.0,22.0,0,0,0.0999429225922,0,94.0,1,17,-5.24605364197,0.754268642848,5.3,1,12,0,5.0,400.0
3.1,0.0,2,400.0,22.0,0,0,0.100123882294,-2,94.0,2,10,1.49318255126,-5.08531276016,5.3,1,12,0,5.0,400.0
3.1,0.0,1,400.0,22.0,0,-1,0.100139141083,2,94.0,2,9,2.86539633251,-4.45864372401,5.3,1,12,0,5.0,400.0
3.1,0.0,1,400.0,22.0,0,2,0.10011100769,0,94.0,1,4,4.82104957538,2.20169956891,5.3,1,12,0,5.0,400.0
3.1,0.0,2,400.0,22.0,0,2,0.100075960159,1,94.0,1,9,2.86539633251,-4.45864372401,5.3,1,12,0,5.0,400.0
3.1,0.0,1,400.0,22.0,0,-2,0.100296020508,1,94.0,2,2,2.86539633251,4.45864372401,5.3,1,12,0,5.0,400.0
3.1,0.0,1,400.0,22.0,0,-2,0.100103139877,0,94.0,2,15,-4.82104957538,-2.20169956891,5.3,1,12,0,5.0,400.0
3.1,0.0,2,400.0,22.0,0,0,0.10009098053,1,94.0,1,14,-4.00547274408,-3.47076188991,5.3,1,12,0,5.0,400.0
3.1,0.0,2,400.0,22.0,0,0,0.0998680591583,0,94.0,1,15,-4.82104957538,-2.20169956891,5.3,1,12,0,5.0,400.0
3.1,0.0,1,400.0,22.0,0,-1,0.100053071976,-1,94.0,2,3,4.00547274408,3.47076188991,5.3,1,12,0,5.0,400.0
3.1,0.0,1,400.0,22.0,0,1,0.100119113922,1,94.0,1,2,2.86539633251,4.45864372401,5.3,1,12,0,5.0,400.0
