cue-length,ms-precue,resp-v-hv,ms-st-cue,nitems,offset2,resp-h-pos,actualStimOn,resp-v-pos,ms-stimon,resp-h-hv,cue-loc-int,cue-loc-x,cue-loc-y,radius,bars-or-spot,version,offset,npractice,ntrials
3.1,0.0,2,400.0,22.0,0,0,0.0971698760986,0,94.0,2,15,-4.82104957538,-2.20169956891,5.3,0,9,-10.5,5.0,400.0
3.1,0.0,1,400.0,22.0,0,0,0.0970249176025,-1,94.0,2,15,-4.82104957538,-2.20169956891,5.3,0,9,-10.5,5.0,400.0
3.1,0.0,1,400.0,22.0,0,1,0.0971632003784,1,94.0,1,2,2.86539633251,4.45864372401,5.3,0,9,-10.5,5.0,400.0
3.1,0.0,1,400.0,22.0,0,2,0.0971479415894,0,94.0,1,14,-4.00547274408,-3.47076188991,5.3,0,9,-10.5,5.0,400.0
3.1,0.0,1,400.0,22.0,0,0,0.0971641540527,0,94.0,1,21,-1.49318255126,5.08531276016,5.3,0,9,-10.5,5.0,400.0
3.1,0.0,1,400.0,22.0,0,-1,0.0971789360046,1,94.0,1,8,4.00547274408,-3.47076188991,5.3,0,9,-10.5,5.0,400.0
3.1,0.0,1,400.0,22.0,0,1,0.0970380306244,-1,94.0,2,2,2.86539633251,4.45864372401,5.3,0,9,-10.5,5.0,400.0
3.1,0.0,1,400.0,22.0,0,-1,0.0971591472626,0,94.0,2,19,-4.00547274408,3.47076188991,5.3,0,9,-10.5,5.0,400.0
3.1,0.0,1,400.0,22.0,0,-1,0.0970878601074,0,94.0,2,5,5.24605364197,0.754268642848,5.3,0,9,-10.5,5.0,400.0
3.1,0.0,1,400.0,22.0,0,0,0.0970561504364,0,94.0,1,5,5.24605364197,0.754268642848,5.3,0,9,-10.5,5.0,400.0
3.1,0.0,2,400.0,22.0,0,0,0.0971930027008,-1,94.0,1,20,-2.86539633251,4.45864372401,5.3,0,9,-10.5,5.0,400.0
3.1,0.0,1,400.0,22.0,0,-1,0.0972051620483,1,94.0,1,11,6.49041367526e-16,-5.3,5.3,0,9,-10.5,5.0,400.0
3.1,0.0,2,400.0,22.0,0,2,0.0971879959106,2,94.0,2,13,-2.86539633251,-4.45864372401,5.3,0,9,-10.5,5.0,400.0
3.1,0.0,1,400.0,22.0,0,1,0.0971992015839,2,94.0,2,1,1.49318255126,5.08531276016,5.3,0,9,-10.5,5.0,400.0
3.1,0.0,2,400.0,22.0,0,-1,0.097186088562,-1,94.0,2,19,-4.00547274408,3.47076188991,5.3,0,9,-10.5,5.0,400.0
3.1,0.0,1,400.0,22.0,0,0,0.0972030162811,1,94.0,1,17,-5.24605364197,0.754268642848,5.3,0,9,-10.5,5.0,400.0
3.1,0.0,1,400.0,22.0,0,0,0.0971908569336,1,94.0,1,4,4.82104957538,2.20169956891,5.3,0,9,-10.5,5.0,400.0
3.1,0.0,1,400.0,22.0,0,0,0.0970079898834,0,94.0,2,17,-5.24605364197,0.754268642848,5.3,0,9,-10.5,5.0,400.0
3.1,0.0,2,400.0,22.0,0,-1,0.0971901416779,-1,94.0,1,21,-1.49318255126,5.08531276016,5.3,0,9,-10.5,5.0,400.0
3.1,0.0,1,400.0,22.0,0,0,0.0971720218658,1,94.0,1,12,-1.49318255126,-5.08531276016,5.3,0,9,-10.5,5.0,400.0
3.1,0.0,2,400.0,22.0,0,2,0.0971579551697,1,94.0,2,3,4.00547274408,3.47076188991,5.3,0,9,-10.5,5.0,400.0
3.1,0.0,2,400.0,22.0,0,2,0.0970361232758,0,94.0,1,15,-4.82104957538,-2.20169956891,5.3,0,9,-10.5,5.0,400.0
3.1,0.0,2,400.0,22.0,0,1,0.0971701145172,2,94.0,1,0,0.0,5.3,5.3,0,9,-10.5,5.0,400.0
3.1,0.0,1,400.0,22.0,0,0,0.0971739292145,2,94.0,1,7,4.82104957538,-2.20169956891,5.3,0,9,-10.5,5.0,400.0
3.1,0.0,2,400.0,22.0,0,-1,0.0970089435577,0,94.0,1,1,1.49318255126,5.08531276016,5.3,0,9,-10.5,5.0,400.0
3.1,0.0,1,400.0,22.0,0,-1,0.0971748828888,-2,94.0,1,0,0.0,5.3,5.3,0,9,-10.5,5.0,400.0
3.1,0.0,2,400.0,22.0,0,-1,0.0970189571381,-1,94.0,1,17,-5.24605364197,0.754268642848,5.3,0,9,-10.5,5.0,400.0
3.1,0.0,2,400.0,22.0,0,0,0.0971658229828,1,94.0,2,9,2.86539633251,-4.45864372401,5.3,0,9,-10.5,5.0,400.0
3.1,0.0,2,400.0,22.0,0,0,0.0971620082855,0,94.0,1,15,-4.82104957538,-2.20169956891,5.3,0,9,-10.5,5.0,400.0
3.1,0.0,2,400.0,22.0,0,0,0.0970520973206,1,94.0,1,16,-5.24605364197,-0.754268642848,5.3,0,9,-10.5,5.0,400.0
3.1,0.0,2,400.0,22.0,0,-1,0.0971620082855,0,94.0,1,7,4.82104957538,-2.20169956891,5.3,0,9,-10.5,5.0,400.0
3.1,0.0,2,400.0,22.0,0,0,0.0970590114594,1,94.0,2,0,0.0,5.3,5.3,0,9,-10.5,5.0,400.0
3.1,0.0,1,400.0,22.0,0,2,0.0971639156342,-2,94.0,1,11,6.49041367526e-16,-5.3,5.3,0,9,-10.5,5.0,400.0
3.1,0.0,1,400.0,22.0,0,0,0.0970859527588,1,94.0,1,3,4.00547274408,3.47076188991,5.3,0,9,-10.5,5.0,400.0
3.1,0.0,2,400.0,22.0,0,0,0.09716796875,1,94.0,1,5,5.24605364197,0.754268642848,5.3,0,9,-10.5,5.0,400.0
3.1,0.0,2,400.0,22.0,0,0,0.0971732139587,0,94.0,2,21,-1.49318255126,5.08531276016,5.3,0,9,-10.5,5.0,400.0
3.1,0.0,2,400.0,22.0,0,0,0.0970931053162,0,94.0,2,19,-4.00547274408,3.47076188991,5.3,0,9,-10.5,5.0,400.0
3.1,0.0,1,400.0,22.0,0,-2,0.0971639156342,0,94.0,2,13,-2.86539633251,-4.45864372401,5.3,0,9,-10.5,5.0,400.0
3.1,0.0,1,400.0,22.0,0,1,0.0970170497894,0,94.0,2,7,4.82104957538,-2.20169956891,5.3,0,9,-10.5,5.0,400.0
3.1,0.0,2,400.0,22.0,0,2,0.0971519947052,0,94.0,2,16,-5.24605364197,-0.754268642848,5.3,0,9,-10.5,5.0,400.0
3.1,0.0,2,400.0,22.0,0,0,0.0971930027008,-1,94.0,2,19,-4.00547274408,3.47076188991,5.3,0,9,-10.5,5.0,400.0
3.1,0.0,2,400.0,22.0,0,1,0.0971961021423,-2,94.0,1,18,-4.82104957538,2.20169956891,5.3,0,9,-10.5,5.0,400.0
3.1,0.0,2,400.0,22.0,0,-2,0.097179889679,2,94.0,2,0,0.0,5.3,5.3,0,9,-10.5,5.0,400.0
3.1,0.0,2,400.0,22.0,0,0,0.0971908569336,-1,94.0,1,11,6.49041367526e-16,-5.3,5.3,0,9,-10.5,5.0,400.0
3.1,0.0,1,400.0,22.0,0,0,0.0971848964691,0,94.0,1,13,-2.86539633251,-4.45864372401,5.3,0,9,-10.5,5.0,400.0
3.1,0.0,2,400.0,22.0,0,1,0.0971939563751,1,94.0,2,21,-1.49318255126,5.08531276016,5.3,0,9,-10.5,5.0,400.0
3.1,0.0,2,400.0,22.0,0,-1,0.0971958637238,-2,94.0,2,16,-5.24605364197,-0.754268642848,5.3,0,9,-10.5,5.0,400.0
3.1,0.0,1,400.0,22.0,0,-2,0.0971651077271,0,94.0,2,1,1.49318255126,5.08531276016,5.3,0,9,-10.5,5.0,400.0
3.1,0.0,2,400.0,22.0,0,2,0.0971601009369,-1,94.0,2,16,-5.24605364197,-0.754268642848,5.3,0,9,-10.5,5.0,400.0
3.1,0.0,2,400.0,22.0,0,0,0.0972011089325,-1,94.0,2,5,5.24605364197,0.754268642848,5.3,0,9,-10.5,5.0,400.0
3.1,0.0,1,400.0,22.0,0,-1,0.0971758365631,0,94.0,2,0,0.0,5.3,5.3,0,9,-10.5,5.0,400.0
3.1,0.0,2,400.0,22.0,0,0,0.0971779823303,0,94.0,1,9,2.86539633251,-4.45864372401,5.3,0,9,-10.5,5.0,400.0
3.1,0.0,1,400.0,22.0,0,0,0.097058057785,0,94.0,2,8,4.00547274408,-3.47076188991,5.3,0,9,-10.5,5.0,400.0
3.1,0.0,1,400.0,22.0,0,1,0.0971601009369,-1,94.0,1,20,-2.86539633251,4.45864372401,5.3,0,9,-10.5,5.0,400.0
3.1,0.0,2,400.0,22.0,0,0,0.0970590114594,-1,94.0,1,18,-4.82104957538,2.20169956891,5.3,0,9,-10.5,5.0,400.0
3.1,0.0,1,400.0,22.0,0,0,0.0971670150757,-2,94.0,2,18,-4.82104957538,2.20169956891,5.3,0,9,-10.5,5.0,400.0
3.1,0.0,2,400.0,22.0,0,2,0.0970151424408,2,94.0,1,2,2.86539633251,4.45864372401,5.3,0,9,-10.5,5.0,400.0
3.1,0.0,2,400.0,22.0,0,-2,0.097156047821,-2,94.0,2,3,4.00547274408,3.47076188991,5.3,0,9,-10.5,5.0,400.0
3.1,0.0,2,400.0,22.0,0,-2,0.0970568656921,0,94.0,1,14,-4.00547274408,-3.47076188991,5.3,0,9,-10.5,5.0,400.0
3.1,0.0,1,400.0,22.0,0,1,0.0970640182495,0,94.0,2,7,4.82104957538,-2.20169956891,5.3,0,9,-10.5,5.0,400.0
3.1,0.0,2,400.0,22.0,0,-2,0.0971629619598,-2,94.0,1,15,-4.82104957538,-2.20169956891,5.3,0,9,-10.5,5.0,400.0
3.1,0.0,2,400.0,22.0,0,-2,0.0972030162811,0,94.0,1,11,6.49041367526e-16,-5.3,5.3,0,9,-10.5,5.0,400.0
3.1,0.0,1,400.0,22.0,0,0,0.0971570014954,-2,94.0,1,16,-5.24605364197,-0.754268642848,5.3,0,9,-10.5,5.0,400.0
3.1,0.0,2,400.0,22.0,0,-2,0.0971729755402,1,94.0,2,6,5.24605364197,-0.754268642848,5.3,0,9,-10.5,5.0,400.0
3.1,0.0,1,400.0,22.0,0,1,0.0971651077271,0,94.0,1,16,-5.24605364197,-0.754268642848,5.3,0,9,-10.5,5.0,400.0
3.1,0.0,2,400.0,22.0,0,0,0.0971558094025,-1,94.0,1,17,-5.24605364197,0.754268642848,5.3,0,9,-10.5,5.0,400.0
3.1,0.0,2,400.0,22.0,0,-2,0.0970687866211,-1,94.0,2,18,-4.82104957538,2.20169956891,5.3,0,9,-10.5,5.0,400.0
3.1,0.0,2,400.0,22.0,0,0,0.0971729755402,0,94.0,2,21,-1.49318255126,5.08531276016,5.3,0,9,-10.5,5.0,400.0
3.1,0.0,1,400.0,22.0,0,0,0.0970890522003,0,94.0,1,6,5.24605364197,-0.754268642848,5.3,0,9,-10.5,5.0,400.0
3.1,0.0,2,400.0,22.0,0,0,0.0971529483795,0,94.0,2,17,-5.24605364197,0.754268642848,5.3,0,9,-10.5,5.0,400.0
3.1,0.0,2,400.0,22.0,0,1,0.0970890522003,0,94.0,2,4,4.82104957538,2.20169956891,5.3,0,9,-10.5,5.0,400.0
3.1,0.0,2,400.0,22.0,0,2,0.0971870422363,1,94.0,2,3,4.00547274408,3.47076188991,5.3,0,9,-10.5,5.0,400.0
3.1,0.0,1,400.0,22.0,0,1,0.0971970558167,0,94.0,1,2,2.86539633251,4.45864372401,5.3,0,9,-10.5,5.0,400.0
3.1,0.0,1,400.0,22.0,0,0,0.0971839427948,-2,94.0,1,14,-4.00547274408,-3.47076188991,5.3,0,9,-10.5,5.0,400.0
3.1,0.0,2,400.0,22.0,0,-1,0.0972020626068,0,94.0,2,13,-2.86539633251,-4.45864372401,5.3,0,9,-10.5,5.0,400.0
3.1,0.0,1,400.0,22.0,0,0,0.0971930027008,0,94.0,2,10,1.49318255126,-5.08531276016,5.3,0,9,-10.5,5.0,400.0
3.1,0.0,2,400.0,22.0,0,1,0.0972011089325,-1,94.0,1,20,-2.86539633251,4.45864372401,5.3,0,9,-10.5,5.0,400.0
3.1,0.0,2,400.0,22.0,0,0,0.0971920490265,0,94.0,2,17,-5.24605364197,0.754268642848,5.3,0,9,-10.5,5.0,400.0
3.1,0.0,1,400.0,22.0,0,1,0.0971660614014,-2,94.0,1,15,-4.82104957538,-2.20169956891,5.3,0,9,-10.5,5.0,400.0
3.1,0.0,2,400.0,22.0,0,2,0.0971970558167,2,94.0,2,4,4.82104957538,2.20169956891,5.3,0,9,-10.5,5.0,400.0
3.1,0.0,2,400.0,22.0,0,-1,0.0971961021423,1,94.0,1,4,4.82104957538,2.20169956891,5.3,0,9,-10.5,5.0,400.0
3.1,0.0,2,400.0,22.0,0,1,0.0971570014954,0,94.0,1,7,4.82104957538,-2.20169956891,5.3,0,9,-10.5,5.0,400.0
3.1,0.0,2,400.0,22.0,0,2,0.0971710681915,2,94.0,2,20,-2.86539633251,4.45864372401,5.3,0,9,-10.5,5.0,400.0
3.1,0.0,1,400.0,22.0,0,1,0.0970361232758,0,94.0,2,6,5.24605364197,-0.754268642848,5.3,0,9,-10.5,5.0,400.0
3.1,0.0,2,400.0,22.0,0,-1,0.0971620082855,-1,94.0,2,17,-5.24605364197,0.754268642848,5.3,0,9,-10.5,5.0,400.0
3.1,0.0,2,400.0,22.0,0,0,0.0971720218658,-1,94.0,1,16,-5.24605364197,-0.754268642848,5.3,0,9,-10.5,5.0,400.0
3.1,0.0,1,400.0,22.0,0,1,0.0971641540527,1,94.0,2,9,2.86539633251,-4.45864372401,5.3,0,9,-10.5,5.0,400.0
3.1,0.0,2,400.0,22.0,0,-1,0.0970368385315,0,94.0,1,17,-5.24605364197,0.754268642848,5.3,0,9,-10.5,5.0,400.0
3.1,0.0,2,400.0,22.0,0,-2,0.0972740650177,1,94.0,1,19,-4.00547274408,3.47076188991,5.3,0,9,-10.5,5.0,400.0
3.1,0.0,2,400.0,22.0,0,-1,0.0970199108124,-1,94.0,2,16,-5.24605364197,-0.754268642848,5.3,0,9,-10.5,5.0,400.0
3.1,0.0,1,400.0,22.0,0,1,0.0970630645752,1,94.0,1,8,4.00547274408,-3.47076188991,5.3,0,9,-10.5,5.0,400.0
3.1,0.0,2,400.0,22.0,0,0,0.0971579551697,2,94.0,2,0,0.0,5.3,5.3,0,9,-10.5,5.0,400.0
3.1,0.0,2,400.0,22.0,0,-1,0.0971629619598,0,94.0,1,18,-4.82104957538,2.20169956891,5.3,0,9,-10.5,5.0,400.0
3.1,0.0,1,400.0,22.0,0,1,0.0970709323883,-2,94.0,2,3,4.00547274408,3.47076188991,5.3,0,9,-10.5,5.0,400.0
3.1,0.0,1,400.0,22.0,0,0,0.0970702171326,0,94.0,1,7,4.82104957538,-2.20169956891,5.3,0,9,-10.5,5.0,400.0
3.1,0.0,1,400.0,22.0,0,0,0.0971541404724,0,94.0,2,15,-4.82104957538,-2.20169956891,5.3,0,9,-10.5,5.0,400.0
3.1,0.0,2,400.0,22.0,0,0,0.0970740318298,0,94.0,1,9,2.86539633251,-4.45864372401,5.3,0,9,-10.5,5.0,400.0
3.1,0.0,1,400.0,22.0,0,0,0.0971598625183,1,94.0,1,0,0.0,5.3,5.3,0,9,-10.5,5.0,400.0
3.1,0.0,2,400.0,22.0,0,1,0.0970728397369,0,94.0,1,16,-5.24605364197,-0.754268642848,5.3,0,9,-10.5,5.0,400.0
3.1,0.0,2,400.0,22.0,0,1,0.0971760749817,2,94.0,2,20,-2.86539633251,4.45864372401,5.3,0,9,-10.5,5.0,400.0
3.1,0.0,1,400.0,22.0,0,1,0.0970711708069,1,94.0,2,6,5.24605364197,-0.754268642848,5.3,0,9,-10.5,5.0,400.0
3.1,0.0,2,400.0,22.0,0,0,0.0971670150757,1,94.0,1,6,5.24605364197,-0.754268642848,5.3,0,9,-10.5,5.0,400.0
3.1,0.0,2,400.0,22.0,0,-2,0.0970640182495,0,94.0,2,11,6.49041367526e-16,-5.3,5.3,0,9,-10.5,5.0,400.0
3.1,0.0,2,400.0,22.0,0,0,0.0971879959106,0,94.0,1,7,4.82104957538,-2.20169956891,5.3,0,9,-10.5,5.0,400.0
3.1,0.0,1,400.0,22.0,0,0,0.0972199440002,-1,94.0,1,8,4.00547274408,-3.47076188991,5.3,0,9,-10.5,5.0,400.0
3.1,0.0,2,400.0,22.0,0,0,0.0971910953522,0,94.0,1,14,-4.00547274408,-3.47076188991,5.3,0,9,-10.5,5.0,400.0
3.1,0.0,2,400.0,22.0,0,1,0.0972919464111,0,94.0,2,9,2.86539633251,-4.45864372401,5.3,0,9,-10.5,5.0,400.0
3.1,0.0,2,400.0,22.0,0,0,0.0972881317139,1,94.0,1,6,5.24605364197,-0.754268642848,5.3,0,9,-10.5,5.0,400.0
3.1,0.0,2,400.0,22.0,0,2,0.0971918106079,-1,94.0,2,18,-4.82104957538,2.20169956891,5.3,0,9,-10.5,5.0,400.0
3.1,0.0,1,400.0,22.0,0,-2,0.0972051620483,0,94.0,1,16,-5.24605364197,-0.754268642848,5.3,0,9,-10.5,5.0,400.0
3.1,0.0,2,400.0,22.0,0,0,0.0972030162811,2,94.0,1,14,-4.00547274408,-3.47076188991,5.3,0,9,-10.5,5.0,400.0
3.1,0.0,2,400.0,22.0,0,0,0.0971949100494,-1,94.0,1,9,2.86539633251,-4.45864372401,5.3,0,9,-10.5,5.0,400.0
3.1,0.0,2,400.0,22.0,0,0,0.0971660614014,0,94.0,1,15,-4.82104957538,-2.20169956891,5.3,0,9,-10.5,5.0,400.0
3.1,0.0,1,400.0,22.0,0,1,0.097058057785,-1,94.0,1,1,1.49318255126,5.08531276016,5.3,0,9,-10.5,5.0,400.0
3.1,0.0,1,400.0,22.0,0,-1,0.0971570014954,0,94.0,1,14,-4.00547274408,-3.47076188991,5.3,0,9,-10.5,5.0,400.0
3.1,0.0,1,400.0,22.0,0,-2,0.0970480442047,-1,94.0,1,11,6.49041367526e-16,-5.3,5.3,0,9,-10.5,5.0,400.0
3.1,0.0,2,400.0,22.0,0,0,0.0971779823303,0,94.0,1,16,-5.24605364197,-0.754268642848,5.3,0,9,-10.5,5.0,400.0
3.1,0.0,1,400.0,22.0,0,0,0.0970630645752,0,94.0,2,3,4.00547274408,3.47076188991,5.3,0,9,-10.5,5.0,400.0
3.1,0.0,2,400.0,22.0,0,0,0.0971701145172,2,94.0,2,1,1.49318255126,5.08531276016,5.3,0,9,-10.5,5.0,400.0
3.1,0.0,1,400.0,22.0,0,0,0.0970098972321,-1,94.0,1,0,0.0,5.3,5.3,0,9,-10.5,5.0,400.0
3.1,0.0,1,400.0,22.0,0,0,0.0971739292145,-2,94.0,1,0,0.0,5.3,5.3,0,9,-10.5,5.0,400.0
3.1,0.0,2,400.0,22.0,0,1,0.0970549583435,-1,94.0,1,10,1.49318255126,-5.08531276016,5.3,0,9,-10.5,5.0,400.0
3.1,0.0,2,400.0,22.0,0,0,0.0971660614014,0,94.0,1,7,4.82104957538,-2.20169956891,5.3,0,9,-10.5,5.0,400.0
3.1,0.0,1,400.0,22.0,0,-1,0.0971817970276,2,94.0,1,2,2.86539633251,4.45864372401,5.3,0,9,-10.5,5.0,400.0
3.1,0.0,1,400.0,22.0,0,1,0.0970659255981,0,94.0,1,10,1.49318255126,-5.08531276016,5.3,0,9,-10.5,5.0,400.0
3.1,0.0,2,400.0,22.0,0,1,0.0971629619598,0,94.0,2,1,1.49318255126,5.08531276016,5.3,0,9,-10.5,5.0,400.0
3.1,0.0,2,400.0,22.0,0,0,0.0970630645752,0,94.0,1,19,-4.00547274408,3.47076188991,5.3,0,9,-10.5,5.0,400.0
3.1,0.0,1,400.0,22.0,0,2,0.097158908844,1,94.0,1,3,4.00547274408,3.47076188991,5.3,0,9,-10.5,5.0,400.0
3.1,0.0,2,400.0,22.0,0,0,0.0971629619598,0,94.0,1,21,-1.49318255126,5.08531276016,5.3,0,9,-10.5,5.0,400.0
3.1,0.0,2,400.0,22.0,0,2,0.0971570014954,0,94.0,2,16,-5.24605364197,-0.754268642848,5.3,0,9,-10.5,5.0,400.0
3.1,0.0,1,400.0,22.0,0,0,0.0970251560211,0,94.0,1,12,-1.49318255126,-5.08531276016,5.3,0,9,-10.5,5.0,400.0
3.1,0.0,1,400.0,22.0,0,1,0.0971610546112,0,94.0,2,14,-4.00547274408,-3.47076188991,5.3,0,9,-10.5,5.0,400.0
3.1,0.0,1,400.0,22.0,0,0,0.0970900058746,-2,94.0,1,12,-1.49318255126,-5.08531276016,5.3,0,9,-10.5,5.0,400.0
3.1,0.0,2,400.0,22.0,0,1,0.0971570014954,0,94.0,1,16,-5.24605364197,-0.754268642848,5.3,0,9,-10.5,5.0,400.0
3.1,0.0,2,400.0,22.0,0,1,0.0971388816833,-2,94.0,2,16,-5.24605364197,-0.754268642848,5.3,0,9,-10.5,5.0,400.0
3.1,0.0,1,400.0,22.0,0,-2,0.097156047821,2,94.0,1,19,-4.00547274408,3.47076188991,5.3,0,9,-10.5,5.0,400.0
3.1,0.0,1,400.0,22.0,0,2,0.0971729755402,1,94.0,1,4,4.82104957538,2.20169956891,5.3,0,9,-10.5,5.0,400.0
3.1,0.0,1,400.0,22.0,0,-1,0.0972018241882,2,94.0,1,17,-5.24605364197,0.754268642848,5.3,0,9,-10.5,5.0,400.0
3.1,0.0,2,400.0,22.0,0,0,0.0971989631653,0,94.0,1,16,-5.24605364197,-0.754268642848,5.3,0,9,-10.5,5.0,400.0
3.1,0.0,2,400.0,22.0,0,-1,0.0971820354462,0,94.0,2,18,-4.82104957538,2.20169956891,5.3,0,9,-10.5,5.0,400.0
3.1,0.0,2,400.0,22.0,0,-2,0.0971741676331,0,94.0,1,7,4.82104957538,-2.20169956891,5.3,0,9,-10.5,5.0,400.0
3.1,0.0,2,400.0,22.0,0,0,0.0971918106079,1,94.0,2,4,4.82104957538,2.20169956891,5.3,0,9,-10.5,5.0,400.0
3.1,0.0,1,400.0,22.0,0,0,0.0971791744232,0,94.0,1,19,-4.00547274408,3.47076188991,5.3,0,9,-10.5,5.0,400.0
3.1,0.0,2,400.0,22.0,0,1,0.0971839427948,-1,94.0,2,8,4.00547274408,-3.47076188991,5.3,0,9,-10.5,5.0,400.0
3.1,0.0,2,400.0,22.0,0,2,0.0972120761871,0,94.0,1,20,-2.86539633251,4.45864372401,5.3,0,9,-10.5,5.0,400.0
3.1,0.0,2,400.0,22.0,0,0,0.0972001552582,1,94.0,1,16,-5.24605364197,-0.754268642848,5.3,0,9,-10.5,5.0,400.0
3.1,0.0,1,400.0,22.0,0,1,0.0971891880035,-1,94.0,1,12,-1.49318255126,-5.08531276016,5.3,0,9,-10.5,5.0,400.0
3.1,0.0,1,400.0,22.0,0,1,0.0971789360046,-1,94.0,2,5,5.24605364197,0.754268642848,5.3,0,9,-10.5,5.0,400.0
3.1,0.0,2,400.0,22.0,0,1,0.0970439910889,0,94.0,2,19,-4.00547274408,3.47076188991,5.3,0,9,-10.5,5.0,400.0
3.1,0.0,2,400.0,22.0,0,1,0.0972719192505,0,94.0,2,21,-1.49318255126,5.08531276016,5.3,0,9,-10.5,5.0,400.0
3.1,0.0,1,400.0,22.0,0,1,0.0971238613129,0,94.0,1,11,6.49041367526e-16,-5.3,5.3,0,9,-10.5,5.0,400.0
3.1,0.0,1,400.0,22.0,0,1,0.0971419811249,-1,94.0,2,8,4.00547274408,-3.47076188991,5.3,0,9,-10.5,5.0,400.0
3.1,0.0,1,400.0,22.0,0,0,0.0971429347992,-1,94.0,1,19,-4.00547274408,3.47076188991,5.3,0,9,-10.5,5.0,400.0
3.1,0.0,2,400.0,22.0,0,2,0.0971720218658,-1,94.0,1,19,-4.00547274408,3.47076188991,5.3,0,9,-10.5,5.0,400.0
3.1,0.0,1,400.0,22.0,0,0,0.097177028656,0,94.0,1,3,4.00547274408,3.47076188991,5.3,0,9,-10.5,5.0,400.0
3.1,0.0,2,400.0,22.0,0,-1,0.0970108509064,-1,94.0,1,15,-4.82104957538,-2.20169956891,5.3,0,9,-10.5,5.0,400.0
3.1,0.0,1,400.0,22.0,0,-1,0.0970270633698,0,94.0,2,20,-2.86539633251,4.45864372401,5.3,0,9,-10.5,5.0,400.0
3.1,0.0,2,400.0,22.0,0,-2,0.0971751213074,0,94.0,1,16,-5.24605364197,-0.754268642848,5.3,0,9,-10.5,5.0,400.0
3.1,0.0,1,400.0,22.0,0,1,0.0970211029053,-1,94.0,1,9,2.86539633251,-4.45864372401,5.3,0,9,-10.5,5.0,400.0
3.1,0.0,2,400.0,22.0,0,1,0.0971701145172,2,94.0,2,12,-1.49318255126,-5.08531276016,5.3,0,9,-10.5,5.0,400.0
3.1,0.0,1,400.0,22.0,0,-1,0.0970258712769,0,94.0,1,18,-4.82104957538,2.20169956891,5.3,0,9,-10.5,5.0,400.0
3.1,0.0,2,400.0,22.0,0,-1,0.0970177650452,2,94.0,1,1,1.49318255126,5.08531276016,5.3,0,9,-10.5,5.0,400.0
3.1,0.0,2,400.0,22.0,0,2,0.0970139503479,-2,94.0,2,4,4.82104957538,2.20169956891,5.3,0,9,-10.5,5.0,400.0
3.1,0.0,1,400.0,22.0,0,0,0.0971970558167,2,94.0,1,15,-4.82104957538,-2.20169956891,5.3,0,9,-10.5,5.0,400.0
3.1,0.0,2,400.0,22.0,0,0,0.0971641540527,-1,94.0,2,20,-2.86539633251,4.45864372401,5.3,0,9,-10.5,5.0,400.0
3.1,0.0,1,400.0,22.0,0,1,0.09707903862,1,94.0,1,4,4.82104957538,2.20169956891,5.3,0,9,-10.5,5.0,400.0
3.1,0.0,2,400.0,22.0,0,-1,0.0971729755402,0,94.0,2,20,-2.86539633251,4.45864372401,5.3,0,9,-10.5,5.0,400.0
3.1,0.0,1,400.0,22.0,0,1,0.0970420837402,-1,94.0,2,13,-2.86539633251,-4.45864372401,5.3,0,9,-10.5,5.0,400.0
3.1,0.0,1,400.0,22.0,0,-1,0.0970361232758,1,94.0,1,3,4.00547274408,3.47076188991,5.3,0,9,-10.5,5.0,400.0
3.1,0.0,1,400.0,22.0,0,1,0.0971710681915,1,94.0,2,14,-4.00547274408,-3.47076188991,5.3,0,9,-10.5,5.0,400.0
3.1,0.0,2,400.0,22.0,0,-2,0.0971591472626,-2,94.0,2,8,4.00547274408,-3.47076188991,5.3,0,9,-10.5,5.0,400.0
3.1,0.0,2,400.0,22.0,0,0,0.0971338748932,0,94.0,1,8,4.00547274408,-3.47076188991,5.3,0,9,-10.5,5.0,400.0
3.1,0.0,2,400.0,22.0,0,0,0.0970258712769,0,94.0,1,15,-4.82104957538,-2.20169956891,5.3,0,9,-10.5,5.0,400.0
3.1,0.0,1,400.0,22.0,0,-1,0.0971550941467,0,94.0,2,17,-5.24605364197,0.754268642848,5.3,0,9,-10.5,5.0,400.0
3.1,0.0,2,400.0,22.0,0,1,0.0970940589905,1,94.0,1,13,-2.86539633251,-4.45864372401,5.3,0,9,-10.5,5.0,400.0
3.1,0.0,1,400.0,22.0,0,1,0.0971968173981,1,94.0,1,6,5.24605364197,-0.754268642848,5.3,0,9,-10.5,5.0,400.0
3.1,0.0,1,400.0,22.0,0,0,0.0971999168396,0,94.0,2,3,4.00547274408,3.47076188991,5.3,0,9,-10.5,5.0,400.0
3.1,0.0,2,400.0,22.0,0,1,0.0971648693085,-1,94.0,2,1,1.49318255126,5.08531276016,5.3,0,9,-10.5,5.0,400.0
3.1,0.0,1,400.0,22.0,0,0,0.0971961021423,-1,94.0,2,21,-1.49318255126,5.08531276016,5.3,0,9,-10.5,5.0,400.0
3.1,0.0,2,400.0,22.0,0,0,0.0971870422363,0,94.0,1,0,0.0,5.3,5.3,0,9,-10.5,5.0,400.0
3.1,0.0,1,400.0,22.0,0,2,0.0971949100494,-2,94.0,2,5,5.24605364197,0.754268642848,5.3,0,9,-10.5,5.0,400.0
3.1,0.0,2,400.0,22.0,0,0,0.0970540046692,0,94.0,1,20,-2.86539633251,4.45864372401,5.3,0,9,-10.5,5.0,400.0
3.1,0.0,2,400.0,22.0,0,-1,0.097186088562,-2,94.0,1,21,-1.49318255126,5.08531276016,5.3,0,9,-10.5,5.0,400.0
3.1,0.0,1,400.0,22.0,0,-1,0.0971841812134,0,94.0,2,16,-5.24605364197,-0.754268642848,5.3,0,9,-10.5,5.0,400.0
3.1,0.0,2,400.0,22.0,0,1,0.0971741676331,0,94.0,1,12,-1.49318255126,-5.08531276016,5.3,0,9,-10.5,5.0,400.0
3.1,0.0,2,400.0,22.0,0,0,0.0970108509064,1,94.0,2,1,1.49318255126,5.08531276016,5.3,0,9,-10.5,5.0,400.0
3.1,0.0,1,400.0,22.0,0,1,0.0971698760986,0,94.0,2,0,0.0,5.3,5.3,0,9,-10.5,5.0,400.0
3.1,0.0,1,400.0,22.0,0,1,0.0972020626068,0,94.0,1,6,5.24605364197,-0.754268642848,5.3,0,9,-10.5,5.0,400.0
3.1,0.0,1,400.0,22.0,0,-1,0.0971729755402,0,94.0,1,15,-4.82104957538,-2.20169956891,5.3,0,9,-10.5,5.0,400.0
3.1,0.0,1,400.0,22.0,0,0,0.0971601009369,0,94.0,2,11,6.49041367526e-16,-5.3,5.3,0,9,-10.5,5.0,400.0
3.1,0.0,2,400.0,22.0,0,0,0.0970129966736,-2,94.0,1,18,-4.82104957538,2.20169956891,5.3,0,9,-10.5,5.0,400.0
3.1,0.0,1,400.0,22.0,0,0,0.0971601009369,1,94.0,2,13,-2.86539633251,-4.45864372401,5.3,0,9,-10.5,5.0,400.0
3.1,0.0,2,400.0,22.0,0,0,0.0971760749817,1,94.0,1,5,5.24605364197,0.754268642848,5.3,0,9,-10.5,5.0,400.0
3.1,0.0,2,400.0,22.0,0,0,0.097179889679,0,94.0,1,11,6.49041367526e-16,-5.3,5.3,0,9,-10.5,5.0,400.0
3.1,0.0,1,400.0,22.0,0,0,0.0970680713654,0,94.0,2,0,0.0,5.3,5.3,0,9,-10.5,5.0,400.0
3.1,0.0,2,400.0,22.0,0,0,0.0971629619598,0,94.0,1,16,-5.24605364197,-0.754268642848,5.3,0,9,-10.5,5.0,400.0
3.1,0.0,1,400.0,22.0,0,0,0.0970139503479,-1,94.0,2,14,-4.00547274408,-3.47076188991,5.3,0,9,-10.5,5.0,400.0
3.1,0.0,1,400.0,22.0,0,0,0.0971751213074,0,94.0,2,16,-5.24605364197,-0.754268642848,5.3,0,9,-10.5,5.0,400.0
3.1,0.0,2,400.0,22.0,0,1,0.0971717834473,2,94.0,1,6,5.24605364197,-0.754268642848,5.3,0,9,-10.5,5.0,400.0
3.1,0.0,2,400.0,22.0,0,-1,0.0970430374146,0,94.0,1,9,2.86539633251,-4.45864372401,5.3,0,9,-10.5,5.0,400.0
3.1,0.0,1,400.0,22.0,0,-1,0.0971488952637,2,94.0,2,3,4.00547274408,3.47076188991,5.3,0,9,-10.5,5.0,400.0
3.1,0.0,1,400.0,22.0,0,2,0.09716796875,-1,94.0,1,21,-1.49318255126,5.08531276016,5.3,0,9,-10.5,5.0,400.0
3.1,0.0,2,400.0,22.0,0,1,0.0971579551697,-1,94.0,1,4,4.82104957538,2.20169956891,5.3,0,9,-10.5,5.0,400.0
3.1,0.0,1,400.0,22.0,0,2,0.0970540046692,0,94.0,1,7,4.82104957538,-2.20169956891,5.3,0,9,-10.5,5.0,400.0
3.1,0.0,2,400.0,22.0,0,0,0.0971579551697,0,94.0,1,8,4.00547274408,-3.47076188991,5.3,0,9,-10.5,5.0,400.0
3.1,0.0,2,400.0,22.0,0,1,0.0970630645752,-1,94.0,2,19,-4.00547274408,3.47076188991,5.3,0,9,-10.5,5.0,400.0
3.1,0.0,2,400.0,22.0,0,0,0.0970411300659,0,94.0,1,0,0.0,5.3,5.3,0,9,-10.5,5.0,400.0
3.1,0.0,2,400.0,22.0,0,-1,0.097088098526,0,94.0,1,10,1.49318255126,-5.08531276016,5.3,0,9,-10.5,5.0,400.0
3.1,0.0,2,400.0,22.0,0,0,0.097198009491,0,94.0,1,8,4.00547274408,-3.47076188991,5.3,0,9,-10.5,5.0,400.0
3.1,0.0,2,400.0,22.0,0,0,0.0971829891205,0,94.0,2,13,-2.86539633251,-4.45864372401,5.3,0,9,-10.5,5.0,400.0
3.1,0.0,1,400.0,22.0,0,1,0.0972020626068,0,94.0,2,6,5.24605364197,-0.754268642848,5.3,0,9,-10.5,5.0,400.0
3.1,0.0,2,400.0,22.0,0,2,0.097149848938,1,94.0,2,2,2.86539633251,4.45864372401,5.3,0,9,-10.5,5.0,400.0
3.1,0.0,2,400.0,22.0,0,0,0.0971829891205,0,94.0,1,17,-5.24605364197,0.754268642848,5.3,0,9,-10.5,5.0,400.0
3.1,0.0,1,400.0,22.0,0,0,0.0971879959106,1,94.0,1,1,1.49318255126,5.08531276016,5.3,0,9,-10.5,5.0,400.0
3.1,0.0,2,400.0,22.0,0,-2,0.0971529483795,2,94.0,1,14,-4.00547274408,-3.47076188991,5.3,0,9,-10.5,5.0,400.0
3.1,0.0,1,400.0,22.0,0,2,0.0971760749817,1,94.0,2,20,-2.86539633251,4.45864372401,5.3,0,9,-10.5,5.0,400.0
3.1,0.0,2,400.0,22.0,0,0,0.0971832275391,-1,94.0,2,16,-5.24605364197,-0.754268642848,5.3,0,9,-10.5,5.0,400.0
3.1,0.0,2,400.0,22.0,0,1,0.0971868038177,0,94.0,2,19,-4.00547274408,3.47076188991,5.3,0,9,-10.5,5.0,400.0
3.1,0.0,1,400.0,22.0,0,0,0.0971629619598,-1,94.0,2,12,-1.49318255126,-5.08531276016,5.3,0,9,-10.5,5.0,400.0
3.1,0.0,2,400.0,22.0,0,0,0.0972039699554,1,94.0,1,6,5.24605364197,-0.754268642848,5.3,0,9,-10.5,5.0,400.0
3.1,0.0,1,400.0,22.0,0,-2,0.0972270965576,0,94.0,1,9,2.86539633251,-4.45864372401,5.3,0,9,-10.5,5.0,400.0
3.1,0.0,1,400.0,22.0,0,0,0.0971632003784,1,94.0,2,13,-2.86539633251,-4.45864372401,5.3,0,9,-10.5,5.0,400.0
3.1,0.0,2,400.0,22.0,0,0,0.0971910953522,0,94.0,1,15,-4.82104957538,-2.20169956891,5.3,0,9,-10.5,5.0,400.0
3.1,0.0,2,400.0,22.0,0,0,0.0971369743347,-1,94.0,1,11,6.49041367526e-16,-5.3,5.3,0,9,-10.5,5.0,400.0
3.1,0.0,2,400.0,22.0,0,-1,0.0971639156342,0,94.0,1,19,-4.00547274408,3.47076188991,5.3,0,9,-10.5,5.0,400.0
3.1,0.0,2,400.0,22.0,0,0,0.09716796875,0,94.0,1,16,-5.24605364197,-0.754268642848,5.3,0,9,-10.5,5.0,400.0
3.1,0.0,2,400.0,22.0,0,0,0.0971691608429,-1,94.0,1,0,0.0,5.3,5.3,0,9,-10.5,5.0,400.0
3.1,0.0,2,400.0,22.0,0,1,0.0971698760986,1,94.0,2,19,-4.00547274408,3.47076188991,5.3,0,9,-10.5,5.0,400.0
3.1,0.0,1,400.0,22.0,0,2,0.0970170497894,0,94.0,1,3,4.00547274408,3.47076188991,5.3,0,9,-10.5,5.0,400.0
3.1,0.0,2,400.0,22.0,0,0,0.0971550941467,2,94.0,1,9,2.86539633251,-4.45864372401,5.3,0,9,-10.5,5.0,400.0
3.1,0.0,2,400.0,22.0,0,0,0.0970208644867,-1,94.0,2,9,2.86539633251,-4.45864372401,5.3,0,9,-10.5,5.0,400.0
3.1,0.0,2,400.0,22.0,0,0,0.0971541404724,1,94.0,2,10,1.49318255126,-5.08531276016,5.3,0,9,-10.5,5.0,400.0
3.1,0.0,2,400.0,22.0,0,1,0.097021818161,-1,94.0,2,10,1.49318255126,-5.08531276016,5.3,0,9,-10.5,5.0,400.0
3.1,0.0,1,400.0,22.0,0,0,0.0971620082855,0,94.0,2,11,6.49041367526e-16,-5.3,5.3,0,9,-10.5,5.0,400.0
3.1,0.0,1,400.0,22.0,0,1,0.0970180034637,-2,94.0,2,20,-2.86539633251,4.45864372401,5.3,0,9,-10.5,5.0,400.0
3.1,0.0,1,400.0,22.0,0,1,0.0970211029053,-1,94.0,2,17,-5.24605364197,0.754268642848,5.3,0,9,-10.5,5.0,400.0
3.1,0.0,2,400.0,22.0,0,-2,0.0971710681915,0,94.0,1,8,4.00547274408,-3.47076188991,5.3,0,9,-10.5,5.0,400.0
3.1,0.0,1,400.0,22.0,0,1,0.0970718860626,0,94.0,2,4,4.82104957538,2.20169956891,5.3,0,9,-10.5,5.0,400.0
3.1,0.0,2,400.0,22.0,0,0,0.0971608161926,1,94.0,2,7,4.82104957538,-2.20169956891,5.3,0,9,-10.5,5.0,400.0
3.1,0.0,1,400.0,22.0,0,0,0.097039937973,2,94.0,1,21,-1.49318255126,5.08531276016,5.3,0,9,-10.5,5.0,400.0
3.1,0.0,1,400.0,22.0,0,0,0.0971751213074,0,94.0,1,10,1.49318255126,-5.08531276016,5.3,0,9,-10.5,5.0,400.0
3.1,0.0,1,400.0,22.0,0,0,0.0970499515533,-1,94.0,2,12,-1.49318255126,-5.08531276016,5.3,0,9,-10.5,5.0,400.0
3.1,0.0,1,400.0,22.0,0,0,0.0970339775085,0,94.0,1,20,-2.86539633251,4.45864372401,5.3,0,9,-10.5,5.0,400.0
3.1,0.0,1,400.0,22.0,0,1,0.0971519947052,-1,94.0,1,20,-2.86539633251,4.45864372401,5.3,0,9,-10.5,5.0,400.0
3.1,0.0,2,400.0,22.0,0,-2,0.0970361232758,0,94.0,1,13,-2.86539633251,-4.45864372401,5.3,0,9,-10.5,5.0,400.0
3.1,0.0,2,400.0,22.0,0,0,0.0971479415894,1,94.0,1,20,-2.86539633251,4.45864372401,5.3,0,9,-10.5,5.0,400.0
3.1,0.0,2,400.0,22.0,0,2,0.0971028804779,-1,94.0,1,20,-2.86539633251,4.45864372401,5.3,0,9,-10.5,5.0,400.0
3.1,0.0,2,400.0,22.0,0,2,0.097198009491,0,94.0,1,10,1.49318255126,-5.08531276016,5.3,0,9,-10.5,5.0,400.0
3.1,0.0,2,400.0,22.0,0,-1,0.0971958637238,0,94.0,2,17,-5.24605364197,0.754268642848,5.3,0,9,-10.5,5.0,400.0
3.1,0.0,1,400.0,22.0,0,-1,0.0971689224243,0,94.0,1,11,6.49041367526e-16,-5.3,5.3,0,9,-10.5,5.0,400.0
3.1,0.0,2,400.0,22.0,0,0,0.0972061157227,-1,94.0,1,8,4.00547274408,-3.47076188991,5.3,0,9,-10.5,5.0,400.0
3.1,0.0,1,400.0,22.0,0,-2,0.0971930027008,1,94.0,2,2,2.86539633251,4.45864372401,5.3,0,9,-10.5,5.0,400.0
3.1,0.0,2,400.0,22.0,0,2,0.0971848964691,1,94.0,2,6,5.24605364197,-0.754268642848,5.3,0,9,-10.5,5.0,400.0
3.1,0.0,1,400.0,22.0,0,2,0.0971758365631,-2,94.0,1,9,2.86539633251,-4.45864372401,5.3,0,9,-10.5,5.0,400.0
3.1,0.0,1,400.0,22.0,0,0,0.0971939563751,-1,94.0,1,21,-1.49318255126,5.08531276016,5.3,0,9,-10.5,5.0,400.0
3.1,0.0,2,400.0,22.0,0,0,0.0971920490265,0,94.0,1,16,-5.24605364197,-0.754268642848,5.3,0,9,-10.5,5.0,400.0
3.1,0.0,2,400.0,22.0,0,0,0.0971920490265,1,94.0,2,13,-2.86539633251,-4.45864372401,5.3,0,9,-10.5,5.0,400.0
3.1,0.0,2,400.0,22.0,0,0,0.0971930027008,0,94.0,1,20,-2.86539633251,4.45864372401,5.3,0,9,-10.5,5.0,400.0
3.1,0.0,1,400.0,22.0,0,0,0.0971691608429,2,94.0,2,16,-5.24605364197,-0.754268642848,5.3,0,9,-10.5,5.0,400.0
3.1,0.0,2,400.0,22.0,0,1,0.0971350669861,1,94.0,1,5,5.24605364197,0.754268642848,5.3,0,9,-10.5,5.0,400.0
3.1,0.0,2,400.0,22.0,0,1,0.0971708297729,1,94.0,1,19,-4.00547274408,3.47076188991,5.3,0,9,-10.5,5.0,400.0
3.1,0.0,1,400.0,22.0,0,1,0.0971639156342,0,94.0,1,16,-5.24605364197,-0.754268642848,5.3,0,9,-10.5,5.0,400.0
3.1,0.0,2,400.0,22.0,0,0,0.0970118045807,0,94.0,1,7,4.82104957538,-2.20169956891,5.3,0,9,-10.5,5.0,400.0
3.1,0.0,2,400.0,22.0,0,0,0.09716796875,0,94.0,1,20,-2.86539633251,4.45864372401,5.3,0,9,-10.5,5.0,400.0
3.1,0.0,1,400.0,22.0,0,1,0.0970261096954,-1,94.0,2,19,-4.00547274408,3.47076188991,5.3,0,9,-10.5,5.0,400.0
3.1,0.0,2,400.0,22.0,0,-1,0.097156047821,0,94.0,1,11,6.49041367526e-16,-5.3,5.3,0,9,-10.5,5.0,400.0
3.1,0.0,1,400.0,22.0,0,0,0.0971598625183,0,94.0,2,5,5.24605364197,0.754268642848,5.3,0,9,-10.5,5.0,400.0
3.1,0.0,2,400.0,22.0,0,0,0.0970339775085,0,94.0,2,16,-5.24605364197,-0.754268642848,5.3,0,9,-10.5,5.0,400.0
3.1,0.0,1,400.0,22.0,0,0,0.0971519947052,1,94.0,1,10,1.49318255126,-5.08531276016,5.3,0,9,-10.5,5.0,400.0
3.1,0.0,1,400.0,22.0,0,-1,0.0970199108124,0,94.0,1,18,-4.82104957538,2.20169956891,5.3,0,9,-10.5,5.0,400.0
3.1,0.0,2,400.0,22.0,0,0,0.097149848938,0,94.0,1,18,-4.82104957538,2.20169956891,5.3,0,9,-10.5,5.0,400.0
3.1,0.0,1,400.0,22.0,0,0,0.0971670150757,2,94.0,1,15,-4.82104957538,-2.20169956891,5.3,0,9,-10.5,5.0,400.0
3.1,0.0,2,400.0,22.0,0,2,0.0970380306244,-1,94.0,1,1,1.49318255126,5.08531276016,5.3,0,9,-10.5,5.0,400.0
3.1,0.0,1,400.0,22.0,0,0,0.0971579551697,-2,94.0,2,10,1.49318255126,-5.08531276016,5.3,0,9,-10.5,5.0,400.0
3.1,0.0,2,400.0,22.0,0,-2,0.0971930027008,-2,94.0,1,19,-4.00547274408,3.47076188991,5.3,0,9,-10.5,5.0,400.0
3.1,0.0,2,400.0,22.0,0,1,0.0971708297729,0,94.0,2,13,-2.86539633251,-4.45864372401,5.3,0,9,-10.5,5.0,400.0
3.1,0.0,2,400.0,22.0,0,0,0.0970969200134,0,94.0,1,11,6.49041367526e-16,-5.3,5.3,0,9,-10.5,5.0,400.0
3.1,0.0,1,400.0,22.0,0,1,0.097158908844,2,94.0,1,0,0.0,5.3,5.3,0,9,-10.5,5.0,400.0
3.1,0.0,2,400.0,22.0,0,1,0.0970361232758,-1,94.0,2,9,2.86539633251,-4.45864372401,5.3,0,9,-10.5,5.0,400.0
3.1,0.0,2,400.0,22.0,0,-1,0.0971529483795,0,94.0,1,11,6.49041367526e-16,-5.3,5.3,0,9,-10.5,5.0,400.0
3.1,0.0,2,400.0,22.0,0,0,0.0970628261566,0,94.0,1,15,-4.82104957538,-2.20169956891,5.3,0,9,-10.5,5.0,400.0
3.1,0.0,1,400.0,22.0,0,1,0.0971939563751,1,94.0,2,14,-4.00547274408,-3.47076188991,5.3,0,9,-10.5,5.0,400.0
3.1,0.0,2,400.0,22.0,0,-1,0.0970959663391,0,94.0,2,19,-4.00547274408,3.47076188991,5.3,0,9,-10.5,5.0,400.0
3.1,0.0,2,400.0,22.0,0,0,0.0971829891205,0,94.0,2,13,-2.86539633251,-4.45864372401,5.3,0,9,-10.5,5.0,400.0
3.1,0.0,2,400.0,22.0,0,-2,0.0971829891205,-1,94.0,2,3,4.00547274408,3.47076188991,5.3,0,9,-10.5,5.0,400.0
3.1,0.0,1,400.0,22.0,0,2,0.0971250534058,0,94.0,1,18,-4.82104957538,2.20169956891,5.3,0,9,-10.5,5.0,400.0
3.1,0.0,2,400.0,22.0,0,-1,0.0970220565796,1,94.0,2,5,5.24605364197,0.754268642848,5.3,0,9,-10.5,5.0,400.0
3.1,0.0,2,400.0,22.0,0,0,0.0971519947052,1,94.0,1,7,4.82104957538,-2.20169956891,5.3,0,9,-10.5,5.0,400.0
3.1,0.0,1,400.0,22.0,0,-1,0.0971791744232,0,94.0,1,20,-2.86539633251,4.45864372401,5.3,0,9,-10.5,5.0,400.0
3.1,0.0,1,400.0,22.0,0,0,0.0971920490265,0,94.0,1,17,-5.24605364197,0.754268642848,5.3,0,9,-10.5,5.0,400.0
3.1,0.0,2,400.0,22.0,0,0,0.0971591472626,1,94.0,2,14,-4.00547274408,-3.47076188991,5.3,0,9,-10.5,5.0,400.0
3.1,0.0,1,400.0,22.0,0,0,0.0971651077271,0,94.0,2,17,-5.24605364197,0.754268642848,5.3,0,9,-10.5,5.0,400.0
3.1,0.0,2,400.0,22.0,0,-2,0.0971579551697,2,94.0,1,10,1.49318255126,-5.08531276016,5.3,0,9,-10.5,5.0,400.0
3.1,0.0,1,400.0,22.0,0,0,0.0971899032593,2,94.0,2,5,5.24605364197,0.754268642848,5.3,0,9,-10.5,5.0,400.0
3.1,0.0,1,400.0,22.0,0,0,0.097146987915,1,94.0,1,12,-1.49318255126,-5.08531276016,5.3,0,9,-10.5,5.0,400.0
3.1,0.0,1,400.0,22.0,0,-1,0.0971581935883,1,94.0,2,10,1.49318255126,-5.08531276016,5.3,0,9,-10.5,5.0,400.0
3.1,0.0,1,400.0,22.0,0,-1,0.0971539020538,1,94.0,2,4,4.82104957538,2.20169956891,5.3,0,9,-10.5,5.0,400.0
3.1,0.0,2,400.0,22.0,0,0,0.0971398353577,0,94.0,1,14,-4.00547274408,-3.47076188991,5.3,0,9,-10.5,5.0,400.0
3.1,0.0,2,400.0,22.0,0,1,0.0971348285675,-1,94.0,2,17,-5.24605364197,0.754268642848,5.3,0,9,-10.5,5.0,400.0
3.1,0.0,1,400.0,22.0,0,1,0.0971720218658,1,94.0,2,16,-5.24605364197,-0.754268642848,5.3,0,9,-10.5,5.0,400.0
3.1,0.0,1,400.0,22.0,0,2,0.0970180034637,0,94.0,1,7,4.82104957538,-2.20169956891,5.3,0,9,-10.5,5.0,400.0
3.1,0.0,1,400.0,22.0,0,2,0.0971329212189,0,94.0,2,1,1.49318255126,5.08531276016,5.3,0,9,-10.5,5.0,400.0
3.1,0.0,2,400.0,22.0,0,-1,0.0971801280975,1,94.0,2,6,5.24605364197,-0.754268642848,5.3,0,9,-10.5,5.0,400.0
3.1,0.0,1,400.0,22.0,0,0,0.0971808433533,-2,94.0,1,15,-4.82104957538,-2.20169956891,5.3,0,9,-10.5,5.0,400.0
3.1,0.0,2,400.0,22.0,0,1,0.0970118045807,2,94.0,2,13,-2.86539633251,-4.45864372401,5.3,0,9,-10.5,5.0,400.0
3.1,0.0,2,400.0,22.0,0,-1,0.0971732139587,0,94.0,2,20,-2.86539633251,4.45864372401,5.3,0,9,-10.5,5.0,400.0
3.1,0.0,1,400.0,22.0,0,1,0.0970661640167,0,94.0,2,6,5.24605364197,-0.754268642848,5.3,0,9,-10.5,5.0,400.0
3.1,0.0,2,400.0,22.0,0,2,0.0971519947052,1,94.0,1,1,1.49318255126,5.08531276016,5.3,0,9,-10.5,5.0,400.0
3.1,0.0,2,400.0,22.0,0,1,0.0970709323883,1,94.0,1,5,5.24605364197,0.754268642848,5.3,0,9,-10.5,5.0,400.0
3.1,0.0,2,400.0,22.0,0,1,0.0971598625183,1,94.0,1,5,5.24605364197,0.754268642848,5.3,0,9,-10.5,5.0,400.0
3.1,0.0,2,400.0,22.0,0,2,0.0970740318298,0,94.0,1,2,2.86539633251,4.45864372401,5.3,0,9,-10.5,5.0,400.0
3.1,0.0,2,400.0,22.0,0,1,0.0971701145172,-1,94.0,2,15,-4.82104957538,-2.20169956891,5.3,0,9,-10.5,5.0,400.0
3.1,0.0,2,400.0,22.0,0,1,0.09716796875,0,94.0,1,12,-1.49318255126,-5.08531276016,5.3,0,9,-10.5,5.0,400.0
3.1,0.0,1,400.0,22.0,0,2,0.0971839427948,0,94.0,1,12,-1.49318255126,-5.08531276016,5.3,0,9,-10.5,5.0,400.0
3.1,0.0,1,400.0,22.0,0,0,0.0971789360046,2,94.0,1,8,4.00547274408,-3.47076188991,5.3,0,9,-10.5,5.0,400.0
3.1,0.0,2,400.0,22.0,0,0,0.0970740318298,2,94.0,1,15,-4.82104957538,-2.20169956891,5.3,0,9,-10.5,5.0,400.0
3.1,0.0,2,400.0,22.0,0,0,0.097039937973,0,94.0,1,5,5.24605364197,0.754268642848,5.3,0,9,-10.5,5.0,400.0
3.1,0.0,1,400.0,22.0,0,0,0.0971548557281,0,94.0,2,5,5.24605364197,0.754268642848,5.3,0,9,-10.5,5.0,400.0
3.1,0.0,2,400.0,22.0,0,0,0.0970702171326,0,94.0,1,6,5.24605364197,-0.754268642848,5.3,0,9,-10.5,5.0,400.0
3.1,0.0,1,400.0,22.0,0,-2,0.0971519947052,0,94.0,1,21,-1.49318255126,5.08531276016,5.3,0,9,-10.5,5.0,400.0
3.1,0.0,1,400.0,22.0,0,-1,0.0971739292145,2,94.0,1,8,4.00547274408,-3.47076188991,5.3,0,9,-10.5,5.0,400.0
3.1,0.0,2,400.0,22.0,0,1,0.0971720218658,1,94.0,1,4,4.82104957538,2.20169956891,5.3,0,9,-10.5,5.0,400.0
3.1,0.0,2,400.0,22.0,0,-1,0.0972199440002,0,94.0,1,11,6.49041367526e-16,-5.3,5.3,0,9,-10.5,5.0,400.0
3.1,0.0,2,400.0,22.0,0,-1,0.097177028656,2,94.0,1,1,1.49318255126,5.08531276016,5.3,0,9,-10.5,5.0,400.0
3.1,0.0,1,400.0,22.0,0,-1,0.0971910953522,2,94.0,1,10,1.49318255126,-5.08531276016,5.3,0,9,-10.5,5.0,400.0
3.1,0.0,2,400.0,22.0,0,2,0.0971488952637,-1,94.0,1,20,-2.86539633251,4.45864372401,5.3,0,9,-10.5,5.0,400.0
3.1,0.0,2,400.0,22.0,0,1,0.0971918106079,-1,94.0,1,20,-2.86539633251,4.45864372401,5.3,0,9,-10.5,5.0,400.0
3.1,0.0,2,400.0,22.0,0,1,0.0971829891205,0,94.0,1,13,-2.86539633251,-4.45864372401,5.3,0,9,-10.5,5.0,400.0
3.1,0.0,1,400.0,22.0,0,-2,0.0971910953522,0,94.0,1,21,-1.49318255126,5.08531276016,5.3,0,9,-10.5,5.0,400.0
3.1,0.0,2,400.0,22.0,0,0,0.0971879959106,0,94.0,1,15,-4.82104957538,-2.20169956891,5.3,0,9,-10.5,5.0,400.0
3.1,0.0,2,400.0,22.0,0,1,0.0971820354462,0,94.0,1,12,-1.49318255126,-5.08531276016,5.3,0,9,-10.5,5.0,400.0
3.1,0.0,2,400.0,22.0,0,0,0.097195148468,-2,94.0,1,8,4.00547274408,-3.47076188991,5.3,0,9,-10.5,5.0,400.0
3.1,0.0,2,400.0,22.0,0,0,0.097158908844,0,94.0,1,5,5.24605364197,0.754268642848,5.3,0,9,-10.5,5.0,400.0
3.1,0.0,2,400.0,22.0,0,1,0.0971941947937,-1,94.0,1,6,5.24605364197,-0.754268642848,5.3,0,9,-10.5,5.0,400.0
3.1,0.0,2,400.0,22.0,0,0,0.0971281528473,0,94.0,1,11,6.49041367526e-16,-5.3,5.3,0,9,-10.5,5.0,400.0
3.1,0.0,2,400.0,22.0,0,0,0.0971779823303,0,94.0,1,9,2.86539633251,-4.45864372401,5.3,0,9,-10.5,5.0,400.0
3.1,0.0,2,400.0,22.0,0,-1,0.0970430374146,-1,94.0,1,2,2.86539633251,4.45864372401,5.3,0,9,-10.5,5.0,400.0
3.1,0.0,2,400.0,22.0,0,0,0.0971281528473,0,94.0,1,6,5.24605364197,-0.754268642848,5.3,0,9,-10.5,5.0,400.0
3.1,0.0,1,400.0,22.0,0,2,0.097039937973,-1,94.0,2,5,5.24605364197,0.754268642848,5.3,0,9,-10.5,5.0,400.0
3.1,0.0,2,400.0,22.0,0,-1,0.0971639156342,-1,94.0,1,21,-1.49318255126,5.08531276016,5.3,0,9,-10.5,5.0,400.0
3.1,0.0,2,400.0,22.0,0,0,0.0971789360046,-1,94.0,1,17,-5.24605364197,0.754268642848,5.3,0,9,-10.5,5.0,400.0
3.1,0.0,1,400.0,22.0,0,-1,0.0970160961151,-1,94.0,2,19,-4.00547274408,3.47076188991,5.3,0,9,-10.5,5.0,400.0
3.1,0.0,1,400.0,22.0,0,1,0.0971660614014,0,94.0,1,10,1.49318255126,-5.08531276016,5.3,0,9,-10.5,5.0,400.0
3.1,0.0,1,400.0,22.0,0,1,0.0971648693085,0,94.0,1,4,4.82104957538,2.20169956891,5.3,0,9,-10.5,5.0,400.0
3.1,0.0,2,400.0,22.0,0,0,0.0970230102539,0,94.0,1,17,-5.24605364197,0.754268642848,5.3,0,9,-10.5,5.0,400.0
3.1,0.0,2,400.0,22.0,0,-1,0.097158908844,0,94.0,1,20,-2.86539633251,4.45864372401,5.3,0,9,-10.5,5.0,400.0
3.1,0.0,2,400.0,22.0,0,2,0.09716796875,0,94.0,2,17,-5.24605364197,0.754268642848,5.3,0,9,-10.5,5.0,400.0
3.1,0.0,2,400.0,22.0,0,1,0.0970568656921,1,94.0,1,4,4.82104957538,2.20169956891,5.3,0,9,-10.5,5.0,400.0
3.1,0.0,2,400.0,22.0,0,0,0.0971789360046,-1,94.0,1,11,6.49041367526e-16,-5.3,5.3,0,9,-10.5,5.0,400.0
3.1,0.0,1,400.0,22.0,0,2,0.0971639156342,1,94.0,2,2,2.86539633251,4.45864372401,5.3,0,9,-10.5,5.0,400.0
3.1,0.0,2,400.0,22.0,0,0,0.0971620082855,-1,94.0,1,19,-4.00547274408,3.47076188991,5.3,0,9,-10.5,5.0,400.0
3.1,0.0,2,400.0,22.0,0,-2,0.0970361232758,1,94.0,1,4,4.82104957538,2.20169956891,5.3,0,9,-10.5,5.0,400.0
3.1,0.0,1,400.0,22.0,0,2,0.0971541404724,2,94.0,2,3,4.00547274408,3.47076188991,5.3,0,9,-10.5,5.0,400.0
3.1,0.0,2,400.0,22.0,0,0,0.0971701145172,1,94.0,2,9,2.86539633251,-4.45864372401,5.3,0,9,-10.5,5.0,400.0
3.1,0.0,1,400.0,22.0,0,0,0.0970389842987,1,94.0,2,15,-4.82104957538,-2.20169956891,5.3,0,9,-10.5,5.0,400.0
3.1,0.0,1,400.0,22.0,0,-2,0.0971579551697,2,94.0,2,12,-1.49318255126,-5.08531276016,5.3,0,9,-10.5,5.0,400.0
3.1,0.0,2,400.0,22.0,0,1,0.097030878067,0,94.0,2,17,-5.24605364197,0.754268642848,5.3,0,9,-10.5,5.0,400.0
3.1,0.0,2,400.0,22.0,0,1,0.0971779823303,2,94.0,1,3,4.00547274408,3.47076188991,5.3,0,9,-10.5,5.0,400.0
3.1,0.0,2,400.0,22.0,0,-1,0.0971658229828,0,94.0,2,19,-4.00547274408,3.47076188991,5.3,0,9,-10.5,5.0,400.0
3.1,0.0,1,400.0,22.0,0,0,0.0971999168396,1,94.0,2,17,-5.24605364197,0.754268642848,5.3,0,9,-10.5,5.0,400.0
3.1,0.0,1,400.0,22.0,0,-1,0.0972020626068,-1,94.0,2,8,4.00547274408,-3.47076188991,5.3,0,9,-10.5,5.0,400.0
3.1,0.0,1,400.0,22.0,0,0,0.0971961021423,-2,94.0,1,5,5.24605364197,0.754268642848,5.3,0,9,-10.5,5.0,400.0
3.1,0.0,2,400.0,22.0,0,0,0.0971910953522,0,94.0,1,21,-1.49318255126,5.08531276016,5.3,0,9,-10.5,5.0,400.0
3.1,0.0,2,400.0,22.0,0,0,0.0972881317139,2,94.0,1,6,5.24605364197,-0.754268642848,5.3,0,9,-10.5,5.0,400.0
3.1,0.0,2,400.0,22.0,0,-1,0.0971841812134,-2,94.0,1,20,-2.86539633251,4.45864372401,5.3,0,9,-10.5,5.0,400.0
3.1,0.0,2,400.0,22.0,0,-1,0.0971918106079,0,94.0,2,19,-4.00547274408,3.47076188991,5.3,0,9,-10.5,5.0,400.0
3.1,0.0,1,400.0,22.0,0,-1,0.0971820354462,-1,94.0,2,19,-4.00547274408,3.47076188991,5.3,0,9,-10.5,5.0,400.0
3.1,0.0,1,400.0,22.0,0,0,0.0971870422363,2,94.0,1,9,2.86539633251,-4.45864372401,5.3,0,9,-10.5,5.0,400.0
3.1,0.0,1,400.0,22.0,0,0,0.0971941947937,0,94.0,2,14,-4.00547274408,-3.47076188991,5.3,0,9,-10.5,5.0,400.0
3.1,0.0,2,400.0,22.0,0,0,0.0971670150757,0,94.0,1,6,5.24605364197,-0.754268642848,5.3,0,9,-10.5,5.0,400.0
3.1,0.0,2,400.0,22.0,0,-2,0.0972428321838,1,94.0,2,1,1.49318255126,5.08531276016,5.3,0,9,-10.5,5.0,400.0
3.1,0.0,2,400.0,22.0,0,0,0.0971920490265,-1,94.0,1,6,5.24605364197,-0.754268642848,5.3,0,9,-10.5,5.0,400.0
3.1,0.0,1,400.0,22.0,0,1,0.0971920490265,-1,94.0,2,7,4.82104957538,-2.20169956891,5.3,0,9,-10.5,5.0,400.0
3.1,0.0,2,400.0,22.0,0,0,0.0971851348877,-1,94.0,1,17,-5.24605364197,0.754268642848,5.3,0,9,-10.5,5.0,400.0
3.1,0.0,2,400.0,22.0,0,2,0.0971670150757,1,94.0,1,13,-2.86539633251,-4.45864372401,5.3,0,9,-10.5,5.0,400.0
3.1,0.0,1,400.0,22.0,0,1,0.0971748828888,2,94.0,1,15,-4.82104957538,-2.20169956891,5.3,0,9,-10.5,5.0,400.0
3.1,0.0,2,400.0,22.0,0,1,0.0971391201019,1,94.0,1,4,4.82104957538,2.20169956891,5.3,0,9,-10.5,5.0,400.0
3.1,0.0,2,400.0,22.0,0,0,0.0971579551697,-1,94.0,1,11,6.49041367526e-16,-5.3,5.3,0,9,-10.5,5.0,400.0
3.1,0.0,2,400.0,22.0,0,-1,0.0971670150757,-1,94.0,1,10,1.49318255126,-5.08531276016,5.3,0,9,-10.5,5.0,400.0
3.1,0.0,2,400.0,22.0,0,0,0.0971741676331,1,94.0,1,1,1.49318255126,5.08531276016,5.3,0,9,-10.5,5.0,400.0
3.1,0.0,1,400.0,22.0,0,0,0.0972437858582,0,94.0,1,1,1.49318255126,5.08531276016,5.3,0,9,-10.5,5.0,400.0
3.1,0.0,2,400.0,22.0,0,0,0.0970559120178,2,94.0,2,17,-5.24605364197,0.754268642848,5.3,0,9,-10.5,5.0,400.0
3.1,0.0,2,400.0,22.0,0,0,0.0971479415894,1,94.0,1,6,5.24605364197,-0.754268642848,5.3,0,9,-10.5,5.0,400.0
3.1,0.0,2,400.0,22.0,0,0,0.0971632003784,1,94.0,1,11,6.49041367526e-16,-5.3,5.3,0,9,-10.5,5.0,400.0
3.1,0.0,2,400.0,22.0,0,0,0.097058057785,1,94.0,1,5,5.24605364197,0.754268642848,5.3,0,9,-10.5,5.0,400.0
3.1,0.0,1,400.0,22.0,0,1,0.0971641540527,-1,94.0,2,12,-1.49318255126,-5.08531276016,5.3,0,9,-10.5,5.0,400.0
3.1,0.0,1,400.0,22.0,0,1,0.0970840454102,-1,94.0,2,10,1.49318255126,-5.08531276016,5.3,0,9,-10.5,5.0,400.0
3.1,0.0,2,400.0,22.0,0,0,0.0971660614014,0,94.0,1,18,-4.82104957538,2.20169956891,5.3,0,9,-10.5,5.0,400.0
3.1,0.0,1,400.0,22.0,0,1,0.0970280170441,0,94.0,2,1,1.49318255126,5.08531276016,5.3,0,9,-10.5,5.0,400.0
3.1,0.0,2,400.0,22.0,0,0,0.0971610546112,2,94.0,1,1,1.49318255126,5.08531276016,5.3,0,9,-10.5,5.0,400.0
3.1,0.0,1,400.0,22.0,0,0,0.0970270633698,1,94.0,1,15,-4.82104957538,-2.20169956891,5.3,0,9,-10.5,5.0,400.0
3.1,0.0,2,400.0,22.0,0,0,0.0971660614014,1,94.0,1,2,2.86539633251,4.45864372401,5.3,0,9,-10.5,5.0,400.0
3.1,0.0,2,400.0,22.0,0,2,0.0970749855042,-1,94.0,2,21,-1.49318255126,5.08531276016,5.3,0,9,-10.5,5.0,400.0
3.1,0.0,2,400.0,22.0,0,0,0.09716796875,-1,94.0,1,12,-1.49318255126,-5.08531276016,5.3,0,9,-10.5,5.0,400.0
3.1,0.0,1,400.0,22.0,0,2,0.0970821380615,-1,94.0,1,9,2.86539633251,-4.45864372401,5.3,0,9,-10.5,5.0,400.0
3.1,0.0,2,400.0,22.0,0,0,0.0971810817719,0,94.0,1,6,5.24605364197,-0.754268642848,5.3,0,9,-10.5,5.0,400.0
3.1,0.0,2,400.0,22.0,0,1,0.097090959549,1,94.0,1,11,6.49041367526e-16,-5.3,5.3,0,9,-10.5,5.0,400.0
3.1,0.0,2,400.0,22.0,0,-1,0.0971930027008,0,94.0,2,14,-4.00547274408,-3.47076188991,5.3,0,9,-10.5,5.0,400.0
3.1,0.0,1,400.0,22.0,0,-1,0.0971968173981,1,94.0,2,4,4.82104957538,2.20169956891,5.3,0,9,-10.5,5.0,400.0
3.1,0.0,2,400.0,22.0,0,0,0.0971910953522,0,94.0,1,7,4.82104957538,-2.20169956891,5.3,0,9,-10.5,5.0,400.0
