cue-length,ms-precue,resp-v-hv,ms-st-cue,nitems,offset2,resp-h-pos,actualStimOn,resp-v-pos,ms-stimon,resp-h-hv,cue-loc-int,cue-loc-x,cue-loc-y,radius,bars-or-spot,version,offset,npractice,ntrials
3.1,0.0,2,400.0,22.0,0,-1,0.100125074387,0,94.0,1,16,-5.24605364197,-0.754268642848,5.3,3.0,2,5,5.0,400.0
3.1,0.0,2,400.0,22.0,0,-1,0.100113153458,-1,94.0,2,5,5.24605364197,0.754268642848,5.3,3.0,2,5,5.0,400.0
3.1,0.0,1,400.0,22.0,0,0,0.10005402565,-1,94.0,2,10,1.49318255126,-5.08531276016,5.3,3.0,2,5,5.0,400.0
3.1,0.0,2,400.0,22.0,0,1,0.100201845169,-2,94.0,2,15,-4.82104957538,-2.20169956891,5.3,3.0,2,5,5.0,400.0
3.1,0.0,1,400.0,22.0,0,-1,0.10005903244,-1,94.0,1,21,-1.49318255126,5.08531276016,5.3,3.0,2,5,5.0,400.0
3.1,0.0,2,400.0,22.0,0,0,0.100147008896,1,94.0,2,20,-2.86539633251,4.45864372401,5.3,3.0,2,5,5.0,400.0
3.1,0.0,1,400.0,22.0,0,-2,0.0996661186218,0,94.0,1,7,4.82104957538,-2.20169956891,5.3,3.0,2,5,5.0,400.0
3.1,0.0,2,400.0,22.0,0,0,0.100134134293,0,94.0,1,13,-2.86539633251,-4.45864372401,5.3,3.0,2,5,5.0,400.0
3.1,0.0,1,400.0,22.0,0,2,0.100102901459,1,94.0,2,21,-1.49318255126,5.08531276016,5.3,3.0,2,5,5.0,400.0
3.1,0.0,1,400.0,22.0,0,0,0.100059986115,1,94.0,1,17,-5.24605364197,0.754268642848,5.3,3.0,2,5,5.0,400.0
3.1,0.0,2,400.0,22.0,0,1,0.100158929825,0,94.0,2,15,-4.82104957538,-2.20169956891,5.3,3.0,2,5,5.0,400.0
3.1,0.0,1,400.0,22.0,0,0,0.100082159042,0,94.0,1,0,0.0,5.3,5.3,3.0,2,5,5.0,400.0
3.1,0.0,2,400.0,22.0,0,0,0.100114822388,0,94.0,1,2,2.86539633251,4.45864372401,5.3,3.0,2,5,5.0,400.0
3.1,0.0,1,400.0,22.0,0,-2,0.100098133087,0,94.0,1,14,-4.00547274408,-3.47076188991,5.3,3.0,2,5,5.0,400.0
3.1,0.0,2,400.0,22.0,0,-1,0.100109100342,1,94.0,1,0,0.0,5.3,5.3,3.0,2,5,5.0,400.0
3.1,0.0,2,400.0,22.0,0,2,0.100102901459,0,94.0,1,17,-5.24605364197,0.754268642848,5.3,3.0,2,5,5.0,400.0
3.1,0.0,2,400.0,22.0,0,-2,0.100136041641,0,94.0,2,16,-5.24605364197,-0.754268642848,5.3,3.0,2,5,5.0,400.0
3.1,0.0,2,400.0,22.0,0,-1,0.100104093552,-2,94.0,2,9,2.86539633251,-4.45864372401,5.3,3.0,2,5,5.0,400.0
3.1,0.0,1,400.0,22.0,0,1,0.100130796432,2,94.0,1,14,-4.00547274408,-3.47076188991,5.3,3.0,2,5,5.0,400.0
3.1,0.0,2,400.0,22.0,0,1,0.100191116333,-1,94.0,2,17,-5.24605364197,0.754268642848,5.3,3.0,2,5,5.0,400.0
3.1,0.0,2,400.0,22.0,0,0,0.100196838379,-1,94.0,2,21,-1.49318255126,5.08531276016,5.3,3.0,2,5,5.0,400.0
3.1,0.0,1,400.0,22.0,0,2,0.100069999695,-2,94.0,1,10,1.49318255126,-5.08531276016,5.3,3.0,2,5,5.0,400.0
3.1,0.0,1,400.0,22.0,0,2,0.100123882294,-2,94.0,2,8,4.00547274408,-3.47076188991,5.3,3.0,2,5,5.0,400.0
3.1,0.0,1,400.0,22.0,0,0,0.10011100769,0,94.0,1,16,-5.24605364197,-0.754268642848,5.3,3.0,2,5,5.0,400.0
3.1,0.0,2,400.0,22.0,0,0,0.100170850754,-1,94.0,1,13,-2.86539633251,-4.45864372401,5.3,3.0,2,5,5.0,400.0
3.1,0.0,2,400.0,22.0,0,1,0.100119829178,2,94.0,1,3,4.00547274408,3.47076188991,5.3,3.0,2,5,5.0,400.0
3.1,0.0,2,400.0,22.0,0,0,0.100082874298,0,94.0,1,6,5.24605364197,-0.754268642848,5.3,3.0,2,5,5.0,400.0
3.1,0.0,2,400.0,22.0,0,0,0.100244998932,0,94.0,1,20,-2.86539633251,4.45864372401,5.3,3.0,2,5,5.0,400.0
3.1,0.0,1,400.0,22.0,0,0,0.100102901459,-1,94.0,1,12,-1.49318255126,-5.08531276016,5.3,3.0,2,5,5.0,400.0
3.1,0.0,2,400.0,22.0,0,0,0.100105047226,0,94.0,1,17,-5.24605364197,0.754268642848,5.3,3.0,2,5,5.0,400.0
3.1,0.0,2,400.0,22.0,0,1,0.100105047226,-2,94.0,1,2,2.86539633251,4.45864372401,5.3,3.0,2,5,5.0,400.0
3.1,0.0,2,400.0,22.0,0,1,0.103448152542,0,94.0,2,5,5.24605364197,0.754268642848,5.3,3.0,2,5,5.0,400.0
3.1,0.0,2,400.0,22.0,0,0,0.100099802017,-1,94.0,1,8,4.00547274408,-3.47076188991,5.3,3.0,2,5,5.0,400.0
3.1,0.0,1,400.0,22.0,0,-1,0.100088119507,0,94.0,2,15,-4.82104957538,-2.20169956891,5.3,3.0,2,5,5.0,400.0
3.1,0.0,2,400.0,22.0,0,-1,0.100253820419,0,94.0,1,8,4.00547274408,-3.47076188991,5.3,3.0,2,5,5.0,400.0
3.1,0.0,2,400.0,22.0,0,2,0.100080966949,0,94.0,2,11,6.49041367526e-16,-5.3,5.3,3.0,2,5,5.0,400.0
3.1,0.0,2,400.0,22.0,0,0,0.100126981735,0,94.0,1,15,-4.82104957538,-2.20169956891,5.3,3.0,2,5,5.0,400.0
3.1,0.0,2,400.0,22.0,0,-1,0.100112199783,0,94.0,1,21,-1.49318255126,5.08531276016,5.3,3.0,2,5,5.0,400.0
3.1,0.0,2,400.0,22.0,0,2,0.100075960159,0,94.0,1,16,-5.24605364197,-0.754268642848,5.3,3.0,2,5,5.0,400.0
3.1,0.0,2,400.0,22.0,0,-1,0.10015296936,-2,94.0,2,15,-4.82104957538,-2.20169956891,5.3,3.0,2,5,5.0,400.0
3.1,0.0,2,400.0,22.0,0,-1,0.100143909454,2,94.0,2,19,-4.00547274408,3.47076188991,5.3,3.0,2,5,5.0,400.0
3.1,0.0,2,400.0,22.0,0,0,0.100145101547,0,94.0,1,6,5.24605364197,-0.754268642848,5.3,3.0,2,5,5.0,400.0
3.1,0.0,2,400.0,22.0,0,0,0.100100040436,0,94.0,1,21,-1.49318255126,5.08531276016,5.3,3.0,2,5,5.0,400.0
3.1,0.0,2,400.0,22.0,0,0,0.100118160248,-2,94.0,1,3,4.00547274408,3.47076188991,5.3,3.0,2,5,5.0,400.0
3.1,0.0,2,400.0,22.0,0,1,0.100158214569,1,94.0,2,20,-2.86539633251,4.45864372401,5.3,3.0,2,5,5.0,400.0
3.1,0.0,2,400.0,22.0,0,0,0.100146055222,1,94.0,2,8,4.00547274408,-3.47076188991,5.3,3.0,2,5,5.0,400.0
3.1,0.0,2,400.0,22.0,0,-1,0.100065946579,1,94.0,1,20,-2.86539633251,4.45864372401,5.3,3.0,2,5,5.0,400.0
3.1,0.0,2,400.0,22.0,0,-1,0.100102901459,2,94.0,1,15,-4.82104957538,-2.20169956891,5.3,3.0,2,5,5.0,400.0
3.1,0.0,1,400.0,22.0,0,2,0.10015296936,1,94.0,2,13,-2.86539633251,-4.45864372401,5.3,3.0,2,5,5.0,400.0
3.1,0.0,2,400.0,22.0,0,0,0.100111961365,0,94.0,1,16,-5.24605364197,-0.754268642848,5.3,3.0,2,5,5.0,400.0
3.1,0.0,1,400.0,22.0,0,-2,0.100084066391,-2,94.0,1,21,-1.49318255126,5.08531276016,5.3,3.0,2,5,5.0,400.0
3.1,0.0,2,400.0,22.0,0,2,0.100049972534,1,94.0,1,0,0.0,5.3,5.3,3.0,2,5,5.0,400.0
3.1,0.0,2,400.0,22.0,0,-1,0.100160121918,-2,94.0,2,7,4.82104957538,-2.20169956891,5.3,3.0,2,5,5.0,400.0
3.1,0.0,2,400.0,22.0,0,0,0.100106954575,1,94.0,2,12,-1.49318255126,-5.08531276016,5.3,3.0,2,5,5.0,400.0
3.1,0.0,2,400.0,22.0,0,-2,0.10010099411,-1,94.0,1,18,-4.82104957538,2.20169956891,5.3,3.0,2,5,5.0,400.0
3.1,0.0,2,400.0,22.0,0,-1,0.100116014481,1,94.0,2,1,1.49318255126,5.08531276016,5.3,3.0,2,5,5.0,400.0
3.1,0.0,2,400.0,22.0,0,0,0.100169897079,0,94.0,1,0,0.0,5.3,5.3,3.0,2,5,5.0,400.0
3.1,0.0,1,400.0,22.0,0,0,0.100102901459,1,94.0,1,13,-2.86539633251,-4.45864372401,5.3,3.0,2,5,5.0,400.0
3.1,0.0,2,400.0,22.0,0,0,0.100080013275,1,94.0,1,0,0.0,5.3,5.3,3.0,2,5,5.0,400.0
3.1,0.0,2,400.0,22.0,0,1,0.100135087967,1,94.0,1,3,4.00547274408,3.47076188991,5.3,3.0,2,5,5.0,400.0
3.1,0.0,2,400.0,22.0,0,0,0.100154161453,1,94.0,1,1,1.49318255126,5.08531276016,5.3,3.0,2,5,5.0,400.0
3.1,0.0,1,400.0,22.0,0,1,0.100090026855,0,94.0,1,15,-4.82104957538,-2.20169956891,5.3,3.0,2,5,5.0,400.0
3.1,0.0,1,400.0,22.0,0,-2,0.100090026855,-1,94.0,2,20,-2.86539633251,4.45864372401,5.3,3.0,2,5,5.0,400.0
3.1,0.0,1,400.0,22.0,0,0,0.100076913834,-2,94.0,1,21,-1.49318255126,5.08531276016,5.3,3.0,2,5,5.0,400.0
3.1,0.0,2,400.0,22.0,0,0,0.10009098053,2,94.0,1,14,-4.00547274408,-3.47076188991,5.3,3.0,2,5,5.0,400.0
3.1,0.0,2,400.0,22.0,0,-2,0.100129842758,2,94.0,2,14,-4.00547274408,-3.47076188991,5.3,3.0,2,5,5.0,400.0
3.1,0.0,2,400.0,22.0,0,0,0.100113868713,-2,94.0,2,21,-1.49318255126,5.08531276016,5.3,3.0,2,5,5.0,400.0
3.1,0.0,1,400.0,22.0,0,1,0.100107908249,1,94.0,2,15,-4.82104957538,-2.20169956891,5.3,3.0,2,5,5.0,400.0
3.1,0.0,2,400.0,22.0,0,0,0.100089073181,-2,94.0,1,0,0.0,5.3,5.3,3.0,2,5,5.0,400.0
3.1,0.0,2,400.0,22.0,0,0,0.100124120712,1,94.0,1,1,1.49318255126,5.08531276016,5.3,3.0,2,5,5.0,400.0
3.1,0.0,2,400.0,22.0,0,-1,0.10013794899,-2,94.0,2,7,4.82104957538,-2.20169956891,5.3,3.0,2,5,5.0,400.0
3.1,0.0,2,400.0,22.0,0,1,0.10005402565,0,94.0,2,4,4.82104957538,2.20169956891,5.3,3.0,2,5,5.0,400.0
3.1,0.0,2,400.0,22.0,0,0,0.100091934204,0,94.0,1,15,-4.82104957538,-2.20169956891,5.3,3.0,2,5,5.0,400.0
3.1,0.0,2,400.0,22.0,0,2,0.1001060009,0,94.0,1,12,-1.49318255126,-5.08531276016,5.3,3.0,2,5,5.0,400.0
3.1,0.0,2,400.0,22.0,0,0,0.100175142288,1,94.0,2,21,-1.49318255126,5.08531276016,5.3,3.0,2,5,5.0,400.0
3.1,0.0,2,400.0,22.0,0,1,0.10011100769,1,94.0,1,12,-1.49318255126,-5.08531276016,5.3,3.0,2,5,5.0,400.0
3.1,0.0,1,400.0,22.0,0,0,0.100082874298,2,94.0,1,1,1.49318255126,5.08531276016,5.3,3.0,2,5,5.0,400.0
3.1,0.0,2,400.0,22.0,0,-1,0.100124835968,-1,94.0,1,8,4.00547274408,-3.47076188991,5.3,3.0,2,5,5.0,400.0
3.1,0.0,2,400.0,22.0,0,1,0.100133895874,-1,94.0,1,1,1.49318255126,5.08531276016,5.3,3.0,2,5,5.0,400.0
3.1,0.0,2,400.0,22.0,0,-1,0.0999200344086,0,94.0,1,11,6.49041367526e-16,-5.3,5.3,3.0,2,5,5.0,400.0
3.1,0.0,2,400.0,22.0,0,-1,0.100156068802,0,94.0,2,0,0.0,5.3,5.3,3.0,2,5,5.0,400.0
3.1,0.0,2,400.0,22.0,0,0,0.100159168243,1,94.0,1,3,4.00547274408,3.47076188991,5.3,3.0,2,5,5.0,400.0
3.1,0.0,2,400.0,22.0,0,0,0.10014796257,0,94.0,1,16,-5.24605364197,-0.754268642848,5.3,3.0,2,5,5.0,400.0
3.1,0.0,1,400.0,22.0,0,-2,0.100099802017,-2,94.0,1,19,-4.00547274408,3.47076188991,5.3,3.0,2,5,5.0,400.0
3.1,0.0,1,400.0,22.0,0,0,0.100072860718,-1,94.0,1,6,5.24605364197,-0.754268642848,5.3,3.0,2,5,5.0,400.0
3.1,0.0,2,400.0,22.0,0,0,0.100118160248,0,94.0,1,17,-5.24605364197,0.754268642848,5.3,3.0,2,5,5.0,400.0
3.1,0.0,1,400.0,22.0,0,0,0.100128889084,1,94.0,2,13,-2.86539633251,-4.45864372401,5.3,3.0,2,5,5.0,400.0
3.1,0.0,1,400.0,22.0,0,0,0.10008597374,0,94.0,1,20,-2.86539633251,4.45864372401,5.3,3.0,2,5,5.0,400.0
3.1,0.0,2,400.0,22.0,0,0,0.100072860718,0,94.0,1,16,-5.24605364197,-0.754268642848,5.3,3.0,2,5,5.0,400.0
3.1,0.0,2,400.0,22.0,0,-1,0.100057125092,0,94.0,1,0,0.0,5.3,5.3,3.0,2,5,5.0,400.0
3.1,0.0,2,400.0,22.0,0,2,0.100080966949,2,94.0,1,13,-2.86539633251,-4.45864372401,5.3,3.0,2,5,5.0,400.0
3.1,0.0,1,400.0,22.0,0,1,0.100178003311,0,94.0,2,4,4.82104957538,2.20169956891,5.3,3.0,2,5,5.0,400.0
3.1,0.0,2,400.0,22.0,0,-2,0.100116968155,0,94.0,2,20,-2.86539633251,4.45864372401,5.3,3.0,2,5,5.0,400.0
3.1,0.0,2,400.0,22.0,0,1,0.100122928619,-1,94.0,2,18,-4.82104957538,2.20169956891,5.3,3.0,2,5,5.0,400.0
3.1,0.0,1,400.0,22.0,0,-1,0.100087881088,-2,94.0,1,10,1.49318255126,-5.08531276016,5.3,3.0,2,5,5.0,400.0
3.1,0.0,2,400.0,22.0,0,-1,0.100101947784,-2,94.0,2,8,4.00547274408,-3.47076188991,5.3,3.0,2,5,5.0,400.0
3.1,0.0,1,400.0,22.0,0,-2,0.100095033646,2,94.0,2,3,4.00547274408,3.47076188991,5.3,3.0,2,5,5.0,400.0
3.1,0.0,2,400.0,22.0,0,-1,0.100152015686,0,94.0,1,2,2.86539633251,4.45864372401,5.3,3.0,2,5,5.0,400.0
3.1,0.0,2,400.0,22.0,0,1,0.100126028061,2,94.0,2,14,-4.00547274408,-3.47076188991,5.3,3.0,2,5,5.0,400.0
3.1,0.0,1,400.0,22.0,0,-2,0.10010099411,0,94.0,1,20,-2.86539633251,4.45864372401,5.3,3.0,2,5,5.0,400.0
3.1,0.0,2,400.0,22.0,0,-1,0.100090026855,0,94.0,1,12,-1.49318255126,-5.08531276016,5.3,3.0,2,5,5.0,400.0
3.1,0.0,2,400.0,22.0,0,-1,0.100131988525,-1,94.0,1,7,4.82104957538,-2.20169956891,5.3,3.0,2,5,5.0,400.0
3.1,0.0,2,400.0,22.0,0,-1,0.100105047226,-1,94.0,1,10,1.49318255126,-5.08531276016,5.3,3.0,2,5,5.0,400.0
3.1,0.0,2,400.0,22.0,0,-2,0.100104093552,-1,94.0,1,6,5.24605364197,-0.754268642848,5.3,3.0,2,5,5.0,400.0
3.1,0.0,2,400.0,22.0,0,0,0.100109815598,-1,94.0,1,18,-4.82104957538,2.20169956891,5.3,3.0,2,5,5.0,400.0
3.1,0.0,2,400.0,22.0,0,-1,0.100140810013,-1,94.0,1,5,5.24605364197,0.754268642848,5.3,3.0,2,5,5.0,400.0
3.1,0.0,2,400.0,22.0,0,1,0.100146055222,0,94.0,1,17,-5.24605364197,0.754268642848,5.3,3.0,2,5,5.0,400.0
3.1,0.0,1,400.0,22.0,0,0,0.10005903244,1,94.0,2,12,-1.49318255126,-5.08531276016,5.3,3.0,2,5,5.0,400.0
3.1,0.0,1,400.0,22.0,0,2,0.100144863129,0,94.0,1,21,-1.49318255126,5.08531276016,5.3,3.0,2,5,5.0,400.0
3.1,0.0,1,400.0,22.0,0,-2,0.100136995316,2,94.0,2,14,-4.00547274408,-3.47076188991,5.3,3.0,2,5,5.0,400.0
3.1,0.0,2,400.0,22.0,0,1,0.100088119507,0,94.0,1,7,4.82104957538,-2.20169956891,5.3,3.0,2,5,5.0,400.0
3.1,0.0,2,400.0,22.0,0,1,0.100275039673,-1,94.0,2,3,4.00547274408,3.47076188991,5.3,3.0,2,5,5.0,400.0
3.1,0.0,2,400.0,22.0,0,0,0.100055932999,0,94.0,1,21,-1.49318255126,5.08531276016,5.3,3.0,2,5,5.0,400.0
3.1,0.0,2,400.0,22.0,0,-1,0.10014796257,-1,94.0,1,0,0.0,5.3,5.3,3.0,2,5,5.0,400.0
3.1,0.0,2,400.0,22.0,0,-1,0.100151062012,-1,94.0,1,17,-5.24605364197,0.754268642848,5.3,3.0,2,5,5.0,400.0
3.1,0.0,2,400.0,22.0,0,2,0.10017490387,2,94.0,1,14,-4.00547274408,-3.47076188991,5.3,3.0,2,5,5.0,400.0
3.1,0.0,2,400.0,22.0,0,0,0.100081920624,-1,94.0,1,0,0.0,5.3,5.3,3.0,2,5,5.0,400.0
3.1,0.0,2,400.0,22.0,0,0,0.100097894669,0,94.0,1,14,-4.00547274408,-3.47076188991,5.3,3.0,2,5,5.0,400.0
3.1,0.0,1,400.0,22.0,0,2,0.100142002106,0,94.0,1,14,-4.00547274408,-3.47076188991,5.3,3.0,2,5,5.0,400.0
3.1,0.0,2,400.0,22.0,0,0,0.0998890399933,0,94.0,1,5,5.24605364197,0.754268642848,5.3,3.0,2,5,5.0,400.0
3.1,0.0,1,400.0,22.0,0,-1,0.10013794899,0,94.0,1,17,-5.24605364197,0.754268642848,5.3,3.0,2,5,5.0,400.0
3.1,0.0,2,400.0,22.0,0,-1,0.100142002106,-1,94.0,1,8,4.00547274408,-3.47076188991,5.3,3.0,2,5,5.0,400.0
3.1,0.0,1,400.0,22.0,0,1,0.100107908249,-1,94.0,1,20,-2.86539633251,4.45864372401,5.3,3.0,2,5,5.0,400.0
3.1,0.0,1,400.0,22.0,0,-2,0.100070953369,0,94.0,2,20,-2.86539633251,4.45864372401,5.3,3.0,2,5,5.0,400.0
3.1,0.0,2,400.0,22.0,0,-2,0.100117921829,-2,94.0,1,13,-2.86539633251,-4.45864372401,5.3,3.0,2,5,5.0,400.0
3.1,0.0,2,400.0,22.0,0,-2,0.100107908249,-2,94.0,1,9,2.86539633251,-4.45864372401,5.3,3.0,2,5,5.0,400.0
3.1,0.0,2,400.0,22.0,0,0,0.100094079971,-1,94.0,1,0,0.0,5.3,5.3,3.0,2,5,5.0,400.0
3.1,0.0,1,400.0,22.0,0,-2,0.100129127502,2,94.0,1,12,-1.49318255126,-5.08531276016,5.3,3.0,2,5,5.0,400.0
3.1,0.0,2,400.0,22.0,0,2,0.100471973419,2,94.0,1,2,2.86539633251,4.45864372401,5.3,3.0,2,5,5.0,400.0
3.1,0.0,2,400.0,22.0,0,-2,0.100053787231,2,94.0,2,21,-1.49318255126,5.08531276016,5.3,3.0,2,5,5.0,400.0
3.1,0.0,2,400.0,22.0,0,-2,0.100155115128,-2,94.0,1,20,-2.86539633251,4.45864372401,5.3,3.0,2,5,5.0,400.0
3.1,0.0,2,400.0,22.0,0,0,0.100089073181,1,94.0,1,15,-4.82104957538,-2.20169956891,5.3,3.0,2,5,5.0,400.0
3.1,0.0,1,400.0,22.0,0,-1,0.100047111511,1,94.0,1,11,6.49041367526e-16,-5.3,5.3,3.0,2,5,5.0,400.0
3.1,0.0,1,400.0,22.0,0,-2,0.10012793541,1,94.0,2,5,5.24605364197,0.754268642848,5.3,3.0,2,5,5.0,400.0
3.1,0.0,2,400.0,22.0,0,0,0.100136041641,0,94.0,1,6,5.24605364197,-0.754268642848,5.3,3.0,2,5,5.0,400.0
3.1,0.0,1,400.0,22.0,0,2,0.100094795227,2,94.0,1,16,-5.24605364197,-0.754268642848,5.3,3.0,2,5,5.0,400.0
3.1,0.0,2,400.0,22.0,0,1,0.100098133087,2,94.0,1,4,4.82104957538,2.20169956891,5.3,3.0,2,5,5.0,400.0
3.1,0.0,2,400.0,22.0,0,0,0.100111961365,0,94.0,1,0,0.0,5.3,5.3,3.0,2,5,5.0,400.0
3.1,0.0,1,400.0,22.0,0,-1,0.100150108337,2,94.0,2,18,-4.82104957538,2.20169956891,5.3,3.0,2,5,5.0,400.0
3.1,0.0,2,400.0,22.0,0,0,0.100105047226,0,94.0,2,4,4.82104957538,2.20169956891,5.3,3.0,2,5,5.0,400.0
3.1,0.0,2,400.0,22.0,0,-1,0.100152015686,-2,94.0,1,18,-4.82104957538,2.20169956891,5.3,3.0,2,5,5.0,400.0
3.1,0.0,2,400.0,22.0,0,0,0.100080966949,0,94.0,1,0,0.0,5.3,5.3,3.0,2,5,5.0,400.0
3.1,0.0,2,400.0,22.0,0,-1,0.10011100769,0,94.0,1,6,5.24605364197,-0.754268642848,5.3,3.0,2,5,5.0,400.0
3.1,0.0,2,400.0,22.0,0,0,0.100119829178,2,94.0,2,13,-2.86539633251,-4.45864372401,5.3,3.0,2,5,5.0,400.0
3.1,0.0,2,400.0,22.0,0,1,0.100077867508,-2,94.0,2,14,-4.00547274408,-3.47076188991,5.3,3.0,2,5,5.0,400.0
3.1,0.0,1,400.0,22.0,0,-1,0.100975990295,0,94.0,2,10,1.49318255126,-5.08531276016,5.3,3.0,2,5,5.0,400.0
3.1,0.0,2,400.0,22.0,0,-2,0.100063085556,-2,94.0,1,9,2.86539633251,-4.45864372401,5.3,3.0,2,5,5.0,400.0
3.1,0.0,2,400.0,22.0,0,-2,0.100111961365,-1,94.0,1,21,-1.49318255126,5.08531276016,5.3,3.0,2,5,5.0,400.0
3.1,0.0,2,400.0,22.0,0,1,0.100108861923,1,94.0,1,4,4.82104957538,2.20169956891,5.3,3.0,2,5,5.0,400.0
3.1,0.0,2,400.0,22.0,0,-1,0.100116968155,2,94.0,1,0,0.0,5.3,5.3,3.0,2,5,5.0,400.0
3.1,0.0,2,400.0,22.0,0,0,0.100109815598,-2,94.0,2,14,-4.00547274408,-3.47076188991,5.3,3.0,2,5,5.0,400.0
3.1,0.0,1,400.0,22.0,0,-2,0.10004401207,1,94.0,2,14,-4.00547274408,-3.47076188991,5.3,3.0,2,5,5.0,400.0
3.1,0.0,2,400.0,22.0,0,-1,0.100142002106,-1,94.0,1,7,4.82104957538,-2.20169956891,5.3,3.0,2,5,5.0,400.0
3.1,0.0,2,400.0,22.0,0,-1,0.100141048431,0,94.0,1,6,5.24605364197,-0.754268642848,5.3,3.0,2,5,5.0,400.0
3.1,0.0,1,400.0,22.0,0,0,0.10012793541,0,94.0,1,17,-5.24605364197,0.754268642848,5.3,3.0,2,5,5.0,400.0
3.1,0.0,1,400.0,22.0,0,-1,0.100103139877,-1,94.0,2,8,4.00547274408,-3.47076188991,5.3,3.0,2,5,5.0,400.0
3.1,0.0,2,400.0,22.0,0,0,0.100125074387,0,94.0,1,7,4.82104957538,-2.20169956891,5.3,3.0,2,5,5.0,400.0
3.1,0.0,1,400.0,22.0,0,0,0.1001329422,1,94.0,1,4,4.82104957538,2.20169956891,5.3,3.0,2,5,5.0,400.0
3.1,0.0,2,400.0,22.0,0,-1,0.100070953369,-2,94.0,1,7,4.82104957538,-2.20169956891,5.3,3.0,2,5,5.0,400.0
3.1,0.0,1,400.0,22.0,0,-2,0.100117921829,-2,94.0,1,12,-1.49318255126,-5.08531276016,5.3,3.0,2,5,5.0,400.0
3.1,0.0,1,400.0,22.0,0,1,0.100060939789,-2,94.0,1,3,4.00547274408,3.47076188991,5.3,3.0,2,5,5.0,400.0
3.1,0.0,1,400.0,22.0,0,2,0.100068092346,-1,94.0,2,14,-4.00547274408,-3.47076188991,5.3,3.0,2,5,5.0,400.0
3.1,0.0,2,400.0,22.0,0,0,0.1001060009,0,94.0,1,16,-5.24605364197,-0.754268642848,5.3,3.0,2,5,5.0,400.0
3.1,0.0,1,400.0,22.0,0,1,0.100071907043,-1,94.0,1,3,4.00547274408,3.47076188991,5.3,3.0,2,5,5.0,400.0
3.1,0.0,2,400.0,22.0,0,0,0.100108146667,0,94.0,1,2,2.86539633251,4.45864372401,5.3,3.0,2,5,5.0,400.0
3.1,0.0,2,400.0,22.0,0,1,0.100083827972,1,94.0,1,14,-4.00547274408,-3.47076188991,5.3,3.0,2,5,5.0,400.0
3.1,0.0,1,400.0,22.0,0,-1,0.100091934204,-1,94.0,2,13,-2.86539633251,-4.45864372401,5.3,3.0,2,5,5.0,400.0
3.1,0.0,1,400.0,22.0,0,2,0.100358009338,1,94.0,2,10,1.49318255126,-5.08531276016,5.3,3.0,2,5,5.0,400.0
3.1,0.0,1,400.0,22.0,0,-1,0.100211143494,1,94.0,1,9,2.86539633251,-4.45864372401,5.3,3.0,2,5,5.0,400.0
3.1,0.0,2,400.0,22.0,0,-1,0.100075006485,0,94.0,2,10,1.49318255126,-5.08531276016,5.3,3.0,2,5,5.0,400.0
3.1,0.0,1,400.0,22.0,0,-1,0.100075960159,-1,94.0,1,10,1.49318255126,-5.08531276016,5.3,3.0,2,5,5.0,400.0
3.1,0.0,2,400.0,22.0,0,1,0.10009598732,0,94.0,2,12,-1.49318255126,-5.08531276016,5.3,3.0,2,5,5.0,400.0
3.1,0.0,1,400.0,22.0,0,1,0.100069046021,1,94.0,1,18,-4.82104957538,2.20169956891,5.3,3.0,2,5,5.0,400.0
3.1,0.0,1,400.0,22.0,0,2,0.100185871124,0,94.0,1,14,-4.00547274408,-3.47076188991,5.3,3.0,2,5,5.0,400.0
3.1,0.0,2,400.0,22.0,0,0,0.100133895874,0,94.0,2,5,5.24605364197,0.754268642848,5.3,3.0,2,5,5.0,400.0
3.1,0.0,2,400.0,22.0,0,0,0.100116014481,0,94.0,1,6,5.24605364197,-0.754268642848,5.3,3.0,2,5,5.0,400.0
3.1,0.0,2,400.0,22.0,0,-1,0.100111961365,0,94.0,2,3,4.00547274408,3.47076188991,5.3,3.0,2,5,5.0,400.0
3.1,0.0,2,400.0,22.0,0,2,0.100100040436,-2,94.0,1,20,-2.86539633251,4.45864372401,5.3,3.0,2,5,5.0,400.0
3.1,0.0,2,400.0,22.0,0,2,0.100078821182,0,94.0,1,3,4.00547274408,3.47076188991,5.3,3.0,2,5,5.0,400.0
3.1,0.0,2,400.0,22.0,0,1,0.100075006485,0,94.0,1,2,2.86539633251,4.45864372401,5.3,3.0,2,5,5.0,400.0
3.1,0.0,2,400.0,22.0,0,2,0.100162982941,0,94.0,2,3,4.00547274408,3.47076188991,5.3,3.0,2,5,5.0,400.0
3.1,0.0,2,400.0,22.0,0,0,0.100118875504,0,94.0,1,4,4.82104957538,2.20169956891,5.3,3.0,2,5,5.0,400.0
3.1,0.0,2,400.0,22.0,0,2,0.100082874298,-1,94.0,1,9,2.86539633251,-4.45864372401,5.3,3.0,2,5,5.0,400.0
3.1,0.0,2,400.0,22.0,0,0,0.100126981735,0,94.0,1,6,5.24605364197,-0.754268642848,5.3,3.0,2,5,5.0,400.0
3.1,0.0,2,400.0,22.0,0,-2,0.100131988525,1,94.0,2,21,-1.49318255126,5.08531276016,5.3,3.0,2,5,5.0,400.0
3.1,0.0,1,400.0,22.0,0,-2,0.100082159042,2,94.0,2,11,6.49041367526e-16,-5.3,5.3,3.0,2,5,5.0,400.0
3.1,0.0,2,400.0,22.0,0,0,0.10010099411,0,94.0,1,11,6.49041367526e-16,-5.3,5.3,3.0,2,5,5.0,400.0
3.1,0.0,1,400.0,22.0,0,1,0.100589990616,2,94.0,2,7,4.82104957538,-2.20169956891,5.3,3.0,2,5,5.0,400.0
3.1,0.0,1,400.0,22.0,0,-1,0.100126981735,2,94.0,1,12,-1.49318255126,-5.08531276016,5.3,3.0,2,5,5.0,400.0
3.1,0.0,1,400.0,22.0,0,0,0.1001060009,2,94.0,1,17,-5.24605364197,0.754268642848,5.3,3.0,2,5,5.0,400.0
3.1,0.0,2,400.0,22.0,0,1,0.100116968155,-1,94.0,2,8,4.00547274408,-3.47076188991,5.3,3.0,2,5,5.0,400.0
3.1,0.0,2,400.0,22.0,0,-1,0.10015296936,0,94.0,2,18,-4.82104957538,2.20169956891,5.3,3.0,2,5,5.0,400.0
3.1,0.0,1,400.0,22.0,0,0,0.100108146667,0,94.0,1,6,5.24605364197,-0.754268642848,5.3,3.0,2,5,5.0,400.0
3.1,0.0,2,400.0,22.0,0,2,0.100238084793,2,94.0,1,14,-4.00547274408,-3.47076188991,5.3,3.0,2,5,5.0,400.0
3.1,0.0,1,400.0,22.0,0,-1,0.100147008896,-2,94.0,1,12,-1.49318255126,-5.08531276016,5.3,3.0,2,5,5.0,400.0
3.1,0.0,1,400.0,22.0,0,2,0.100115060806,1,94.0,2,11,6.49041367526e-16,-5.3,5.3,3.0,2,5,5.0,400.0
3.1,0.0,2,400.0,22.0,0,1,0.100102901459,0,94.0,1,2,2.86539633251,4.45864372401,5.3,3.0,2,5,5.0,400.0
3.1,0.0,1,400.0,22.0,0,2,0.100131988525,2,94.0,2,14,-4.00547274408,-3.47076188991,5.3,3.0,2,5,5.0,400.0
3.1,0.0,2,400.0,22.0,0,-2,0.100155830383,-2,94.0,1,8,4.00547274408,-3.47076188991,5.3,3.0,2,5,5.0,400.0
3.1,0.0,1,400.0,22.0,0,-1,0.100111961365,2,94.0,2,19,-4.00547274408,3.47076188991,5.3,3.0,2,5,5.0,400.0
3.1,0.0,1,400.0,22.0,0,0,0.100103139877,-1,94.0,2,6,5.24605364197,-0.754268642848,5.3,3.0,2,5,5.0,400.0
3.1,0.0,1,400.0,22.0,0,0,0.10017490387,2,94.0,2,12,-1.49318255126,-5.08531276016,5.3,3.0,2,5,5.0,400.0
3.1,0.0,2,400.0,22.0,0,0,0.100138902664,0,94.0,1,6,5.24605364197,-0.754268642848,5.3,3.0,2,5,5.0,400.0
3.1,0.0,1,400.0,22.0,0,1,0.100164890289,1,94.0,1,0,0.0,5.3,5.3,3.0,2,5,5.0,400.0
3.1,0.0,2,400.0,22.0,0,-2,0.100125074387,0,94.0,1,19,-4.00547274408,3.47076188991,5.3,3.0,2,5,5.0,400.0
3.1,0.0,2,400.0,22.0,0,-1,0.100098133087,0,94.0,1,15,-4.82104957538,-2.20169956891,5.3,3.0,2,5,5.0,400.0
3.1,0.0,2,400.0,22.0,0,0,0.100178956985,0,94.0,1,18,-4.82104957538,2.20169956891,5.3,3.0,2,5,5.0,400.0
3.1,0.0,2,400.0,22.0,0,1,0.100103139877,-1,94.0,1,4,4.82104957538,2.20169956891,5.3,3.0,2,5,5.0,400.0
3.1,0.0,2,400.0,22.0,0,-1,0.100118875504,-2,94.0,1,8,4.00547274408,-3.47076188991,5.3,3.0,2,5,5.0,400.0
3.1,0.0,1,400.0,22.0,0,0,0.100144863129,-2,94.0,1,3,4.00547274408,3.47076188991,5.3,3.0,2,5,5.0,400.0
3.1,0.0,2,400.0,22.0,0,0,0.100101232529,0,94.0,1,17,-5.24605364197,0.754268642848,5.3,3.0,2,5,5.0,400.0
3.1,0.0,2,400.0,22.0,0,-1,0.100108146667,-1,94.0,2,9,2.86539633251,-4.45864372401,5.3,3.0,2,5,5.0,400.0
3.1,0.0,2,400.0,22.0,0,0,0.100139856339,2,94.0,1,2,2.86539633251,4.45864372401,5.3,3.0,2,5,5.0,400.0
3.1,0.0,2,400.0,22.0,0,0,0.100111961365,2,94.0,2,10,1.49318255126,-5.08531276016,5.3,3.0,2,5,5.0,400.0
3.1,0.0,2,400.0,22.0,0,1,0.100149154663,-2,94.0,1,15,-4.82104957538,-2.20169956891,5.3,3.0,2,5,5.0,400.0
3.1,0.0,2,400.0,22.0,0,1,0.100087881088,1,94.0,1,15,-4.82104957538,-2.20169956891,5.3,3.0,2,5,5.0,400.0
3.1,0.0,1,400.0,22.0,0,-1,0.100095033646,1,94.0,2,13,-2.86539633251,-4.45864372401,5.3,3.0,2,5,5.0,400.0
3.1,0.0,2,400.0,22.0,0,2,0.10014295578,1,94.0,2,18,-4.82104957538,2.20169956891,5.3,3.0,2,5,5.0,400.0
3.1,0.0,1,400.0,22.0,0,0,0.100104093552,-1,94.0,1,18,-4.82104957538,2.20169956891,5.3,3.0,2,5,5.0,400.0
3.1,0.0,2,400.0,22.0,0,-1,0.10009098053,0,94.0,1,20,-2.86539633251,4.45864372401,5.3,3.0,2,5,5.0,400.0
3.1,0.0,2,400.0,22.0,0,-1,0.100111961365,-1,94.0,2,7,4.82104957538,-2.20169956891,5.3,3.0,2,5,5.0,400.0
3.1,0.0,2,400.0,22.0,0,0,0.100136995316,1,94.0,2,2,2.86539633251,4.45864372401,5.3,3.0,2,5,5.0,400.0
3.1,0.0,1,400.0,22.0,0,-2,0.100080966949,0,94.0,2,19,-4.00547274408,3.47076188991,5.3,3.0,2,5,5.0,400.0
3.1,0.0,2,400.0,22.0,0,2,0.10008597374,0,94.0,2,18,-4.82104957538,2.20169956891,5.3,3.0,2,5,5.0,400.0
3.1,0.0,2,400.0,22.0,0,1,0.10005402565,1,94.0,1,15,-4.82104957538,-2.20169956891,5.3,3.0,2,5,5.0,400.0
3.1,0.0,2,400.0,22.0,0,1,0.100067853928,0,94.0,1,14,-4.00547274408,-3.47076188991,5.3,3.0,2,5,5.0,400.0
3.1,0.0,1,400.0,22.0,0,1,0.100130081177,2,94.0,1,19,-4.00547274408,3.47076188991,5.3,3.0,2,5,5.0,400.0
3.1,0.0,2,400.0,22.0,0,-1,0.10058093071,1,94.0,1,21,-1.49318255126,5.08531276016,5.3,3.0,2,5,5.0,400.0
3.1,0.0,2,400.0,22.0,0,1,0.100134849548,0,94.0,1,2,2.86539633251,4.45864372401,5.3,3.0,2,5,5.0,400.0
3.1,0.0,2,400.0,22.0,0,0,0.100092887878,1,94.0,1,4,4.82104957538,2.20169956891,5.3,3.0,2,5,5.0,400.0
3.1,0.0,2,400.0,22.0,0,0,0.10010099411,-2,94.0,1,10,1.49318255126,-5.08531276016,5.3,3.0,2,5,5.0,400.0
3.1,0.0,2,400.0,22.0,0,1,0.100084066391,0,94.0,2,15,-4.82104957538,-2.20169956891,5.3,3.0,2,5,5.0,400.0
3.1,0.0,2,400.0,22.0,0,2,0.100098848343,-1,94.0,2,11,6.49041367526e-16,-5.3,5.3,3.0,2,5,5.0,400.0
3.1,0.0,1,400.0,22.0,0,-2,0.100095033646,-1,94.0,2,10,1.49318255126,-5.08531276016,5.3,3.0,2,5,5.0,400.0
3.1,0.0,2,400.0,22.0,0,0,0.100066900253,0,94.0,1,20,-2.86539633251,4.45864372401,5.3,3.0,2,5,5.0,400.0
3.1,0.0,1,400.0,22.0,0,1,0.10011100769,1,94.0,1,15,-4.82104957538,-2.20169956891,5.3,3.0,2,5,5.0,400.0
3.1,0.0,2,400.0,22.0,0,-1,0.100087881088,0,94.0,2,16,-5.24605364197,-0.754268642848,5.3,3.0,2,5,5.0,400.0
3.1,0.0,2,400.0,22.0,0,0,0.100119829178,0,94.0,1,16,-5.24605364197,-0.754268642848,5.3,3.0,2,5,5.0,400.0
3.1,0.0,1,400.0,22.0,0,-1,0.100077152252,0,94.0,1,11,6.49041367526e-16,-5.3,5.3,3.0,2,5,5.0,400.0
3.1,0.0,2,400.0,22.0,0,1,0.100285053253,1,94.0,1,10,1.49318255126,-5.08531276016,5.3,3.0,2,5,5.0,400.0
3.1,0.0,2,400.0,22.0,0,1,0.0997490882874,1,94.0,2,13,-2.86539633251,-4.45864372401,5.3,3.0,2,5,5.0,400.0
3.1,0.0,2,400.0,22.0,0,-1,0.100095033646,1,94.0,2,19,-4.00547274408,3.47076188991,5.3,3.0,2,5,5.0,400.0
3.1,0.0,2,400.0,22.0,0,1,0.100116014481,1,94.0,1,15,-4.82104957538,-2.20169956891,5.3,3.0,2,5,5.0,400.0
3.1,0.0,1,400.0,22.0,0,1,0.10019993782,-2,94.0,1,12,-1.49318255126,-5.08531276016,5.3,3.0,2,5,5.0,400.0
3.1,0.0,1,400.0,22.0,0,0,0.10014796257,0,94.0,1,11,6.49041367526e-16,-5.3,5.3,3.0,2,5,5.0,400.0
3.1,0.0,2,400.0,22.0,0,2,0.100404024124,2,94.0,2,12,-1.49318255126,-5.08531276016,5.3,3.0,2,5,5.0,400.0
3.1,0.0,2,400.0,22.0,0,1,0.100089073181,2,94.0,2,1,1.49318255126,5.08531276016,5.3,3.0,2,5,5.0,400.0
3.1,0.0,1,400.0,22.0,0,2,0.100120067596,2,94.0,1,11,6.49041367526e-16,-5.3,5.3,3.0,2,5,5.0,400.0
3.1,0.0,2,400.0,22.0,0,-1,0.10005903244,0,94.0,2,8,4.00547274408,-3.47076188991,5.3,3.0,2,5,5.0,400.0
3.1,0.0,1,400.0,22.0,0,1,0.10014295578,1,94.0,1,20,-2.86539633251,4.45864372401,5.3,3.0,2,5,5.0,400.0
3.1,0.0,2,400.0,22.0,0,0,0.100111961365,-2,94.0,2,19,-4.00547274408,3.47076188991,5.3,3.0,2,5,5.0,400.0
3.1,0.0,1,400.0,22.0,0,-1,0.100136995316,-1,94.0,1,17,-5.24605364197,0.754268642848,5.3,3.0,2,5,5.0,400.0
3.1,0.0,2,400.0,22.0,0,-2,0.100049972534,1,94.0,1,1,1.49318255126,5.08531276016,5.3,3.0,2,5,5.0,400.0
3.1,0.0,2,400.0,22.0,0,0,0.100116968155,-2,94.0,1,17,-5.24605364197,0.754268642848,5.3,3.0,2,5,5.0,400.0
3.1,0.0,2,400.0,22.0,0,1,0.100085020065,1,94.0,1,12,-1.49318255126,-5.08531276016,5.3,3.0,2,5,5.0,400.0
3.1,0.0,1,400.0,22.0,0,0,0.100187063217,0,94.0,2,11,6.49041367526e-16,-5.3,5.3,3.0,2,5,5.0,400.0
3.1,0.0,2,400.0,22.0,0,-2,0.100103855133,-2,94.0,2,14,-4.00547274408,-3.47076188991,5.3,3.0,2,5,5.0,400.0
3.1,0.0,2,400.0,22.0,0,0,0.100116968155,1,94.0,2,17,-5.24605364197,0.754268642848,5.3,3.0,2,5,5.0,400.0
3.1,0.0,1,400.0,22.0,0,2,0.100081920624,0,94.0,2,2,2.86539633251,4.45864372401,5.3,3.0,2,5,5.0,400.0
3.1,0.0,1,400.0,22.0,0,2,0.100095033646,2,94.0,1,19,-4.00547274408,3.47076188991,5.3,3.0,2,5,5.0,400.0
3.1,0.0,2,400.0,22.0,0,0,0.100155115128,-2,94.0,1,20,-2.86539633251,4.45864372401,5.3,3.0,2,5,5.0,400.0
3.1,0.0,1,400.0,22.0,0,1,0.100114822388,2,94.0,2,13,-2.86539633251,-4.45864372401,5.3,3.0,2,5,5.0,400.0
3.1,0.0,1,400.0,22.0,0,-2,0.100075960159,1,94.0,2,15,-4.82104957538,-2.20169956891,5.3,3.0,2,5,5.0,400.0
3.1,0.0,2,400.0,22.0,0,-1,0.100138902664,2,94.0,2,10,1.49318255126,-5.08531276016,5.3,3.0,2,5,5.0,400.0
3.1,0.0,1,400.0,22.0,0,-2,0.10012793541,1,94.0,1,1,1.49318255126,5.08531276016,5.3,3.0,2,5,5.0,400.0
3.1,0.0,2,400.0,22.0,0,-2,0.100088834763,0,94.0,2,18,-4.82104957538,2.20169956891,5.3,3.0,2,5,5.0,400.0
3.1,0.0,2,400.0,22.0,0,-2,0.100101947784,1,94.0,1,15,-4.82104957538,-2.20169956891,5.3,3.0,2,5,5.0,400.0
3.1,0.0,2,400.0,22.0,0,-1,0.100082159042,1,94.0,2,19,-4.00547274408,3.47076188991,5.3,3.0,2,5,5.0,400.0
3.1,0.0,1,400.0,22.0,0,2,0.100103139877,-2,94.0,1,10,1.49318255126,-5.08531276016,5.3,3.0,2,5,5.0,400.0
3.1,0.0,2,400.0,22.0,0,0,0.100063800812,0,94.0,1,5,5.24605364197,0.754268642848,5.3,3.0,2,5,5.0,400.0
3.1,0.0,2,400.0,22.0,0,-1,0.100088119507,1,94.0,1,6,5.24605364197,-0.754268642848,5.3,3.0,2,5,5.0,400.0
3.1,0.0,2,400.0,22.0,0,0,0.100096940994,0,94.0,1,3,4.00547274408,3.47076188991,5.3,3.0,2,5,5.0,400.0
3.1,0.0,2,400.0,22.0,0,2,0.100186109543,2,94.0,1,15,-4.82104957538,-2.20169956891,5.3,3.0,2,5,5.0,400.0
3.1,0.0,2,400.0,22.0,0,-2,0.100139856339,-1,94.0,1,3,4.00547274408,3.47076188991,5.3,3.0,2,5,5.0,400.0
3.1,0.0,1,400.0,22.0,0,-1,0.100094795227,-1,94.0,1,21,-1.49318255126,5.08531276016,5.3,3.0,2,5,5.0,400.0
3.1,0.0,2,400.0,22.0,0,0,0.100121974945,0,94.0,1,6,5.24605364197,-0.754268642848,5.3,3.0,2,5,5.0,400.0
3.1,0.0,2,400.0,22.0,0,0,0.100117921829,0,94.0,1,2,2.86539633251,4.45864372401,5.3,3.0,2,5,5.0,400.0
3.1,0.0,1,400.0,22.0,0,-1,0.100091934204,-2,94.0,2,21,-1.49318255126,5.08531276016,5.3,3.0,2,5,5.0,400.0
3.1,0.0,1,400.0,22.0,0,0,0.100085020065,-2,94.0,1,13,-2.86539633251,-4.45864372401,5.3,3.0,2,5,5.0,400.0
3.1,0.0,1,400.0,22.0,0,0,0.100092887878,0,94.0,1,19,-4.00547274408,3.47076188991,5.3,3.0,2,5,5.0,400.0
3.1,0.0,2,400.0,22.0,0,0,0.100116968155,0,94.0,1,6,5.24605364197,-0.754268642848,5.3,3.0,2,5,5.0,400.0
3.1,0.0,2,400.0,22.0,0,0,0.100113153458,0,94.0,1,7,4.82104957538,-2.20169956891,5.3,3.0,2,5,5.0,400.0
3.1,0.0,2,400.0,22.0,0,0,0.100100040436,0,94.0,1,5,5.24605364197,0.754268642848,5.3,3.0,2,5,5.0,400.0
3.1,0.0,2,400.0,22.0,0,-2,0.100114822388,0,94.0,2,13,-2.86539633251,-4.45864372401,5.3,3.0,2,5,5.0,400.0
3.1,0.0,1,400.0,22.0,0,2,0.100104093552,1,94.0,1,0,0.0,5.3,5.3,3.0,2,5,5.0,400.0
3.1,0.0,1,400.0,22.0,0,2,0.100114107132,2,94.0,1,3,4.00547274408,3.47076188991,5.3,3.0,2,5,5.0,400.0
3.1,0.0,2,400.0,22.0,0,0,0.100107908249,0,94.0,1,11,6.49041367526e-16,-5.3,5.3,3.0,2,5,5.0,400.0
3.1,0.0,2,400.0,22.0,0,1,0.10023188591,1,94.0,1,15,-4.82104957538,-2.20169956891,5.3,3.0,2,5,5.0,400.0
3.1,0.0,1,400.0,22.0,0,0,0.100150823593,-2,94.0,2,10,1.49318255126,-5.08531276016,5.3,3.0,2,5,5.0,400.0
3.1,0.0,2,400.0,22.0,0,0,0.100304841995,0,94.0,1,11,6.49041367526e-16,-5.3,5.3,3.0,2,5,5.0,400.0
3.1,0.0,1,400.0,22.0,0,-2,0.100148916245,0,94.0,1,15,-4.82104957538,-2.20169956891,5.3,3.0,2,5,5.0,400.0
3.1,0.0,2,400.0,22.0,0,1,0.10012793541,-1,94.0,1,6,5.24605364197,-0.754268642848,5.3,3.0,2,5,5.0,400.0
3.1,0.0,1,400.0,22.0,0,0,0.100082874298,0,94.0,1,11,6.49041367526e-16,-5.3,5.3,3.0,2,5,5.0,400.0
3.1,0.0,2,400.0,22.0,0,0,0.100079059601,0,94.0,1,5,5.24605364197,0.754268642848,5.3,3.0,2,5,5.0,400.0
3.1,0.0,2,400.0,22.0,0,-1,0.100113153458,1,94.0,1,9,2.86539633251,-4.45864372401,5.3,3.0,2,5,5.0,400.0
3.1,0.0,2,400.0,22.0,0,0,0.100092887878,0,94.0,1,11,6.49041367526e-16,-5.3,5.3,3.0,2,5,5.0,400.0
3.1,0.0,2,400.0,22.0,0,-1,0.100095033646,1,94.0,2,13,-2.86539633251,-4.45864372401,5.3,3.0,2,5,5.0,400.0
3.1,0.0,2,400.0,22.0,0,-2,0.101089000702,-1,94.0,1,9,2.86539633251,-4.45864372401,5.3,3.0,2,5,5.0,400.0
3.1,0.0,2,400.0,22.0,0,2,0.100029945374,-1,94.0,1,0,0.0,5.3,5.3,3.0,2,5,5.0,400.0
3.1,0.0,1,400.0,22.0,0,1,0.100128173828,2,94.0,1,3,4.00547274408,3.47076188991,5.3,3.0,2,5,5.0,400.0
3.1,0.0,1,400.0,22.0,0,-1,0.100112915039,0,94.0,2,12,-1.49318255126,-5.08531276016,5.3,3.0,2,5,5.0,400.0
3.1,0.0,1,400.0,22.0,0,1,0.100099086761,0,94.0,2,16,-5.24605364197,-0.754268642848,5.3,3.0,2,5,5.0,400.0
3.1,0.0,1,400.0,22.0,0,-1,0.100119113922,-2,94.0,1,20,-2.86539633251,4.45864372401,5.3,3.0,2,5,5.0,400.0
3.1,0.0,1,400.0,22.0,0,2,0.100440979004,-1,94.0,1,14,-4.00547274408,-3.47076188991,5.3,3.0,2,5,5.0,400.0
3.1,0.0,2,400.0,22.0,0,2,0.100111961365,2,94.0,2,14,-4.00547274408,-3.47076188991,5.3,3.0,2,5,5.0,400.0
3.1,0.0,2,400.0,22.0,0,0,0.100111961365,0,94.0,2,8,4.00547274408,-3.47076188991,5.3,3.0,2,5,5.0,400.0
3.1,0.0,2,400.0,22.0,0,0,0.100103855133,0,94.0,1,8,4.00547274408,-3.47076188991,5.3,3.0,2,5,5.0,400.0
3.1,0.0,2,400.0,22.0,0,-1,0.100120067596,-1,94.0,2,8,4.00547274408,-3.47076188991,5.3,3.0,2,5,5.0,400.0
3.1,0.0,2,400.0,22.0,0,-1,0.100175142288,0,94.0,1,9,2.86539633251,-4.45864372401,5.3,3.0,2,5,5.0,400.0
3.1,0.0,1,400.0,22.0,0,-1,0.100066900253,-2,94.0,1,14,-4.00547274408,-3.47076188991,5.3,3.0,2,5,5.0,400.0
3.1,0.0,1,400.0,22.0,0,-1,0.10009598732,2,94.0,1,0,0.0,5.3,5.3,3.0,2,5,5.0,400.0
3.1,0.0,2,400.0,22.0,0,-1,0.100128889084,-1,94.0,1,6,5.24605364197,-0.754268642848,5.3,3.0,2,5,5.0,400.0
3.1,0.0,1,400.0,22.0,0,0,0.100172042847,-2,94.0,1,14,-4.00547274408,-3.47076188991,5.3,3.0,2,5,5.0,400.0
3.1,0.0,2,400.0,22.0,0,-2,0.0996141433716,-1,94.0,2,18,-4.82104957538,2.20169956891,5.3,3.0,2,5,5.0,400.0
3.1,0.0,2,400.0,22.0,0,1,0.100073099136,-2,94.0,2,3,4.00547274408,3.47076188991,5.3,3.0,2,5,5.0,400.0
3.1,0.0,2,400.0,22.0,0,0,0.100089073181,0,94.0,1,5,5.24605364197,0.754268642848,5.3,3.0,2,5,5.0,400.0
3.1,0.0,2,400.0,22.0,0,-2,0.100118875504,2,94.0,1,7,4.82104957538,-2.20169956891,5.3,3.0,2,5,5.0,400.0
3.1,0.0,2,400.0,22.0,0,1,0.100082159042,1,94.0,2,13,-2.86539633251,-4.45864372401,5.3,3.0,2,5,5.0,400.0
3.1,0.0,2,400.0,22.0,0,0,0.100093841553,0,94.0,2,0,0.0,5.3,5.3,3.0,2,5,5.0,400.0
3.1,0.0,2,400.0,22.0,0,-2,0.100110054016,2,94.0,2,11,6.49041367526e-16,-5.3,5.3,3.0,2,5,5.0,400.0
3.1,0.0,2,400.0,22.0,0,-2,0.100164890289,-2,94.0,1,2,2.86539633251,4.45864372401,5.3,3.0,2,5,5.0,400.0
3.1,0.0,2,400.0,22.0,0,1,0.100103855133,0,94.0,1,4,4.82104957538,2.20169956891,5.3,3.0,2,5,5.0,400.0
3.1,0.0,1,400.0,22.0,0,-1,0.100131988525,-1,94.0,1,19,-4.00547274408,3.47076188991,5.3,3.0,2,5,5.0,400.0
3.1,0.0,2,400.0,22.0,0,-2,0.100098848343,0,94.0,1,18,-4.82104957538,2.20169956891,5.3,3.0,2,5,5.0,400.0
3.1,0.0,2,400.0,22.0,0,-1,0.100167989731,0,94.0,2,17,-5.24605364197,0.754268642848,5.3,3.0,2,5,5.0,400.0
3.1,0.0,2,400.0,22.0,0,1,0.100175142288,1,94.0,1,3,4.00547274408,3.47076188991,5.3,3.0,2,5,5.0,400.0
3.1,0.0,1,400.0,22.0,0,-1,0.100074052811,-1,94.0,1,10,1.49318255126,-5.08531276016,5.3,3.0,2,5,5.0,400.0
3.1,0.0,1,400.0,22.0,0,-2,0.100100040436,-2,94.0,1,10,1.49318255126,-5.08531276016,5.3,3.0,2,5,5.0,400.0
3.1,0.0,2,400.0,22.0,0,-1,0.100096940994,-1,94.0,1,19,-4.00547274408,3.47076188991,5.3,3.0,2,5,5.0,400.0
3.1,0.0,1,400.0,22.0,0,2,0.100042819977,1,94.0,2,8,4.00547274408,-3.47076188991,5.3,3.0,2,5,5.0,400.0
3.1,0.0,2,400.0,22.0,0,1,0.100149869919,1,94.0,1,11,6.49041367526e-16,-5.3,5.3,3.0,2,5,5.0,400.0
3.1,0.0,2,400.0,22.0,0,1,0.100102901459,0,94.0,1,8,4.00547274408,-3.47076188991,5.3,3.0,2,5,5.0,400.0
3.1,0.0,1,400.0,22.0,0,0,0.100136995316,0,94.0,1,16,-5.24605364197,-0.754268642848,5.3,3.0,2,5,5.0,400.0
3.1,0.0,2,400.0,22.0,0,1,0.100106954575,-1,94.0,1,11,6.49041367526e-16,-5.3,5.3,3.0,2,5,5.0,400.0
3.1,0.0,1,400.0,22.0,0,0,0.100212097168,2,94.0,1,11,6.49041367526e-16,-5.3,5.3,3.0,2,5,5.0,400.0
3.1,0.0,2,400.0,22.0,0,0,0.100175142288,0,94.0,1,8,4.00547274408,-3.47076188991,5.3,3.0,2,5,5.0,400.0
3.1,0.0,1,400.0,22.0,0,-1,0.100078821182,-2,94.0,2,20,-2.86539633251,4.45864372401,5.3,3.0,2,5,5.0,400.0
3.1,0.0,2,400.0,22.0,0,1,0.100114107132,1,94.0,1,20,-2.86539633251,4.45864372401,5.3,3.0,2,5,5.0,400.0
3.1,0.0,2,400.0,22.0,0,1,0.100099086761,1,94.0,1,2,2.86539633251,4.45864372401,5.3,3.0,2,5,5.0,400.0
3.1,0.0,2,400.0,22.0,0,1,0.100159168243,1,94.0,1,12,-1.49318255126,-5.08531276016,5.3,3.0,2,5,5.0,400.0
3.1,0.0,2,400.0,22.0,0,-1,0.100151062012,1,94.0,2,7,4.82104957538,-2.20169956891,5.3,3.0,2,5,5.0,400.0
3.1,0.0,2,400.0,22.0,0,0,0.100062847137,0,94.0,2,11,6.49041367526e-16,-5.3,5.3,3.0,2,5,5.0,400.0
3.1,0.0,2,400.0,22.0,0,-1,0.100104093552,-1,94.0,2,21,-1.49318255126,5.08531276016,5.3,3.0,2,5,5.0,400.0
3.1,0.0,1,400.0,22.0,0,0,0.100124120712,0,94.0,1,6,5.24605364197,-0.754268642848,5.3,3.0,2,5,5.0,400.0
3.1,0.0,2,400.0,22.0,0,1,0.100121974945,2,94.0,2,2,2.86539633251,4.45864372401,5.3,3.0,2,5,5.0,400.0
3.1,0.0,2,400.0,22.0,0,0,0.100472927094,0,94.0,1,7,4.82104957538,-2.20169956891,5.3,3.0,2,5,5.0,400.0
3.1,0.0,2,400.0,22.0,0,-1,0.100092887878,-2,94.0,1,21,-1.49318255126,5.08531276016,5.3,3.0,2,5,5.0,400.0
3.1,0.0,1,400.0,22.0,0,1,0.10011100769,-1,94.0,1,13,-2.86539633251,-4.45864372401,5.3,3.0,2,5,5.0,400.0
3.1,0.0,2,400.0,22.0,0,-2,0.100103139877,-2,94.0,1,20,-2.86539633251,4.45864372401,5.3,3.0,2,5,5.0,400.0
3.1,0.0,1,400.0,22.0,0,1,0.10011100769,1,94.0,1,18,-4.82104957538,2.20169956891,5.3,3.0,2,5,5.0,400.0
3.1,0.0,2,400.0,22.0,0,-1,0.100117921829,-1,94.0,2,4,4.82104957538,2.20169956891,5.3,3.0,2,5,5.0,400.0
3.1,0.0,1,400.0,22.0,0,1,0.100114822388,0,94.0,2,16,-5.24605364197,-0.754268642848,5.3,3.0,2,5,5.0,400.0
3.1,0.0,1,400.0,22.0,0,0,0.100103855133,0,94.0,1,16,-5.24605364197,-0.754268642848,5.3,3.0,2,5,5.0,400.0
3.1,0.0,2,400.0,22.0,0,0,0.100126028061,-2,94.0,1,21,-1.49318255126,5.08531276016,5.3,3.0,2,5,5.0,400.0
3.1,0.0,2,400.0,22.0,0,2,0.100096940994,-1,94.0,1,1,1.49318255126,5.08531276016,5.3,3.0,2,5,5.0,400.0
3.1,0.0,2,400.0,22.0,0,2,0.100450992584,-2,94.0,1,10,1.49318255126,-5.08531276016,5.3,3.0,2,5,5.0,400.0
3.1,0.0,1,400.0,22.0,0,0,0.10014295578,-2,94.0,1,1,1.49318255126,5.08531276016,5.3,3.0,2,5,5.0,400.0
3.1,0.0,2,400.0,22.0,0,0,0.100136995316,2,94.0,2,18,-4.82104957538,2.20169956891,5.3,3.0,2,5,5.0,400.0
3.1,0.0,2,400.0,22.0,0,-1,0.100131034851,-1,94.0,1,0,0.0,5.3,5.3,3.0,2,5,5.0,400.0
3.1,0.0,1,400.0,22.0,0,0,0.0998919010162,0,94.0,1,3,4.00547274408,3.47076188991,5.3,3.0,2,5,5.0,400.0
3.1,0.0,1,400.0,22.0,0,0,0.100097179413,1,94.0,2,16,-5.24605364197,-0.754268642848,5.3,3.0,2,5,5.0,400.0
3.1,0.0,2,400.0,22.0,0,-2,0.100120782852,0,94.0,2,1,1.49318255126,5.08531276016,5.3,3.0,2,5,5.0,400.0
3.1,0.0,1,400.0,22.0,0,1,0.10002207756,2,94.0,1,2,2.86539633251,4.45864372401,5.3,3.0,2,5,5.0,400.0
3.1,0.0,2,400.0,22.0,0,0,0.100105047226,0,94.0,1,0,0.0,5.3,5.3,3.0,2,5,5.0,400.0
3.1,0.0,2,400.0,22.0,0,2,0.100082874298,2,94.0,1,9,2.86539633251,-4.45864372401,5.3,3.0,2,5,5.0,400.0
3.1,0.0,2,400.0,22.0,0,-1,0.100172996521,2,94.0,1,5,5.24605364197,0.754268642848,5.3,3.0,2,5,5.0,400.0
3.1,0.0,2,400.0,22.0,0,0,0.100026130676,0,94.0,1,16,-5.24605364197,-0.754268642848,5.3,3.0,2,5,5.0,400.0
3.1,0.0,2,400.0,22.0,0,1,0.100061893463,2,94.0,2,7,4.82104957538,-2.20169956891,5.3,3.0,2,5,5.0,400.0
3.1,0.0,2,400.0,22.0,0,0,0.10011100769,0,94.0,1,5,5.24605364197,0.754268642848,5.3,3.0,2,5,5.0,400.0
3.1,0.0,1,400.0,22.0,0,0,0.100121974945,0,94.0,1,9,2.86539633251,-4.45864372401,5.3,3.0,2,5,5.0,400.0
3.1,0.0,2,400.0,22.0,0,0,0.10015296936,0,94.0,1,8,4.00547274408,-3.47076188991,5.3,3.0,2,5,5.0,400.0
3.1,0.0,2,400.0,22.0,0,1,0.100080013275,1,94.0,1,18,-4.82104957538,2.20169956891,5.3,3.0,2,5,5.0,400.0
3.1,0.0,2,400.0,22.0,0,1,0.100085020065,0,94.0,1,6,5.24605364197,-0.754268642848,5.3,3.0,2,5,5.0,400.0
3.1,0.0,1,400.0,22.0,0,2,0.100154161453,-1,94.0,1,20,-2.86539633251,4.45864372401,5.3,3.0,2,5,5.0,400.0
3.1,0.0,2,400.0,22.0,0,-2,0.10010099411,0,94.0,1,6,5.24605364197,-0.754268642848,5.3,3.0,2,5,5.0,400.0
3.1,0.0,2,400.0,22.0,0,1,0.100115060806,1,94.0,2,15,-4.82104957538,-2.20169956891,5.3,3.0,2,5,5.0,400.0
3.1,0.0,2,400.0,22.0,0,0,0.100097894669,0,94.0,1,5,5.24605364197,0.754268642848,5.3,3.0,2,5,5.0,400.0
3.1,0.0,2,400.0,22.0,0,0,0.100126981735,-1,94.0,1,15,-4.82104957538,-2.20169956891,5.3,3.0,2,5,5.0,400.0
3.1,0.0,2,400.0,22.0,0,2,0.100136995316,1,94.0,2,2,2.86539633251,4.45864372401,5.3,3.0,2,5,5.0,400.0
3.1,0.0,2,400.0,22.0,0,-1,0.100133180618,0,94.0,1,3,4.00547274408,3.47076188991,5.3,3.0,2,5,5.0,400.0
3.1,0.0,2,400.0,22.0,0,-2,0.100108861923,-2,94.0,1,10,1.49318255126,-5.08531276016,5.3,3.0,2,5,5.0,400.0
3.1,0.0,1,400.0,22.0,0,-2,0.100277900696,0,94.0,2,17,-5.24605364197,0.754268642848,5.3,3.0,2,5,5.0,400.0
3.1,0.0,2,400.0,22.0,0,2,0.100107192993,1,94.0,1,13,-2.86539633251,-4.45864372401,5.3,3.0,2,5,5.0,400.0
3.1,0.0,1,400.0,22.0,0,-2,0.100142002106,1,94.0,2,12,-1.49318255126,-5.08531276016,5.3,3.0,2,5,5.0,400.0
3.1,0.0,1,400.0,22.0,0,-2,0.100203990936,1,94.0,1,10,1.49318255126,-5.08531276016,5.3,3.0,2,5,5.0,400.0
3.1,0.0,1,400.0,22.0,0,-2,0.100094079971,0,94.0,2,18,-4.82104957538,2.20169956891,5.3,3.0,2,5,5.0,400.0
3.1,0.0,2,400.0,22.0,0,1,0.100091934204,-2,94.0,2,3,4.00547274408,3.47076188991,5.3,3.0,2,5,5.0,400.0
3.1,0.0,2,400.0,22.0,0,0,0.100154876709,0,94.0,1,3,4.00547274408,3.47076188991,5.3,3.0,2,5,5.0,400.0
3.1,0.0,2,400.0,22.0,0,0,0.100116014481,0,94.0,1,17,-5.24605364197,0.754268642848,5.3,3.0,2,5,5.0,400.0
3.1,0.0,2,400.0,22.0,0,0,0.100082159042,0,94.0,1,17,-5.24605364197,0.754268642848,5.3,3.0,2,5,5.0,400.0
3.1,0.0,2,400.0,22.0,0,0,0.100086927414,0,94.0,1,5,5.24605364197,0.754268642848,5.3,3.0,2,5,5.0,400.0
3.1,0.0,2,400.0,22.0,0,0,0.100172996521,-2,94.0,1,21,-1.49318255126,5.08531276016,5.3,3.0,2,5,5.0,400.0
3.1,0.0,2,400.0,22.0,0,-2,0.100089073181,0,94.0,1,6,5.24605364197,-0.754268642848,5.3,3.0,2,5,5.0,400.0
3.1,0.0,2,400.0,22.0,0,-1,0.100084066391,-1,94.0,2,16,-5.24605364197,-0.754268642848,5.3,3.0,2,5,5.0,400.0
3.1,0.0,1,400.0,22.0,0,0,0.10009598732,0,94.0,2,7,4.82104957538,-2.20169956891,5.3,3.0,2,5,5.0,400.0
3.1,0.0,2,400.0,22.0,0,1,0.100102901459,0,94.0,1,4,4.82104957538,2.20169956891,5.3,3.0,2,5,5.0,400.0
3.1,0.0,1,400.0,22.0,0,0,0.100177764893,-1,94.0,2,17,-5.24605364197,0.754268642848,5.3,3.0,2,5,5.0,400.0
3.1,0.0,2,400.0,22.0,0,-1,0.100110054016,1,94.0,2,2,2.86539633251,4.45864372401,5.3,3.0,2,5,5.0,400.0
3.1,0.0,2,400.0,22.0,0,0,0.100074052811,0,94.0,1,4,4.82104957538,2.20169956891,5.3,3.0,2,5,5.0,400.0
3.1,0.0,2,400.0,22.0,0,-2,0.100156068802,-2,94.0,1,8,4.00547274408,-3.47076188991,5.3,3.0,2,5,5.0,400.0
