cue-length,ms-precue,resp-v-hv,ms-st-cue,nitems,resp-h-pos,actualStimOn,resp-v-pos,ms-stimon,resp-h-hv,cue-loc-int,cue-loc-x,cue-loc-y,radius,bars-or-spot,npractice,ntrials,offsett
3.1,0.0,2,400.0,22.0,0,0.100059986115,0,94.0,1,4,4.82104957538,2.20169956891,5.3,3.0,5.0,500.0,3.75
3.1,0.0,2,400.0,22.0,1,0.100111961365,0,94.0,2,13,-2.86539633251,-4.45864372401,5.3,3.0,5.0,500.0,3.75
3.1,0.0,2,400.0,22.0,-1,0.100115060806,0,94.0,1,7,4.82104957538,-2.20169956891,5.3,3.0,5.0,500.0,3.75
3.1,0.0,1,400.0,22.0,-1,0.100108861923,-1,94.0,2,17,-5.24605364197,0.754268642848,5.3,3.0,5.0,500.0,3.75
3.1,0.0,1,400.0,22.0,0,0.0999689102173,-1,94.0,1,4,4.82104957538,2.20169956891,5.3,3.0,5.0,500.0,3.75
3.1,0.0,1,400.0,22.0,0,0.100121974945,0,94.0,2,8,4.00547274408,-3.47076188991,5.3,3.0,5.0,500.0,3.75
3.1,0.0,1,400.0,22.0,0,0.100073099136,0,94.0,2,17,-5.24605364197,0.754268642848,5.3,3.0,5.0,500.0,3.75
3.1,0.0,2,400.0,22.0,0,0.100121021271,-1,94.0,1,2,2.86539633251,4.45864372401,5.3,3.0,5.0,500.0,3.75
3.1,0.0,1,400.0,22.0,0,0.10010099411,0,94.0,2,16,-5.24605364197,-0.754268642848,5.3,3.0,5.0,500.0,3.75
3.1,0.0,2,400.0,22.0,0,0.100079059601,0,94.0,1,8,4.00547274408,-3.47076188991,5.3,3.0,5.0,500.0,3.75
3.1,0.0,2,400.0,22.0,0,0.100023031235,1,94.0,2,20,-2.86539633251,4.45864372401,5.3,3.0,5.0,500.0,3.75
3.1,0.0,2,400.0,22.0,0,0.100095033646,0,94.0,1,11,6.49041367526e-16,-5.3,5.3,3.0,5.0,500.0,3.75
3.1,0.0,1,400.0,22.0,0,0.100147008896,0,94.0,2,4,4.82104957538,2.20169956891,5.3,3.0,5.0,500.0,3.75
3.1,0.0,2,400.0,22.0,0,0.100073099136,0,94.0,1,5,5.24605364197,0.754268642848,5.3,3.0,5.0,500.0,3.75
3.1,0.0,1,400.0,22.0,-2,0.100110054016,2,94.0,2,9,2.86539633251,-4.45864372401,5.3,3.0,5.0,500.0,3.75
3.1,0.0,1,400.0,22.0,-1,0.100107908249,0,94.0,1,19,-4.00547274408,3.47076188991,5.3,3.0,5.0,500.0,3.75
3.1,0.0,2,400.0,22.0,0,0.100112915039,0,94.0,1,14,-4.00547274408,-3.47076188991,5.3,3.0,5.0,500.0,3.75
3.1,0.0,2,400.0,22.0,0,0.100076913834,-2,94.0,1,21,-1.49318255126,5.08531276016,5.3,3.0,5.0,500.0,3.75
3.1,0.0,2,400.0,22.0,1,0.100143194199,0,94.0,2,16,-5.24605364197,-0.754268642848,5.3,3.0,5.0,500.0,3.75
3.1,0.0,2,400.0,22.0,0,0.10009598732,-2,94.0,2,21,-1.49318255126,5.08531276016,5.3,3.0,5.0,500.0,3.75
3.1,0.0,2,400.0,22.0,-1,0.100058078766,-1,94.0,1,18,-4.82104957538,2.20169956891,5.3,3.0,5.0,500.0,3.75
3.1,0.0,2,400.0,22.0,0,0.100105047226,0,94.0,1,12,-1.49318255126,-5.08531276016,5.3,3.0,5.0,500.0,3.75
3.1,0.0,2,400.0,22.0,0,0.10014295578,-1,94.0,1,17,-5.24605364197,0.754268642848,5.3,3.0,5.0,500.0,3.75
3.1,0.0,1,400.0,22.0,0,0.100118160248,1,94.0,1,7,4.82104957538,-2.20169956891,5.3,3.0,5.0,500.0,3.75
3.1,0.0,2,400.0,22.0,0,0.100161075592,0,94.0,1,7,4.82104957538,-2.20169956891,5.3,3.0,5.0,500.0,3.75
3.1,0.0,2,400.0,22.0,-1,0.100107908249,-2,94.0,2,18,-4.82104957538,2.20169956891,5.3,3.0,5.0,500.0,3.75
3.1,0.0,2,400.0,22.0,0,0.100481033325,-1,94.0,1,0,0.0,5.3,5.3,3.0,5.0,500.0,3.75
3.1,0.0,2,400.0,22.0,1,0.100027084351,0,94.0,1,11,6.49041367526e-16,-5.3,5.3,3.0,5.0,500.0,3.75
3.1,0.0,2,400.0,22.0,0,0.100140094757,0,94.0,1,6,5.24605364197,-0.754268642848,5.3,3.0,5.0,500.0,3.75
3.1,0.0,1,400.0,22.0,0,0.100113868713,-2,94.0,1,20,-2.86539633251,4.45864372401,5.3,3.0,5.0,500.0,3.75
3.1,0.0,2,400.0,22.0,0,0.10014295578,0,94.0,1,16,-5.24605364197,-0.754268642848,5.3,3.0,5.0,500.0,3.75
3.1,0.0,1,400.0,22.0,1,0.10009598732,1,94.0,2,0,0.0,5.3,5.3,3.0,5.0,500.0,3.75
3.1,0.0,2,400.0,22.0,-1,0.100203037262,-1,94.0,1,8,4.00547274408,-3.47076188991,5.3,3.0,5.0,500.0,3.75
3.1,0.0,2,400.0,22.0,0,0.100089073181,-1,94.0,1,21,-1.49318255126,5.08531276016,5.3,3.0,5.0,500.0,3.75
3.1,0.0,2,400.0,22.0,-1,0.100116014481,-2,94.0,2,7,4.82104957538,-2.20169956891,5.3,3.0,5.0,500.0,3.75
3.1,0.0,2,400.0,22.0,0,0.100126981735,-1,94.0,1,21,-1.49318255126,5.08531276016,5.3,3.0,5.0,500.0,3.75
3.1,0.0,1,400.0,22.0,1,0.100167989731,2,94.0,1,2,2.86539633251,4.45864372401,5.3,3.0,5.0,500.0,3.75
3.1,0.0,2,400.0,22.0,0,0.0999660491943,0,94.0,1,21,-1.49318255126,5.08531276016,5.3,3.0,5.0,500.0,3.75
3.1,0.0,1,400.0,22.0,1,0.100145101547,2,94.0,1,7,4.82104957538,-2.20169956891,5.3,3.0,5.0,500.0,3.75
3.1,0.0,2,400.0,22.0,1,0.100188970566,1,94.0,1,13,-2.86539633251,-4.45864372401,5.3,3.0,5.0,500.0,3.75
3.1,0.0,1,400.0,22.0,2,0.100142002106,-2,94.0,2,18,-4.82104957538,2.20169956891,5.3,3.0,5.0,500.0,3.75
3.1,0.0,2,400.0,22.0,0,0.100106954575,0,94.0,1,16,-5.24605364197,-0.754268642848,5.3,3.0,5.0,500.0,3.75
3.1,0.0,2,400.0,22.0,0,0.100073814392,0,94.0,1,15,-4.82104957538,-2.20169956891,5.3,3.0,5.0,500.0,3.75
3.1,0.0,2,400.0,22.0,0,0.100069999695,0,94.0,1,11,6.49041367526e-16,-5.3,5.3,3.0,5.0,500.0,3.75
3.1,0.0,1,400.0,22.0,0,0.100029945374,-1,94.0,1,8,4.00547274408,-3.47076188991,5.3,3.0,5.0,500.0,3.75
3.1,0.0,2,400.0,22.0,0,0.100101947784,1,94.0,1,6,5.24605364197,-0.754268642848,5.3,3.0,5.0,500.0,3.75
3.1,0.0,1,400.0,22.0,1,0.100114107132,1,94.0,2,3,4.00547274408,3.47076188991,5.3,3.0,5.0,500.0,3.75
3.1,0.0,1,400.0,22.0,0,0.100125074387,2,94.0,1,20,-2.86539633251,4.45864372401,5.3,3.0,5.0,500.0,3.75
3.1,0.0,2,400.0,22.0,0,0.100115776062,-2,94.0,1,21,-1.49318255126,5.08531276016,5.3,3.0,5.0,500.0,3.75
3.1,0.0,2,400.0,22.0,0,0.0999779701233,1,94.0,1,0,0.0,5.3,5.3,3.0,5.0,500.0,3.75
3.1,0.0,2,400.0,22.0,0,0.100161075592,0,94.0,2,13,-2.86539633251,-4.45864372401,5.3,3.0,5.0,500.0,3.75
3.1,0.0,2,400.0,22.0,0,0.100128889084,0,94.0,1,15,-4.82104957538,-2.20169956891,5.3,3.0,5.0,500.0,3.75
3.1,0.0,2,400.0,22.0,1,0.100109815598,1,94.0,2,3,4.00547274408,3.47076188991,5.3,3.0,5.0,500.0,3.75
3.1,0.0,2,400.0,22.0,-1,0.100136041641,0,94.0,1,16,-5.24605364197,-0.754268642848,5.3,3.0,5.0,500.0,3.75
3.1,0.0,2,400.0,22.0,0,0.100112915039,0,94.0,1,14,-4.00547274408,-3.47076188991,5.3,3.0,5.0,500.0,3.75
3.1,0.0,2,400.0,22.0,0,0.100159883499,0,94.0,1,2,2.86539633251,4.45864372401,5.3,3.0,5.0,500.0,3.75
3.1,0.0,2,400.0,22.0,0,0.100110054016,0,94.0,1,8,4.00547274408,-3.47076188991,5.3,3.0,5.0,500.0,3.75
3.1,0.0,2,400.0,22.0,-1,0.100145101547,-1,94.0,1,15,-4.82104957538,-2.20169956891,5.3,3.0,5.0,500.0,3.75
3.1,0.0,2,400.0,22.0,0,0.100141048431,-1,94.0,1,0,0.0,5.3,5.3,3.0,5.0,500.0,3.75
3.1,0.0,2,400.0,22.0,0,0.100109100342,-1,94.0,1,16,-5.24605364197,-0.754268642848,5.3,3.0,5.0,500.0,3.75
3.1,0.0,2,400.0,22.0,-1,0.10041809082,-1,94.0,1,20,-2.86539633251,4.45864372401,5.3,3.0,5.0,500.0,3.75
3.1,0.0,2,400.0,22.0,0,0.100131988525,0,94.0,1,7,4.82104957538,-2.20169956891,5.3,3.0,5.0,500.0,3.75
3.1,0.0,1,400.0,22.0,0,0.10014796257,-1,94.0,1,12,-1.49318255126,-5.08531276016,5.3,3.0,5.0,500.0,3.75
3.1,0.0,2,400.0,22.0,0,0.100103855133,0,94.0,1,6,5.24605364197,-0.754268642848,5.3,3.0,5.0,500.0,3.75
3.1,0.0,2,400.0,22.0,1,0.100134134293,0,94.0,1,11,6.49041367526e-16,-5.3,5.3,3.0,5.0,500.0,3.75
3.1,0.0,1,400.0,22.0,-1,0.100131034851,2,94.0,1,9,2.86539633251,-4.45864372401,5.3,3.0,5.0,500.0,3.75
3.1,0.0,1,400.0,22.0,0,0.100111961365,-1,94.0,2,19,-4.00547274408,3.47076188991,5.3,3.0,5.0,500.0,3.75
3.1,0.0,2,400.0,22.0,0,0.10008597374,0,94.0,1,9,2.86539633251,-4.45864372401,5.3,3.0,5.0,500.0,3.75
3.1,0.0,1,400.0,22.0,0,0.100075006485,1,94.0,1,14,-4.00547274408,-3.47076188991,5.3,3.0,5.0,500.0,3.75
3.1,0.0,2,400.0,22.0,-1,0.100067138672,2,94.0,1,19,-4.00547274408,3.47076188991,5.3,3.0,5.0,500.0,3.75
3.1,0.0,1,400.0,22.0,-1,0.100139856339,1,94.0,2,15,-4.82104957538,-2.20169956891,5.3,3.0,5.0,500.0,3.75
3.1,0.0,1,400.0,22.0,0,0.100104093552,0,94.0,2,3,4.00547274408,3.47076188991,5.3,3.0,5.0,500.0,3.75
3.1,0.0,1,400.0,22.0,0,0.100090026855,1,94.0,1,20,-2.86539633251,4.45864372401,5.3,3.0,5.0,500.0,3.75
3.1,0.0,2,400.0,22.0,0,0.100142002106,0,94.0,1,7,4.82104957538,-2.20169956891,5.3,3.0,5.0,500.0,3.75
3.1,0.0,1,400.0,22.0,0,0.100174188614,1,94.0,1,2,2.86539633251,4.45864372401,5.3,3.0,5.0,500.0,3.75
3.1,0.0,2,400.0,22.0,1,0.100136995316,0,94.0,1,16,-5.24605364197,-0.754268642848,5.3,3.0,5.0,500.0,3.75
3.1,0.0,1,400.0,22.0,2,0.100136995316,-2,94.0,1,15,-4.82104957538,-2.20169956891,5.3,3.0,5.0,500.0,3.75
3.1,0.0,1,400.0,22.0,-1,0.100090026855,-1,94.0,2,19,-4.00547274408,3.47076188991,5.3,3.0,5.0,500.0,3.75
3.1,0.0,2,400.0,22.0,0,0.100122928619,0,94.0,1,9,2.86539633251,-4.45864372401,5.3,3.0,5.0,500.0,3.75
3.1,0.0,1,400.0,22.0,1,0.100070953369,-1,94.0,1,3,4.00547274408,3.47076188991,5.3,3.0,5.0,500.0,3.75
3.1,0.0,1,400.0,22.0,0,0.1001060009,-2,94.0,1,0,0.0,5.3,5.3,3.0,5.0,500.0,3.75
3.1,0.0,2,400.0,22.0,0,0.100128889084,0,94.0,1,9,2.86539633251,-4.45864372401,5.3,3.0,5.0,500.0,3.75
3.1,0.0,2,400.0,22.0,-1,0.100047111511,-1,94.0,2,10,1.49318255126,-5.08531276016,5.3,3.0,5.0,500.0,3.75
3.1,0.0,2,400.0,22.0,-1,0.100103855133,0,94.0,2,8,4.00547274408,-3.47076188991,5.3,3.0,5.0,500.0,3.75
3.1,0.0,2,400.0,22.0,1,0.100119113922,1,94.0,1,4,4.82104957538,2.20169956891,5.3,3.0,5.0,500.0,3.75
3.1,0.0,2,400.0,22.0,0,0.100152015686,0,94.0,1,10,1.49318255126,-5.08531276016,5.3,3.0,5.0,500.0,3.75
3.1,0.0,1,400.0,22.0,0,0.100122928619,-2,94.0,1,14,-4.00547274408,-3.47076188991,5.3,3.0,5.0,500.0,3.75
3.1,0.0,1,400.0,22.0,0,0.10012793541,-2,94.0,1,9,2.86539633251,-4.45864372401,5.3,3.0,5.0,500.0,3.75
3.1,0.0,2,400.0,22.0,0,0.100142002106,1,94.0,1,4,4.82104957538,2.20169956891,5.3,3.0,5.0,500.0,3.75
3.1,0.0,1,400.0,22.0,1,0.100140094757,-2,94.0,2,13,-2.86539633251,-4.45864372401,5.3,3.0,5.0,500.0,3.75
3.1,0.0,1,400.0,22.0,0,0.100111961365,2,94.0,1,2,2.86539633251,4.45864372401,5.3,3.0,5.0,500.0,3.75
3.1,0.0,2,400.0,22.0,0,0.100076913834,2,94.0,1,16,-5.24605364197,-0.754268642848,5.3,3.0,5.0,500.0,3.75
3.1,0.0,2,400.0,22.0,-1,0.100147008896,0,94.0,2,0,0.0,5.3,5.3,3.0,5.0,500.0,3.75
3.1,0.0,1,400.0,22.0,-1,0.100081920624,2,94.0,1,19,-4.00547274408,3.47076188991,5.3,3.0,5.0,500.0,3.75
3.1,0.0,1,400.0,22.0,0,0.0998501777649,2,94.0,1,10,1.49318255126,-5.08531276016,5.3,3.0,5.0,500.0,3.75
3.1,0.0,2,400.0,22.0,0,0.100224971771,0,94.0,1,15,-4.82104957538,-2.20169956891,5.3,3.0,5.0,500.0,3.75
3.1,0.0,2,400.0,22.0,0,0.100106954575,1,94.0,1,15,-4.82104957538,-2.20169956891,5.3,3.0,5.0,500.0,3.75
3.1,0.0,2,400.0,22.0,0,0.100116014481,0,94.0,1,5,5.24605364197,0.754268642848,5.3,3.0,5.0,500.0,3.75
3.1,0.0,2,400.0,22.0,0,0.100113868713,0,94.0,1,17,-5.24605364197,0.754268642848,5.3,3.0,5.0,500.0,3.75
3.1,0.0,2,400.0,22.0,0,0.100114822388,0,94.0,1,5,5.24605364197,0.754268642848,5.3,3.0,5.0,500.0,3.75
3.1,0.0,2,400.0,22.0,2,0.100157976151,0,94.0,1,8,4.00547274408,-3.47076188991,5.3,3.0,5.0,500.0,3.75
3.1,0.0,2,400.0,22.0,-2,0.100040912628,0,94.0,2,14,-4.00547274408,-3.47076188991,5.3,3.0,5.0,500.0,3.75
3.1,0.0,2,400.0,22.0,0,0.100136041641,0,94.0,1,4,4.82104957538,2.20169956891,5.3,3.0,5.0,500.0,3.75
3.1,0.0,2,400.0,22.0,2,0.10014796257,0,94.0,1,11,6.49041367526e-16,-5.3,5.3,3.0,5.0,500.0,3.75
3.1,0.0,2,400.0,22.0,1,0.100115776062,0,94.0,2,21,-1.49318255126,5.08531276016,5.3,3.0,5.0,500.0,3.75
3.1,0.0,2,400.0,22.0,-1,0.100121021271,-2,94.0,1,19,-4.00547274408,3.47076188991,5.3,3.0,5.0,500.0,3.75
3.1,0.0,2,400.0,22.0,-1,0.10004901886,0,94.0,2,5,5.24605364197,0.754268642848,5.3,3.0,5.0,500.0,3.75
3.1,0.0,2,400.0,22.0,0,0.100060939789,-1,94.0,2,2,2.86539633251,4.45864372401,5.3,3.0,5.0,500.0,3.75
3.1,0.0,2,400.0,22.0,0,0.100097179413,0,94.0,1,4,4.82104957538,2.20169956891,5.3,3.0,5.0,500.0,3.75
3.1,0.0,2,400.0,22.0,0,0.100092887878,0,94.0,1,4,4.82104957538,2.20169956891,5.3,3.0,5.0,500.0,3.75
3.1,0.0,2,400.0,22.0,0,0.100140810013,2,94.0,1,0,0.0,5.3,5.3,3.0,5.0,500.0,3.75
3.1,0.0,1,400.0,22.0,1,0.100155115128,-1,94.0,2,19,-4.00547274408,3.47076188991,5.3,3.0,5.0,500.0,3.75
3.1,0.0,2,400.0,22.0,-1,0.100155115128,0,94.0,1,7,4.82104957538,-2.20169956891,5.3,3.0,5.0,500.0,3.75
3.1,0.0,2,400.0,22.0,0,0.100122928619,-1,94.0,2,6,5.24605364197,-0.754268642848,5.3,3.0,5.0,500.0,3.75
3.1,0.0,2,400.0,22.0,0,0.100089073181,0,94.0,1,12,-1.49318255126,-5.08531276016,5.3,3.0,5.0,500.0,3.75
3.1,0.0,2,400.0,22.0,0,0.10009098053,0,94.0,1,6,5.24605364197,-0.754268642848,5.3,3.0,5.0,500.0,3.75
3.1,0.0,2,400.0,22.0,0,0.100119829178,0,94.0,1,0,0.0,5.3,5.3,3.0,5.0,500.0,3.75
3.1,0.0,2,400.0,22.0,0,0.100135087967,0,94.0,1,0,0.0,5.3,5.3,3.0,5.0,500.0,3.75
3.1,0.0,2,400.0,22.0,2,0.100070953369,1,94.0,1,17,-5.24605364197,0.754268642848,5.3,3.0,5.0,500.0,3.75
3.1,0.0,2,400.0,22.0,0,0.100102901459,0,94.0,1,6,5.24605364197,-0.754268642848,5.3,3.0,5.0,500.0,3.75
3.1,0.0,1,400.0,22.0,1,0.100121021271,-1,94.0,2,18,-4.82104957538,2.20169956891,5.3,3.0,5.0,500.0,3.75
3.1,0.0,2,400.0,22.0,-2,0.10011100769,1,94.0,1,13,-2.86539633251,-4.45864372401,5.3,3.0,5.0,500.0,3.75
3.1,0.0,1,400.0,22.0,-1,0.100111961365,-1,94.0,2,14,-4.00547274408,-3.47076188991,5.3,3.0,5.0,500.0,3.75
3.1,0.0,1,400.0,22.0,-1,0.100115060806,-2,94.0,2,13,-2.86539633251,-4.45864372401,5.3,3.0,5.0,500.0,3.75
3.1,0.0,2,400.0,22.0,-2,0.100141048431,0,94.0,1,11,6.49041367526e-16,-5.3,5.3,3.0,5.0,500.0,3.75
3.1,0.0,2,400.0,22.0,0,0.100122928619,0,94.0,1,20,-2.86539633251,4.45864372401,5.3,3.0,5.0,500.0,3.75
3.1,0.0,2,400.0,22.0,0,0.100138902664,0,94.0,1,12,-1.49318255126,-5.08531276016,5.3,3.0,5.0,500.0,3.75
3.1,0.0,2,400.0,22.0,0,0.100121021271,2,94.0,1,0,0.0,5.3,5.3,3.0,5.0,500.0,3.75
3.1,0.0,2,400.0,22.0,1,0.100106954575,2,94.0,1,1,1.49318255126,5.08531276016,5.3,3.0,5.0,500.0,3.75
3.1,0.0,2,400.0,22.0,1,0.100103855133,1,94.0,1,4,4.82104957538,2.20169956891,5.3,3.0,5.0,500.0,3.75
3.1,0.0,2,400.0,22.0,0,0.10019993782,0,94.0,2,13,-2.86539633251,-4.45864372401,5.3,3.0,5.0,500.0,3.75
3.1,0.0,2,400.0,22.0,0,0.100136995316,-1,94.0,1,17,-5.24605364197,0.754268642848,5.3,3.0,5.0,500.0,3.75
3.1,0.0,1,400.0,22.0,2,0.100107908249,1,94.0,1,13,-2.86539633251,-4.45864372401,5.3,3.0,5.0,500.0,3.75
3.1,0.0,2,400.0,22.0,-1,0.100105047226,0,94.0,2,5,5.24605364197,0.754268642848,5.3,3.0,5.0,500.0,3.75
3.1,0.0,2,400.0,22.0,-1,0.100114107132,0,94.0,1,16,-5.24605364197,-0.754268642848,5.3,3.0,5.0,500.0,3.75
3.1,0.0,1,400.0,22.0,0,0.100101947784,0,94.0,2,8,4.00547274408,-3.47076188991,5.3,3.0,5.0,500.0,3.75
3.1,0.0,2,400.0,22.0,0,0.100148916245,0,94.0,1,8,4.00547274408,-3.47076188991,5.3,3.0,5.0,500.0,3.75
3.1,0.0,1,400.0,22.0,-1,0.100145101547,0,94.0,2,9,2.86539633251,-4.45864372401,5.3,3.0,5.0,500.0,3.75
3.1,0.0,2,400.0,22.0,0,0.100126028061,0,94.0,1,9,2.86539633251,-4.45864372401,5.3,3.0,5.0,500.0,3.75
3.1,0.0,1,400.0,22.0,2,0.100107908249,0,94.0,2,4,4.82104957538,2.20169956891,5.3,3.0,5.0,500.0,3.75
3.1,0.0,1,400.0,22.0,1,0.100133895874,0,94.0,1,9,2.86539633251,-4.45864372401,5.3,3.0,5.0,500.0,3.75
3.1,0.0,2,400.0,22.0,1,0.100108146667,1,94.0,1,2,2.86539633251,4.45864372401,5.3,3.0,5.0,500.0,3.75
3.1,0.0,2,400.0,22.0,0,0.100128889084,0,94.0,1,6,5.24605364197,-0.754268642848,5.3,3.0,5.0,500.0,3.75
3.1,0.0,1,400.0,22.0,2,0.100116968155,-1,94.0,1,1,1.49318255126,5.08531276016,5.3,3.0,5.0,500.0,3.75
3.1,0.0,2,400.0,22.0,0,0.100062131882,-2,94.0,2,20,-2.86539633251,4.45864372401,5.3,3.0,5.0,500.0,3.75
3.1,0.0,2,400.0,22.0,1,0.10014796257,2,94.0,1,3,4.00547274408,3.47076188991,5.3,3.0,5.0,500.0,3.75
3.1,0.0,2,400.0,22.0,1,0.100071191788,1,94.0,1,12,-1.49318255126,-5.08531276016,5.3,3.0,5.0,500.0,3.75
3.1,0.0,2,400.0,22.0,0,0.100129127502,0,94.0,1,11,6.49041367526e-16,-5.3,5.3,3.0,5.0,500.0,3.75
3.1,0.0,1,400.0,22.0,0,0.100121021271,0,94.0,2,2,2.86539633251,4.45864372401,5.3,3.0,5.0,500.0,3.75
3.1,0.0,2,400.0,22.0,0,0.100148916245,0,94.0,1,5,5.24605364197,0.754268642848,5.3,3.0,5.0,500.0,3.75
3.1,0.0,2,400.0,22.0,0,0.100120067596,0,94.0,2,2,2.86539633251,4.45864372401,5.3,3.0,5.0,500.0,3.75
3.1,0.0,1,400.0,22.0,1,0.100139141083,0,94.0,1,8,4.00547274408,-3.47076188991,5.3,3.0,5.0,500.0,3.75
3.1,0.0,2,400.0,22.0,1,0.100102186203,1,94.0,1,3,4.00547274408,3.47076188991,5.3,3.0,5.0,500.0,3.75
3.1,0.0,2,400.0,22.0,0,0.100150108337,0,94.0,1,4,4.82104957538,2.20169956891,5.3,3.0,5.0,500.0,3.75
3.1,0.0,1,400.0,22.0,0,0.100123882294,-1,94.0,1,16,-5.24605364197,-0.754268642848,5.3,3.0,5.0,500.0,3.75
3.1,0.0,2,400.0,22.0,0,0.100273132324,-1,94.0,1,21,-1.49318255126,5.08531276016,5.3,3.0,5.0,500.0,3.75
3.1,0.0,2,400.0,22.0,0,0.100117206573,1,94.0,2,15,-4.82104957538,-2.20169956891,5.3,3.0,5.0,500.0,3.75
3.1,0.0,2,400.0,22.0,0,0.100119113922,0,94.0,1,7,4.82104957538,-2.20169956891,5.3,3.0,5.0,500.0,3.75
3.1,0.0,2,400.0,22.0,0,0.100079059601,-1,94.0,1,15,-4.82104957538,-2.20169956891,5.3,3.0,5.0,500.0,3.75
3.1,0.0,2,400.0,22.0,0,0.100147008896,-1,94.0,1,6,5.24605364197,-0.754268642848,5.3,3.0,5.0,500.0,3.75
3.1,0.0,1,400.0,22.0,-1,0.100107192993,1,94.0,2,10,1.49318255126,-5.08531276016,5.3,3.0,5.0,500.0,3.75
3.1,0.0,1,400.0,22.0,1,0.100055932999,1,94.0,2,5,5.24605364197,0.754268642848,5.3,3.0,5.0,500.0,3.75
3.1,0.0,2,400.0,22.0,0,0.100131034851,0,94.0,1,5,5.24605364197,0.754268642848,5.3,3.0,5.0,500.0,3.75
3.1,0.0,2,400.0,22.0,0,0.100126028061,0,94.0,1,5,5.24605364197,0.754268642848,5.3,3.0,5.0,500.0,3.75
3.1,0.0,2,400.0,22.0,0,0.100116968155,0,94.0,1,7,4.82104957538,-2.20169956891,5.3,3.0,5.0,500.0,3.75
3.1,0.0,1,400.0,22.0,0,0.100120067596,0,94.0,2,16,-5.24605364197,-0.754268642848,5.3,3.0,5.0,500.0,3.75
3.1,0.0,1,400.0,22.0,2,0.100147008896,0,94.0,1,12,-1.49318255126,-5.08531276016,5.3,3.0,5.0,500.0,3.75
3.1,0.0,2,400.0,22.0,0,0.10014295578,0,94.0,1,11,6.49041367526e-16,-5.3,5.3,3.0,5.0,500.0,3.75
3.1,0.0,2,400.0,22.0,0,0.1001329422,0,94.0,1,14,-4.00547274408,-3.47076188991,5.3,3.0,5.0,500.0,3.75
3.1,0.0,2,400.0,22.0,0,0.100131988525,-2,94.0,1,11,6.49041367526e-16,-5.3,5.3,3.0,5.0,500.0,3.75
3.1,0.0,2,400.0,22.0,0,0.10006403923,-2,94.0,1,10,1.49318255126,-5.08531276016,5.3,3.0,5.0,500.0,3.75
3.1,0.0,1,400.0,22.0,0,0.100122928619,2,94.0,1,5,5.24605364197,0.754268642848,5.3,3.0,5.0,500.0,3.75
3.1,0.0,1,400.0,22.0,-1,0.100136995316,2,94.0,1,20,-2.86539633251,4.45864372401,5.3,3.0,5.0,500.0,3.75
3.1,0.0,2,400.0,22.0,0,0.100206136703,-1,94.0,1,0,0.0,5.3,5.3,3.0,5.0,500.0,3.75
3.1,0.0,1,400.0,22.0,0,0.100146055222,-1,94.0,1,5,5.24605364197,0.754268642848,5.3,3.0,5.0,500.0,3.75
3.1,0.0,2,400.0,22.0,0,0.100104808807,2,94.0,1,15,-4.82104957538,-2.20169956891,5.3,3.0,5.0,500.0,3.75
3.1,0.0,1,400.0,22.0,0,0.100144147873,0,94.0,2,3,4.00547274408,3.47076188991,5.3,3.0,5.0,500.0,3.75
3.1,0.0,2,400.0,22.0,0,0.100204944611,0,94.0,1,12,-1.49318255126,-5.08531276016,5.3,3.0,5.0,500.0,3.75
3.1,0.0,2,400.0,22.0,0,0.100523948669,0,94.0,1,16,-5.24605364197,-0.754268642848,5.3,3.0,5.0,500.0,3.75
3.1,0.0,2,400.0,22.0,0,0.100106954575,-1,94.0,2,18,-4.82104957538,2.20169956891,5.3,3.0,5.0,500.0,3.75
3.1,0.0,2,400.0,22.0,0,0.100023031235,-1,94.0,2,14,-4.00547274408,-3.47076188991,5.3,3.0,5.0,500.0,3.75
3.1,0.0,2,400.0,22.0,-1,0.100122928619,-1,94.0,1,1,1.49318255126,5.08531276016,5.3,3.0,5.0,500.0,3.75
3.1,0.0,1,400.0,22.0,2,0.100116014481,0,94.0,2,1,1.49318255126,5.08531276016,5.3,3.0,5.0,500.0,3.75
3.1,0.0,2,400.0,22.0,0,0.10005903244,0,94.0,1,9,2.86539633251,-4.45864372401,5.3,3.0,5.0,500.0,3.75
3.1,0.0,1,400.0,22.0,-2,0.100116968155,-1,94.0,1,2,2.86539633251,4.45864372401,5.3,3.0,5.0,500.0,3.75
3.1,0.0,1,400.0,22.0,0,0.100104808807,1,94.0,2,4,4.82104957538,2.20169956891,5.3,3.0,5.0,500.0,3.75
3.1,0.0,2,400.0,22.0,0,0.100110769272,0,94.0,1,15,-4.82104957538,-2.20169956891,5.3,3.0,5.0,500.0,3.75
3.1,0.0,2,400.0,22.0,0,0.0998780727386,0,94.0,1,7,4.82104957538,-2.20169956891,5.3,3.0,5.0,500.0,3.75
3.1,0.0,1,400.0,22.0,0,0.100095033646,-1,94.0,1,2,2.86539633251,4.45864372401,5.3,3.0,5.0,500.0,3.75
3.1,0.0,2,400.0,22.0,0,0.100107908249,0,94.0,1,18,-4.82104957538,2.20169956891,5.3,3.0,5.0,500.0,3.75
3.1,0.0,2,400.0,22.0,0,0.100104093552,0,94.0,1,16,-5.24605364197,-0.754268642848,5.3,3.0,5.0,500.0,3.75
3.1,0.0,2,400.0,22.0,1,0.100139856339,2,94.0,1,1,1.49318255126,5.08531276016,5.3,3.0,5.0,500.0,3.75
3.1,0.0,2,400.0,22.0,1,0.100121021271,0,94.0,1,0,0.0,5.3,5.3,3.0,5.0,500.0,3.75
3.1,0.0,2,400.0,22.0,1,0.100106954575,0,94.0,1,1,1.49318255126,5.08531276016,5.3,3.0,5.0,500.0,3.75
3.1,0.0,1,400.0,22.0,0,0.100116014481,0,94.0,2,16,-5.24605364197,-0.754268642848,5.3,3.0,5.0,500.0,3.75
3.1,0.0,2,400.0,22.0,1,0.100126981735,0,94.0,1,16,-5.24605364197,-0.754268642848,5.3,3.0,5.0,500.0,3.75
3.1,0.0,1,400.0,22.0,0,0.10014295578,-2,94.0,2,19,-4.00547274408,3.47076188991,5.3,3.0,5.0,500.0,3.75
3.1,0.0,2,400.0,22.0,2,0.100068092346,0,94.0,1,4,4.82104957538,2.20169956891,5.3,3.0,5.0,500.0,3.75
3.1,0.0,2,400.0,22.0,-1,0.100116968155,1,94.0,1,14,-4.00547274408,-3.47076188991,5.3,3.0,5.0,500.0,3.75
3.1,0.0,1,400.0,22.0,0,0.100094079971,-1,94.0,1,20,-2.86539633251,4.45864372401,5.3,3.0,5.0,500.0,3.75
3.1,0.0,1,400.0,22.0,2,0.100087881088,1,94.0,2,3,4.00547274408,3.47076188991,5.3,3.0,5.0,500.0,3.75
3.1,0.0,1,400.0,22.0,-1,0.100223064423,0,94.0,1,9,2.86539633251,-4.45864372401,5.3,3.0,5.0,500.0,3.75
3.1,0.0,2,400.0,22.0,0,0.100111961365,1,94.0,1,20,-2.86539633251,4.45864372401,5.3,3.0,5.0,500.0,3.75
3.1,0.0,2,400.0,22.0,0,0.100125074387,0,94.0,1,5,5.24605364197,0.754268642848,5.3,3.0,5.0,500.0,3.75
3.1,0.0,2,400.0,22.0,1,0.100131034851,1,94.0,1,0,0.0,5.3,5.3,3.0,5.0,500.0,3.75
3.1,0.0,1,400.0,22.0,0,0.100142002106,0,94.0,2,15,-4.82104957538,-2.20169956891,5.3,3.0,5.0,500.0,3.75
3.1,0.0,2,400.0,22.0,0,0.10011100769,0,94.0,1,10,1.49318255126,-5.08531276016,5.3,3.0,5.0,500.0,3.75
3.1,0.0,2,400.0,22.0,-1,0.100121974945,-1,94.0,1,18,-4.82104957538,2.20169956891,5.3,3.0,5.0,500.0,3.75
3.1,0.0,2,400.0,22.0,0,0.100152015686,-2,94.0,1,12,-1.49318255126,-5.08531276016,5.3,3.0,5.0,500.0,3.75
3.1,0.0,2,400.0,22.0,-1,0.100131034851,0,94.0,1,2,2.86539633251,4.45864372401,5.3,3.0,5.0,500.0,3.75
3.1,0.0,1,400.0,22.0,0,0.100041866302,0,94.0,2,17,-5.24605364197,0.754268642848,5.3,3.0,5.0,500.0,3.75
3.1,0.0,2,400.0,22.0,0,0.100108861923,0,94.0,1,7,4.82104957538,-2.20169956891,5.3,3.0,5.0,500.0,3.75
3.1,0.0,2,400.0,22.0,0,0.100100040436,0,94.0,1,6,5.24605364197,-0.754268642848,5.3,3.0,5.0,500.0,3.75
3.1,0.0,2,400.0,22.0,1,0.100085020065,1,94.0,1,3,4.00547274408,3.47076188991,5.3,3.0,5.0,500.0,3.75
3.1,0.0,2,400.0,22.0,0,0.0998148918152,2,94.0,1,19,-4.00547274408,3.47076188991,5.3,3.0,5.0,500.0,3.75
3.1,0.0,1,400.0,22.0,0,0.100084066391,0,94.0,2,15,-4.82104957538,-2.20169956891,5.3,3.0,5.0,500.0,3.75
3.1,0.0,1,400.0,22.0,0,0.100130081177,1,94.0,1,4,4.82104957538,2.20169956891,5.3,3.0,5.0,500.0,3.75
3.1,0.0,1,400.0,22.0,-2,0.100088119507,0,94.0,1,1,1.49318255126,5.08531276016,5.3,3.0,5.0,500.0,3.75
3.1,0.0,1,400.0,22.0,-2,0.100149869919,1,94.0,2,2,2.86539633251,4.45864372401,5.3,3.0,5.0,500.0,3.75
3.1,0.0,1,400.0,22.0,1,0.100239992142,0,94.0,2,3,4.00547274408,3.47076188991,5.3,3.0,5.0,500.0,3.75
3.1,0.0,2,400.0,22.0,0,0.100145101547,-1,94.0,1,10,1.49318255126,-5.08531276016,5.3,3.0,5.0,500.0,3.75
3.1,0.0,2,400.0,22.0,0,0.100011110306,0,94.0,1,16,-5.24605364197,-0.754268642848,5.3,3.0,5.0,500.0,3.75
3.1,0.0,1,400.0,22.0,0,0.100099802017,-1,94.0,1,7,4.82104957538,-2.20169956891,5.3,3.0,5.0,500.0,3.75
3.1,0.0,2,400.0,22.0,0,0.100064992905,0,94.0,1,17,-5.24605364197,0.754268642848,5.3,3.0,5.0,500.0,3.75
3.1,0.0,2,400.0,22.0,0,0.100080013275,0,94.0,1,6,5.24605364197,-0.754268642848,5.3,3.0,5.0,500.0,3.75
3.1,0.0,2,400.0,22.0,0,0.100110054016,0,94.0,1,10,1.49318255126,-5.08531276016,5.3,3.0,5.0,500.0,3.75
3.1,0.0,2,400.0,22.0,0,0.100035905838,-1,94.0,2,14,-4.00547274408,-3.47076188991,5.3,3.0,5.0,500.0,3.75
3.1,0.0,1,400.0,22.0,0,0.100102186203,-1,94.0,1,9,2.86539633251,-4.45864372401,5.3,3.0,5.0,500.0,3.75
3.1,0.0,2,400.0,22.0,0,0.100090026855,0,94.0,1,4,4.82104957538,2.20169956891,5.3,3.0,5.0,500.0,3.75
3.1,0.0,2,400.0,22.0,0,0.100086927414,0,94.0,1,6,5.24605364197,-0.754268642848,5.3,3.0,5.0,500.0,3.75
3.1,0.0,1,400.0,22.0,-2,0.100119113922,-1,94.0,1,13,-2.86539633251,-4.45864372401,5.3,3.0,5.0,500.0,3.75
3.1,0.0,2,400.0,22.0,2,0.1001329422,-1,94.0,1,19,-4.00547274408,3.47076188991,5.3,3.0,5.0,500.0,3.75
3.1,0.0,2,400.0,22.0,2,0.100123882294,1,94.0,2,21,-1.49318255126,5.08531276016,5.3,3.0,5.0,500.0,3.75
3.1,0.0,2,400.0,22.0,0,0.100016117096,-2,94.0,1,10,1.49318255126,-5.08531276016,5.3,3.0,5.0,500.0,3.75
3.1,0.0,1,400.0,22.0,1,0.0999710559845,1,94.0,2,12,-1.49318255126,-5.08531276016,5.3,3.0,5.0,500.0,3.75
3.1,0.0,1,400.0,22.0,1,0.10012793541,-2,94.0,1,0,0.0,5.3,5.3,3.0,5.0,500.0,3.75
3.1,0.0,2,400.0,22.0,0,0.100047111511,1,94.0,1,9,2.86539633251,-4.45864372401,5.3,3.0,5.0,500.0,3.75
3.1,0.0,2,400.0,22.0,0,0.100136995316,0,94.0,1,16,-5.24605364197,-0.754268642848,5.3,3.0,5.0,500.0,3.75
3.1,0.0,2,400.0,22.0,0,0.100169181824,0,94.0,1,12,-1.49318255126,-5.08531276016,5.3,3.0,5.0,500.0,3.75
3.1,0.0,1,400.0,22.0,2,0.100099086761,0,94.0,1,0,0.0,5.3,5.3,3.0,5.0,500.0,3.75
3.1,0.0,2,400.0,22.0,0,0.100114822388,1,94.0,1,15,-4.82104957538,-2.20169956891,5.3,3.0,5.0,500.0,3.75
3.1,0.0,1,400.0,22.0,0,0.100143194199,0,94.0,1,18,-4.82104957538,2.20169956891,5.3,3.0,5.0,500.0,3.75
3.1,0.0,2,400.0,22.0,2,0.100106954575,0,94.0,2,16,-5.24605364197,-0.754268642848,5.3,3.0,5.0,500.0,3.75
3.1,0.0,2,400.0,22.0,2,0.100218057632,0,94.0,1,7,4.82104957538,-2.20169956891,5.3,3.0,5.0,500.0,3.75
3.1,0.0,1,400.0,22.0,-2,0.10011100769,0,94.0,2,14,-4.00547274408,-3.47076188991,5.3,3.0,5.0,500.0,3.75
3.1,0.0,2,400.0,22.0,0,0.100079059601,0,94.0,1,9,2.86539633251,-4.45864372401,5.3,3.0,5.0,500.0,3.75
3.1,0.0,2,400.0,22.0,-1,0.100117921829,-1,94.0,1,12,-1.49318255126,-5.08531276016,5.3,3.0,5.0,500.0,3.75
3.1,0.0,2,400.0,22.0,0,0.100076913834,2,94.0,1,8,4.00547274408,-3.47076188991,5.3,3.0,5.0,500.0,3.75
3.1,0.0,1,400.0,22.0,1,0.100118875504,0,94.0,2,2,2.86539633251,4.45864372401,5.3,3.0,5.0,500.0,3.75
3.1,0.0,1,400.0,22.0,0,0.10013794899,2,94.0,1,16,-5.24605364197,-0.754268642848,5.3,3.0,5.0,500.0,3.75
3.1,0.0,2,400.0,22.0,-1,0.100130081177,0,94.0,1,6,5.24605364197,-0.754268642848,5.3,3.0,5.0,500.0,3.75
3.1,0.0,2,400.0,22.0,1,0.100059986115,1,94.0,1,4,4.82104957538,2.20169956891,5.3,3.0,5.0,500.0,3.75
3.1,0.0,2,400.0,22.0,0,0.100133895874,0,94.0,1,20,-2.86539633251,4.45864372401,5.3,3.0,5.0,500.0,3.75
3.1,0.0,2,400.0,22.0,1,0.100090026855,-1,94.0,1,16,-5.24605364197,-0.754268642848,5.3,3.0,5.0,500.0,3.75
3.1,0.0,1,400.0,22.0,0,0.100075006485,0,94.0,1,1,1.49318255126,5.08531276016,5.3,3.0,5.0,500.0,3.75
3.1,0.0,2,400.0,22.0,2,0.100138902664,0,94.0,2,21,-1.49318255126,5.08531276016,5.3,3.0,5.0,500.0,3.75
3.1,0.0,2,400.0,22.0,0,0.100123882294,1,94.0,1,0,0.0,5.3,5.3,3.0,5.0,500.0,3.75
3.1,0.0,1,400.0,22.0,2,0.100141048431,0,94.0,1,0,0.0,5.3,5.3,3.0,5.0,500.0,3.75
3.1,0.0,1,400.0,22.0,-1,0.10004401207,0,94.0,2,2,2.86539633251,4.45864372401,5.3,3.0,5.0,500.0,3.75
3.1,0.0,2,400.0,22.0,0,0.100126981735,-2,94.0,2,5,5.24605364197,0.754268642848,5.3,3.0,5.0,500.0,3.75
3.1,0.0,2,400.0,22.0,2,0.100142002106,0,94.0,2,15,-4.82104957538,-2.20169956891,5.3,3.0,5.0,500.0,3.75
3.1,0.0,1,400.0,22.0,0,0.100136995316,-2,94.0,2,13,-2.86539633251,-4.45864372401,5.3,3.0,5.0,500.0,3.75
3.1,0.0,1,400.0,22.0,0,0.100183010101,1,94.0,1,1,1.49318255126,5.08531276016,5.3,3.0,5.0,500.0,3.75
3.1,0.0,2,400.0,22.0,1,0.100138187408,2,94.0,1,13,-2.86539633251,-4.45864372401,5.3,3.0,5.0,500.0,3.75
3.1,0.0,2,400.0,22.0,-2,0.100120067596,0,94.0,2,15,-4.82104957538,-2.20169956891,5.3,3.0,5.0,500.0,3.75
3.1,0.0,2,400.0,22.0,0,0.100044965744,-2,94.0,2,2,2.86539633251,4.45864372401,5.3,3.0,5.0,500.0,3.75
3.1,0.0,2,400.0,22.0,-1,0.100149869919,1,94.0,2,7,4.82104957538,-2.20169956891,5.3,3.0,5.0,500.0,3.75
3.1,0.0,2,400.0,22.0,0,0.100147008896,0,94.0,1,20,-2.86539633251,4.45864372401,5.3,3.0,5.0,500.0,3.75
3.1,0.0,1,400.0,22.0,2,0.10011100769,1,94.0,1,0,0.0,5.3,5.3,3.0,5.0,500.0,3.75
3.1,0.0,2,400.0,22.0,0,0.100112915039,0,94.0,1,15,-4.82104957538,-2.20169956891,5.3,3.0,5.0,500.0,3.75
3.1,0.0,2,400.0,22.0,0,0.100059986115,0,94.0,1,16,-5.24605364197,-0.754268642848,5.3,3.0,5.0,500.0,3.75
3.1,0.0,2,400.0,22.0,0,0.100054979324,0,94.0,1,14,-4.00547274408,-3.47076188991,5.3,3.0,5.0,500.0,3.75
3.1,0.0,2,400.0,22.0,2,0.100102901459,2,94.0,2,9,2.86539633251,-4.45864372401,5.3,3.0,5.0,500.0,3.75
3.1,0.0,2,400.0,22.0,-1,0.100054979324,1,94.0,1,12,-1.49318255126,-5.08531276016,5.3,3.0,5.0,500.0,3.75
3.1,0.0,2,400.0,22.0,0,0.100089788437,-2,94.0,1,10,1.49318255126,-5.08531276016,5.3,3.0,5.0,500.0,3.75
3.1,0.0,2,400.0,22.0,0,0.100157022476,0,94.0,1,12,-1.49318255126,-5.08531276016,5.3,3.0,5.0,500.0,3.75
3.1,0.0,2,400.0,22.0,0,0.100141048431,0,94.0,1,14,-4.00547274408,-3.47076188991,5.3,3.0,5.0,500.0,3.75
3.1,0.0,2,400.0,22.0,0,0.100118875504,0,94.0,1,11,6.49041367526e-16,-5.3,5.3,3.0,5.0,500.0,3.75
3.1,0.0,1,400.0,22.0,0,0.0999939441681,-1,94.0,1,8,4.00547274408,-3.47076188991,5.3,3.0,5.0,500.0,3.75
3.1,0.0,2,400.0,22.0,0,0.100129842758,2,94.0,1,8,4.00547274408,-3.47076188991,5.3,3.0,5.0,500.0,3.75
3.1,0.0,2,400.0,22.0,2,0.100091934204,0,94.0,1,3,4.00547274408,3.47076188991,5.3,3.0,5.0,500.0,3.75
3.1,0.0,2,400.0,22.0,0,0.100086927414,2,94.0,1,6,5.24605364197,-0.754268642848,5.3,3.0,5.0,500.0,3.75
3.1,0.0,2,400.0,22.0,0,0.100116014481,0,94.0,1,6,5.24605364197,-0.754268642848,5.3,3.0,5.0,500.0,3.75
3.1,0.0,2,400.0,22.0,0,0.100131034851,0,94.0,1,4,4.82104957538,2.20169956891,5.3,3.0,5.0,500.0,3.75
3.1,0.0,2,400.0,22.0,0,0.100109100342,0,94.0,1,18,-4.82104957538,2.20169956891,5.3,3.0,5.0,500.0,3.75
3.1,0.0,2,400.0,22.0,0,0.100136041641,-1,94.0,1,11,6.49041367526e-16,-5.3,5.3,3.0,5.0,500.0,3.75
3.1,0.0,1,400.0,22.0,0,0.100051879883,0,94.0,1,7,4.82104957538,-2.20169956891,5.3,3.0,5.0,500.0,3.75
3.1,0.0,1,400.0,22.0,0,0.100121021271,0,94.0,2,6,5.24605364197,-0.754268642848,5.3,3.0,5.0,500.0,3.75
3.1,0.0,1,400.0,22.0,1,0.100085020065,-2,94.0,1,18,-4.82104957538,2.20169956891,5.3,3.0,5.0,500.0,3.75
3.1,0.0,2,400.0,22.0,0,0.100111961365,0,94.0,1,18,-4.82104957538,2.20169956891,5.3,3.0,5.0,500.0,3.75
3.1,0.0,1,400.0,22.0,0,0.0997869968414,0,94.0,2,5,5.24605364197,0.754268642848,5.3,3.0,5.0,500.0,3.75
3.1,0.0,2,400.0,22.0,0,0.100114822388,0,94.0,1,17,-5.24605364197,0.754268642848,5.3,3.0,5.0,500.0,3.75
3.1,0.0,2,400.0,22.0,-2,0.100105047226,0,94.0,2,19,-4.00547274408,3.47076188991,5.3,3.0,5.0,500.0,3.75
3.1,0.0,2,400.0,22.0,0,0.100121021271,0,94.0,1,5,5.24605364197,0.754268642848,5.3,3.0,5.0,500.0,3.75
3.1,0.0,1,400.0,22.0,0,0.100172996521,0,94.0,1,13,-2.86539633251,-4.45864372401,5.3,3.0,5.0,500.0,3.75
3.1,0.0,2,400.0,22.0,0,0.100091934204,0,94.0,1,18,-4.82104957538,2.20169956891,5.3,3.0,5.0,500.0,3.75
3.1,0.0,2,400.0,22.0,1,0.100147008896,-2,94.0,1,5,5.24605364197,0.754268642848,5.3,3.0,5.0,500.0,3.75
3.1,0.0,2,400.0,22.0,0,0.100151062012,0,94.0,1,12,-1.49318255126,-5.08531276016,5.3,3.0,5.0,500.0,3.75
3.1,0.0,1,400.0,22.0,1,0.100138187408,1,94.0,1,21,-1.49318255126,5.08531276016,5.3,3.0,5.0,500.0,3.75
3.1,0.0,1,400.0,22.0,0,0.100080966949,1,94.0,1,3,4.00547274408,3.47076188991,5.3,3.0,5.0,500.0,3.75
3.1,0.0,2,400.0,22.0,-2,0.100113868713,0,94.0,2,5,5.24605364197,0.754268642848,5.3,3.0,5.0,500.0,3.75
3.1,0.0,2,400.0,22.0,0,0.10006403923,1,94.0,1,0,0.0,5.3,5.3,3.0,5.0,500.0,3.75
3.1,0.0,2,400.0,22.0,-1,0.100078821182,0,94.0,1,5,5.24605364197,0.754268642848,5.3,3.0,5.0,500.0,3.75
3.1,0.0,1,400.0,22.0,0,0.100100040436,1,94.0,2,2,2.86539633251,4.45864372401,5.3,3.0,5.0,500.0,3.75
3.1,0.0,1,400.0,22.0,-2,0.10014796257,-2,94.0,2,8,4.00547274408,-3.47076188991,5.3,3.0,5.0,500.0,3.75
3.1,0.0,2,400.0,22.0,0,0.100136995316,1,94.0,1,7,4.82104957538,-2.20169956891,5.3,3.0,5.0,500.0,3.75
3.1,0.0,1,400.0,22.0,-1,0.100135087967,0,94.0,1,5,5.24605364197,0.754268642848,5.3,3.0,5.0,500.0,3.75
3.1,0.0,1,400.0,22.0,1,0.100082874298,0,94.0,1,16,-5.24605364197,-0.754268642848,5.3,3.0,5.0,500.0,3.75
3.1,0.0,2,400.0,22.0,0,0.0997488498688,0,94.0,1,7,4.82104957538,-2.20169956891,5.3,3.0,5.0,500.0,3.75
3.1,0.0,2,400.0,22.0,0,0.100112199783,-1,94.0,1,10,1.49318255126,-5.08531276016,5.3,3.0,5.0,500.0,3.75
3.1,0.0,1,400.0,22.0,1,0.100080966949,1,94.0,2,10,1.49318255126,-5.08531276016,5.3,3.0,5.0,500.0,3.75
3.1,0.0,2,400.0,22.0,-1,0.100107908249,-1,94.0,1,21,-1.49318255126,5.08531276016,5.3,3.0,5.0,500.0,3.75
3.1,0.0,1,400.0,22.0,1,0.100142002106,1,94.0,1,0,0.0,5.3,5.3,3.0,5.0,500.0,3.75
3.1,0.0,2,400.0,22.0,2,0.100140094757,0,94.0,1,8,4.00547274408,-3.47076188991,5.3,3.0,5.0,500.0,3.75
3.1,0.0,2,400.0,22.0,0,0.100138902664,0,94.0,1,5,5.24605364197,0.754268642848,5.3,3.0,5.0,500.0,3.75
3.1,0.0,2,400.0,22.0,0,0.100128889084,0,94.0,1,8,4.00547274408,-3.47076188991,5.3,3.0,5.0,500.0,3.75
3.1,0.0,1,400.0,22.0,2,0.100149869919,-1,94.0,1,20,-2.86539633251,4.45864372401,5.3,3.0,5.0,500.0,3.75
3.1,0.0,2,400.0,22.0,0,0.10013794899,0,94.0,1,2,2.86539633251,4.45864372401,5.3,3.0,5.0,500.0,3.75
3.1,0.0,1,400.0,22.0,0,0.100049972534,1,94.0,1,10,1.49318255126,-5.08531276016,5.3,3.0,5.0,500.0,3.75
3.1,0.0,2,400.0,22.0,0,0.100122928619,0,94.0,1,7,4.82104957538,-2.20169956891,5.3,3.0,5.0,500.0,3.75
3.1,0.0,1,400.0,22.0,0,0.100046873093,1,94.0,1,0,0.0,5.3,5.3,3.0,5.0,500.0,3.75
3.1,0.0,2,400.0,22.0,0,0.10011100769,0,94.0,1,19,-4.00547274408,3.47076188991,5.3,3.0,5.0,500.0,3.75
3.1,0.0,1,400.0,22.0,-2,0.100151062012,0,94.0,2,15,-4.82104957538,-2.20169956891,5.3,3.0,5.0,500.0,3.75
3.1,0.0,2,400.0,22.0,2,0.100154876709,1,94.0,1,15,-4.82104957538,-2.20169956891,5.3,3.0,5.0,500.0,3.75
3.1,0.0,1,400.0,22.0,0,0.100105047226,-1,94.0,2,1,1.49318255126,5.08531276016,5.3,3.0,5.0,500.0,3.75
3.1,0.0,2,400.0,22.0,0,0.100109100342,0,94.0,1,9,2.86539633251,-4.45864372401,5.3,3.0,5.0,500.0,3.75
3.1,0.0,2,400.0,22.0,1,0.100109815598,0,94.0,2,7,4.82104957538,-2.20169956891,5.3,3.0,5.0,500.0,3.75
3.1,0.0,2,400.0,22.0,0,0.100105047226,0,94.0,1,5,5.24605364197,0.754268642848,5.3,3.0,5.0,500.0,3.75
3.1,0.0,2,400.0,22.0,-1,0.100023031235,0,94.0,2,21,-1.49318255126,5.08531276016,5.3,3.0,5.0,500.0,3.75
3.1,0.0,2,400.0,22.0,1,0.100122928619,1,94.0,1,5,5.24605364197,0.754268642848,5.3,3.0,5.0,500.0,3.75
3.1,0.0,2,400.0,22.0,0,0.100095033646,1,94.0,1,5,5.24605364197,0.754268642848,5.3,3.0,5.0,500.0,3.75
3.1,0.0,2,400.0,22.0,0,0.100080013275,0,94.0,1,9,2.86539633251,-4.45864372401,5.3,3.0,5.0,500.0,3.75
3.1,0.0,2,400.0,22.0,0,0.100107908249,0,94.0,1,12,-1.49318255126,-5.08531276016,5.3,3.0,5.0,500.0,3.75
3.1,0.0,1,400.0,22.0,0,0.100102186203,0,94.0,2,10,1.49318255126,-5.08531276016,5.3,3.0,5.0,500.0,3.75
3.1,0.0,2,400.0,22.0,0,0.100056886673,-1,94.0,1,19,-4.00547274408,3.47076188991,5.3,3.0,5.0,500.0,3.75
3.1,0.0,1,400.0,22.0,-2,0.100084066391,-2,94.0,2,6,5.24605364197,-0.754268642848,5.3,3.0,5.0,500.0,3.75
3.1,0.0,1,400.0,22.0,-1,0.100219011307,1,94.0,1,19,-4.00547274408,3.47076188991,5.3,3.0,5.0,500.0,3.75
3.1,0.0,2,400.0,22.0,2,0.100086927414,0,94.0,1,7,4.82104957538,-2.20169956891,5.3,3.0,5.0,500.0,3.75
3.1,0.0,2,400.0,22.0,1,0.100088119507,2,94.0,2,18,-4.82104957538,2.20169956891,5.3,3.0,5.0,500.0,3.75
3.1,0.0,2,400.0,22.0,1,0.100099086761,2,94.0,1,6,5.24605364197,-0.754268642848,5.3,3.0,5.0,500.0,3.75
3.1,0.0,2,400.0,22.0,-1,0.100121021271,2,94.0,2,17,-5.24605364197,0.754268642848,5.3,3.0,5.0,500.0,3.75
3.1,0.0,1,400.0,22.0,2,0.100128173828,1,94.0,2,13,-2.86539633251,-4.45864372401,5.3,3.0,5.0,500.0,3.75
3.1,0.0,1,400.0,22.0,0,0.10012793541,-2,94.0,2,9,2.86539633251,-4.45864372401,5.3,3.0,5.0,500.0,3.75
3.1,0.0,2,400.0,22.0,-2,0.100131988525,1,94.0,1,9,2.86539633251,-4.45864372401,5.3,3.0,5.0,500.0,3.75
3.1,0.0,1,400.0,22.0,1,0.100162982941,1,94.0,1,16,-5.24605364197,-0.754268642848,5.3,3.0,5.0,500.0,3.75
3.1,0.0,2,400.0,22.0,-1,0.100115060806,0,94.0,1,21,-1.49318255126,5.08531276016,5.3,3.0,5.0,500.0,3.75
3.1,0.0,2,400.0,22.0,-1,0.100159883499,2,94.0,1,6,5.24605364197,-0.754268642848,5.3,3.0,5.0,500.0,3.75
3.1,0.0,1,400.0,22.0,1,0.100117921829,-2,94.0,1,1,1.49318255126,5.08531276016,5.3,3.0,5.0,500.0,3.75
3.1,0.0,1,400.0,22.0,2,0.099996805191,-2,94.0,1,15,-4.82104957538,-2.20169956891,5.3,3.0,5.0,500.0,3.75
3.1,0.0,1,400.0,22.0,0,0.100147008896,0,94.0,1,11,6.49041367526e-16,-5.3,5.3,3.0,5.0,500.0,3.75
3.1,0.0,1,400.0,22.0,0,0.100136041641,1,94.0,1,20,-2.86539633251,4.45864372401,5.3,3.0,5.0,500.0,3.75
3.1,0.0,2,400.0,22.0,-2,0.100097179413,1,94.0,2,17,-5.24605364197,0.754268642848,5.3,3.0,5.0,500.0,3.75
3.1,0.0,1,400.0,22.0,0,0.100070953369,1,94.0,1,5,5.24605364197,0.754268642848,5.3,3.0,5.0,500.0,3.75
3.1,0.0,1,400.0,22.0,0,0.100071907043,-1,94.0,1,16,-5.24605364197,-0.754268642848,5.3,3.0,5.0,500.0,3.75
3.1,0.0,2,400.0,22.0,0,0.100092887878,0,94.0,1,5,5.24605364197,0.754268642848,5.3,3.0,5.0,500.0,3.75
3.1,0.0,2,400.0,22.0,0,0.100080013275,-2,94.0,1,10,1.49318255126,-5.08531276016,5.3,3.0,5.0,500.0,3.75
3.1,0.0,1,400.0,22.0,2,0.10004901886,0,94.0,1,1,1.49318255126,5.08531276016,5.3,3.0,5.0,500.0,3.75
3.1,0.0,1,400.0,22.0,0,0.100096225739,-2,94.0,1,7,4.82104957538,-2.20169956891,5.3,3.0,5.0,500.0,3.75
3.1,0.0,1,400.0,22.0,0,0.100112915039,0,94.0,2,20,-2.86539633251,4.45864372401,5.3,3.0,5.0,500.0,3.75
3.1,0.0,1,400.0,22.0,1,0.10010099411,1,94.0,1,20,-2.86539633251,4.45864372401,5.3,3.0,5.0,500.0,3.75
3.1,0.0,1,400.0,22.0,1,0.100069999695,0,94.0,1,18,-4.82104957538,2.20169956891,5.3,3.0,5.0,500.0,3.75
3.1,0.0,2,400.0,22.0,-1,0.100067138672,-1,94.0,1,21,-1.49318255126,5.08531276016,5.3,3.0,5.0,500.0,3.75
3.1,0.0,1,400.0,22.0,2,0.100116014481,-2,94.0,1,14,-4.00547274408,-3.47076188991,5.3,3.0,5.0,500.0,3.75
3.1,0.0,1,400.0,22.0,0,0.100140094757,0,94.0,2,3,4.00547274408,3.47076188991,5.3,3.0,5.0,500.0,3.75
3.1,0.0,2,400.0,22.0,0,0.100126028061,-2,94.0,2,1,1.49318255126,5.08531276016,5.3,3.0,5.0,500.0,3.75
3.1,0.0,1,400.0,22.0,0,0.100058794022,0,94.0,2,5,5.24605364197,0.754268642848,5.3,3.0,5.0,500.0,3.75
3.1,0.0,1,400.0,22.0,2,0.100141048431,0,94.0,2,11,6.49041367526e-16,-5.3,5.3,3.0,5.0,500.0,3.75
3.1,0.0,1,400.0,22.0,0,0.100040912628,1,94.0,2,5,5.24605364197,0.754268642848,5.3,3.0,5.0,500.0,3.75
3.1,0.0,2,400.0,22.0,-2,0.100124120712,-1,94.0,1,8,4.00547274408,-3.47076188991,5.3,3.0,5.0,500.0,3.75
3.1,0.0,1,400.0,22.0,-2,0.100041151047,0,94.0,2,11,6.49041367526e-16,-5.3,5.3,3.0,5.0,500.0,3.75
3.1,0.0,1,400.0,22.0,0,0.100128889084,0,94.0,1,18,-4.82104957538,2.20169956891,5.3,3.0,5.0,500.0,3.75
3.1,0.0,2,400.0,22.0,0,0.100124120712,0,94.0,1,12,-1.49318255126,-5.08531276016,5.3,3.0,5.0,500.0,3.75
3.1,0.0,1,400.0,22.0,-1,0.100114107132,0,94.0,2,19,-4.00547274408,3.47076188991,5.3,3.0,5.0,500.0,3.75
3.1,0.0,2,400.0,22.0,0,0.100110054016,1,94.0,2,21,-1.49318255126,5.08531276016,5.3,3.0,5.0,500.0,3.75
3.1,0.0,2,400.0,22.0,1,0.100086212158,2,94.0,1,2,2.86539633251,4.45864372401,5.3,3.0,5.0,500.0,3.75
3.1,0.0,1,400.0,22.0,1,0.100076913834,-1,94.0,1,14,-4.00547274408,-3.47076188991,5.3,3.0,5.0,500.0,3.75
3.1,0.0,1,400.0,22.0,0,0.100108861923,2,94.0,1,3,4.00547274408,3.47076188991,5.3,3.0,5.0,500.0,3.75
3.1,0.0,2,400.0,22.0,-2,0.100096940994,2,94.0,1,15,-4.82104957538,-2.20169956891,5.3,3.0,5.0,500.0,3.75
3.1,0.0,2,400.0,22.0,-2,0.100111961365,1,94.0,2,19,-4.00547274408,3.47076188991,5.3,3.0,5.0,500.0,3.75
3.1,0.0,1,400.0,22.0,-1,0.100129842758,1,94.0,2,17,-5.24605364197,0.754268642848,5.3,3.0,5.0,500.0,3.75
3.1,0.0,2,400.0,22.0,2,0.100083112717,0,94.0,2,11,6.49041367526e-16,-5.3,5.3,3.0,5.0,500.0,3.75
3.1,0.0,2,400.0,22.0,-2,0.100136041641,1,94.0,1,9,2.86539633251,-4.45864372401,5.3,3.0,5.0,500.0,3.75
3.1,0.0,2,400.0,22.0,-2,0.100126028061,-2,94.0,1,1,1.49318255126,5.08531276016,5.3,3.0,5.0,500.0,3.75
3.1,0.0,2,400.0,22.0,0,0.100147008896,0,94.0,1,1,1.49318255126,5.08531276016,5.3,3.0,5.0,500.0,3.75
3.1,0.0,2,400.0,22.0,1,0.100147008896,2,94.0,2,8,4.00547274408,-3.47076188991,5.3,3.0,5.0,500.0,3.75
3.1,0.0,2,400.0,22.0,-1,0.100146055222,2,94.0,2,0,0.0,5.3,5.3,3.0,5.0,500.0,3.75
3.1,0.0,1,400.0,22.0,-2,0.100172996521,1,94.0,2,10,1.49318255126,-5.08531276016,5.3,3.0,5.0,500.0,3.75
3.1,0.0,2,400.0,22.0,0,0.100116014481,-2,94.0,2,8,4.00547274408,-3.47076188991,5.3,3.0,5.0,500.0,3.75
3.1,0.0,1,400.0,22.0,-2,0.100131034851,1,94.0,2,10,1.49318255126,-5.08531276016,5.3,3.0,5.0,500.0,3.75
3.1,0.0,2,400.0,22.0,0,0.100059986115,-1,94.0,1,2,2.86539633251,4.45864372401,5.3,3.0,5.0,500.0,3.75
3.1,0.0,1,400.0,22.0,2,0.0999999046326,-2,94.0,2,5,5.24605364197,0.754268642848,5.3,3.0,5.0,500.0,3.75
3.1,0.0,1,400.0,22.0,1,0.100119829178,2,94.0,2,15,-4.82104957538,-2.20169956891,5.3,3.0,5.0,500.0,3.75
3.1,0.0,2,400.0,22.0,2,0.100271940231,-1,94.0,2,11,6.49041367526e-16,-5.3,5.3,3.0,5.0,500.0,3.75
3.1,0.0,2,400.0,22.0,2,0.100162982941,-1,94.0,2,4,4.82104957538,2.20169956891,5.3,3.0,5.0,500.0,3.75
3.1,0.0,2,400.0,22.0,-1,0.100068092346,2,94.0,2,1,1.49318255126,5.08531276016,5.3,3.0,5.0,500.0,3.75
3.1,0.0,2,400.0,22.0,-1,0.100118160248,-2,94.0,1,4,4.82104957538,2.20169956891,5.3,3.0,5.0,500.0,3.75
3.1,0.0,1,400.0,22.0,2,0.100065946579,1,94.0,2,13,-2.86539633251,-4.45864372401,5.3,3.0,5.0,500.0,3.75
3.1,0.0,1,400.0,22.0,1,0.100117921829,-2,94.0,2,20,-2.86539633251,4.45864372401,5.3,3.0,5.0,500.0,3.75
3.1,0.0,2,400.0,22.0,0,0.100113153458,1,94.0,1,4,4.82104957538,2.20169956891,5.3,3.0,5.0,500.0,3.75
3.1,0.0,1,400.0,22.0,0,0.100075960159,-1,94.0,2,21,-1.49318255126,5.08531276016,5.3,3.0,5.0,500.0,3.75
3.1,0.0,2,400.0,22.0,0,0.100021123886,2,94.0,2,13,-2.86539633251,-4.45864372401,5.3,3.0,5.0,500.0,3.75
3.1,0.0,2,400.0,22.0,0,0.100231170654,0,94.0,1,16,-5.24605364197,-0.754268642848,5.3,3.0,5.0,500.0,3.75
3.1,0.0,2,400.0,22.0,0,0.100080013275,0,94.0,1,15,-4.82104957538,-2.20169956891,5.3,3.0,5.0,500.0,3.75
3.1,0.0,2,400.0,22.0,1,0.100080013275,0,94.0,1,15,-4.82104957538,-2.20169956891,5.3,3.0,5.0,500.0,3.75
3.1,0.0,1,400.0,22.0,0,0.100106954575,-1,94.0,2,18,-4.82104957538,2.20169956891,5.3,3.0,5.0,500.0,3.75
3.1,0.0,1,400.0,22.0,0,0.100109100342,1,94.0,1,9,2.86539633251,-4.45864372401,5.3,3.0,5.0,500.0,3.75
3.1,0.0,1,400.0,22.0,-1,0.100068092346,1,94.0,1,16,-5.24605364197,-0.754268642848,5.3,3.0,5.0,500.0,3.75
3.1,0.0,1,400.0,22.0,0,0.100112915039,0,94.0,2,14,-4.00547274408,-3.47076188991,5.3,3.0,5.0,500.0,3.75
3.1,0.0,2,400.0,22.0,-1,0.10014295578,2,94.0,2,16,-5.24605364197,-0.754268642848,5.3,3.0,5.0,500.0,3.75
3.1,0.0,1,400.0,22.0,-1,0.100154876709,-2,94.0,1,0,0.0,5.3,5.3,3.0,5.0,500.0,3.75
3.1,0.0,2,400.0,22.0,2,0.100130081177,0,94.0,1,3,4.00547274408,3.47076188991,5.3,3.0,5.0,500.0,3.75
3.1,0.0,1,400.0,22.0,0,0.100153207779,1,94.0,2,7,4.82104957538,-2.20169956891,5.3,3.0,5.0,500.0,3.75
3.1,0.0,1,400.0,22.0,-1,0.100087881088,0,94.0,2,20,-2.86539633251,4.45864372401,5.3,3.0,5.0,500.0,3.75
3.1,0.0,2,400.0,22.0,0,0.100133895874,0,94.0,1,11,6.49041367526e-16,-5.3,5.3,3.0,5.0,500.0,3.75
3.1,0.0,1,400.0,22.0,1,0.100052118301,0,94.0,1,14,-4.00547274408,-3.47076188991,5.3,3.0,5.0,500.0,3.75
3.1,0.0,2,400.0,22.0,0,0.0999839305878,0,94.0,1,7,4.82104957538,-2.20169956891,5.3,3.0,5.0,500.0,3.75
3.1,0.0,2,400.0,22.0,0,0.100117921829,0,94.0,1,7,4.82104957538,-2.20169956891,5.3,3.0,5.0,500.0,3.75
3.1,0.0,1,400.0,22.0,0,0.100067853928,0,94.0,1,17,-5.24605364197,0.754268642848,5.3,3.0,5.0,500.0,3.75
3.1,0.0,1,400.0,22.0,-2,0.100042819977,-1,94.0,2,10,1.49318255126,-5.08531276016,5.3,3.0,5.0,500.0,3.75
3.1,0.0,2,400.0,22.0,0,0.100141048431,2,94.0,1,12,-1.49318255126,-5.08531276016,5.3,3.0,5.0,500.0,3.75
3.1,0.0,1,400.0,22.0,1,0.100060939789,2,94.0,2,17,-5.24605364197,0.754268642848,5.3,3.0,5.0,500.0,3.75
3.1,0.0,1,400.0,22.0,0,0.100126028061,-1,94.0,2,0,0.0,5.3,5.3,3.0,5.0,500.0,3.75
3.1,0.0,1,400.0,22.0,2,0.100115060806,1,94.0,2,6,5.24605364197,-0.754268642848,5.3,3.0,5.0,500.0,3.75
3.1,0.0,2,400.0,22.0,1,0.100108146667,0,94.0,2,17,-5.24605364197,0.754268642848,5.3,3.0,5.0,500.0,3.75
3.1,0.0,2,400.0,22.0,0,0.100160837173,1,94.0,2,2,2.86539633251,4.45864372401,5.3,3.0,5.0,500.0,3.75
3.1,0.0,2,400.0,22.0,2,0.100116014481,2,94.0,2,15,-4.82104957538,-2.20169956891,5.3,3.0,5.0,500.0,3.75
3.1,0.0,2,400.0,22.0,2,0.100100040436,1,94.0,1,16,-5.24605364197,-0.754268642848,5.3,3.0,5.0,500.0,3.75
3.1,0.0,2,400.0,22.0,-2,0.100077152252,-1,94.0,1,3,4.00547274408,3.47076188991,5.3,3.0,5.0,500.0,3.75
3.1,0.0,1,400.0,22.0,0,0.100116014481,1,94.0,1,20,-2.86539633251,4.45864372401,5.3,3.0,5.0,500.0,3.75
3.1,0.0,1,400.0,22.0,-2,0.100117921829,-1,94.0,1,1,1.49318255126,5.08531276016,5.3,3.0,5.0,500.0,3.75
3.1,0.0,1,400.0,22.0,1,0.0999810695648,-2,94.0,1,11,6.49041367526e-16,-5.3,5.3,3.0,5.0,500.0,3.75
3.1,0.0,1,400.0,22.0,0,0.100138902664,-1,94.0,2,15,-4.82104957538,-2.20169956891,5.3,3.0,5.0,500.0,3.75
3.1,0.0,1,400.0,22.0,1,0.100155115128,2,94.0,2,14,-4.00547274408,-3.47076188991,5.3,3.0,5.0,500.0,3.75
3.1,0.0,1,400.0,22.0,2,0.10013794899,1,94.0,1,4,4.82104957538,2.20169956891,5.3,3.0,5.0,500.0,3.75
3.1,0.0,2,400.0,22.0,1,0.10015296936,-2,94.0,1,19,-4.00547274408,3.47076188991,5.3,3.0,5.0,500.0,3.75
3.1,0.0,2,400.0,22.0,2,0.100142002106,-1,94.0,2,10,1.49318255126,-5.08531276016,5.3,3.0,5.0,500.0,3.75
3.1,0.0,2,400.0,22.0,0,0.100131034851,1,94.0,2,5,5.24605364197,0.754268642848,5.3,3.0,5.0,500.0,3.75
3.1,0.0,1,400.0,22.0,0,0.100134849548,-2,94.0,1,6,5.24605364197,-0.754268642848,5.3,3.0,5.0,500.0,3.75
3.1,0.0,2,400.0,22.0,0,0.100169897079,0,94.0,1,10,1.49318255126,-5.08531276016,5.3,3.0,5.0,500.0,3.75
3.1,0.0,2,400.0,22.0,1,0.100124835968,0,94.0,2,4,4.82104957538,2.20169956891,5.3,3.0,5.0,500.0,3.75
3.1,0.0,2,400.0,22.0,0,0.100115060806,1,94.0,1,20,-2.86539633251,4.45864372401,5.3,3.0,5.0,500.0,3.75
3.1,0.0,2,400.0,22.0,0,0.100080013275,0,94.0,1,11,6.49041367526e-16,-5.3,5.3,3.0,5.0,500.0,3.75
3.1,0.0,1,400.0,22.0,1,0.100045919418,1,94.0,1,10,1.49318255126,-5.08531276016,5.3,3.0,5.0,500.0,3.75
3.1,0.0,2,400.0,22.0,0,0.100110054016,0,94.0,1,18,-4.82104957538,2.20169956891,5.3,3.0,5.0,500.0,3.75
3.1,0.0,2,400.0,22.0,0,0.100255012512,0,94.0,1,17,-5.24605364197,0.754268642848,5.3,3.0,5.0,500.0,3.75
3.1,0.0,1,400.0,22.0,-1,0.100086927414,0,94.0,1,13,-2.86539633251,-4.45864372401,5.3,3.0,5.0,500.0,3.75
3.1,0.0,2,400.0,22.0,0,0.100147008896,0,94.0,1,5,5.24605364197,0.754268642848,5.3,3.0,5.0,500.0,3.75
3.1,0.0,2,400.0,22.0,0,0.100130081177,0,94.0,1,18,-4.82104957538,2.20169956891,5.3,3.0,5.0,500.0,3.75
3.1,0.0,2,400.0,22.0,0,0.100129127502,0,94.0,1,8,4.00547274408,-3.47076188991,5.3,3.0,5.0,500.0,3.75
3.1,0.0,1,400.0,22.0,0,0.0999779701233,-1,94.0,1,9,2.86539633251,-4.45864372401,5.3,3.0,5.0,500.0,3.75
3.1,0.0,1,400.0,22.0,-2,0.100618124008,0,94.0,2,19,-4.00547274408,3.47076188991,5.3,3.0,5.0,500.0,3.75
3.1,0.0,1,400.0,22.0,0,0.100142002106,1,94.0,1,21,-1.49318255126,5.08531276016,5.3,3.0,5.0,500.0,3.75
3.1,0.0,2,400.0,22.0,2,0.100126028061,0,94.0,1,19,-4.00547274408,3.47076188991,5.3,3.0,5.0,500.0,3.75
3.1,0.0,2,400.0,22.0,1,0.100146055222,1,94.0,1,12,-1.49318255126,-5.08531276016,5.3,3.0,5.0,500.0,3.75
3.1,0.0,2,400.0,22.0,1,0.100095033646,-2,94.0,1,8,4.00547274408,-3.47076188991,5.3,3.0,5.0,500.0,3.75
3.1,0.0,1,400.0,22.0,0,0.100115060806,-1,94.0,1,16,-5.24605364197,-0.754268642848,5.3,3.0,5.0,500.0,3.75
3.1,0.0,1,400.0,22.0,0,0.100142002106,-2,94.0,1,2,2.86539633251,4.45864372401,5.3,3.0,5.0,500.0,3.75
3.1,0.0,2,400.0,22.0,0,0.100143909454,1,94.0,1,18,-4.82104957538,2.20169956891,5.3,3.0,5.0,500.0,3.75
3.1,0.0,2,400.0,22.0,0,0.100129127502,-1,94.0,1,20,-2.86539633251,4.45864372401,5.3,3.0,5.0,500.0,3.75
3.1,0.0,2,400.0,22.0,-2,0.100057125092,2,94.0,1,5,5.24605364197,0.754268642848,5.3,3.0,5.0,500.0,3.75
3.1,0.0,1,400.0,22.0,1,0.100207090378,2,94.0,1,19,-4.00547274408,3.47076188991,5.3,3.0,5.0,500.0,3.75
3.1,0.0,2,400.0,22.0,2,0.100133180618,-2,94.0,1,9,2.86539633251,-4.45864372401,5.3,3.0,5.0,500.0,3.75
3.1,0.0,2,400.0,22.0,2,0.100033998489,2,94.0,1,1,1.49318255126,5.08531276016,5.3,3.0,5.0,500.0,3.75
3.1,0.0,1,400.0,22.0,1,0.100104093552,2,94.0,2,7,4.82104957538,-2.20169956891,5.3,3.0,5.0,500.0,3.75
3.1,0.0,1,400.0,22.0,1,0.100084066391,1,94.0,1,2,2.86539633251,4.45864372401,5.3,3.0,5.0,500.0,3.75
3.1,0.0,2,400.0,22.0,1,0.100140094757,1,94.0,1,12,-1.49318255126,-5.08531276016,5.3,3.0,5.0,500.0,3.75
3.1,0.0,2,400.0,22.0,0,0.0998029708862,0,94.0,1,15,-4.82104957538,-2.20169956891,5.3,3.0,5.0,500.0,3.75
3.1,0.0,2,400.0,22.0,-1,0.100131034851,-1,94.0,1,20,-2.86539633251,4.45864372401,5.3,3.0,5.0,500.0,3.75
3.1,0.0,2,400.0,22.0,2,0.100124835968,-2,94.0,2,7,4.82104957538,-2.20169956891,5.3,3.0,5.0,500.0,3.75
3.1,0.0,2,400.0,22.0,0,0.100109100342,0,94.0,1,12,-1.49318255126,-5.08531276016,5.3,3.0,5.0,500.0,3.75
3.1,0.0,1,400.0,22.0,0,0.100125074387,2,94.0,1,7,4.82104957538,-2.20169956891,5.3,3.0,5.0,500.0,3.75
3.1,0.0,1,400.0,22.0,-2,0.0999748706818,1,94.0,1,2,2.86539633251,4.45864372401,5.3,3.0,5.0,500.0,3.75
3.1,0.0,2,400.0,22.0,1,0.100021123886,0,94.0,2,9,2.86539633251,-4.45864372401,5.3,3.0,5.0,500.0,3.75
3.1,0.0,1,400.0,22.0,1,0.100154161453,0,94.0,1,21,-1.49318255126,5.08531276016,5.3,3.0,5.0,500.0,3.75
3.1,0.0,1,400.0,22.0,-2,0.100063085556,1,94.0,2,18,-4.82104957538,2.20169956891,5.3,3.0,5.0,500.0,3.75
3.1,0.0,2,400.0,22.0,2,0.100123882294,1,94.0,1,14,-4.00547274408,-3.47076188991,5.3,3.0,5.0,500.0,3.75
3.1,0.0,1,400.0,22.0,-1,0.100114822388,0,94.0,1,15,-4.82104957538,-2.20169956891,5.3,3.0,5.0,500.0,3.75
3.1,0.0,2,400.0,22.0,2,0.100145101547,-1,94.0,2,0,0.0,5.3,5.3,3.0,5.0,500.0,3.75
3.1,0.0,2,400.0,22.0,1,0.10009098053,0,94.0,2,20,-2.86539633251,4.45864372401,5.3,3.0,5.0,500.0,3.75
3.1,0.0,1,400.0,22.0,2,0.100119113922,-1,94.0,2,9,2.86539633251,-4.45864372401,5.3,3.0,5.0,500.0,3.75
3.1,0.0,1,400.0,22.0,2,0.10005402565,-2,94.0,1,9,2.86539633251,-4.45864372401,5.3,3.0,5.0,500.0,3.75
3.1,0.0,1,400.0,22.0,-2,0.10014295578,-1,94.0,2,4,4.82104957538,2.20169956891,5.3,3.0,5.0,500.0,3.75
3.1,0.0,2,400.0,22.0,-2,0.100088119507,-2,94.0,1,3,4.00547274408,3.47076188991,5.3,3.0,5.0,500.0,3.75
3.1,0.0,1,400.0,22.0,-1,0.100063800812,0,94.0,2,17,-5.24605364197,0.754268642848,5.3,3.0,5.0,500.0,3.75
3.1,0.0,1,400.0,22.0,1,0.100116968155,-2,94.0,1,1,1.49318255126,5.08531276016,5.3,3.0,5.0,500.0,3.75
3.1,0.0,2,400.0,22.0,0,0.10004401207,2,94.0,1,8,4.00547274408,-3.47076188991,5.3,3.0,5.0,500.0,3.75
3.1,0.0,1,400.0,22.0,0,0.100102186203,0,94.0,2,19,-4.00547274408,3.47076188991,5.3,3.0,5.0,500.0,3.75
3.1,0.0,2,400.0,22.0,-1,0.100134849548,0,94.0,2,19,-4.00547274408,3.47076188991,5.3,3.0,5.0,500.0,3.75
3.1,0.0,1,400.0,22.0,-1,0.100103139877,0,94.0,2,1,1.49318255126,5.08531276016,5.3,3.0,5.0,500.0,3.75
3.1,0.0,2,400.0,22.0,-1,0.100082874298,-1,94.0,2,8,4.00547274408,-3.47076188991,5.3,3.0,5.0,500.0,3.75
3.1,0.0,1,400.0,22.0,-1,0.100085020065,1,94.0,1,15,-4.82104957538,-2.20169956891,5.3,3.0,5.0,500.0,3.75
3.1,0.0,2,400.0,22.0,0,0.100103139877,0,94.0,1,18,-4.82104957538,2.20169956891,5.3,3.0,5.0,500.0,3.75
3.1,0.0,2,400.0,22.0,0,0.100134849548,-1,94.0,2,21,-1.49318255126,5.08531276016,5.3,3.0,5.0,500.0,3.75
3.1,0.0,2,400.0,22.0,0,0.100150108337,0,94.0,1,10,1.49318255126,-5.08531276016,5.3,3.0,5.0,500.0,3.75
3.1,0.0,2,400.0,22.0,0,0.100122213364,0,94.0,1,10,1.49318255126,-5.08531276016,5.3,3.0,5.0,500.0,3.75
3.1,0.0,1,400.0,22.0,0,0.100128889084,1,94.0,1,11,6.49041367526e-16,-5.3,5.3,3.0,5.0,500.0,3.75
3.1,0.0,1,400.0,22.0,-1,0.100150823593,1,94.0,1,8,4.00547274408,-3.47076188991,5.3,3.0,5.0,500.0,3.75
3.1,0.0,2,400.0,22.0,0,0.10013794899,-2,94.0,1,15,-4.82104957538,-2.20169956891,5.3,3.0,5.0,500.0,3.75
3.1,0.0,2,400.0,22.0,1,0.0999999046326,0,94.0,2,20,-2.86539633251,4.45864372401,5.3,3.0,5.0,500.0,3.75
3.1,0.0,2,400.0,22.0,0,0.100122213364,0,94.0,1,12,-1.49318255126,-5.08531276016,5.3,3.0,5.0,500.0,3.75
