cue-length,ms-precue,resp-v-hv,ms-st-cue,nitems,resp-h-pos,actualStimOn,resp-v-pos,ms-stimon,resp-h-hv,cue-loc-int,cue-loc-x,cue-loc-y,radius,bars-or-spot,npractice,ntrials,offsett
3.1,0.0,1,400.0,22.0,0,0.0971620082855,0,94.0,1,0,0.0,5.3,5.3,3.0,5.0,400.0,5
3.1,0.0,2,400.0,22.0,-1,0.097156047821,1,94.0,2,7,4.82104957538,-2.20169956891,5.3,3.0,5.0,400.0,5
3.1,0.0,1,400.0,22.0,0,0.0970058441162,0,94.0,1,18,-4.82104957538,2.20169956891,5.3,3.0,5.0,400.0,5
3.1,0.0,1,400.0,22.0,-1,0.0970139503479,-1,94.0,1,6,5.24605364197,-0.754268642848,5.3,3.0,5.0,400.0,5
3.1,0.0,2,400.0,22.0,0,0.0970070362091,1,94.0,1,1,1.49318255126,5.08531276016,5.3,3.0,5.0,400.0,5
3.1,0.0,1,400.0,22.0,0,0.0973470211029,1,94.0,1,7,4.82104957538,-2.20169956891,5.3,3.0,5.0,400.0,5
3.1,0.0,1,400.0,22.0,0,0.0970220565796,0,94.0,1,10,1.49318255126,-5.08531276016,5.3,3.0,5.0,400.0,5
3.1,0.0,2,400.0,22.0,0,0.0970060825348,2,94.0,2,4,4.82104957538,2.20169956891,5.3,3.0,5.0,400.0,5
3.1,0.0,1,400.0,22.0,-2,0.097011089325,1,94.0,2,2,2.86539633251,4.45864372401,5.3,3.0,5.0,400.0,5
3.1,0.0,1,400.0,22.0,0,0.0971870422363,-2,94.0,1,8,4.00547274408,-3.47076188991,5.3,3.0,5.0,400.0,5
3.1,0.0,2,400.0,22.0,0,0.0970168113708,-2,94.0,1,13,-2.86539633251,-4.45864372401,5.3,3.0,5.0,400.0,5
3.1,0.0,2,400.0,22.0,-1,0.0970239639282,1,94.0,2,19,-4.00547274408,3.47076188991,5.3,3.0,5.0,400.0,5
3.1,0.0,2,400.0,22.0,0,0.0970280170441,0,94.0,1,5,5.24605364197,0.754268642848,5.3,3.0,5.0,400.0,5
3.1,0.0,2,400.0,22.0,1,0.0971629619598,1,94.0,1,8,4.00547274408,-3.47076188991,5.3,3.0,5.0,400.0,5
3.1,0.0,1,400.0,22.0,2,0.0970249176025,-2,94.0,2,12,-1.49318255126,-5.08531276016,5.3,3.0,5.0,400.0,5
3.1,0.0,2,400.0,22.0,1,0.0970189571381,2,94.0,2,3,4.00547274408,3.47076188991,5.3,3.0,5.0,400.0,5
3.1,0.0,2,400.0,22.0,0,0.0970230102539,1,94.0,1,5,5.24605364197,0.754268642848,5.3,3.0,5.0,400.0,5
3.1,0.0,1,400.0,22.0,0,0.0970480442047,0,94.0,1,8,4.00547274408,-3.47076188991,5.3,3.0,5.0,400.0,5
3.1,0.0,2,400.0,22.0,-1,0.0970211029053,2,94.0,1,10,1.49318255126,-5.08531276016,5.3,3.0,5.0,400.0,5
3.1,0.0,2,400.0,22.0,1,0.0970690250397,-1,94.0,1,3,4.00547274408,3.47076188991,5.3,3.0,5.0,400.0,5
3.1,0.0,2,400.0,22.0,2,0.0970258712769,0,94.0,2,17,-5.24605364197,0.754268642848,5.3,3.0,5.0,400.0,5
3.1,0.0,2,400.0,22.0,-1,0.0970320701599,-1,94.0,1,19,-4.00547274408,3.47076188991,5.3,3.0,5.0,400.0,5
3.1,0.0,2,400.0,22.0,0,0.0970211029053,1,94.0,1,13,-2.86539633251,-4.45864372401,5.3,3.0,5.0,400.0,5
3.1,0.0,1,400.0,22.0,1,0.0971908569336,2,94.0,2,3,4.00547274408,3.47076188991,5.3,3.0,5.0,400.0,5
3.1,0.0,2,400.0,22.0,0,0.0970189571381,1,94.0,1,12,-1.49318255126,-5.08531276016,5.3,3.0,5.0,400.0,5
3.1,0.0,2,400.0,22.0,2,0.0973439216614,-1,94.0,2,21,-1.49318255126,5.08531276016,5.3,3.0,5.0,400.0,5
3.1,0.0,2,400.0,22.0,-1,0.0971660614014,0,94.0,2,18,-4.82104957538,2.20169956891,5.3,3.0,5.0,400.0,5
3.1,0.0,1,400.0,22.0,0,0.0971550941467,-2,94.0,2,7,4.82104957538,-2.20169956891,5.3,3.0,5.0,400.0,5
3.1,0.0,1,400.0,22.0,-1,0.0970249176025,0,94.0,2,10,1.49318255126,-5.08531276016,5.3,3.0,5.0,400.0,5
3.1,0.0,1,400.0,22.0,-1,0.0970590114594,0,94.0,1,10,1.49318255126,-5.08531276016,5.3,3.0,5.0,400.0,5
3.1,0.0,2,400.0,22.0,0,0.097048997879,0,94.0,1,19,-4.00547274408,3.47076188991,5.3,3.0,5.0,400.0,5
3.1,0.0,2,400.0,22.0,-1,0.0970618724823,1,94.0,1,17,-5.24605364197,0.754268642848,5.3,3.0,5.0,400.0,5
3.1,0.0,1,400.0,22.0,0,0.0971579551697,-1,94.0,2,12,-1.49318255126,-5.08531276016,5.3,3.0,5.0,400.0,5
3.1,0.0,1,400.0,22.0,-1,0.097146987915,0,94.0,1,9,2.86539633251,-4.45864372401,5.3,3.0,5.0,400.0,5
3.1,0.0,2,400.0,22.0,-1,0.0971620082855,0,94.0,1,8,4.00547274408,-3.47076188991,5.3,3.0,5.0,400.0,5
3.1,0.0,2,400.0,22.0,0,0.0970530509949,-1,94.0,1,10,1.49318255126,-5.08531276016,5.3,3.0,5.0,400.0,5
3.1,0.0,2,400.0,22.0,-1,0.0970599651337,1,94.0,2,2,2.86539633251,4.45864372401,5.3,3.0,5.0,400.0,5
3.1,0.0,1,400.0,22.0,-1,0.0971801280975,0,94.0,2,15,-4.82104957538,-2.20169956891,5.3,3.0,5.0,400.0,5
3.1,0.0,2,400.0,22.0,0,0.0970568656921,0,94.0,1,2,2.86539633251,4.45864372401,5.3,3.0,5.0,400.0,5
3.1,0.0,2,400.0,22.0,-1,0.0970468521118,0,94.0,2,13,-2.86539633251,-4.45864372401,5.3,3.0,5.0,400.0,5
3.1,0.0,2,400.0,22.0,0,0.0970439910889,-1,94.0,1,19,-4.00547274408,3.47076188991,5.3,3.0,5.0,400.0,5
3.1,0.0,2,400.0,22.0,2,0.0970468521118,1,94.0,2,12,-1.49318255126,-5.08531276016,5.3,3.0,5.0,400.0,5
3.1,0.0,2,400.0,22.0,1,0.0970511436462,-2,94.0,2,1,1.49318255126,5.08531276016,5.3,3.0,5.0,400.0,5
3.1,0.0,2,400.0,22.0,0,0.0970449447632,0,94.0,1,1,1.49318255126,5.08531276016,5.3,3.0,5.0,400.0,5
3.1,0.0,1,400.0,22.0,1,0.0970411300659,-2,94.0,2,11,6.49041367526e-16,-5.3,5.3,3.0,5.0,400.0,5
3.1,0.0,2,400.0,22.0,1,0.0971500873566,0,94.0,1,19,-4.00547274408,3.47076188991,5.3,3.0,5.0,400.0,5
3.1,0.0,2,400.0,22.0,-2,0.0971879959106,0,94.0,2,6,5.24605364197,-0.754268642848,5.3,3.0,5.0,400.0,5
3.1,0.0,2,400.0,22.0,1,0.0971999168396,2,94.0,2,15,-4.82104957538,-2.20169956891,5.3,3.0,5.0,400.0,5
3.1,0.0,2,400.0,22.0,2,0.0970480442047,2,94.0,1,3,4.00547274408,3.47076188991,5.3,3.0,5.0,400.0,5
3.1,0.0,1,400.0,22.0,-1,0.0970411300659,-1,94.0,1,9,2.86539633251,-4.45864372401,5.3,3.0,5.0,400.0,5
3.1,0.0,2,400.0,22.0,1,0.097048997879,-2,94.0,1,9,2.86539633251,-4.45864372401,5.3,3.0,5.0,400.0,5
3.1,0.0,2,400.0,22.0,2,0.0970370769501,0,94.0,1,13,-2.86539633251,-4.45864372401,5.3,3.0,5.0,400.0,5
3.1,0.0,2,400.0,22.0,2,0.097011089325,-1,94.0,1,0,0.0,5.3,5.3,3.0,5.0,400.0,5
3.1,0.0,2,400.0,22.0,-2,0.0971989631653,0,94.0,1,5,5.24605364197,0.754268642848,5.3,3.0,5.0,400.0,5
3.1,0.0,2,400.0,22.0,-1,0.0971930027008,-1,94.0,1,19,-4.00547274408,3.47076188991,5.3,3.0,5.0,400.0,5
3.1,0.0,2,400.0,22.0,1,0.0971939563751,0,94.0,1,1,1.49318255126,5.08531276016,5.3,3.0,5.0,400.0,5
3.1,0.0,2,400.0,22.0,-2,0.097029209137,0,94.0,1,13,-2.86539633251,-4.45864372401,5.3,3.0,5.0,400.0,5
3.1,0.0,2,400.0,22.0,2,0.0970339775085,0,94.0,2,8,4.00547274408,-3.47076188991,5.3,3.0,5.0,400.0,5
3.1,0.0,2,400.0,22.0,2,0.0970220565796,-1,94.0,2,9,2.86539633251,-4.45864372401,5.3,3.0,5.0,400.0,5
3.1,0.0,2,400.0,22.0,0,0.0970270633698,-1,94.0,1,8,4.00547274408,-3.47076188991,5.3,3.0,5.0,400.0,5
3.1,0.0,2,400.0,22.0,-2,0.0970180034637,-1,94.0,1,19,-4.00547274408,3.47076188991,5.3,3.0,5.0,400.0,5
3.1,0.0,1,400.0,22.0,0,0.0970230102539,1,94.0,1,1,1.49318255126,5.08531276016,5.3,3.0,5.0,400.0,5
3.1,0.0,2,400.0,22.0,-1,0.0970239639282,-1,94.0,1,19,-4.00547274408,3.47076188991,5.3,3.0,5.0,400.0,5
3.1,0.0,2,400.0,22.0,1,0.0970268249512,0,94.0,2,14,-4.00547274408,-3.47076188991,5.3,3.0,5.0,400.0,5
3.1,0.0,2,400.0,22.0,-1,0.0971169471741,-1,94.0,1,2,2.86539633251,4.45864372401,5.3,3.0,5.0,400.0,5
3.1,0.0,2,400.0,22.0,1,0.097186088562,1,94.0,1,13,-2.86539633251,-4.45864372401,5.3,3.0,5.0,400.0,5
3.1,0.0,2,400.0,22.0,0,0.0971910953522,0,94.0,1,14,-4.00547274408,-3.47076188991,5.3,3.0,5.0,400.0,5
3.1,0.0,1,400.0,22.0,-2,0.0971701145172,1,94.0,1,1,1.49318255126,5.08531276016,5.3,3.0,5.0,400.0,5
3.1,0.0,2,400.0,22.0,-2,0.0970959663391,-2,94.0,1,2,2.86539633251,4.45864372401,5.3,3.0,5.0,400.0,5
3.1,0.0,2,400.0,22.0,1,0.0969910621643,-2,94.0,1,10,1.49318255126,-5.08531276016,5.3,3.0,5.0,400.0,5
3.1,0.0,2,400.0,22.0,-2,0.0970060825348,-1,94.0,2,16,-5.24605364197,-0.754268642848,5.3,3.0,5.0,400.0,5
3.1,0.0,2,400.0,22.0,-1,0.0971570014954,0,94.0,2,18,-4.82104957538,2.20169956891,5.3,3.0,5.0,400.0,5
3.1,0.0,2,400.0,22.0,0,0.0972030162811,0,94.0,1,4,4.82104957538,2.20169956891,5.3,3.0,5.0,400.0,5
3.1,0.0,2,400.0,22.0,0,0.0971949100494,-1,94.0,1,17,-5.24605364197,0.754268642848,5.3,3.0,5.0,400.0,5
3.1,0.0,2,400.0,22.0,0,0.0971901416779,0,94.0,1,4,4.82104957538,2.20169956891,5.3,3.0,5.0,400.0,5
3.1,0.0,2,400.0,22.0,-1,0.0971648693085,2,94.0,1,19,-4.00547274408,3.47076188991,5.3,3.0,5.0,400.0,5
3.1,0.0,2,400.0,22.0,-1,0.0972061157227,-1,94.0,1,19,-4.00547274408,3.47076188991,5.3,3.0,5.0,400.0,5
3.1,0.0,2,400.0,22.0,0,0.097048997879,0,94.0,1,4,4.82104957538,2.20169956891,5.3,3.0,5.0,400.0,5
3.1,0.0,2,400.0,22.0,0,0.0969932079315,1,94.0,2,12,-1.49318255126,-5.08531276016,5.3,3.0,5.0,400.0,5
3.1,0.0,2,400.0,22.0,-1,0.0969998836517,-2,94.0,1,10,1.49318255126,-5.08531276016,5.3,3.0,5.0,400.0,5
3.1,0.0,2,400.0,22.0,-2,0.0969889163971,1,94.0,1,10,1.49318255126,-5.08531276016,5.3,3.0,5.0,400.0,5
3.1,0.0,1,400.0,22.0,-1,0.096999168396,0,94.0,2,1,1.49318255126,5.08531276016,5.3,3.0,5.0,400.0,5
3.1,0.0,2,400.0,22.0,0,0.096999168396,0,94.0,1,17,-5.24605364197,0.754268642848,5.3,3.0,5.0,400.0,5
3.1,0.0,1,400.0,22.0,1,0.096999168396,0,94.0,2,19,-4.00547274408,3.47076188991,5.3,3.0,5.0,400.0,5
3.1,0.0,2,400.0,22.0,-1,0.0969958305359,-2,94.0,1,11,6.49041367526e-16,-5.3,5.3,3.0,5.0,400.0,5
3.1,0.0,2,400.0,22.0,0,0.0969979763031,0,94.0,1,6,5.24605364197,-0.754268642848,5.3,3.0,5.0,400.0,5
3.1,0.0,2,400.0,22.0,0,0.0969989299774,0,94.0,1,1,1.49318255126,5.08531276016,5.3,3.0,5.0,400.0,5
3.1,0.0,2,400.0,22.0,0,0.0969989299774,0,94.0,1,11,6.49041367526e-16,-5.3,5.3,3.0,5.0,400.0,5
3.1,0.0,2,400.0,22.0,1,0.0969932079315,0,94.0,1,6,5.24605364197,-0.754268642848,5.3,3.0,5.0,400.0,5
3.1,0.0,2,400.0,22.0,0,0.0970377922058,-2,94.0,1,11,6.49041367526e-16,-5.3,5.3,3.0,5.0,400.0,5
3.1,0.0,2,400.0,22.0,0,0.0971829891205,2,94.0,2,18,-4.82104957538,2.20169956891,5.3,3.0,5.0,400.0,5
3.1,0.0,2,400.0,22.0,0,0.0971999168396,0,94.0,1,10,1.49318255126,-5.08531276016,5.3,3.0,5.0,400.0,5
3.1,0.0,2,400.0,22.0,0,0.0971949100494,0,94.0,1,20,-2.86539633251,4.45864372401,5.3,3.0,5.0,400.0,5
3.1,0.0,2,400.0,22.0,1,0.0971510410309,0,94.0,2,8,4.00547274408,-3.47076188991,5.3,3.0,5.0,400.0,5
3.1,0.0,2,400.0,22.0,-1,0.0971639156342,-1,94.0,1,19,-4.00547274408,3.47076188991,5.3,3.0,5.0,400.0,5
3.1,0.0,2,400.0,22.0,0,0.0971879959106,2,94.0,1,5,5.24605364197,0.754268642848,5.3,3.0,5.0,400.0,5
3.1,0.0,2,400.0,22.0,1,0.09716796875,1,94.0,1,1,1.49318255126,5.08531276016,5.3,3.0,5.0,400.0,5
3.1,0.0,2,400.0,22.0,0,0.0971629619598,0,94.0,1,21,-1.49318255126,5.08531276016,5.3,3.0,5.0,400.0,5
3.1,0.0,1,400.0,22.0,0,0.0971391201019,-1,94.0,1,6,5.24605364197,-0.754268642848,5.3,3.0,5.0,400.0,5
3.1,0.0,2,400.0,22.0,-1,0.0970120429993,0,94.0,2,16,-5.24605364197,-0.754268642848,5.3,3.0,5.0,400.0,5
3.1,0.0,2,400.0,22.0,-2,0.0971620082855,-2,94.0,1,18,-4.82104957538,2.20169956891,5.3,3.0,5.0,400.0,5
3.1,0.0,2,400.0,22.0,0,0.0971639156342,-1,94.0,1,1,1.49318255126,5.08531276016,5.3,3.0,5.0,400.0,5
3.1,0.0,1,400.0,22.0,1,0.0971961021423,-2,94.0,1,15,-4.82104957538,-2.20169956891,5.3,3.0,5.0,400.0,5
3.1,0.0,2,400.0,22.0,0,0.0969951152802,0,94.0,1,6,5.24605364197,-0.754268642848,5.3,3.0,5.0,400.0,5
3.1,0.0,2,400.0,22.0,-1,0.0970280170441,-1,94.0,1,8,4.00547274408,-3.47076188991,5.3,3.0,5.0,400.0,5
3.1,0.0,2,400.0,22.0,-1,0.0969970226288,0,94.0,1,10,1.49318255126,-5.08531276016,5.3,3.0,5.0,400.0,5
3.1,0.0,2,400.0,22.0,0,0.0970039367676,0,94.0,1,12,-1.49318255126,-5.08531276016,5.3,3.0,5.0,400.0,5
3.1,0.0,2,400.0,22.0,0,0.0969920158386,2,94.0,2,0,0.0,5.3,5.3,3.0,5.0,400.0,5
3.1,0.0,1,400.0,22.0,1,0.0969958305359,-1,94.0,1,3,4.00547274408,3.47076188991,5.3,3.0,5.0,400.0,5
3.1,0.0,2,400.0,22.0,1,0.0970180034637,1,94.0,1,0,0.0,5.3,5.3,3.0,5.0,400.0,5
3.1,0.0,2,400.0,22.0,-2,0.0970108509064,1,94.0,2,2,2.86539633251,4.45864372401,5.3,3.0,5.0,400.0,5
3.1,0.0,2,400.0,22.0,-1,0.0970249176025,-1,94.0,1,15,-4.82104957538,-2.20169956891,5.3,3.0,5.0,400.0,5
3.1,0.0,2,400.0,22.0,0,0.0970139503479,-1,94.0,1,9,2.86539633251,-4.45864372401,5.3,3.0,5.0,400.0,5
3.1,0.0,2,400.0,22.0,-1,0.0970060825348,0,94.0,1,10,1.49318255126,-5.08531276016,5.3,3.0,5.0,400.0,5
3.1,0.0,2,400.0,22.0,-2,0.0970058441162,0,94.0,1,20,-2.86539633251,4.45864372401,5.3,3.0,5.0,400.0,5
3.1,0.0,2,400.0,22.0,0,0.0971720218658,0,94.0,1,11,6.49041367526e-16,-5.3,5.3,3.0,5.0,400.0,5
3.1,0.0,1,400.0,22.0,2,0.0970108509064,2,94.0,1,4,4.82104957538,2.20169956891,5.3,3.0,5.0,400.0,5
3.1,0.0,2,400.0,22.0,1,0.0970170497894,-1,94.0,1,1,1.49318255126,5.08531276016,5.3,3.0,5.0,400.0,5
3.1,0.0,2,400.0,22.0,0,0.0970468521118,0,94.0,1,15,-4.82104957538,-2.20169956891,5.3,3.0,5.0,400.0,5
3.1,0.0,2,400.0,22.0,2,0.0970070362091,0,94.0,2,12,-1.49318255126,-5.08531276016,5.3,3.0,5.0,400.0,5
3.1,0.0,2,400.0,22.0,2,0.0970118045807,0,94.0,1,14,-4.00547274408,-3.47076188991,5.3,3.0,5.0,400.0,5
3.1,0.0,2,400.0,22.0,0,0.0970098972321,0,94.0,1,5,5.24605364197,0.754268642848,5.3,3.0,5.0,400.0,5
3.1,0.0,2,400.0,22.0,2,0.0970120429993,2,94.0,1,10,1.49318255126,-5.08531276016,5.3,3.0,5.0,400.0,5
3.1,0.0,2,400.0,22.0,2,0.0970101356506,1,94.0,2,3,4.00547274408,3.47076188991,5.3,3.0,5.0,400.0,5
3.1,0.0,2,400.0,22.0,-2,0.0970079898834,0,94.0,1,7,4.82104957538,-2.20169956891,5.3,3.0,5.0,400.0,5
3.1,0.0,2,400.0,22.0,0,0.0971801280975,0,94.0,1,17,-5.24605364197,0.754268642848,5.3,3.0,5.0,400.0,5
3.1,0.0,2,400.0,22.0,0,0.0971879959106,0,94.0,1,6,5.24605364197,-0.754268642848,5.3,3.0,5.0,400.0,5
3.1,0.0,2,400.0,22.0,0,0.0971629619598,1,94.0,1,5,5.24605364197,0.754268642848,5.3,3.0,5.0,400.0,5
3.1,0.0,2,400.0,22.0,1,0.0971648693085,0,94.0,1,3,4.00547274408,3.47076188991,5.3,3.0,5.0,400.0,5
3.1,0.0,2,400.0,22.0,-1,0.0970098972321,0,94.0,2,12,-1.49318255126,-5.08531276016,5.3,3.0,5.0,400.0,5
3.1,0.0,2,400.0,22.0,0,0.0970981121063,0,94.0,1,5,5.24605364197,0.754268642848,5.3,3.0,5.0,400.0,5
3.1,0.0,2,400.0,22.0,0,0.0970139503479,0,94.0,1,19,-4.00547274408,3.47076188991,5.3,3.0,5.0,400.0,5
3.1,0.0,2,400.0,22.0,0,0.0970098972321,0,94.0,2,7,4.82104957538,-2.20169956891,5.3,3.0,5.0,400.0,5
3.1,0.0,1,400.0,22.0,0,0.0970070362091,1,94.0,1,12,-1.49318255126,-5.08531276016,5.3,3.0,5.0,400.0,5
3.1,0.0,2,400.0,22.0,2,0.0970430374146,2,94.0,2,4,4.82104957538,2.20169956891,5.3,3.0,5.0,400.0,5
3.1,0.0,1,400.0,22.0,0,0.0970070362091,1,94.0,1,1,1.49318255126,5.08531276016,5.3,3.0,5.0,400.0,5
3.1,0.0,2,400.0,22.0,0,0.0970089435577,0,94.0,1,3,4.00547274408,3.47076188991,5.3,3.0,5.0,400.0,5
3.1,0.0,1,400.0,22.0,1,0.0970060825348,0,94.0,2,20,-2.86539633251,4.45864372401,5.3,3.0,5.0,400.0,5
3.1,0.0,2,400.0,22.0,-2,0.0970029830933,0,94.0,2,17,-5.24605364197,0.754268642848,5.3,3.0,5.0,400.0,5
3.1,0.0,2,400.0,22.0,1,0.0971639156342,0,94.0,1,13,-2.86539633251,-4.45864372401,5.3,3.0,5.0,400.0,5
3.1,0.0,2,400.0,22.0,-1,0.0971438884735,0,94.0,1,2,2.86539633251,4.45864372401,5.3,3.0,5.0,400.0,5
3.1,0.0,2,400.0,22.0,1,0.0971660614014,1,94.0,1,3,4.00547274408,3.47076188991,5.3,3.0,5.0,400.0,5
3.1,0.0,1,400.0,22.0,0,0.0970120429993,1,94.0,2,7,4.82104957538,-2.20169956891,5.3,3.0,5.0,400.0,5
3.1,0.0,2,400.0,22.0,1,0.0970468521118,-1,94.0,2,17,-5.24605364197,0.754268642848,5.3,3.0,5.0,400.0,5
3.1,0.0,2,400.0,22.0,1,0.0971760749817,-1,94.0,1,0,0.0,5.3,5.3,3.0,5.0,400.0,5
3.1,0.0,2,400.0,22.0,2,0.0971608161926,-1,94.0,2,10,1.49318255126,-5.08531276016,5.3,3.0,5.0,400.0,5
3.1,0.0,2,400.0,22.0,0,0.097177028656,1,94.0,1,16,-5.24605364197,-0.754268642848,5.3,3.0,5.0,400.0,5
3.1,0.0,2,400.0,22.0,0,0.0971632003784,0,94.0,1,19,-4.00547274408,3.47076188991,5.3,3.0,5.0,400.0,5
3.1,0.0,2,400.0,22.0,2,0.0971639156342,1,94.0,1,2,2.86539633251,4.45864372401,5.3,3.0,5.0,400.0,5
3.1,0.0,2,400.0,22.0,1,0.0971658229828,0,94.0,2,16,-5.24605364197,-0.754268642848,5.3,3.0,5.0,400.0,5
3.1,0.0,1,400.0,22.0,-1,0.0971670150757,0,94.0,1,3,4.00547274408,3.47076188991,5.3,3.0,5.0,400.0,5
3.1,0.0,2,400.0,22.0,0,0.0970070362091,0,94.0,1,17,-5.24605364197,0.754268642848,5.3,3.0,5.0,400.0,5
3.1,0.0,2,400.0,22.0,-1,0.0970149040222,-1,94.0,2,8,4.00547274408,-3.47076188991,5.3,3.0,5.0,400.0,5
3.1,0.0,2,400.0,22.0,0,0.097011089325,-1,94.0,2,5,5.24605364197,0.754268642848,5.3,3.0,5.0,400.0,5
3.1,0.0,2,400.0,22.0,-1,0.0970401763916,1,94.0,1,20,-2.86539633251,4.45864372401,5.3,3.0,5.0,400.0,5
3.1,0.0,2,400.0,22.0,2,0.0971620082855,1,94.0,2,2,2.86539633251,4.45864372401,5.3,3.0,5.0,400.0,5
3.1,0.0,2,400.0,22.0,2,0.0971899032593,0,94.0,1,21,-1.49318255126,5.08531276016,5.3,3.0,5.0,400.0,5
3.1,0.0,2,400.0,22.0,-2,0.097158908844,1,94.0,1,4,4.82104957538,2.20169956891,5.3,3.0,5.0,400.0,5
3.1,0.0,2,400.0,22.0,1,0.0971760749817,0,94.0,1,15,-4.82104957538,-2.20169956891,5.3,3.0,5.0,400.0,5
3.1,0.0,1,400.0,22.0,0,0.0970389842987,-1,94.0,1,12,-1.49318255126,-5.08531276016,5.3,3.0,5.0,400.0,5
3.1,0.0,1,400.0,22.0,1,0.0970311164856,0,94.0,1,1,1.49318255126,5.08531276016,5.3,3.0,5.0,400.0,5
3.1,0.0,2,400.0,22.0,0,0.0971519947052,0,94.0,1,8,4.00547274408,-3.47076188991,5.3,3.0,5.0,400.0,5
3.1,0.0,1,400.0,22.0,-2,0.0971977710724,-2,94.0,2,20,-2.86539633251,4.45864372401,5.3,3.0,5.0,400.0,5
3.1,0.0,2,400.0,22.0,0,0.0972080230713,0,94.0,1,7,4.82104957538,-2.20169956891,5.3,3.0,5.0,400.0,5
3.1,0.0,2,400.0,22.0,0,0.0971610546112,0,94.0,1,5,5.24605364197,0.754268642848,5.3,3.0,5.0,400.0,5
3.1,0.0,2,400.0,22.0,1,0.0970768928528,1,94.0,1,2,2.86539633251,4.45864372401,5.3,3.0,5.0,400.0,5
3.1,0.0,2,400.0,22.0,-1,0.0971670150757,0,94.0,2,18,-4.82104957538,2.20169956891,5.3,3.0,5.0,400.0,5
3.1,0.0,2,400.0,22.0,0,0.0970659255981,0,94.0,1,11,6.49041367526e-16,-5.3,5.3,3.0,5.0,400.0,5
3.1,0.0,2,400.0,22.0,-1,0.0970189571381,-1,94.0,1,0,0.0,5.3,5.3,3.0,5.0,400.0,5
3.1,0.0,2,400.0,22.0,0,0.0971751213074,0,94.0,1,8,4.00547274408,-3.47076188991,5.3,3.0,5.0,400.0,5
3.1,0.0,1,400.0,22.0,1,0.0971670150757,-1,94.0,1,0,0.0,5.3,5.3,3.0,5.0,400.0,5
3.1,0.0,2,400.0,22.0,0,0.0971660614014,0,94.0,1,20,-2.86539633251,4.45864372401,5.3,3.0,5.0,400.0,5
3.1,0.0,2,400.0,22.0,1,0.0971529483795,0,94.0,1,3,4.00547274408,3.47076188991,5.3,3.0,5.0,400.0,5
3.1,0.0,2,400.0,22.0,0,0.0971119403839,0,94.0,1,6,5.24605364197,-0.754268642848,5.3,3.0,5.0,400.0,5
3.1,0.0,1,400.0,22.0,0,0.0971801280975,0,94.0,2,2,2.86539633251,4.45864372401,5.3,3.0,5.0,400.0,5
3.1,0.0,2,400.0,22.0,-1,0.0971598625183,2,94.0,2,19,-4.00547274408,3.47076188991,5.3,3.0,5.0,400.0,5
3.1,0.0,2,400.0,22.0,0,0.0970258712769,0,94.0,1,17,-5.24605364197,0.754268642848,5.3,3.0,5.0,400.0,5
3.1,0.0,1,400.0,22.0,1,0.0971529483795,2,94.0,1,13,-2.86539633251,-4.45864372401,5.3,3.0,5.0,400.0,5
3.1,0.0,2,400.0,22.0,0,0.0971908569336,0,94.0,1,13,-2.86539633251,-4.45864372401,5.3,3.0,5.0,400.0,5
3.1,0.0,2,400.0,22.0,2,0.0975329875946,1,94.0,2,0,0.0,5.3,5.3,3.0,5.0,400.0,5
3.1,0.0,2,400.0,22.0,0,0.0971999168396,0,94.0,1,15,-4.82104957538,-2.20169956891,5.3,3.0,5.0,400.0,5
3.1,0.0,2,400.0,22.0,0,0.0971491336823,0,94.0,1,14,-4.00547274408,-3.47076188991,5.3,3.0,5.0,400.0,5
3.1,0.0,2,400.0,22.0,0,0.0972061157227,-2,94.0,1,16,-5.24605364197,-0.754268642848,5.3,3.0,5.0,400.0,5
3.1,0.0,2,400.0,22.0,2,0.0971531867981,-1,94.0,2,10,1.49318255126,-5.08531276016,5.3,3.0,5.0,400.0,5
3.1,0.0,2,400.0,22.0,0,0.097179889679,-1,94.0,1,10,1.49318255126,-5.08531276016,5.3,3.0,5.0,400.0,5
3.1,0.0,2,400.0,22.0,2,0.0971820354462,0,94.0,2,15,-4.82104957538,-2.20169956891,5.3,3.0,5.0,400.0,5
3.1,0.0,2,400.0,22.0,0,0.0971660614014,-1,94.0,1,19,-4.00547274408,3.47076188991,5.3,3.0,5.0,400.0,5
3.1,0.0,2,400.0,22.0,0,0.0971670150757,2,94.0,1,1,1.49318255126,5.08531276016,5.3,3.0,5.0,400.0,5
3.1,0.0,2,400.0,22.0,0,0.0971629619598,1,94.0,2,3,4.00547274408,3.47076188991,5.3,3.0,5.0,400.0,5
3.1,0.0,2,400.0,22.0,0,0.0972230434418,0,94.0,1,11,6.49041367526e-16,-5.3,5.3,3.0,5.0,400.0,5
3.1,0.0,2,400.0,22.0,0,0.0971431732178,-1,94.0,2,18,-4.82104957538,2.20169956891,5.3,3.0,5.0,400.0,5
3.1,0.0,1,400.0,22.0,-1,0.0971891880035,0,94.0,2,10,1.49318255126,-5.08531276016,5.3,3.0,5.0,400.0,5
3.1,0.0,1,400.0,22.0,1,0.0971920490265,1,94.0,1,4,4.82104957538,2.20169956891,5.3,3.0,5.0,400.0,5
3.1,0.0,2,400.0,22.0,1,0.0971460342407,1,94.0,2,3,4.00547274408,3.47076188991,5.3,3.0,5.0,400.0,5
3.1,0.0,1,400.0,22.0,-1,0.097146987915,2,94.0,1,12,-1.49318255126,-5.08531276016,5.3,3.0,5.0,400.0,5
3.1,0.0,2,400.0,22.0,-1,0.0972061157227,0,94.0,1,16,-5.24605364197,-0.754268642848,5.3,3.0,5.0,400.0,5
3.1,0.0,2,400.0,22.0,-2,0.0971739292145,0,94.0,1,21,-1.49318255126,5.08531276016,5.3,3.0,5.0,400.0,5
3.1,0.0,2,400.0,22.0,0,0.0971419811249,0,94.0,1,1,1.49318255126,5.08531276016,5.3,3.0,5.0,400.0,5
3.1,0.0,2,400.0,22.0,-2,0.0971910953522,-1,94.0,2,14,-4.00547274408,-3.47076188991,5.3,3.0,5.0,400.0,5
3.1,0.0,2,400.0,22.0,0,0.0971791744232,0,94.0,1,1,1.49318255126,5.08531276016,5.3,3.0,5.0,400.0,5
3.1,0.0,1,400.0,22.0,0,0.0971491336823,1,94.0,2,2,2.86539633251,4.45864372401,5.3,3.0,5.0,400.0,5
3.1,0.0,1,400.0,22.0,-1,0.0972030162811,-1,94.0,1,21,-1.49318255126,5.08531276016,5.3,3.0,5.0,400.0,5
3.1,0.0,2,400.0,22.0,-2,0.0970559120178,-1,94.0,2,13,-2.86539633251,-4.45864372401,5.3,3.0,5.0,400.0,5
3.1,0.0,2,400.0,22.0,0,0.097156047821,2,94.0,2,7,4.82104957538,-2.20169956891,5.3,3.0,5.0,400.0,5
3.1,0.0,1,400.0,22.0,0,0.0971789360046,2,94.0,1,9,2.86539633251,-4.45864372401,5.3,3.0,5.0,400.0,5
3.1,0.0,2,400.0,22.0,-1,0.0971879959106,0,94.0,1,20,-2.86539633251,4.45864372401,5.3,3.0,5.0,400.0,5
3.1,0.0,2,400.0,22.0,0,0.0971400737762,0,94.0,1,11,6.49041367526e-16,-5.3,5.3,3.0,5.0,400.0,5
3.1,0.0,2,400.0,22.0,0,0.097198009491,-1,94.0,2,18,-4.82104957538,2.20169956891,5.3,3.0,5.0,400.0,5
3.1,0.0,2,400.0,22.0,0,0.0971810817719,0,94.0,1,11,6.49041367526e-16,-5.3,5.3,3.0,5.0,400.0,5
3.1,0.0,2,400.0,22.0,0,0.0971930027008,-2,94.0,1,17,-5.24605364197,0.754268642848,5.3,3.0,5.0,400.0,5
3.1,0.0,2,400.0,22.0,0,0.0971910953522,0,94.0,1,10,1.49318255126,-5.08531276016,5.3,3.0,5.0,400.0,5
3.1,0.0,2,400.0,22.0,-1,0.0971460342407,2,94.0,2,3,4.00547274408,3.47076188991,5.3,3.0,5.0,400.0,5
3.1,0.0,2,400.0,22.0,1,0.0971350669861,-1,94.0,1,6,5.24605364197,-0.754268642848,5.3,3.0,5.0,400.0,5
3.1,0.0,2,400.0,22.0,0,0.0972080230713,-1,94.0,1,16,-5.24605364197,-0.754268642848,5.3,3.0,5.0,400.0,5
3.1,0.0,2,400.0,22.0,0,0.0971350669861,0,94.0,1,11,6.49041367526e-16,-5.3,5.3,3.0,5.0,400.0,5
3.1,0.0,2,400.0,22.0,0,0.0971720218658,2,94.0,1,12,-1.49318255126,-5.08531276016,5.3,3.0,5.0,400.0,5
3.1,0.0,2,400.0,22.0,1,0.0972001552582,-1,94.0,2,14,-4.00547274408,-3.47076188991,5.3,3.0,5.0,400.0,5
3.1,0.0,2,400.0,22.0,1,0.0972211360931,0,94.0,1,6,5.24605364197,-0.754268642848,5.3,3.0,5.0,400.0,5
3.1,0.0,1,400.0,22.0,1,0.0971479415894,0,94.0,1,12,-1.49318255126,-5.08531276016,5.3,3.0,5.0,400.0,5
3.1,0.0,2,400.0,22.0,0,0.0972001552582,1,94.0,1,4,4.82104957538,2.20169956891,5.3,3.0,5.0,400.0,5
3.1,0.0,2,400.0,22.0,0,0.097156047821,-2,94.0,2,3,4.00547274408,3.47076188991,5.3,3.0,5.0,400.0,5
3.1,0.0,2,400.0,22.0,-1,0.0971620082855,-1,94.0,1,9,2.86539633251,-4.45864372401,5.3,3.0,5.0,400.0,5
3.1,0.0,1,400.0,22.0,0,0.0972421169281,-1,94.0,1,6,5.24605364197,-0.754268642848,5.3,3.0,5.0,400.0,5
3.1,0.0,1,400.0,22.0,-1,0.0971851348877,-1,94.0,2,20,-2.86539633251,4.45864372401,5.3,3.0,5.0,400.0,5
3.1,0.0,1,400.0,22.0,0,0.0971548557281,1,94.0,2,19,-4.00547274408,3.47076188991,5.3,3.0,5.0,400.0,5
3.1,0.0,2,400.0,22.0,1,0.0971541404724,1,94.0,1,14,-4.00547274408,-3.47076188991,5.3,3.0,5.0,400.0,5
3.1,0.0,2,400.0,22.0,0,0.0971870422363,0,94.0,1,7,4.82104957538,-2.20169956891,5.3,3.0,5.0,400.0,5
3.1,0.0,2,400.0,22.0,1,0.0971949100494,1,94.0,2,2,2.86539633251,4.45864372401,5.3,3.0,5.0,400.0,5
3.1,0.0,2,400.0,22.0,1,0.0971839427948,0,94.0,2,15,-4.82104957538,-2.20169956891,5.3,3.0,5.0,400.0,5
3.1,0.0,1,400.0,22.0,-2,0.0970890522003,-1,94.0,1,21,-1.49318255126,5.08531276016,5.3,3.0,5.0,400.0,5
3.1,0.0,2,400.0,22.0,0,0.0971920490265,0,94.0,1,1,1.49318255126,5.08531276016,5.3,3.0,5.0,400.0,5
3.1,0.0,2,400.0,22.0,1,0.0971558094025,1,94.0,1,2,2.86539633251,4.45864372401,5.3,3.0,5.0,400.0,5
3.1,0.0,2,400.0,22.0,0,0.097186088562,0,94.0,1,5,5.24605364197,0.754268642848,5.3,3.0,5.0,400.0,5
3.1,0.0,2,400.0,22.0,0,0.097235918045,0,94.0,1,6,5.24605364197,-0.754268642848,5.3,3.0,5.0,400.0,5
3.1,0.0,2,400.0,22.0,-1,0.0971450805664,0,94.0,1,16,-5.24605364197,-0.754268642848,5.3,3.0,5.0,400.0,5
3.1,0.0,1,400.0,22.0,0,0.0970032215118,0,94.0,1,3,4.00547274408,3.47076188991,5.3,3.0,5.0,400.0,5
3.1,0.0,2,400.0,22.0,0,0.0971879959106,-1,94.0,2,11,6.49041367526e-16,-5.3,5.3,3.0,5.0,400.0,5
3.1,0.0,2,400.0,22.0,2,0.0969898700714,-2,94.0,1,1,1.49318255126,5.08531276016,5.3,3.0,5.0,400.0,5
3.1,0.0,2,400.0,22.0,-2,0.0971570014954,-1,94.0,1,18,-4.82104957538,2.20169956891,5.3,3.0,5.0,400.0,5
3.1,0.0,1,400.0,22.0,0,0.0971488952637,0,94.0,2,16,-5.24605364197,-0.754268642848,5.3,3.0,5.0,400.0,5
3.1,0.0,1,400.0,22.0,0,0.0971848964691,-1,94.0,2,17,-5.24605364197,0.754268642848,5.3,3.0,5.0,400.0,5
3.1,0.0,2,400.0,22.0,0,0.0970120429993,0,94.0,1,17,-5.24605364197,0.754268642848,5.3,3.0,5.0,400.0,5
3.1,0.0,1,400.0,22.0,-1,0.0970051288605,1,94.0,1,0,0.0,5.3,5.3,3.0,5.0,400.0,5
3.1,0.0,2,400.0,22.0,0,0.0969929695129,0,94.0,1,15,-4.82104957538,-2.20169956891,5.3,3.0,5.0,400.0,5
3.1,0.0,2,400.0,22.0,0,0.0969929695129,-1,94.0,1,2,2.86539633251,4.45864372401,5.3,3.0,5.0,400.0,5
3.1,0.0,1,400.0,22.0,1,0.0970561504364,2,94.0,1,0,0.0,5.3,5.3,3.0,5.0,400.0,5
3.1,0.0,2,400.0,22.0,0,0.0971190929413,1,94.0,2,4,4.82104957538,2.20169956891,5.3,3.0,5.0,400.0,5
3.1,0.0,2,400.0,22.0,0,0.0971841812134,0,94.0,1,21,-1.49318255126,5.08531276016,5.3,3.0,5.0,400.0,5
3.1,0.0,2,400.0,22.0,0,0.0971899032593,0,94.0,1,13,-2.86539633251,-4.45864372401,5.3,3.0,5.0,400.0,5
3.1,0.0,2,400.0,22.0,1,0.0971760749817,0,94.0,2,2,2.86539633251,4.45864372401,5.3,3.0,5.0,400.0,5
3.1,0.0,2,400.0,22.0,2,0.0969948768616,1,94.0,2,12,-1.49318255126,-5.08531276016,5.3,3.0,5.0,400.0,5
3.1,0.0,2,400.0,22.0,-1,0.0969898700714,0,94.0,1,17,-5.24605364197,0.754268642848,5.3,3.0,5.0,400.0,5
3.1,0.0,2,400.0,22.0,0,0.0971641540527,0,94.0,1,14,-4.00547274408,-3.47076188991,5.3,3.0,5.0,400.0,5
3.1,0.0,2,400.0,22.0,0,0.0971500873566,1,94.0,1,4,4.82104957538,2.20169956891,5.3,3.0,5.0,400.0,5
3.1,0.0,2,400.0,22.0,0,0.0971641540527,0,94.0,1,15,-4.82104957538,-2.20169956891,5.3,3.0,5.0,400.0,5
3.1,0.0,2,400.0,22.0,0,0.0971858501434,0,94.0,1,15,-4.82104957538,-2.20169956891,5.3,3.0,5.0,400.0,5
3.1,0.0,2,400.0,22.0,0,0.0970060825348,0,94.0,1,15,-4.82104957538,-2.20169956891,5.3,3.0,5.0,400.0,5
3.1,0.0,2,400.0,22.0,0,0.0970439910889,0,94.0,1,14,-4.00547274408,-3.47076188991,5.3,3.0,5.0,400.0,5
3.1,0.0,1,400.0,22.0,-2,0.0970480442047,0,94.0,1,21,-1.49318255126,5.08531276016,5.3,3.0,5.0,400.0,5
3.1,0.0,2,400.0,22.0,-2,0.0971281528473,1,94.0,1,21,-1.49318255126,5.08531276016,5.3,3.0,5.0,400.0,5
3.1,0.0,1,400.0,22.0,-2,0.0971808433533,2,94.0,1,15,-4.82104957538,-2.20169956891,5.3,3.0,5.0,400.0,5
3.1,0.0,2,400.0,22.0,2,0.0971670150757,-1,94.0,2,2,2.86539633251,4.45864372401,5.3,3.0,5.0,400.0,5
3.1,0.0,2,400.0,22.0,0,0.0971639156342,1,94.0,1,8,4.00547274408,-3.47076188991,5.3,3.0,5.0,400.0,5
3.1,0.0,2,400.0,22.0,-1,0.0971629619598,1,94.0,1,18,-4.82104957538,2.20169956891,5.3,3.0,5.0,400.0,5
3.1,0.0,2,400.0,22.0,0,0.0971548557281,1,94.0,2,4,4.82104957538,2.20169956891,5.3,3.0,5.0,400.0,5
3.1,0.0,2,400.0,22.0,0,0.0971930027008,0,94.0,1,18,-4.82104957538,2.20169956891,5.3,3.0,5.0,400.0,5
3.1,0.0,2,400.0,22.0,1,0.0971779823303,2,94.0,1,0,0.0,5.3,5.3,3.0,5.0,400.0,5
3.1,0.0,2,400.0,22.0,1,0.0971758365631,0,94.0,1,16,-5.24605364197,-0.754268642848,5.3,3.0,5.0,400.0,5
3.1,0.0,2,400.0,22.0,2,0.09716796875,0,94.0,1,11,6.49041367526e-16,-5.3,5.3,3.0,5.0,400.0,5
3.1,0.0,1,400.0,22.0,1,0.0971632003784,0,94.0,1,3,4.00547274408,3.47076188991,5.3,3.0,5.0,400.0,5
3.1,0.0,2,400.0,22.0,1,0.0971648693085,0,94.0,1,8,4.00547274408,-3.47076188991,5.3,3.0,5.0,400.0,5
3.1,0.0,2,400.0,22.0,0,0.0969939231873,0,94.0,1,17,-5.24605364197,0.754268642848,5.3,3.0,5.0,400.0,5
3.1,0.0,2,400.0,22.0,-1,0.0971350669861,0,94.0,1,10,1.49318255126,-5.08531276016,5.3,3.0,5.0,400.0,5
3.1,0.0,2,400.0,22.0,0,0.0971579551697,0,94.0,1,12,-1.49318255126,-5.08531276016,5.3,3.0,5.0,400.0,5
3.1,0.0,2,400.0,22.0,0,0.0971670150757,0,94.0,1,6,5.24605364197,-0.754268642848,5.3,3.0,5.0,400.0,5
3.1,0.0,2,400.0,22.0,0,0.0969898700714,0,94.0,1,11,6.49041367526e-16,-5.3,5.3,3.0,5.0,400.0,5
3.1,0.0,2,400.0,22.0,0,0.0971701145172,2,94.0,1,12,-1.49318255126,-5.08531276016,5.3,3.0,5.0,400.0,5
3.1,0.0,2,400.0,22.0,-1,0.0971510410309,1,94.0,1,7,4.82104957538,-2.20169956891,5.3,3.0,5.0,400.0,5
3.1,0.0,2,400.0,22.0,1,0.0969989299774,0,94.0,1,12,-1.49318255126,-5.08531276016,5.3,3.0,5.0,400.0,5
3.1,0.0,1,400.0,22.0,-2,0.0971620082855,-1,94.0,2,20,-2.86539633251,4.45864372401,5.3,3.0,5.0,400.0,5
3.1,0.0,2,400.0,22.0,-1,0.0971281528473,0,94.0,1,1,1.49318255126,5.08531276016,5.3,3.0,5.0,400.0,5
3.1,0.0,2,400.0,22.0,2,0.0971691608429,2,94.0,1,2,2.86539633251,4.45864372401,5.3,3.0,5.0,400.0,5
3.1,0.0,2,400.0,22.0,0,0.0971689224243,0,94.0,1,21,-1.49318255126,5.08531276016,5.3,3.0,5.0,400.0,5
3.1,0.0,2,400.0,22.0,0,0.0971620082855,0,94.0,1,15,-4.82104957538,-2.20169956891,5.3,3.0,5.0,400.0,5
3.1,0.0,1,400.0,22.0,0,0.0971579551697,1,94.0,2,19,-4.00547274408,3.47076188991,5.3,3.0,5.0,400.0,5
3.1,0.0,2,400.0,22.0,0,0.0970089435577,1,94.0,2,18,-4.82104957538,2.20169956891,5.3,3.0,5.0,400.0,5
3.1,0.0,2,400.0,22.0,0,0.0971598625183,0,94.0,1,16,-5.24605364197,-0.754268642848,5.3,3.0,5.0,400.0,5
3.1,0.0,2,400.0,22.0,1,0.0970089435577,0,94.0,1,9,2.86539633251,-4.45864372401,5.3,3.0,5.0,400.0,5
3.1,0.0,1,400.0,22.0,0,0.0971331596375,1,94.0,2,16,-5.24605364197,-0.754268642848,5.3,3.0,5.0,400.0,5
3.1,0.0,2,400.0,22.0,0,0.09716796875,0,94.0,1,13,-2.86539633251,-4.45864372401,5.3,3.0,5.0,400.0,5
3.1,0.0,2,400.0,22.0,0,0.0971651077271,1,94.0,2,2,2.86539633251,4.45864372401,5.3,3.0,5.0,400.0,5
3.1,0.0,2,400.0,22.0,0,0.0971601009369,0,94.0,1,7,4.82104957538,-2.20169956891,5.3,3.0,5.0,400.0,5
3.1,0.0,2,400.0,22.0,0,0.0970180034637,0,94.0,1,7,4.82104957538,-2.20169956891,5.3,3.0,5.0,400.0,5
3.1,0.0,2,400.0,22.0,-1,0.0971350669861,-1,94.0,1,19,-4.00547274408,3.47076188991,5.3,3.0,5.0,400.0,5
3.1,0.0,2,400.0,22.0,-1,0.0971601009369,1,94.0,1,6,5.24605364197,-0.754268642848,5.3,3.0,5.0,400.0,5
3.1,0.0,1,400.0,22.0,0,0.0971601009369,-1,94.0,2,9,2.86539633251,-4.45864372401,5.3,3.0,5.0,400.0,5
3.1,0.0,2,400.0,22.0,0,0.0970091819763,0,94.0,1,17,-5.24605364197,0.754268642848,5.3,3.0,5.0,400.0,5
3.1,0.0,1,400.0,22.0,0,0.097011089325,1,94.0,2,17,-5.24605364197,0.754268642848,5.3,3.0,5.0,400.0,5
3.1,0.0,2,400.0,22.0,2,0.0970058441162,1,94.0,2,9,2.86539633251,-4.45864372401,5.3,3.0,5.0,400.0,5
3.1,0.0,2,400.0,22.0,0,0.0971717834473,0,94.0,1,12,-1.49318255126,-5.08531276016,5.3,3.0,5.0,400.0,5
3.1,0.0,1,400.0,22.0,1,0.0970048904419,-2,94.0,1,2,2.86539633251,4.45864372401,5.3,3.0,5.0,400.0,5
3.1,0.0,2,400.0,22.0,1,0.0970439910889,1,94.0,1,1,1.49318255126,5.08531276016,5.3,3.0,5.0,400.0,5
3.1,0.0,2,400.0,22.0,1,0.097177028656,0,94.0,2,5,5.24605364197,0.754268642848,5.3,3.0,5.0,400.0,5
3.1,0.0,2,400.0,22.0,0,0.0970499515533,0,94.0,1,7,4.82104957538,-2.20169956891,5.3,3.0,5.0,400.0,5
3.1,0.0,2,400.0,22.0,2,0.0971360206604,0,94.0,1,6,5.24605364197,-0.754268642848,5.3,3.0,5.0,400.0,5
3.1,0.0,2,400.0,22.0,0,0.0972669124603,0,94.0,1,8,4.00547274408,-3.47076188991,5.3,3.0,5.0,400.0,5
3.1,0.0,2,400.0,22.0,-1,0.0971748828888,-2,94.0,2,8,4.00547274408,-3.47076188991,5.3,3.0,5.0,400.0,5
3.1,0.0,2,400.0,22.0,0,0.0970120429993,1,94.0,1,20,-2.86539633251,4.45864372401,5.3,3.0,5.0,400.0,5
3.1,0.0,2,400.0,22.0,0,0.0970470905304,0,94.0,1,18,-4.82104957538,2.20169956891,5.3,3.0,5.0,400.0,5
3.1,0.0,2,400.0,22.0,1,0.0970501899719,0,94.0,1,0,0.0,5.3,5.3,3.0,5.0,400.0,5
3.1,0.0,1,400.0,22.0,-2,0.0970339775085,1,94.0,1,12,-1.49318255126,-5.08531276016,5.3,3.0,5.0,400.0,5
3.1,0.0,2,400.0,22.0,0,0.0971431732178,0,94.0,1,18,-4.82104957538,2.20169956891,5.3,3.0,5.0,400.0,5
3.1,0.0,2,400.0,22.0,0,0.0971720218658,0,94.0,1,13,-2.86539633251,-4.45864372401,5.3,3.0,5.0,400.0,5
3.1,0.0,2,400.0,22.0,0,0.0971009731293,0,94.0,1,14,-4.00547274408,-3.47076188991,5.3,3.0,5.0,400.0,5
3.1,0.0,1,400.0,22.0,1,0.0971708297729,1,94.0,1,21,-1.49318255126,5.08531276016,5.3,3.0,5.0,400.0,5
3.1,0.0,1,400.0,22.0,0,0.097067117691,0,94.0,1,0,0.0,5.3,5.3,3.0,5.0,400.0,5
3.1,0.0,2,400.0,22.0,0,0.0971651077271,0,94.0,1,15,-4.82104957538,-2.20169956891,5.3,3.0,5.0,400.0,5
3.1,0.0,1,400.0,22.0,-1,0.0971648693085,1,94.0,1,21,-1.49318255126,5.08531276016,5.3,3.0,5.0,400.0,5
3.1,0.0,2,400.0,22.0,0,0.09716796875,0,94.0,1,12,-1.49318255126,-5.08531276016,5.3,3.0,5.0,400.0,5
3.1,0.0,2,400.0,22.0,0,0.0971620082855,0,94.0,1,8,4.00547274408,-3.47076188991,5.3,3.0,5.0,400.0,5
3.1,0.0,1,400.0,22.0,2,0.0971949100494,-1,94.0,1,18,-4.82104957538,2.20169956891,5.3,3.0,5.0,400.0,5
3.1,0.0,2,400.0,22.0,-1,0.0973680019379,0,94.0,2,4,4.82104957538,2.20169956891,5.3,3.0,5.0,400.0,5
3.1,0.0,2,400.0,22.0,-2,0.0972139835358,0,94.0,1,18,-4.82104957538,2.20169956891,5.3,3.0,5.0,400.0,5
3.1,0.0,2,400.0,22.0,0,0.0971620082855,0,94.0,1,6,5.24605364197,-0.754268642848,5.3,3.0,5.0,400.0,5
3.1,0.0,1,400.0,22.0,0,0.0970590114594,1,94.0,1,12,-1.49318255126,-5.08531276016,5.3,3.0,5.0,400.0,5
3.1,0.0,2,400.0,22.0,0,0.0970261096954,0,94.0,1,8,4.00547274408,-3.47076188991,5.3,3.0,5.0,400.0,5
3.1,0.0,2,400.0,22.0,0,0.0971651077271,0,94.0,1,13,-2.86539633251,-4.45864372401,5.3,3.0,5.0,400.0,5
3.1,0.0,2,400.0,22.0,1,0.0971660614014,1,94.0,1,4,4.82104957538,2.20169956891,5.3,3.0,5.0,400.0,5
3.1,0.0,2,400.0,22.0,0,0.0970869064331,0,94.0,1,2,2.86539633251,4.45864372401,5.3,3.0,5.0,400.0,5
3.1,0.0,2,400.0,22.0,0,0.0970659255981,-2,94.0,1,13,-2.86539633251,-4.45864372401,5.3,3.0,5.0,400.0,5
3.1,0.0,2,400.0,22.0,-2,0.0970129966736,0,94.0,1,15,-4.82104957538,-2.20169956891,5.3,3.0,5.0,400.0,5
3.1,0.0,2,400.0,22.0,1,0.0971610546112,0,94.0,2,10,1.49318255126,-5.08531276016,5.3,3.0,5.0,400.0,5
3.1,0.0,2,400.0,22.0,0,0.0970270633698,0,94.0,1,10,1.49318255126,-5.08531276016,5.3,3.0,5.0,400.0,5
3.1,0.0,2,400.0,22.0,-2,0.0971648693085,0,94.0,2,6,5.24605364197,-0.754268642848,5.3,3.0,5.0,400.0,5
3.1,0.0,2,400.0,22.0,0,0.0971658229828,0,94.0,1,14,-4.00547274408,-3.47076188991,5.3,3.0,5.0,400.0,5
3.1,0.0,2,400.0,22.0,-1,0.0970160961151,0,94.0,2,9,2.86539633251,-4.45864372401,5.3,3.0,5.0,400.0,5
3.1,0.0,2,400.0,22.0,0,0.0971732139587,0,94.0,1,16,-5.24605364197,-0.754268642848,5.3,3.0,5.0,400.0,5
3.1,0.0,2,400.0,22.0,0,0.0971620082855,1,94.0,1,5,5.24605364197,0.754268642848,5.3,3.0,5.0,400.0,5
3.1,0.0,2,400.0,22.0,0,0.0971660614014,1,94.0,1,5,5.24605364197,0.754268642848,5.3,3.0,5.0,400.0,5
3.1,0.0,1,400.0,22.0,1,0.0970611572266,-2,94.0,2,8,4.00547274408,-3.47076188991,5.3,3.0,5.0,400.0,5
3.1,0.0,2,400.0,22.0,0,0.0971579551697,0,94.0,1,14,-4.00547274408,-3.47076188991,5.3,3.0,5.0,400.0,5
3.1,0.0,2,400.0,22.0,-2,0.0971720218658,1,94.0,1,21,-1.49318255126,5.08531276016,5.3,3.0,5.0,400.0,5
3.1,0.0,2,400.0,22.0,1,0.0971751213074,-1,94.0,1,10,1.49318255126,-5.08531276016,5.3,3.0,5.0,400.0,5
3.1,0.0,2,400.0,22.0,0,0.0970268249512,1,94.0,2,3,4.00547274408,3.47076188991,5.3,3.0,5.0,400.0,5
3.1,0.0,1,400.0,22.0,-1,0.0970380306244,-1,94.0,1,10,1.49318255126,-5.08531276016,5.3,3.0,5.0,400.0,5
3.1,0.0,2,400.0,22.0,-1,0.0970141887665,0,94.0,2,16,-5.24605364197,-0.754268642848,5.3,3.0,5.0,400.0,5
3.1,0.0,2,400.0,22.0,2,0.0970368385315,0,94.0,1,3,4.00547274408,3.47076188991,5.3,3.0,5.0,400.0,5
3.1,0.0,1,400.0,22.0,2,0.0970599651337,-2,94.0,1,20,-2.86539633251,4.45864372401,5.3,3.0,5.0,400.0,5
3.1,0.0,2,400.0,22.0,1,0.0971829891205,0,94.0,2,0,0.0,5.3,5.3,3.0,5.0,400.0,5
3.1,0.0,2,400.0,22.0,1,0.0970449447632,0,94.0,1,9,2.86539633251,-4.45864372401,5.3,3.0,5.0,400.0,5
3.1,0.0,2,400.0,22.0,0,0.0972499847412,0,94.0,1,3,4.00547274408,3.47076188991,5.3,3.0,5.0,400.0,5
3.1,0.0,1,400.0,22.0,-1,0.0971648693085,-2,94.0,1,17,-5.24605364197,0.754268642848,5.3,3.0,5.0,400.0,5
3.1,0.0,1,400.0,22.0,0,0.0971720218658,0,94.0,2,15,-4.82104957538,-2.20169956891,5.3,3.0,5.0,400.0,5
3.1,0.0,2,400.0,22.0,0,0.0971601009369,0,94.0,1,19,-4.00547274408,3.47076188991,5.3,3.0,5.0,400.0,5
3.1,0.0,1,400.0,22.0,0,0.097149848938,0,94.0,2,1,1.49318255126,5.08531276016,5.3,3.0,5.0,400.0,5
3.1,0.0,2,400.0,22.0,0,0.0971670150757,1,94.0,1,3,4.00547274408,3.47076188991,5.3,3.0,5.0,400.0,5
3.1,0.0,1,400.0,22.0,0,0.0972049236298,2,94.0,2,9,2.86539633251,-4.45864372401,5.3,3.0,5.0,400.0,5
3.1,0.0,2,400.0,22.0,1,0.0970380306244,0,94.0,1,2,2.86539633251,4.45864372401,5.3,3.0,5.0,400.0,5
3.1,0.0,2,400.0,22.0,0,0.0971579551697,-2,94.0,1,8,4.00547274408,-3.47076188991,5.3,3.0,5.0,400.0,5
3.1,0.0,2,400.0,22.0,0,0.0971748828888,0,94.0,1,5,5.24605364197,0.754268642848,5.3,3.0,5.0,400.0,5
3.1,0.0,2,400.0,22.0,1,0.0970170497894,1,94.0,1,2,2.86539633251,4.45864372401,5.3,3.0,5.0,400.0,5
3.1,0.0,2,400.0,22.0,0,0.0971729755402,0,94.0,1,14,-4.00547274408,-3.47076188991,5.3,3.0,5.0,400.0,5
3.1,0.0,2,400.0,22.0,1,0.0971748828888,2,94.0,1,1,1.49318255126,5.08531276016,5.3,3.0,5.0,400.0,5
3.1,0.0,2,400.0,22.0,0,0.0971660614014,0,94.0,1,5,5.24605364197,0.754268642848,5.3,3.0,5.0,400.0,5
3.1,0.0,2,400.0,22.0,2,0.0971570014954,-1,94.0,1,11,6.49041367526e-16,-5.3,5.3,3.0,5.0,400.0,5
3.1,0.0,2,400.0,22.0,0,0.0971460342407,2,94.0,2,21,-1.49318255126,5.08531276016,5.3,3.0,5.0,400.0,5
3.1,0.0,2,400.0,22.0,-1,0.097158908844,-1,94.0,1,17,-5.24605364197,0.754268642848,5.3,3.0,5.0,400.0,5
3.1,0.0,2,400.0,22.0,0,0.0971610546112,0,94.0,1,7,4.82104957538,-2.20169956891,5.3,3.0,5.0,400.0,5
3.1,0.0,2,400.0,22.0,2,0.0971591472626,1,94.0,1,1,1.49318255126,5.08531276016,5.3,3.0,5.0,400.0,5
3.1,0.0,2,400.0,22.0,-1,0.0970737934113,0,94.0,2,19,-4.00547274408,3.47076188991,5.3,3.0,5.0,400.0,5
3.1,0.0,2,400.0,22.0,1,0.0971848964691,1,94.0,1,2,2.86539633251,4.45864372401,5.3,3.0,5.0,400.0,5
3.1,0.0,2,400.0,22.0,0,0.0970709323883,1,94.0,1,2,2.86539633251,4.45864372401,5.3,3.0,5.0,400.0,5
3.1,0.0,2,400.0,22.0,1,0.0971639156342,-1,94.0,2,1,1.49318255126,5.08531276016,5.3,3.0,5.0,400.0,5
3.1,0.0,1,400.0,22.0,0,0.0971558094025,1,94.0,1,12,-1.49318255126,-5.08531276016,5.3,3.0,5.0,400.0,5
3.1,0.0,2,400.0,22.0,0,0.0970549583435,0,94.0,1,5,5.24605364197,0.754268642848,5.3,3.0,5.0,400.0,5
3.1,0.0,2,400.0,22.0,0,0.097156047821,1,94.0,1,12,-1.49318255126,-5.08531276016,5.3,3.0,5.0,400.0,5
3.1,0.0,2,400.0,22.0,0,0.0971620082855,0,94.0,1,6,5.24605364197,-0.754268642848,5.3,3.0,5.0,400.0,5
3.1,0.0,2,400.0,22.0,0,0.0970549583435,0,94.0,1,1,1.49318255126,5.08531276016,5.3,3.0,5.0,400.0,5
3.1,0.0,2,400.0,22.0,1,0.0970628261566,-2,94.0,1,10,1.49318255126,-5.08531276016,5.3,3.0,5.0,400.0,5
3.1,0.0,2,400.0,22.0,0,0.0971529483795,0,94.0,1,15,-4.82104957538,-2.20169956891,5.3,3.0,5.0,400.0,5
3.1,0.0,2,400.0,22.0,-1,0.0971789360046,-2,94.0,1,8,4.00547274408,-3.47076188991,5.3,3.0,5.0,400.0,5
3.1,0.0,1,400.0,22.0,2,0.0971870422363,2,94.0,2,2,2.86539633251,4.45864372401,5.3,3.0,5.0,400.0,5
3.1,0.0,2,400.0,22.0,0,0.0971519947052,0,94.0,1,18,-4.82104957538,2.20169956891,5.3,3.0,5.0,400.0,5
3.1,0.0,2,400.0,22.0,-2,0.0971620082855,-2,94.0,1,8,4.00547274408,-3.47076188991,5.3,3.0,5.0,400.0,5
3.1,0.0,2,400.0,22.0,-2,0.0972030162811,1,94.0,1,3,4.00547274408,3.47076188991,5.3,3.0,5.0,400.0,5
3.1,0.0,2,400.0,22.0,0,0.0970571041107,0,94.0,1,4,4.82104957538,2.20169956891,5.3,3.0,5.0,400.0,5
3.1,0.0,2,400.0,22.0,0,0.0971510410309,0,94.0,1,10,1.49318255126,-5.08531276016,5.3,3.0,5.0,400.0,5
3.1,0.0,1,400.0,22.0,1,0.0971949100494,1,94.0,2,21,-1.49318255126,5.08531276016,5.3,3.0,5.0,400.0,5
3.1,0.0,2,400.0,22.0,0,0.0970289707184,0,94.0,1,1,1.49318255126,5.08531276016,5.3,3.0,5.0,400.0,5
3.1,0.0,1,400.0,22.0,0,0.0970151424408,-2,94.0,2,11,6.49041367526e-16,-5.3,5.3,3.0,5.0,400.0,5
3.1,0.0,2,400.0,22.0,0,0.0971870422363,0,94.0,1,18,-4.82104957538,2.20169956891,5.3,3.0,5.0,400.0,5
3.1,0.0,2,400.0,22.0,-1,0.0971939563751,0,94.0,1,19,-4.00547274408,3.47076188991,5.3,3.0,5.0,400.0,5
3.1,0.0,2,400.0,22.0,0,0.0971689224243,1,94.0,1,4,4.82104957538,2.20169956891,5.3,3.0,5.0,400.0,5
3.1,0.0,2,400.0,22.0,0,0.097195148468,0,94.0,1,4,4.82104957538,2.20169956891,5.3,3.0,5.0,400.0,5
3.1,0.0,2,400.0,22.0,0,0.0971510410309,0,94.0,1,18,-4.82104957538,2.20169956891,5.3,3.0,5.0,400.0,5
3.1,0.0,2,400.0,22.0,0,0.0971570014954,1,94.0,1,1,1.49318255126,5.08531276016,5.3,3.0,5.0,400.0,5
3.1,0.0,2,400.0,22.0,0,0.0971930027008,0,94.0,1,11,6.49041367526e-16,-5.3,5.3,3.0,5.0,400.0,5
3.1,0.0,2,400.0,22.0,0,0.0971629619598,0,94.0,1,13,-2.86539633251,-4.45864372401,5.3,3.0,5.0,400.0,5
3.1,0.0,2,400.0,22.0,0,0.0971529483795,0,94.0,1,10,1.49318255126,-5.08531276016,5.3,3.0,5.0,400.0,5
3.1,0.0,2,400.0,22.0,0,0.0971810817719,0,94.0,1,20,-2.86539633251,4.45864372401,5.3,3.0,5.0,400.0,5
