cue-length,ms-precue,resp-v-hv,ms-st-cue,nitems,resp-h-pos,actualStimOn,resp-v-pos,ms-stimon,resp-h-hv,cue-loc-int,cue-loc-x,cue-loc-y,radius,bars-or-spot,npractice,ntrials,offsett
3.1,0.0,2,400.0,22.0,2,0.100056171417,-1,94.0,1,19,-4.00547274408,3.47076188991,5.3,0,5.0,400.0,-10.5
3.1,0.0,2,400.0,22.0,-2,0.100118875504,-1,94.0,2,20,-2.86539633251,4.45864372401,5.3,0,5.0,400.0,-10.5
3.1,0.0,2,400.0,22.0,1,0.100090026855,-2,94.0,1,18,-4.82104957538,2.20169956891,5.3,0,5.0,400.0,-10.5
3.1,0.0,2,400.0,22.0,1,0.0998501777649,0,94.0,2,4,4.82104957538,2.20169956891,5.3,0,5.0,400.0,-10.5
3.1,0.0,1,400.0,22.0,1,0.100120067596,1,94.0,2,17,-5.24605364197,0.754268642848,5.3,0,5.0,400.0,-10.5
3.1,0.0,2,400.0,22.0,0,0.100115060806,-2,94.0,1,14,-4.00547274408,-3.47076188991,5.3,0,5.0,400.0,-10.5
3.1,0.0,1,400.0,22.0,0,0.100122928619,-2,94.0,1,10,1.49318255126,-5.08531276016,5.3,0,5.0,400.0,-10.5
3.1,0.0,2,400.0,22.0,2,0.100120067596,-2,94.0,2,3,4.00547274408,3.47076188991,5.3,0,5.0,400.0,-10.5
3.1,0.0,2,400.0,22.0,1,0.100134134293,-2,94.0,1,12,-1.49318255126,-5.08531276016,5.3,0,5.0,400.0,-10.5
3.1,0.0,2,400.0,22.0,0,0.100105047226,1,94.0,1,3,4.00547274408,3.47076188991,5.3,0,5.0,400.0,-10.5
3.1,0.0,2,400.0,22.0,0,0.100109100342,-2,94.0,2,7,4.82104957538,-2.20169956891,5.3,0,5.0,400.0,-10.5
3.1,0.0,2,400.0,22.0,0,0.100295066833,-1,94.0,2,18,-4.82104957538,2.20169956891,5.3,0,5.0,400.0,-10.5
3.1,0.0,2,400.0,22.0,-1,0.1001060009,1,94.0,2,7,4.82104957538,-2.20169956891,5.3,0,5.0,400.0,-10.5
3.1,0.0,2,400.0,22.0,1,0.10008597374,0,94.0,1,5,5.24605364197,0.754268642848,5.3,0,5.0,400.0,-10.5
3.1,0.0,2,400.0,22.0,0,0.1001060009,0,94.0,2,2,2.86539633251,4.45864372401,5.3,0,5.0,400.0,-10.5
3.1,0.0,2,400.0,22.0,-1,0.100070953369,-1,94.0,2,14,-4.00547274408,-3.47076188991,5.3,0,5.0,400.0,-10.5
3.1,0.0,2,400.0,22.0,0,0.100103139877,0,94.0,2,18,-4.82104957538,2.20169956891,5.3,0,5.0,400.0,-10.5
3.1,0.0,1,400.0,22.0,1,0.100101947784,1,94.0,1,4,4.82104957538,2.20169956891,5.3,0,5.0,400.0,-10.5
3.1,0.0,2,400.0,22.0,0,0.100084066391,0,94.0,1,17,-5.24605364197,0.754268642848,5.3,0,5.0,400.0,-10.5
3.1,0.0,2,400.0,22.0,2,0.100147008896,2,94.0,2,11,6.49041367526e-16,-5.3,5.3,0,5.0,400.0,-10.5
3.1,0.0,2,400.0,22.0,0,0.100182056427,1,94.0,1,18,-4.82104957538,2.20169956891,5.3,0,5.0,400.0,-10.5
3.1,0.0,1,400.0,22.0,0,0.100101947784,-1,94.0,1,0,0.0,5.3,5.3,0,5.0,400.0,-10.5
3.1,0.0,1,400.0,22.0,-1,0.100126028061,-1,94.0,1,20,-2.86539633251,4.45864372401,5.3,0,5.0,400.0,-10.5
3.1,0.0,2,400.0,22.0,2,0.100173950195,0,94.0,1,6,5.24605364197,-0.754268642848,5.3,0,5.0,400.0,-10.5
3.1,0.0,1,400.0,22.0,2,0.100100040436,0,94.0,1,3,4.00547274408,3.47076188991,5.3,0,5.0,400.0,-10.5
3.1,0.0,1,400.0,22.0,-2,0.100126028061,-2,94.0,1,19,-4.00547274408,3.47076188991,5.3,0,5.0,400.0,-10.5
3.1,0.0,1,400.0,22.0,-2,0.100101947784,-2,94.0,1,20,-2.86539633251,4.45864372401,5.3,0,5.0,400.0,-10.5
3.1,0.0,1,400.0,22.0,1,0.100129842758,1,94.0,1,9,2.86539633251,-4.45864372401,5.3,0,5.0,400.0,-10.5
3.1,0.0,1,400.0,22.0,0,0.10014796257,0,94.0,1,15,-4.82104957538,-2.20169956891,5.3,0,5.0,400.0,-10.5
3.1,0.0,1,400.0,22.0,-1,0.100038051605,1,94.0,1,2,2.86539633251,4.45864372401,5.3,0,5.0,400.0,-10.5
3.1,0.0,1,400.0,22.0,2,0.100139856339,2,94.0,1,21,-1.49318255126,5.08531276016,5.3,0,5.0,400.0,-10.5
3.1,0.0,2,400.0,22.0,-2,0.0999329090118,-2,94.0,2,13,-2.86539633251,-4.45864372401,5.3,0,5.0,400.0,-10.5
3.1,0.0,2,400.0,22.0,2,0.100103139877,2,94.0,2,12,-1.49318255126,-5.08531276016,5.3,0,5.0,400.0,-10.5
3.1,0.0,1,400.0,22.0,0,0.100086927414,1,94.0,2,13,-2.86539633251,-4.45864372401,5.3,0,5.0,400.0,-10.5
3.1,0.0,1,400.0,22.0,-1,0.100183963776,1,94.0,1,21,-1.49318255126,5.08531276016,5.3,0,5.0,400.0,-10.5
3.1,0.0,1,400.0,22.0,0,0.100048065186,0,94.0,1,1,1.49318255126,5.08531276016,5.3,0,5.0,400.0,-10.5
3.1,0.0,1,400.0,22.0,-1,0.100202083588,-1,94.0,1,14,-4.00547274408,-3.47076188991,5.3,0,5.0,400.0,-10.5
3.1,0.0,1,400.0,22.0,0,0.100069046021,0,94.0,1,1,1.49318255126,5.08531276016,5.3,0,5.0,400.0,-10.5
3.1,0.0,1,400.0,22.0,0,0.100188970566,0,94.0,1,20,-2.86539633251,4.45864372401,5.3,0,5.0,400.0,-10.5
3.1,0.0,1,400.0,22.0,0,0.100110054016,0,94.0,1,16,-5.24605364197,-0.754268642848,5.3,0,5.0,400.0,-10.5
3.1,0.0,2,400.0,22.0,-1,0.100076913834,-1,94.0,2,8,4.00547274408,-3.47076188991,5.3,0,5.0,400.0,-10.5
3.1,0.0,1,400.0,22.0,0,0.100112915039,0,94.0,1,21,-1.49318255126,5.08531276016,5.3,0,5.0,400.0,-10.5
3.1,0.0,1,400.0,22.0,0,0.100131034851,0,94.0,1,14,-4.00547274408,-3.47076188991,5.3,0,5.0,400.0,-10.5
3.1,0.0,2,400.0,22.0,2,0.100089788437,1,94.0,1,4,4.82104957538,2.20169956891,5.3,0,5.0,400.0,-10.5
3.1,0.0,2,400.0,22.0,0,0.0995919704437,0,94.0,2,11,6.49041367526e-16,-5.3,5.3,0,5.0,400.0,-10.5
3.1,0.0,1,400.0,22.0,0,0.100098133087,0,94.0,1,9,2.86539633251,-4.45864372401,5.3,0,5.0,400.0,-10.5
3.1,0.0,1,400.0,22.0,1,0.100108146667,1,94.0,1,7,4.82104957538,-2.20169956891,5.3,0,5.0,400.0,-10.5
3.1,0.0,2,400.0,22.0,0,0.100257158279,0,94.0,2,5,5.24605364197,0.754268642848,5.3,0,5.0,400.0,-10.5
3.1,0.0,1,400.0,22.0,0,0.0995500087738,0,94.0,1,5,5.24605364197,0.754268642848,5.3,0,5.0,400.0,-10.5
3.1,0.0,2,400.0,22.0,0,0.100185871124,0,94.0,2,2,2.86539633251,4.45864372401,5.3,0,5.0,400.0,-10.5
3.1,0.0,2,400.0,22.0,0,0.100044965744,0,94.0,1,3,4.00547274408,3.47076188991,5.3,0,5.0,400.0,-10.5
3.1,0.0,1,400.0,22.0,-2,0.100150823593,-2,94.0,1,19,-4.00547274408,3.47076188991,5.3,0,5.0,400.0,-10.5
3.1,0.0,2,400.0,22.0,1,0.100262880325,1,94.0,2,14,-4.00547274408,-3.47076188991,5.3,0,5.0,400.0,-10.5
3.1,0.0,2,400.0,22.0,-1,0.100206851959,-1,94.0,2,2,2.86539633251,4.45864372401,5.3,0,5.0,400.0,-10.5
3.1,0.0,1,400.0,22.0,-1,0.100106954575,-2,94.0,2,12,-1.49318255126,-5.08531276016,5.3,0,5.0,400.0,-10.5
3.1,0.0,1,400.0,22.0,0,0.100411891937,0,94.0,1,8,4.00547274408,-3.47076188991,5.3,0,5.0,400.0,-10.5
3.1,0.0,1,400.0,22.0,-2,0.100186824799,-2,94.0,1,19,-4.00547274408,3.47076188991,5.3,0,5.0,400.0,-10.5
3.1,0.0,2,400.0,22.0,0,0.100094079971,0,94.0,2,8,4.00547274408,-3.47076188991,5.3,0,5.0,400.0,-10.5
3.1,0.0,2,400.0,22.0,-2,0.100031137466,-2,94.0,2,9,2.86539633251,-4.45864372401,5.3,0,5.0,400.0,-10.5
3.1,0.0,2,400.0,22.0,-1,0.099946975708,-1,94.0,2,20,-2.86539633251,4.45864372401,5.3,0,5.0,400.0,-10.5
3.1,0.0,2,400.0,22.0,0,0.100392103195,0,94.0,1,0,0.0,5.3,5.3,0,5.0,400.0,-10.5
3.1,0.0,2,400.0,22.0,0,0.100071191788,0,94.0,1,20,-2.86539633251,4.45864372401,5.3,0,5.0,400.0,-10.5
3.1,0.0,2,400.0,22.0,0,0.099956035614,0,94.0,1,7,4.82104957538,-2.20169956891,5.3,0,5.0,400.0,-10.5
3.1,0.0,2,400.0,22.0,0,0.100126028061,1,94.0,1,3,4.00547274408,3.47076188991,5.3,0,5.0,400.0,-10.5
3.1,0.0,2,400.0,22.0,0,0.100129842758,-2,94.0,2,20,-2.86539633251,4.45864372401,5.3,0,5.0,400.0,-10.5
3.1,0.0,2,400.0,22.0,0,0.100120067596,0,94.0,2,17,-5.24605364197,0.754268642848,5.3,0,5.0,400.0,-10.5
3.1,0.0,2,400.0,22.0,-1,0.100088119507,0,94.0,1,4,4.82104957538,2.20169956891,5.3,0,5.0,400.0,-10.5
3.1,0.0,2,400.0,22.0,0,0.0999829769135,0,94.0,2,19,-4.00547274408,3.47076188991,5.3,0,5.0,400.0,-10.5
3.1,0.0,2,400.0,22.0,-1,0.100518941879,-1,94.0,2,7,4.82104957538,-2.20169956891,5.3,0,5.0,400.0,-10.5
3.1,0.0,2,400.0,22.0,0,0.100145816803,0,94.0,1,18,-4.82104957538,2.20169956891,5.3,0,5.0,400.0,-10.5
3.1,0.0,2,400.0,22.0,0,0.100081920624,0,94.0,2,13,-2.86539633251,-4.45864372401,5.3,0,5.0,400.0,-10.5
3.1,0.0,2,400.0,22.0,-1,0.100106954575,1,94.0,1,18,-4.82104957538,2.20169956891,5.3,0,5.0,400.0,-10.5
3.1,0.0,2,400.0,22.0,0,0.100098133087,0,94.0,2,12,-1.49318255126,-5.08531276016,5.3,0,5.0,400.0,-10.5
3.1,0.0,2,400.0,22.0,0,0.100239992142,0,94.0,1,15,-4.82104957538,-2.20169956891,5.3,0,5.0,400.0,-10.5
3.1,0.0,2,400.0,22.0,0,0.100084066391,0,94.0,2,12,-1.49318255126,-5.08531276016,5.3,0,5.0,400.0,-10.5
3.1,0.0,2,400.0,22.0,0,0.100130796432,0,94.0,2,6,5.24605364197,-0.754268642848,5.3,0,5.0,400.0,-10.5
3.1,0.0,2,400.0,22.0,-1,0.100122928619,-1,94.0,2,20,-2.86539633251,4.45864372401,5.3,0,5.0,400.0,-10.5
3.1,0.0,2,400.0,22.0,1,0.100194215775,-1,94.0,1,3,4.00547274408,3.47076188991,5.3,0,5.0,400.0,-10.5
3.1,0.0,1,400.0,22.0,1,0.100103139877,1,94.0,1,19,-4.00547274408,3.47076188991,5.3,0,5.0,400.0,-10.5
3.1,0.0,2,400.0,22.0,0,0.100145101547,0,94.0,2,5,5.24605364197,0.754268642848,5.3,0,5.0,400.0,-10.5
3.1,0.0,1,400.0,22.0,1,0.101074934006,1,94.0,1,15,-4.82104957538,-2.20169956891,5.3,0,5.0,400.0,-10.5
3.1,0.0,2,400.0,22.0,0,0.100260019302,0,94.0,1,18,-4.82104957538,2.20169956891,5.3,0,5.0,400.0,-10.5
3.1,0.0,2,400.0,22.0,-1,0.100232124329,-1,94.0,2,8,4.00547274408,-3.47076188991,5.3,0,5.0,400.0,-10.5
3.1,0.0,1,400.0,22.0,-1,0.100130796432,-1,94.0,1,12,-1.49318255126,-5.08531276016,5.3,0,5.0,400.0,-10.5
3.1,0.0,2,400.0,22.0,-1,0.100101947784,-1,94.0,2,8,4.00547274408,-3.47076188991,5.3,0,5.0,400.0,-10.5
3.1,0.0,2,400.0,22.0,0,0.0998110771179,0,94.0,1,18,-4.82104957538,2.20169956891,5.3,0,5.0,400.0,-10.5
3.1,0.0,2,400.0,22.0,-1,0.100119829178,-1,94.0,2,7,4.82104957538,-2.20169956891,5.3,0,5.0,400.0,-10.5
3.1,0.0,1,400.0,22.0,0,0.100158929825,0,94.0,1,17,-5.24605364197,0.754268642848,5.3,0,5.0,400.0,-10.5
3.1,0.0,2,400.0,22.0,-1,0.099879026413,-1,94.0,2,13,-2.86539633251,-4.45864372401,5.3,0,5.0,400.0,-10.5
3.1,0.0,2,400.0,22.0,2,0.100335121155,2,94.0,2,0,0.0,5.3,5.3,0,5.0,400.0,-10.5
3.1,0.0,2,400.0,22.0,1,0.100144863129,1,94.0,2,13,-2.86539633251,-4.45864372401,5.3,0,5.0,400.0,-10.5
3.1,0.0,2,400.0,22.0,0,0.0998659133911,-1,94.0,2,13,-2.86539633251,-4.45864372401,5.3,0,5.0,400.0,-10.5
3.1,0.0,2,400.0,22.0,0,0.10008597374,0,94.0,2,2,2.86539633251,4.45864372401,5.3,0,5.0,400.0,-10.5
3.1,0.0,1,400.0,22.0,0,0.100177049637,0,94.0,1,13,-2.86539633251,-4.45864372401,5.3,0,5.0,400.0,-10.5
3.1,0.0,1,400.0,22.0,2,0.100039958954,2,94.0,1,2,2.86539633251,4.45864372401,5.3,0,5.0,400.0,-10.5
3.1,0.0,2,400.0,22.0,0,0.100064992905,0,94.0,2,14,-4.00547274408,-3.47076188991,5.3,0,5.0,400.0,-10.5
3.1,0.0,1,400.0,22.0,0,0.1001329422,0,94.0,1,6,5.24605364197,-0.754268642848,5.3,0,5.0,400.0,-10.5
3.1,0.0,1,400.0,22.0,1,0.100047111511,1,94.0,1,14,-4.00547274408,-3.47076188991,5.3,0,5.0,400.0,-10.5
3.1,0.0,1,400.0,22.0,1,0.100082874298,1,94.0,1,19,-4.00547274408,3.47076188991,5.3,0,5.0,400.0,-10.5
3.1,0.0,2,400.0,22.0,0,0.100126981735,0,94.0,2,14,-4.00547274408,-3.47076188991,5.3,0,5.0,400.0,-10.5
3.1,0.0,2,400.0,22.0,0,0.100116968155,0,94.0,2,7,4.82104957538,-2.20169956891,5.3,0,5.0,400.0,-10.5
3.1,0.0,1,400.0,22.0,2,0.100564956665,2,94.0,1,14,-4.00547274408,-3.47076188991,5.3,0,5.0,400.0,-10.5
3.1,0.0,2,400.0,22.0,0,0.100105047226,0,94.0,2,3,4.00547274408,3.47076188991,5.3,0,5.0,400.0,-10.5
3.1,0.0,2,400.0,22.0,-1,0.10014796257,-1,94.0,2,12,-1.49318255126,-5.08531276016,5.3,0,5.0,400.0,-10.5
3.1,0.0,1,400.0,22.0,0,0.100086212158,0,94.0,1,14,-4.00547274408,-3.47076188991,5.3,0,5.0,400.0,-10.5
3.1,0.0,1,400.0,22.0,-2,0.100121974945,-2,94.0,1,19,-4.00547274408,3.47076188991,5.3,0,5.0,400.0,-10.5
3.1,0.0,2,400.0,22.0,0,0.100065946579,-1,94.0,1,16,-5.24605364197,-0.754268642848,5.3,0,5.0,400.0,-10.5
3.1,0.0,2,400.0,22.0,2,0.100097894669,0,94.0,1,11,6.49041367526e-16,-5.3,5.3,0,5.0,400.0,-10.5
3.1,0.0,1,400.0,22.0,-1,0.10005402565,-1,94.0,1,20,-2.86539633251,4.45864372401,5.3,0,5.0,400.0,-10.5
3.1,0.0,2,400.0,22.0,1,0.100105047226,1,94.0,2,12,-1.49318255126,-5.08531276016,5.3,0,5.0,400.0,-10.5
3.1,0.0,2,400.0,22.0,0,0.100106954575,0,94.0,2,2,2.86539633251,4.45864372401,5.3,0,5.0,400.0,-10.5
3.1,0.0,1,400.0,22.0,0,0.100089073181,0,94.0,1,8,4.00547274408,-3.47076188991,5.3,0,5.0,400.0,-10.5
3.1,0.0,2,400.0,22.0,1,0.100152015686,1,94.0,2,1,1.49318255126,5.08531276016,5.3,0,5.0,400.0,-10.5
3.1,0.0,2,400.0,22.0,0,0.100134134293,1,94.0,2,9,2.86539633251,-4.45864372401,5.3,0,5.0,400.0,-10.5
3.1,0.0,2,400.0,22.0,-2,0.100092172623,-2,94.0,2,8,4.00547274408,-3.47076188991,5.3,0,5.0,400.0,-10.5
3.1,0.0,2,400.0,22.0,-2,0.100142002106,2,94.0,2,21,-1.49318255126,5.08531276016,5.3,0,5.0,400.0,-10.5
3.1,0.0,2,400.0,22.0,-2,0.10013794899,-2,94.0,2,21,-1.49318255126,5.08531276016,5.3,0,5.0,400.0,-10.5
3.1,0.0,1,400.0,22.0,0,0.100159883499,1,94.0,2,1,1.49318255126,5.08531276016,5.3,0,5.0,400.0,-10.5
3.1,0.0,2,400.0,22.0,0,0.100180149078,1,94.0,1,10,1.49318255126,-5.08531276016,5.3,0,5.0,400.0,-10.5
3.1,0.0,2,400.0,22.0,0,0.0997951030731,0,94.0,1,14,-4.00547274408,-3.47076188991,5.3,0,5.0,400.0,-10.5
3.1,0.0,1,400.0,22.0,-1,0.100101947784,-1,94.0,2,19,-4.00547274408,3.47076188991,5.3,0,5.0,400.0,-10.5
3.1,0.0,2,400.0,22.0,-2,0.100290060043,0,94.0,1,12,-1.49318255126,-5.08531276016,5.3,0,5.0,400.0,-10.5
3.1,0.0,2,400.0,22.0,-2,0.100115060806,-2,94.0,2,0,0.0,5.3,5.3,0,5.0,400.0,-10.5
3.1,0.0,1,400.0,22.0,-1,0.100098133087,-1,94.0,1,7,4.82104957538,-2.20169956891,5.3,0,5.0,400.0,-10.5
3.1,0.0,2,400.0,22.0,1,0.1001060009,-2,94.0,1,10,1.49318255126,-5.08531276016,5.3,0,5.0,400.0,-10.5
3.1,0.0,2,400.0,22.0,-2,0.100025892258,0,94.0,2,2,2.86539633251,4.45864372401,5.3,0,5.0,400.0,-10.5
3.1,0.0,2,400.0,22.0,-2,0.10011100769,0,94.0,1,5,5.24605364197,0.754268642848,5.3,0,5.0,400.0,-10.5
3.1,0.0,1,400.0,22.0,1,0.100090026855,1,94.0,1,12,-1.49318255126,-5.08531276016,5.3,0,5.0,400.0,-10.5
3.1,0.0,1,400.0,22.0,1,0.0999219417572,1,94.0,1,7,4.82104957538,-2.20169956891,5.3,0,5.0,400.0,-10.5
3.1,0.0,1,400.0,22.0,0,0.100129127502,0,94.0,1,9,2.86539633251,-4.45864372401,5.3,0,5.0,400.0,-10.5
3.1,0.0,2,400.0,22.0,0,0.100091934204,-1,94.0,2,7,4.82104957538,-2.20169956891,5.3,0,5.0,400.0,-10.5
3.1,0.0,1,400.0,22.0,1,0.100108861923,1,94.0,1,1,1.49318255126,5.08531276016,5.3,0,5.0,400.0,-10.5
3.1,0.0,1,400.0,22.0,0,0.100076198578,0,94.0,1,14,-4.00547274408,-3.47076188991,5.3,0,5.0,400.0,-10.5
3.1,0.0,1,400.0,22.0,0,0.100072860718,0,94.0,1,15,-4.82104957538,-2.20169956891,5.3,0,5.0,400.0,-10.5
3.1,0.0,2,400.0,22.0,0,0.100100040436,0,94.0,1,2,2.86539633251,4.45864372401,5.3,0,5.0,400.0,-10.5
3.1,0.0,1,400.0,22.0,2,0.100106954575,0,94.0,2,11,6.49041367526e-16,-5.3,5.3,0,5.0,400.0,-10.5
3.1,0.0,1,400.0,22.0,1,0.100106954575,1,94.0,1,15,-4.82104957538,-2.20169956891,5.3,0,5.0,400.0,-10.5
3.1,0.0,2,400.0,22.0,1,0.100069999695,0,94.0,1,6,5.24605364197,-0.754268642848,5.3,0,5.0,400.0,-10.5
3.1,0.0,2,400.0,22.0,0,0.10010099411,0,94.0,1,4,4.82104957538,2.20169956891,5.3,0,5.0,400.0,-10.5
3.1,0.0,1,400.0,22.0,0,0.100141048431,0,94.0,1,13,-2.86539633251,-4.45864372401,5.3,0,5.0,400.0,-10.5
3.1,0.0,2,400.0,22.0,0,0.100126028061,1,94.0,1,17,-5.24605364197,0.754268642848,5.3,0,5.0,400.0,-10.5
3.1,0.0,2,400.0,22.0,2,0.100106954575,0,94.0,2,6,5.24605364197,-0.754268642848,5.3,0,5.0,400.0,-10.5
3.1,0.0,2,400.0,22.0,0,0.100103139877,0,94.0,1,7,4.82104957538,-2.20169956891,5.3,0,5.0,400.0,-10.5
3.1,0.0,2,400.0,22.0,0,0.100172042847,0,94.0,1,17,-5.24605364197,0.754268642848,5.3,0,5.0,400.0,-10.5
3.1,0.0,1,400.0,22.0,-1,0.100126028061,2,94.0,2,7,4.82104957538,-2.20169956891,5.3,0,5.0,400.0,-10.5
3.1,0.0,1,400.0,22.0,-1,0.100125074387,-1,94.0,1,16,-5.24605364197,-0.754268642848,5.3,0,5.0,400.0,-10.5
3.1,0.0,1,400.0,22.0,1,0.100075006485,1,94.0,1,4,4.82104957538,2.20169956891,5.3,0,5.0,400.0,-10.5
3.1,0.0,2,400.0,22.0,2,0.100116014481,0,94.0,1,4,4.82104957538,2.20169956891,5.3,0,5.0,400.0,-10.5
3.1,0.0,1,400.0,22.0,0,0.100128889084,0,94.0,1,7,4.82104957538,-2.20169956891,5.3,0,5.0,400.0,-10.5
3.1,0.0,1,400.0,22.0,1,0.100051879883,2,94.0,1,10,1.49318255126,-5.08531276016,5.3,0,5.0,400.0,-10.5
3.1,0.0,1,400.0,22.0,2,0.10011100769,2,94.0,1,16,-5.24605364197,-0.754268642848,5.3,0,5.0,400.0,-10.5
3.1,0.0,1,400.0,22.0,0,0.100109815598,0,94.0,1,13,-2.86539633251,-4.45864372401,5.3,0,5.0,400.0,-10.5
3.1,0.0,1,400.0,22.0,-2,0.100106954575,2,94.0,2,20,-2.86539633251,4.45864372401,5.3,0,5.0,400.0,-10.5
3.1,0.0,2,400.0,22.0,0,0.100126981735,2,94.0,2,7,4.82104957538,-2.20169956891,5.3,0,5.0,400.0,-10.5
3.1,0.0,2,400.0,22.0,-1,0.100153923035,-1,94.0,2,8,4.00547274408,-3.47076188991,5.3,0,5.0,400.0,-10.5
3.1,0.0,2,400.0,22.0,-2,0.100109100342,-2,94.0,2,20,-2.86539633251,4.45864372401,5.3,0,5.0,400.0,-10.5
3.1,0.0,2,400.0,22.0,-1,0.100337028503,0,94.0,1,0,0.0,5.3,5.3,0,5.0,400.0,-10.5
3.1,0.0,2,400.0,22.0,0,0.100072145462,0,94.0,2,10,1.49318255126,-5.08531276016,5.3,0,5.0,400.0,-10.5
3.1,0.0,1,400.0,22.0,0,0.10010099411,0,94.0,1,17,-5.24605364197,0.754268642848,5.3,0,5.0,400.0,-10.5
3.1,0.0,2,400.0,22.0,0,0.100124120712,0,94.0,1,18,-4.82104957538,2.20169956891,5.3,0,5.0,400.0,-10.5
3.1,0.0,1,400.0,22.0,2,0.100143194199,2,94.0,1,13,-2.86539633251,-4.45864372401,5.3,0,5.0,400.0,-10.5
3.1,0.0,1,400.0,22.0,2,0.100154876709,2,94.0,1,17,-5.24605364197,0.754268642848,5.3,0,5.0,400.0,-10.5
3.1,0.0,2,400.0,22.0,0,0.100096940994,0,94.0,1,19,-4.00547274408,3.47076188991,5.3,0,5.0,400.0,-10.5
3.1,0.0,1,400.0,22.0,0,0.100126981735,0,94.0,2,6,5.24605364197,-0.754268642848,5.3,0,5.0,400.0,-10.5
3.1,0.0,1,400.0,22.0,0,0.10011100769,0,94.0,1,4,4.82104957538,2.20169956891,5.3,0,5.0,400.0,-10.5
3.1,0.0,2,400.0,22.0,-1,0.100118875504,-1,94.0,2,11,6.49041367526e-16,-5.3,5.3,0,5.0,400.0,-10.5
3.1,0.0,2,400.0,22.0,0,0.100138902664,0,94.0,2,2,2.86539633251,4.45864372401,5.3,0,5.0,400.0,-10.5
3.1,0.0,2,400.0,22.0,-1,0.100118875504,-1,94.0,2,18,-4.82104957538,2.20169956891,5.3,0,5.0,400.0,-10.5
3.1,0.0,1,400.0,22.0,0,0.0999920368195,0,94.0,1,21,-1.49318255126,5.08531276016,5.3,0,5.0,400.0,-10.5
3.1,0.0,1,400.0,22.0,0,0.10009098053,0,94.0,1,16,-5.24605364197,-0.754268642848,5.3,0,5.0,400.0,-10.5
3.1,0.0,2,400.0,22.0,0,0.100086927414,0,94.0,1,15,-4.82104957538,-2.20169956891,5.3,0,5.0,400.0,-10.5
3.1,0.0,2,400.0,22.0,2,0.100184202194,2,94.0,2,0,0.0,5.3,5.3,0,5.0,400.0,-10.5
3.1,0.0,2,400.0,22.0,0,0.100108861923,0,94.0,2,21,-1.49318255126,5.08531276016,5.3,0,5.0,400.0,-10.5
3.1,0.0,2,400.0,22.0,-2,0.0997979640961,0,94.0,2,19,-4.00547274408,3.47076188991,5.3,0,5.0,400.0,-10.5
3.1,0.0,2,400.0,22.0,-2,0.100107192993,0,94.0,2,17,-5.24605364197,0.754268642848,5.3,0,5.0,400.0,-10.5
3.1,0.0,1,400.0,22.0,-1,0.100090026855,1,94.0,2,13,-2.86539633251,-4.45864372401,5.3,0,5.0,400.0,-10.5
3.1,0.0,2,400.0,22.0,0,0.100130081177,0,94.0,2,11,6.49041367526e-16,-5.3,5.3,0,5.0,400.0,-10.5
3.1,0.0,2,400.0,22.0,-1,0.100038051605,-1,94.0,2,3,4.00547274408,3.47076188991,5.3,0,5.0,400.0,-10.5
3.1,0.0,2,400.0,22.0,1,0.10010099411,1,94.0,2,9,2.86539633251,-4.45864372401,5.3,0,5.0,400.0,-10.5
3.1,0.0,2,400.0,22.0,-1,0.100107908249,0,94.0,2,21,-1.49318255126,5.08531276016,5.3,0,5.0,400.0,-10.5
3.1,0.0,1,400.0,22.0,0,0.100207090378,0,94.0,1,14,-4.00547274408,-3.47076188991,5.3,0,5.0,400.0,-10.5
3.1,0.0,1,400.0,22.0,1,0.100087881088,1,94.0,1,0,0.0,5.3,5.3,0,5.0,400.0,-10.5
3.1,0.0,2,400.0,22.0,1,0.0998010635376,1,94.0,2,12,-1.49318255126,-5.08531276016,5.3,0,5.0,400.0,-10.5
3.1,0.0,1,400.0,22.0,2,0.100078821182,2,94.0,1,20,-2.86539633251,4.45864372401,5.3,0,5.0,400.0,-10.5
3.1,0.0,1,400.0,22.0,0,0.100081205368,0,94.0,1,8,4.00547274408,-3.47076188991,5.3,0,5.0,400.0,-10.5
3.1,0.0,2,400.0,22.0,-1,0.100101947784,-1,94.0,2,13,-2.86539633251,-4.45864372401,5.3,0,5.0,400.0,-10.5
3.1,0.0,2,400.0,22.0,0,0.100104093552,1,94.0,1,16,-5.24605364197,-0.754268642848,5.3,0,5.0,400.0,-10.5
3.1,0.0,2,400.0,22.0,0,0.100110054016,0,94.0,1,15,-4.82104957538,-2.20169956891,5.3,0,5.0,400.0,-10.5
3.1,0.0,2,400.0,22.0,1,0.100108861923,-2,94.0,2,19,-4.00547274408,3.47076188991,5.3,0,5.0,400.0,-10.5
3.1,0.0,2,400.0,22.0,0,0.0999410152435,0,94.0,2,15,-4.82104957538,-2.20169956891,5.3,0,5.0,400.0,-10.5
3.1,0.0,2,400.0,22.0,0,0.100121021271,0,94.0,2,6,5.24605364197,-0.754268642848,5.3,0,5.0,400.0,-10.5
3.1,0.0,2,400.0,22.0,0,0.100165843964,0,94.0,1,8,4.00547274408,-3.47076188991,5.3,0,5.0,400.0,-10.5
3.1,0.0,2,400.0,22.0,0,0.100110054016,0,94.0,2,20,-2.86539633251,4.45864372401,5.3,0,5.0,400.0,-10.5
3.1,0.0,2,400.0,22.0,2,0.100182056427,-2,94.0,2,12,-1.49318255126,-5.08531276016,5.3,0,5.0,400.0,-10.5
3.1,0.0,2,400.0,22.0,1,0.100125074387,1,94.0,1,6,5.24605364197,-0.754268642848,5.3,0,5.0,400.0,-10.5
3.1,0.0,2,400.0,22.0,0,0.100110054016,1,94.0,1,2,2.86539633251,4.45864372401,5.3,0,5.0,400.0,-10.5
3.1,0.0,2,400.0,22.0,0,0.100082874298,0,94.0,2,5,5.24605364197,0.754268642848,5.3,0,5.0,400.0,-10.5
3.1,0.0,2,400.0,22.0,1,0.100062847137,1,94.0,2,12,-1.49318255126,-5.08531276016,5.3,0,5.0,400.0,-10.5
3.1,0.0,1,400.0,22.0,1,0.100162982941,1,94.0,1,16,-5.24605364197,-0.754268642848,5.3,0,5.0,400.0,-10.5
3.1,0.0,2,400.0,22.0,-1,0.100150823593,-1,94.0,2,13,-2.86539633251,-4.45864372401,5.3,0,5.0,400.0,-10.5
3.1,0.0,1,400.0,22.0,1,0.099946975708,1,94.0,1,2,2.86539633251,4.45864372401,5.3,0,5.0,400.0,-10.5
3.1,0.0,2,400.0,22.0,0,0.0998649597168,0,94.0,2,12,-1.49318255126,-5.08531276016,5.3,0,5.0,400.0,-10.5
3.1,0.0,1,400.0,22.0,0,0.100085020065,0,94.0,1,17,-5.24605364197,0.754268642848,5.3,0,5.0,400.0,-10.5
3.1,0.0,1,400.0,22.0,0,0.100140094757,-1,94.0,1,19,-4.00547274408,3.47076188991,5.3,0,5.0,400.0,-10.5
3.1,0.0,1,400.0,22.0,2,0.100008964539,2,94.0,1,21,-1.49318255126,5.08531276016,5.3,0,5.0,400.0,-10.5
3.1,0.0,1,400.0,22.0,0,0.100397109985,0,94.0,2,17,-5.24605364197,0.754268642848,5.3,0,5.0,400.0,-10.5
3.1,0.0,1,400.0,22.0,1,0.100063085556,1,94.0,1,11,6.49041367526e-16,-5.3,5.3,0,5.0,400.0,-10.5
3.1,0.0,1,400.0,22.0,1,0.100099086761,-2,94.0,1,9,2.86539633251,-4.45864372401,5.3,0,5.0,400.0,-10.5
3.1,0.0,2,400.0,22.0,0,0.100011110306,0,94.0,1,17,-5.24605364197,0.754268642848,5.3,0,5.0,400.0,-10.5
3.1,0.0,1,400.0,22.0,-1,0.100036859512,-1,94.0,1,19,-4.00547274408,3.47076188991,5.3,0,5.0,400.0,-10.5
3.1,0.0,2,400.0,22.0,0,0.100123167038,0,94.0,2,20,-2.86539633251,4.45864372401,5.3,0,5.0,400.0,-10.5
3.1,0.0,2,400.0,22.0,0,0.100139856339,0,94.0,1,18,-4.82104957538,2.20169956891,5.3,0,5.0,400.0,-10.5
3.1,0.0,2,400.0,22.0,2,0.10005402565,2,94.0,2,10,1.49318255126,-5.08531276016,5.3,0,5.0,400.0,-10.5
3.1,0.0,1,400.0,22.0,0,0.100083112717,0,94.0,1,20,-2.86539633251,4.45864372401,5.3,0,5.0,400.0,-10.5
3.1,0.0,2,400.0,22.0,0,0.100076913834,0,94.0,1,21,-1.49318255126,5.08531276016,5.3,0,5.0,400.0,-10.5
3.1,0.0,2,400.0,22.0,0,0.1001060009,0,94.0,2,9,2.86539633251,-4.45864372401,5.3,0,5.0,400.0,-10.5
3.1,0.0,1,400.0,22.0,1,0.0998740196228,1,94.0,1,15,-4.82104957538,-2.20169956891,5.3,0,5.0,400.0,-10.5
3.1,0.0,2,400.0,22.0,-1,0.100143194199,0,94.0,2,16,-5.24605364197,-0.754268642848,5.3,0,5.0,400.0,-10.5
3.1,0.0,1,400.0,22.0,1,0.100121021271,1,94.0,2,1,1.49318255126,5.08531276016,5.3,0,5.0,400.0,-10.5
3.1,0.0,1,400.0,22.0,2,0.100121021271,-2,94.0,1,14,-4.00547274408,-3.47076188991,5.3,0,5.0,400.0,-10.5
3.1,0.0,2,400.0,22.0,0,0.100043058395,0,94.0,1,5,5.24605364197,0.754268642848,5.3,0,5.0,400.0,-10.5
3.1,0.0,2,400.0,22.0,0,0.100123882294,0,94.0,1,18,-4.82104957538,2.20169956891,5.3,0,5.0,400.0,-10.5
3.1,0.0,1,400.0,22.0,1,0.100141048431,1,94.0,1,11,6.49041367526e-16,-5.3,5.3,0,5.0,400.0,-10.5
3.1,0.0,2,400.0,22.0,0,0.10009598732,0,94.0,1,7,4.82104957538,-2.20169956891,5.3,0,5.0,400.0,-10.5
3.1,0.0,2,400.0,22.0,-1,0.100121974945,0,94.0,1,1,1.49318255126,5.08531276016,5.3,0,5.0,400.0,-10.5
3.1,0.0,1,400.0,22.0,0,0.10011100769,0,94.0,1,13,-2.86539633251,-4.45864372401,5.3,0,5.0,400.0,-10.5
3.1,0.0,2,400.0,22.0,0,0.100297927856,0,94.0,2,3,4.00547274408,3.47076188991,5.3,0,5.0,400.0,-10.5
3.1,0.0,1,400.0,22.0,2,0.100155830383,2,94.0,1,17,-5.24605364197,0.754268642848,5.3,0,5.0,400.0,-10.5
3.1,0.0,1,400.0,22.0,1,0.100131988525,1,94.0,1,14,-4.00547274408,-3.47076188991,5.3,0,5.0,400.0,-10.5
3.1,0.0,2,400.0,22.0,1,0.0995481014252,0,94.0,2,2,2.86539633251,4.45864372401,5.3,0,5.0,400.0,-10.5
3.1,0.0,2,400.0,22.0,0,0.0998849868774,0,94.0,1,2,2.86539633251,4.45864372401,5.3,0,5.0,400.0,-10.5
3.1,0.0,2,400.0,22.0,0,0.100135087967,0,94.0,2,9,2.86539633251,-4.45864372401,5.3,0,5.0,400.0,-10.5
3.1,0.0,2,400.0,22.0,0,0.100165843964,0,94.0,2,15,-4.82104957538,-2.20169956891,5.3,0,5.0,400.0,-10.5
3.1,0.0,2,400.0,22.0,-1,0.100134849548,0,94.0,1,20,-2.86539633251,4.45864372401,5.3,0,5.0,400.0,-10.5
3.1,0.0,2,400.0,22.0,0,0.0995709896088,0,94.0,1,5,5.24605364197,0.754268642848,5.3,0,5.0,400.0,-10.5
3.1,0.0,1,400.0,22.0,-1,0.100145816803,-1,94.0,1,8,4.00547274408,-3.47076188991,5.3,0,5.0,400.0,-10.5
3.1,0.0,1,400.0,22.0,0,0.100126028061,0,94.0,1,13,-2.86539633251,-4.45864372401,5.3,0,5.0,400.0,-10.5
3.1,0.0,2,400.0,22.0,0,0.100101947784,0,94.0,2,7,4.82104957538,-2.20169956891,5.3,0,5.0,400.0,-10.5
3.1,0.0,1,400.0,22.0,2,0.100101947784,2,94.0,1,12,-1.49318255126,-5.08531276016,5.3,0,5.0,400.0,-10.5
3.1,0.0,1,400.0,22.0,0,0.100075960159,0,94.0,1,14,-4.00547274408,-3.47076188991,5.3,0,5.0,400.0,-10.5
3.1,0.0,2,400.0,22.0,0,0.100104808807,0,94.0,2,7,4.82104957538,-2.20169956891,5.3,0,5.0,400.0,-10.5
3.1,0.0,2,400.0,22.0,0,0.100241184235,0,94.0,1,5,5.24605364197,0.754268642848,5.3,0,5.0,400.0,-10.5
3.1,0.0,1,400.0,22.0,0,0.100182056427,0,94.0,1,17,-5.24605364197,0.754268642848,5.3,0,5.0,400.0,-10.5
3.1,0.0,2,400.0,22.0,2,0.100131034851,2,94.0,2,13,-2.86539633251,-4.45864372401,5.3,0,5.0,400.0,-10.5
3.1,0.0,1,400.0,22.0,-1,0.10014295578,-1,94.0,1,21,-1.49318255126,5.08531276016,5.3,0,5.0,400.0,-10.5
3.1,0.0,2,400.0,22.0,-1,0.10005903244,-1,94.0,2,15,-4.82104957538,-2.20169956891,5.3,0,5.0,400.0,-10.5
3.1,0.0,2,400.0,22.0,0,0.100105047226,0,94.0,2,9,2.86539633251,-4.45864372401,5.3,0,5.0,400.0,-10.5
3.1,0.0,1,400.0,22.0,-1,0.100078821182,-1,94.0,1,12,-1.49318255126,-5.08531276016,5.3,0,5.0,400.0,-10.5
3.1,0.0,1,400.0,22.0,-2,0.100091934204,-2,94.0,1,4,4.82104957538,2.20169956891,5.3,0,5.0,400.0,-10.5
3.1,0.0,2,400.0,22.0,-1,0.100128889084,0,94.0,1,18,-4.82104957538,2.20169956891,5.3,0,5.0,400.0,-10.5
3.1,0.0,2,400.0,22.0,0,0.100101947784,0,94.0,2,19,-4.00547274408,3.47076188991,5.3,0,5.0,400.0,-10.5
3.1,0.0,2,400.0,22.0,-1,0.100095033646,-1,94.0,2,7,4.82104957538,-2.20169956891,5.3,0,5.0,400.0,-10.5
3.1,0.0,2,400.0,22.0,0,0.100100040436,0,94.0,1,17,-5.24605364197,0.754268642848,5.3,0,5.0,400.0,-10.5
3.1,0.0,2,400.0,22.0,1,0.100116014481,1,94.0,2,2,2.86539633251,4.45864372401,5.3,0,5.0,400.0,-10.5
3.1,0.0,2,400.0,22.0,-1,0.100260019302,-1,94.0,2,15,-4.82104957538,-2.20169956891,5.3,0,5.0,400.0,-10.5
3.1,0.0,2,400.0,22.0,0,0.102137088776,0,94.0,2,8,4.00547274408,-3.47076188991,5.3,0,5.0,400.0,-10.5
3.1,0.0,2,400.0,22.0,1,0.100105047226,0,94.0,1,5,5.24605364197,0.754268642848,5.3,0,5.0,400.0,-10.5
3.1,0.0,2,400.0,22.0,1,0.0998110771179,1,94.0,2,8,4.00547274408,-3.47076188991,5.3,0,5.0,400.0,-10.5
3.1,0.0,1,400.0,22.0,0,0.100099086761,0,94.0,1,8,4.00547274408,-3.47076188991,5.3,0,5.0,400.0,-10.5
3.1,0.0,1,400.0,22.0,-2,0.100114107132,-2,94.0,1,14,-4.00547274408,-3.47076188991,5.3,0,5.0,400.0,-10.5
3.1,0.0,1,400.0,22.0,0,0.100102901459,0,94.0,1,9,2.86539633251,-4.45864372401,5.3,0,5.0,400.0,-10.5
3.1,0.0,2,400.0,22.0,1,0.10010099411,0,94.0,2,3,4.00547274408,3.47076188991,5.3,0,5.0,400.0,-10.5
3.1,0.0,2,400.0,22.0,1,0.100124120712,0,94.0,1,5,5.24605364197,0.754268642848,5.3,0,5.0,400.0,-10.5
3.1,0.0,2,400.0,22.0,-1,0.100121021271,2,94.0,2,18,-4.82104957538,2.20169956891,5.3,0,5.0,400.0,-10.5
3.1,0.0,1,400.0,22.0,2,0.100066900253,2,94.0,1,21,-1.49318255126,5.08531276016,5.3,0,5.0,400.0,-10.5
3.1,0.0,2,400.0,22.0,2,0.100063800812,2,94.0,2,15,-4.82104957538,-2.20169956891,5.3,0,5.0,400.0,-10.5
3.1,0.0,1,400.0,22.0,1,0.100116968155,1,94.0,1,0,0.0,5.3,5.3,0,5.0,400.0,-10.5
3.1,0.0,2,400.0,22.0,1,0.100323915482,-1,94.0,1,21,-1.49318255126,5.08531276016,5.3,0,5.0,400.0,-10.5
3.1,0.0,2,400.0,22.0,-1,0.100133180618,-1,94.0,2,8,4.00547274408,-3.47076188991,5.3,0,5.0,400.0,-10.5
3.1,0.0,1,400.0,22.0,0,0.100080013275,2,94.0,2,15,-4.82104957538,-2.20169956891,5.3,0,5.0,400.0,-10.5
3.1,0.0,2,400.0,22.0,-1,0.10033082962,0,94.0,1,3,4.00547274408,3.47076188991,5.3,0,5.0,400.0,-10.5
3.1,0.0,2,400.0,22.0,1,0.100093841553,1,94.0,2,16,-5.24605364197,-0.754268642848,5.3,0,5.0,400.0,-10.5
3.1,0.0,1,400.0,22.0,0,0.100136995316,0,94.0,1,4,4.82104957538,2.20169956891,5.3,0,5.0,400.0,-10.5
3.1,0.0,2,400.0,22.0,1,0.100147008896,0,94.0,1,4,4.82104957538,2.20169956891,5.3,0,5.0,400.0,-10.5
3.1,0.0,2,400.0,22.0,0,0.100097894669,0,94.0,2,7,4.82104957538,-2.20169956891,5.3,0,5.0,400.0,-10.5
3.1,0.0,2,400.0,22.0,0,0.100131034851,0,94.0,2,1,1.49318255126,5.08531276016,5.3,0,5.0,400.0,-10.5
3.1,0.0,2,400.0,22.0,2,0.100102901459,1,94.0,1,0,0.0,5.3,5.3,0,5.0,400.0,-10.5
3.1,0.0,2,400.0,22.0,-1,0.0997800827026,-1,94.0,2,13,-2.86539633251,-4.45864372401,5.3,0,5.0,400.0,-10.5
3.1,0.0,1,400.0,22.0,0,0.100148916245,0,94.0,1,2,2.86539633251,4.45864372401,5.3,0,5.0,400.0,-10.5
3.1,0.0,2,400.0,22.0,-1,0.100167989731,-1,94.0,2,14,-4.00547274408,-3.47076188991,5.3,0,5.0,400.0,-10.5
3.1,0.0,1,400.0,22.0,0,0.100051164627,0,94.0,1,15,-4.82104957538,-2.20169956891,5.3,0,5.0,400.0,-10.5
3.1,0.0,2,400.0,22.0,0,0.100108146667,0,94.0,2,17,-5.24605364197,0.754268642848,5.3,0,5.0,400.0,-10.5
3.1,0.0,1,400.0,22.0,-1,0.100097894669,-1,94.0,1,3,4.00547274408,3.47076188991,5.3,0,5.0,400.0,-10.5
3.1,0.0,2,400.0,22.0,0,0.100067853928,0,94.0,1,3,4.00547274408,3.47076188991,5.3,0,5.0,400.0,-10.5
3.1,0.0,2,400.0,22.0,0,0.10009598732,1,94.0,1,6,5.24605364197,-0.754268642848,5.3,0,5.0,400.0,-10.5
3.1,0.0,2,400.0,22.0,1,0.100070953369,0,94.0,2,19,-4.00547274408,3.47076188991,5.3,0,5.0,400.0,-10.5
3.1,0.0,1,400.0,22.0,0,0.100050926208,0,94.0,1,16,-5.24605364197,-0.754268642848,5.3,0,5.0,400.0,-10.5
3.1,0.0,2,400.0,22.0,0,0.100101947784,0,94.0,2,7,4.82104957538,-2.20169956891,5.3,0,5.0,400.0,-10.5
3.1,0.0,1,400.0,22.0,-2,0.100126981735,-2,94.0,1,11,6.49041367526e-16,-5.3,5.3,0,5.0,400.0,-10.5
3.1,0.0,2,400.0,22.0,-1,0.100031137466,0,94.0,2,16,-5.24605364197,-0.754268642848,5.3,0,5.0,400.0,-10.5
3.1,0.0,2,400.0,22.0,0,0.100058078766,0,94.0,1,18,-4.82104957538,2.20169956891,5.3,0,5.0,400.0,-10.5
3.1,0.0,2,400.0,22.0,0,0.100060939789,2,94.0,2,9,2.86539633251,-4.45864372401,5.3,0,5.0,400.0,-10.5
3.1,0.0,1,400.0,22.0,2,0.1001060009,2,94.0,1,14,-4.00547274408,-3.47076188991,5.3,0,5.0,400.0,-10.5
3.1,0.0,1,400.0,22.0,0,0.100146055222,0,94.0,1,16,-5.24605364197,-0.754268642848,5.3,0,5.0,400.0,-10.5
3.1,0.0,1,400.0,22.0,-1,0.100066184998,-2,94.0,2,19,-4.00547274408,3.47076188991,5.3,0,5.0,400.0,-10.5
3.1,0.0,1,400.0,22.0,2,0.100126981735,2,94.0,1,15,-4.82104957538,-2.20169956891,5.3,0,5.0,400.0,-10.5
3.1,0.0,2,400.0,22.0,0,0.100069046021,-2,94.0,1,17,-5.24605364197,0.754268642848,5.3,0,5.0,400.0,-10.5
3.1,0.0,2,400.0,22.0,-2,0.100069046021,0,94.0,1,8,4.00547274408,-3.47076188991,5.3,0,5.0,400.0,-10.5
3.1,0.0,2,400.0,22.0,0,0.100097894669,0,94.0,2,6,5.24605364197,-0.754268642848,5.3,0,5.0,400.0,-10.5
3.1,0.0,1,400.0,22.0,1,0.100064992905,1,94.0,1,19,-4.00547274408,3.47076188991,5.3,0,5.0,400.0,-10.5
3.1,0.0,1,400.0,22.0,0,0.100067138672,0,94.0,1,6,5.24605364197,-0.754268642848,5.3,0,5.0,400.0,-10.5
3.1,0.0,1,400.0,22.0,-1,0.0998868942261,-1,94.0,1,18,-4.82104957538,2.20169956891,5.3,0,5.0,400.0,-10.5
3.1,0.0,2,400.0,22.0,-1,0.1001060009,-1,94.0,2,9,2.86539633251,-4.45864372401,5.3,0,5.0,400.0,-10.5
3.1,0.0,2,400.0,22.0,0,0.100095033646,-2,94.0,1,14,-4.00547274408,-3.47076188991,5.3,0,5.0,400.0,-10.5
3.1,0.0,1,400.0,22.0,0,0.100111961365,0,94.0,1,9,2.86539633251,-4.45864372401,5.3,0,5.0,400.0,-10.5
3.1,0.0,2,400.0,22.0,0,0.10006403923,0,94.0,2,10,1.49318255126,-5.08531276016,5.3,0,5.0,400.0,-10.5
3.1,0.0,2,400.0,22.0,2,0.100080013275,1,94.0,2,14,-4.00547274408,-3.47076188991,5.3,0,5.0,400.0,-10.5
3.1,0.0,1,400.0,22.0,0,0.0998408794403,0,94.0,1,3,4.00547274408,3.47076188991,5.3,0,5.0,400.0,-10.5
3.1,0.0,2,400.0,22.0,-1,0.100069999695,0,94.0,2,3,4.00547274408,3.47076188991,5.3,0,5.0,400.0,-10.5
3.1,0.0,2,400.0,22.0,0,0.100153923035,0,94.0,1,21,-1.49318255126,5.08531276016,5.3,0,5.0,400.0,-10.5
3.1,0.0,2,400.0,22.0,1,0.100102901459,1,94.0,2,7,4.82104957538,-2.20169956891,5.3,0,5.0,400.0,-10.5
3.1,0.0,2,400.0,22.0,-1,0.100013971329,0,94.0,1,1,1.49318255126,5.08531276016,5.3,0,5.0,400.0,-10.5
3.1,0.0,1,400.0,22.0,2,0.100065946579,2,94.0,1,12,-1.49318255126,-5.08531276016,5.3,0,5.0,400.0,-10.5
3.1,0.0,2,400.0,22.0,0,0.100152015686,0,94.0,2,1,1.49318255126,5.08531276016,5.3,0,5.0,400.0,-10.5
3.1,0.0,2,400.0,22.0,0,0.100140094757,0,94.0,2,0,0.0,5.3,5.3,0,5.0,400.0,-10.5
3.1,0.0,2,400.0,22.0,0,0.100047111511,0,94.0,2,10,1.49318255126,-5.08531276016,5.3,0,5.0,400.0,-10.5
3.1,0.0,2,400.0,22.0,0,0.10011100769,0,94.0,2,2,2.86539633251,4.45864372401,5.3,0,5.0,400.0,-10.5
3.1,0.0,1,400.0,22.0,0,0.100083112717,0,94.0,1,2,2.86539633251,4.45864372401,5.3,0,5.0,400.0,-10.5
3.1,0.0,1,400.0,22.0,-1,0.100098848343,-1,94.0,1,4,4.82104957538,2.20169956891,5.3,0,5.0,400.0,-10.5
3.1,0.0,2,400.0,22.0,0,0.100103855133,0,94.0,2,1,1.49318255126,5.08531276016,5.3,0,5.0,400.0,-10.5
3.1,0.0,1,400.0,22.0,2,0.100167036057,2,94.0,1,15,-4.82104957538,-2.20169956891,5.3,0,5.0,400.0,-10.5
3.1,0.0,1,400.0,22.0,-1,0.10011100769,-1,94.0,1,14,-4.00547274408,-3.47076188991,5.3,0,5.0,400.0,-10.5
3.1,0.0,1,400.0,22.0,0,0.100071907043,0,94.0,1,7,4.82104957538,-2.20169956891,5.3,0,5.0,400.0,-10.5
3.1,0.0,1,400.0,22.0,-1,0.100075006485,-1,94.0,1,17,-5.24605364197,0.754268642848,5.3,0,5.0,400.0,-10.5
3.1,0.0,1,400.0,22.0,-1,0.100110054016,-1,94.0,1,8,4.00547274408,-3.47076188991,5.3,0,5.0,400.0,-10.5
3.1,0.0,2,400.0,22.0,1,0.100124120712,1,94.0,2,8,4.00547274408,-3.47076188991,5.3,0,5.0,400.0,-10.5
3.1,0.0,2,400.0,22.0,1,0.100111961365,0,94.0,2,2,2.86539633251,4.45864372401,5.3,0,5.0,400.0,-10.5
3.1,0.0,1,400.0,22.0,1,0.0999600887299,0,94.0,2,17,-5.24605364197,0.754268642848,5.3,0,5.0,400.0,-10.5
3.1,0.0,1,400.0,22.0,0,0.100099086761,0,94.0,1,2,2.86539633251,4.45864372401,5.3,0,5.0,400.0,-10.5
3.1,0.0,2,400.0,22.0,1,0.0999369621277,1,94.0,2,4,4.82104957538,2.20169956891,5.3,0,5.0,400.0,-10.5
3.1,0.0,2,400.0,22.0,0,0.100111961365,0,94.0,2,13,-2.86539633251,-4.45864372401,5.3,0,5.0,400.0,-10.5
3.1,0.0,1,400.0,22.0,0,0.100075006485,1,94.0,2,18,-4.82104957538,2.20169956891,5.3,0,5.0,400.0,-10.5
3.1,0.0,2,400.0,22.0,0,0.100075006485,0,94.0,2,21,-1.49318255126,5.08531276016,5.3,0,5.0,400.0,-10.5
3.1,0.0,2,400.0,22.0,0,0.100084066391,0,94.0,2,6,5.24605364197,-0.754268642848,5.3,0,5.0,400.0,-10.5
3.1,0.0,2,400.0,22.0,-1,0.100122928619,-1,94.0,2,20,-2.86539633251,4.45864372401,5.3,0,5.0,400.0,-10.5
3.1,0.0,2,400.0,22.0,-1,0.100111961365,-1,94.0,2,7,4.82104957538,-2.20169956891,5.3,0,5.0,400.0,-10.5
3.1,0.0,2,400.0,22.0,0,0.100153923035,0,94.0,1,5,5.24605364197,0.754268642848,5.3,0,5.0,400.0,-10.5
3.1,0.0,2,400.0,22.0,1,0.100053071976,1,94.0,2,3,4.00547274408,3.47076188991,5.3,0,5.0,400.0,-10.5
3.1,0.0,1,400.0,22.0,-1,0.10005402565,-1,94.0,1,10,1.49318255126,-5.08531276016,5.3,0,5.0,400.0,-10.5
3.1,0.0,2,400.0,22.0,-2,0.100076913834,2,94.0,2,8,4.00547274408,-3.47076188991,5.3,0,5.0,400.0,-10.5
3.1,0.0,2,400.0,22.0,1,0.100143194199,1,94.0,2,16,-5.24605364197,-0.754268642848,5.3,0,5.0,400.0,-10.5
3.1,0.0,1,400.0,22.0,0,0.10011100769,0,94.0,1,9,2.86539633251,-4.45864372401,5.3,0,5.0,400.0,-10.5
3.1,0.0,1,400.0,22.0,0,0.100136995316,0,94.0,1,21,-1.49318255126,5.08531276016,5.3,0,5.0,400.0,-10.5
3.1,0.0,1,400.0,22.0,2,0.10009598732,0,94.0,2,17,-5.24605364197,0.754268642848,5.3,0,5.0,400.0,-10.5
3.1,0.0,2,400.0,22.0,-2,0.100157022476,0,94.0,1,18,-4.82104957538,2.20169956891,5.3,0,5.0,400.0,-10.5
3.1,0.0,1,400.0,22.0,0,0.100146055222,0,94.0,1,9,2.86539633251,-4.45864372401,5.3,0,5.0,400.0,-10.5
3.1,0.0,2,400.0,22.0,2,0.100108861923,2,94.0,2,15,-4.82104957538,-2.20169956891,5.3,0,5.0,400.0,-10.5
3.1,0.0,2,400.0,22.0,-2,0.100094079971,0,94.0,2,2,2.86539633251,4.45864372401,5.3,0,5.0,400.0,-10.5
3.1,0.0,1,400.0,22.0,0,0.100084066391,0,94.0,1,9,2.86539633251,-4.45864372401,5.3,0,5.0,400.0,-10.5
3.1,0.0,2,400.0,22.0,2,0.100095033646,0,94.0,1,5,5.24605364197,0.754268642848,5.3,0,5.0,400.0,-10.5
3.1,0.0,2,400.0,22.0,1,0.100107908249,-1,94.0,1,5,5.24605364197,0.754268642848,5.3,0,5.0,400.0,-10.5
3.1,0.0,2,400.0,22.0,0,0.100118160248,0,94.0,2,6,5.24605364197,-0.754268642848,5.3,0,5.0,400.0,-10.5
3.1,0.0,1,400.0,22.0,2,0.100100040436,2,94.0,1,1,1.49318255126,5.08531276016,5.3,0,5.0,400.0,-10.5
3.1,0.0,2,400.0,22.0,-1,0.100103139877,-1,94.0,2,19,-4.00547274408,3.47076188991,5.3,0,5.0,400.0,-10.5
3.1,0.0,1,400.0,22.0,-1,0.100182056427,-1,94.0,1,17,-5.24605364197,0.754268642848,5.3,0,5.0,400.0,-10.5
3.1,0.0,2,400.0,22.0,0,0.100081920624,0,94.0,2,16,-5.24605364197,-0.754268642848,5.3,0,5.0,400.0,-10.5
3.1,0.0,2,400.0,22.0,0,0.100108146667,0,94.0,2,21,-1.49318255126,5.08531276016,5.3,0,5.0,400.0,-10.5
3.1,0.0,1,400.0,22.0,2,0.100021839142,2,94.0,1,13,-2.86539633251,-4.45864372401,5.3,0,5.0,400.0,-10.5
3.1,0.0,2,400.0,22.0,0,0.100087165833,0,94.0,2,2,2.86539633251,4.45864372401,5.3,0,5.0,400.0,-10.5
3.1,0.0,2,400.0,22.0,1,0.10005903244,0,94.0,1,0,0.0,5.3,5.3,0,5.0,400.0,-10.5
3.1,0.0,2,400.0,22.0,0,0.100094079971,0,94.0,1,3,4.00547274408,3.47076188991,5.3,0,5.0,400.0,-10.5
3.1,0.0,2,400.0,22.0,0,0.100126981735,0,94.0,1,20,-2.86539633251,4.45864372401,5.3,0,5.0,400.0,-10.5
3.1,0.0,2,400.0,22.0,0,0.100416898727,0,94.0,2,7,4.82104957538,-2.20169956891,5.3,0,5.0,400.0,-10.5
3.1,0.0,2,400.0,22.0,-1,0.100147008896,-1,94.0,2,16,-5.24605364197,-0.754268642848,5.3,0,5.0,400.0,-10.5
3.1,0.0,1,400.0,22.0,-2,0.100115776062,-2,94.0,1,10,1.49318255126,-5.08531276016,5.3,0,5.0,400.0,-10.5
3.1,0.0,1,400.0,22.0,0,0.0999648571014,0,94.0,1,20,-2.86539633251,4.45864372401,5.3,0,5.0,400.0,-10.5
3.1,0.0,2,400.0,22.0,0,0.100093126297,0,94.0,1,6,5.24605364197,-0.754268642848,5.3,0,5.0,400.0,-10.5
3.1,0.0,1,400.0,22.0,1,0.100129842758,1,94.0,1,9,2.86539633251,-4.45864372401,5.3,0,5.0,400.0,-10.5
3.1,0.0,2,400.0,22.0,0,0.100076913834,0,94.0,2,20,-2.86539633251,4.45864372401,5.3,0,5.0,400.0,-10.5
3.1,0.0,2,400.0,22.0,0,0.100063800812,0,94.0,2,7,4.82104957538,-2.20169956891,5.3,0,5.0,400.0,-10.5
3.1,0.0,2,400.0,22.0,-1,0.10003900528,0,94.0,2,19,-4.00547274408,3.47076188991,5.3,0,5.0,400.0,-10.5
3.1,0.0,2,400.0,22.0,0,0.100122928619,0,94.0,2,17,-5.24605364197,0.754268642848,5.3,0,5.0,400.0,-10.5
3.1,0.0,2,400.0,22.0,-2,0.100085020065,-2,94.0,2,11,6.49041367526e-16,-5.3,5.3,0,5.0,400.0,-10.5
3.1,0.0,2,400.0,22.0,0,0.100117921829,0,94.0,2,14,-4.00547274408,-3.47076188991,5.3,0,5.0,400.0,-10.5
3.1,0.0,2,400.0,22.0,0,0.100208997726,0,94.0,2,18,-4.82104957538,2.20169956891,5.3,0,5.0,400.0,-10.5
3.1,0.0,2,400.0,22.0,1,0.100121021271,1,94.0,2,16,-5.24605364197,-0.754268642848,5.3,0,5.0,400.0,-10.5
3.1,0.0,2,400.0,22.0,0,0.100077867508,0,94.0,2,6,5.24605364197,-0.754268642848,5.3,0,5.0,400.0,-10.5
3.1,0.0,2,400.0,22.0,0,0.100188016891,0,94.0,2,8,4.00547274408,-3.47076188991,5.3,0,5.0,400.0,-10.5
3.1,0.0,2,400.0,22.0,0,0.100136995316,0,94.0,2,7,4.82104957538,-2.20169956891,5.3,0,5.0,400.0,-10.5
3.1,0.0,2,400.0,22.0,1,0.100110054016,1,94.0,2,14,-4.00547274408,-3.47076188991,5.3,0,5.0,400.0,-10.5
3.1,0.0,1,400.0,22.0,-1,0.100074052811,0,94.0,2,7,4.82104957538,-2.20169956891,5.3,0,5.0,400.0,-10.5
3.1,0.0,2,400.0,22.0,0,0.100128173828,0,94.0,2,19,-4.00547274408,3.47076188991,5.3,0,5.0,400.0,-10.5
3.1,0.0,2,400.0,22.0,0,0.100112915039,0,94.0,2,9,2.86539633251,-4.45864372401,5.3,0,5.0,400.0,-10.5
3.1,0.0,2,400.0,22.0,1,0.100103139877,1,94.0,2,3,4.00547274408,3.47076188991,5.3,0,5.0,400.0,-10.5
3.1,0.0,1,400.0,22.0,2,0.100167036057,2,94.0,1,18,-4.82104957538,2.20169956891,5.3,0,5.0,400.0,-10.5
3.1,0.0,2,400.0,22.0,-2,0.100080013275,-2,94.0,2,9,2.86539633251,-4.45864372401,5.3,0,5.0,400.0,-10.5
3.1,0.0,2,400.0,22.0,0,0.100150108337,0,94.0,2,20,-2.86539633251,4.45864372401,5.3,0,5.0,400.0,-10.5
3.1,0.0,2,400.0,22.0,0,0.100147008896,0,94.0,2,17,-5.24605364197,0.754268642848,5.3,0,5.0,400.0,-10.5
3.1,0.0,1,400.0,22.0,0,0.100153923035,0,94.0,1,13,-2.86539633251,-4.45864372401,5.3,0,5.0,400.0,-10.5
3.1,0.0,2,400.0,22.0,0,0.100134849548,0,94.0,2,19,-4.00547274408,3.47076188991,5.3,0,5.0,400.0,-10.5
3.1,0.0,1,400.0,22.0,0,0.100095033646,0,94.0,2,2,2.86539633251,4.45864372401,5.3,0,5.0,400.0,-10.5
3.1,0.0,1,400.0,22.0,-1,0.100067138672,-1,94.0,1,12,-1.49318255126,-5.08531276016,5.3,0,5.0,400.0,-10.5
3.1,0.0,2,400.0,22.0,0,0.100136995316,0,94.0,2,18,-4.82104957538,2.20169956891,5.3,0,5.0,400.0,-10.5
3.1,0.0,2,400.0,22.0,1,0.10013794899,1,94.0,2,15,-4.82104957538,-2.20169956891,5.3,0,5.0,400.0,-10.5
3.1,0.0,2,400.0,22.0,0,0.100134849548,0,94.0,1,17,-5.24605364197,0.754268642848,5.3,0,5.0,400.0,-10.5
3.1,0.0,2,400.0,22.0,0,0.101269006729,0,94.0,1,18,-4.82104957538,2.20169956891,5.3,0,5.0,400.0,-10.5
3.1,0.0,2,400.0,22.0,2,0.100136995316,0,94.0,2,18,-4.82104957538,2.20169956891,5.3,0,5.0,400.0,-10.5
3.1,0.0,1,400.0,22.0,-2,0.099925994873,-2,94.0,1,9,2.86539633251,-4.45864372401,5.3,0,5.0,400.0,-10.5
3.1,0.0,2,400.0,22.0,-1,0.100129127502,-1,94.0,2,12,-1.49318255126,-5.08531276016,5.3,0,5.0,400.0,-10.5
3.1,0.0,2,400.0,22.0,0,0.100102186203,0,94.0,2,17,-5.24605364197,0.754268642848,5.3,0,5.0,400.0,-10.5
