offset2,cue-loc-int,refi,radius,ntrials,ms-st-cue,npractice,resp-h-pos,ms-stimon,vComp,actualStimOn,version,bars-or-spot,nitems,resp-h-hv,hComp,resp-v-hv,offset,cue-length,resp-v-pos,cue-loc-x,cue-loc-y,ms-precue
10,12,14,5.3,400.0,400.0,10.0,2,100.0,"[2, 0, 1, 7, 4, 0, 4, 6, 7, 3, 9, 3, 2, 7, 8, 8, 5, 2, 0, 6, 8, 4, 3, 0, 6]",0.11185216903686523,8,5,22.0,2,"[3, 9, 8, 5, 6, 8, 5, 9, 2, 1, 1, 0, 6, 5, 4, 3, 7, 1, 9, 4, 5, 1, 7, 9, 2]",1,8,3.1,1,-1.4931825512595758,-5.085312760156836,0.0
10,7,9,5.3,400.0,400.0,10.0,-2,100.0,"[6, 1, 5, 2, 4, 0, 6, 8, 5, 2, 6, 5, 8, 7, 1, 2, 5, 9, 6, 3, 1, 9, 3, 8, 7]",0.11220216751098633,8,5,22.0,1,"[9, 7, 8, 0, 3, 9, 7, 4, 3, 1, 2, 4, 3, 0, 9, 8, 7, 0, 1, 4, 6, 5, 2, 4, 0]",2,8,3.1,0,4.8210495753789475,-2.2016995689099974,0.0
10,12,14,5.3,400.0,400.0,10.0,0,100.0,"[9, 1, 0, 3, 8, 5, 4, 9, 0, 1, 0, 6, 9, 2, 3, 6, 2, 5, 8, 7, 5, 6, 0, 2, 4]",0.11255908012390137,8,5,22.0,2,"[4, 7, 6, 5, 2, 8, 6, 3, 2, 7, 5, 8, 1, 4, 7, 3, 0, 9, 4, 1, 8, 3, 7, 1, 9]",2,8,3.1,-1,-1.4931825512595758,-5.085312760156836,0.0
10,4,6,5.3,400.0,400.0,10.0,-1,100.0,"[7, 2, 5, 8, 2, 1, 0, 2, 5, 0, 1, 7, 8, 9, 5, 8, 0, 2, 6, 7, 8, 6, 5, 2, 3]",0.11252403259277344,8,5,22.0,1,"[5, 0, 3, 9, 6, 4, 7, 7, 9, 1, 0, 4, 2, 3, 6, 5, 4, 9, 3, 1, 7, 9, 4, 1, 0]",1,8,3.1,1,4.821049575378947,2.201699568909998,0.0
10,3,5,5.3,400.0,400.0,10.0,0,100.0,"[3, 2, 9, 3, 8, 6, 4, 2, 7, 9, 5, 8, 7, 3, 9, 1, 0, 5, 4, 6, 0, 5, 6, 8, 3]",0.11266303062438965,8,5,22.0,2,"[0, 7, 1, 4, 5, 0, 8, 5, 1, 3, 2, 4, 1, 0, 6, 8, 9, 2, 7, 3, 1, 9, 4, 2, 7]",2,8,3.1,2,4.005472744077569,3.470761889910011,0.0
10,6,8,5.3,400.0,400.0,10.0,1,100.0,"[7, 1, 6, 5, 1, 5, 0, 7, 3, 3, 3, 4, 1, 8, 7, 3, 8, 5, 6, 0, 0, 8, 7, 3, 9]",0.11269497871398926,8,5,22.0,1,"[0, 8, 2, 4, 6, 4, 9, 2, 8, 5, 0, 5, 6, 2, 9, 2, 4, 9, 1, 7, 4, 1, 5, 2, 6]",1,8,3.1,0,5.246053641968944,-0.7542686428484106,0.0
10,16,18,5.3,400.0,400.0,10.0,0,100.0,"[4, 6, 3, 7, 9, 3, 9, 2, 6, 1, 1, 9, 3, 0, 2, 1, 4, 9, 5, 1, 0, 4, 7, 9, 2]",0.11255502700805664,8,5,22.0,2,"[8, 1, 2, 0, 5, 0, 8, 7, 5, 4, 7, 5, 2, 4, 8, 6, 0, 7, 3, 0, 1, 6, 3, 5, 8]",1,8,3.1,0,-5.246053641968943,-0.7542686428484117,0.0
10,2,4,5.3,400.0,400.0,10.0,0,100.0,"[1, 4, 2, 3, 9, 7, 1, 2, 8, 5, 7, 0, 2, 9, 3, 0, 9, 6, 1, 8, 6, 4, 0, 8, 5]",0.11094212532043457,8,5,22.0,2,"[8, 0, 6, 7, 5, 9, 3, 6, 0, 4, 4, 1, 5, 8, 6, 2, 3, 5, 7, 4, 7, 2, 9, 1, 3]",2,8,3.1,2,2.865396332514667,4.4586437240052605,0.0
10,0,2,5.3,400.0,400.0,10.0,1,100.0,"[5, 3, 2, 9, 8, 8, 1, 9, 2, 0, 3, 6, 0, 4, 2, 0, 5, 1, 9, 2, 6, 9, 9, 1, 0]",0.11208105087280273,8,5,22.0,2,"[4, 1, 0, 4, 7, 7, 6, 5, 4, 3, 8, 5, 7, 1, 9, 8, 3, 7, 6, 4, 8, 7, 4, 8, 3]",2,8,3.1,-2,0.0,5.3,0.0
10,2,4,5.3,400.0,400.0,10.0,0,100.0,"[7, 6, 5, 2, 8, 0, 7, 1, 8, 5, 9, 3, 5, 2, 6, 7, 9, 6, 2, 4, 4, 7, 9, 3, 6]",0.11263799667358398,8,5,22.0,2,"[9, 0, 4, 3, 1, 6, 3, 2, 9, 4, 8, 7, 0, 4, 1, 0, 8, 3, 5, 1, 1, 8, 2, 0, 5]",2,8,3.1,1,2.865396332514667,4.4586437240052605,0.0
10,0,2,5.3,400.0,400.0,10.0,1,100.0,"[8, 2, 7, 1, 2, 8, 6, 9, 4, 2, 9, 4, 2, 5, 7, 2, 4, 0, 7, 9, 5, 1, 1, 4, 6]",0.11092805862426758,8,5,22.0,2,"[3, 9, 0, 5, 4, 3, 0, 7, 5, 1, 0, 3, 8, 6, 1, 6, 8, 1, 5, 3, 6, 4, 8, 5, 2]",2,8,3.1,0,0.0,5.3,0.0
10,18,20,5.3,400.0,400.0,10.0,2,100.0,"[3, 0, 1, 9, 6, 1, 3, 8, 5, 9, 0, 1, 8, 5, 7, 7, 0, 5, 3, 8, 4, 4, 8, 1, 7]",0.11245298385620117,8,5,22.0,2,"[8, 2, 5, 4, 7, 7, 4, 2, 0, 6, 2, 4, 3, 6, 9, 0, 9, 7, 2, 6, 1, 9, 6, 3, 0]",1,8,3.1,-2,-4.821049575378947,2.20169956891,0.0
10,4,6,5.3,400.0,400.0,10.0,1,100.0,"[6, 3, 5, 4, 1, 6, 0, 6, 2, 5, 3, 6, 9, 2, 4, 9, 3, 7, 2, 0, 4, 3, 7, 6, 1]",0.11191797256469727,8,5,22.0,2,"[0, 5, 2, 3, 8, 9, 7, 8, 7, 4, 1, 7, 5, 0, 8, 4, 5, 6, 8, 1, 8, 9, 5, 2, 0]",1,8,3.1,0,4.821049575378947,2.201699568909998,0.0
10,12,14,5.3,400.0,400.0,10.0,1,100.0,"[1, 7, 5, 6, 3, 3, 9, 1, 0, 7, 3, 9, 0, 4, 1, 2, 4, 1, 3, 7, 5, 7, 9, 8, 4]",0.11244893074035645,8,5,22.0,1,"[4, 8, 0, 2, 9, 5, 6, 8, 2, 4, 7, 2, 5, 8, 6, 8, 5, 9, 0, 6, 2, 6, 3, 1, 0]",2,8,3.1,2,-1.4931825512595758,-5.085312760156836,0.0
10,8,10,5.3,400.0,400.0,10.0,-2,100.0,"[7, 1, 2, 3, 9, 2, 9, 0, 5, 7, 1, 0, 1, 7, 5, 6, 0, 2, 8, 5, 4, 6, 2, 7, 1]",0.1108999252319336,8,5,22.0,2,"[8, 4, 0, 6, 5, 7, 4, 8, 3, 6, 2, 3, 9, 2, 6, 9, 3, 1, 7, 4, 3, 0, 5, 8, 9]",1,8,3.1,2,4.005472744077569,-3.47076188991001,0.0
10,15,17,5.3,400.0,400.0,10.0,-1,100.0,"[8, 9, 3, 6, 5, 4, 1, 0, 8, 9, 9, 4, 7, 0, 4, 1, 8, 7, 3, 0, 1, 9, 2, 4, 8]",0.11157798767089844,8,5,22.0,2,"[1, 0, 2, 4, 7, 3, 2, 7, 6, 5, 5, 8, 0, 9, 3, 6, 5, 2, 1, 6, 5, 0, 7, 6, 3]",1,8,3.1,0,-4.821049575378945,-2.201699568910002,0.0
10,5,7,5.3,400.0,400.0,10.0,0,100.0,"[1, 7, 8, 5, 7, 0, 4, 6, 6, 0, 7, 1, 3, 0, 2, 3, 6, 7, 8, 9, 8, 6, 5, 3, 9]",0.1125791072845459,8,5,22.0,2,"[0, 9, 5, 9, 2, 3, 8, 1, 5, 7, 5, 6, 9, 8, 4, 4, 1, 2, 0, 5, 7, 1, 4, 2, 0]",2,8,3.1,1,5.246053641968943,0.7542686428484122,0.0
10,0,2,5.3,400.0,400.0,10.0,0,100.0,"[1, 8, 9, 8, 5, 0, 2, 3, 7, 1, 7, 3, 5, 9, 4, 8, 9, 2, 5, 0, 2, 6, 1, 7, 4]",0.1108250617980957,8,5,22.0,1,"[7, 4, 3, 6, 2, 8, 5, 9, 6, 4, 2, 6, 8, 0, 1, 7, 1, 3, 4, 6, 5, 0, 3, 6, 8]",2,8,3.1,0,0.0,5.3,0.0
10,0,2,5.3,400.0,400.0,10.0,1,100.0,"[1, 2, 5, 0, 4, 5, 0, 1, 6, 3, 0, 2, 1, 7, 3, 6, 7, 8, 1, 3, 4, 6, 5, 3, 1]",0.11194396018981934,8,5,22.0,2,"[3, 9, 7, 5, 6, 4, 2, 9, 7, 8, 8, 5, 6, 4, 9, 4, 5, 9, 2, 0, 0, 8, 9, 8, 4]",2,8,3.1,-1,0.0,5.3,0.0
10,0,2,5.3,400.0,400.0,10.0,0,100.0,"[0, 2, 1, 4, 6, 0, 6, 7, 4, 9, 7, 5, 1, 2, 8, 8, 5, 1, 4, 0, 3, 7, 5, 7, 8]",0.1127469539642334,8,5,22.0,2,"[6, 4, 9, 8, 2, 8, 5, 2, 1, 3, 4, 6, 9, 0, 3, 2, 9, 3, 6, 7, 5, 8, 4, 1, 9]",1,8,3.1,0,0.0,5.3,0.0
10,6,8,5.3,400.0,400.0,10.0,-1,100.0,"[9, 8, 6, 5, 6, 2, 1, 4, 5, 9, 9, 5, 8, 4, 1, 5, 3, 2, 7, 1, 8, 0, 4, 1, 9]",0.1109161376953125,8,5,22.0,1,"[4, 7, 0, 3, 9, 3, 7, 0, 8, 8, 7, 0, 2, 6, 3, 0, 9, 8, 6, 4, 3, 7, 6, 2, 5]",1,8,3.1,1,5.246053641968944,-0.7542686428484106,0.0
10,15,17,5.3,400.0,400.0,10.0,1,100.0,"[3, 8, 4, 7, 0, 5, 0, 7, 9, 3, 6, 0, 3, 6, 0, 5, 2, 3, 4, 5, 4, 3, 8, 7, 2]",0.11185908317565918,8,5,22.0,1,"[1, 2, 6, 9, 5, 6, 4, 2, 8, 1, 5, 4, 1, 7, 4, 1, 8, 9, 2, 6, 1, 5, 0, 6, 9]",2,8,3.1,2,-4.821049575378945,-2.201699568910002,0.0
10,16,18,5.3,400.0,400.0,10.0,2,100.0,"[1, 9, 6, 7, 3, 7, 5, 0, 2, 1, 2, 4, 0, 6, 5, 4, 1, 2, 3, 2, 8, 9, 5, 0, 3]",0.11254310607910156,8,5,22.0,2,"[0, 4, 2, 8, 5, 3, 6, 4, 9, 8, 8, 7, 9, 3, 7, 8, 6, 0, 9, 9, 1, 4, 2, 6, 7]",1,8,3.1,0,-5.246053641968943,-0.7542686428484117,0.0
10,18,20,5.3,400.0,400.0,10.0,0,100.0,"[0, 3, 4, 1, 6, 7, 8, 0, 2, 5, 6, 3, 7, 1, 0, 1, 7, 9, 1, 0, 6, 6, 3, 9, 0]",0.11239099502563477,8,5,22.0,2,"[7, 9, 2, 8, 5, 3, 4, 1, 6, 9, 8, 4, 9, 2, 5, 2, 3, 4, 8, 2, 5, 4, 5, 7, 8]",2,8,3.1,-1,-4.821049575378947,2.20169956891,0.0
10,6,8,5.3,400.0,400.0,10.0,0,100.0,"[0, 5, 6, 7, 1, 9, 5, 2, 3, 9, 3, 5, 4, 0, 8, 1, 9, 0, 2, 3, 5, 6, 2, 4, 3]",0.11182284355163574,8,5,22.0,2,"[2, 4, 9, 1, 6, 7, 8, 0, 4, 3, 9, 1, 7, 2, 6, 5, 8, 7, 6, 4, 1, 0, 7, 9, 8]",2,8,3.1,2,5.246053641968944,-0.7542686428484106,0.0
10,21,1,5.3,400.0,400.0,10.0,0,100.0,"[8, 5, 1, 6, 7, 1, 5, 9, 8, 3, 5, 2, 1, 9, 0, 1, 5, 3, 7, 1, 2, 6, 7, 2, 6]",0.11272811889648438,8,5,22.0,1,"[7, 4, 8, 4, 0, 4, 2, 0, 6, 7, 8, 4, 6, 3, 7, 2, 8, 6, 9, 3, 0, 9, 3, 4, 9]",1,8,3.1,-2,-1.4931825512595778,5.085312760156836,0.0
10,1,3,5.3,400.0,400.0,10.0,0,100.0,"[7, 6, 0, 4, 0, 6, 4, 3, 9, 1, 5, 4, 7, 2, 3, 0, 1, 7, 8, 9, 1, 5, 3, 6, 5]",0.1127161979675293,8,5,22.0,1,"[9, 3, 2, 8, 3, 5, 7, 8, 0, 2, 6, 0, 9, 1, 8, 5, 3, 2, 4, 6, 0, 1, 9, 7, 4]",1,8,3.1,2,1.493182551259577,5.085312760156836,0.0
10,7,9,5.3,400.0,400.0,10.0,1,100.0,"[4, 7, 2, 6, 0, 3, 9, 8, 5, 1, 6, 0, 8, 2, 7, 6, 9, 2, 1, 4, 5, 2, 8, 4, 1]",0.11245298385620117,8,5,22.0,1,"[9, 1, 8, 3, 5, 4, 2, 0, 7, 6, 3, 1, 4, 5, 9, 3, 5, 0, 8, 7, 0, 7, 9, 6, 3]",1,8,3.1,-1,4.8210495753789475,-2.2016995689099974,0.0
10,5,7,5.3,400.0,400.0,10.0,-2,100.0,"[7, 0, 4, 8, 2, 9, 0, 1, 4, 3, 6, 4, 7, 5, 9, 5, 1, 3, 0, 9, 4, 6, 9, 8, 1]",0.11091399192810059,8,5,22.0,2,"[8, 3, 9, 4, 7, 3, 5, 6, 9, 2, 8, 1, 0, 3, 2, 2, 6, 7, 8, 4, 0, 5, 3, 7, 2]",1,8,3.1,0,5.246053641968943,0.7542686428484122,0.0
10,11,13,5.3,400.0,400.0,10.0,1,100.0,"[3, 1, 5, 9, 8, 5, 0, 8, 2, 3, 0, 9, 7, 8, 5, 5, 4, 6, 7, 3, 9, 0, 3, 7, 5]",0.11249613761901855,8,5,22.0,1,"[6, 0, 2, 4, 7, 7, 6, 4, 9, 2, 1, 6, 4, 5, 0, 8, 0, 9, 2, 1, 2, 8, 4, 1, 6]",2,8,3.1,0,6.490628035480972e-16,-5.3,0.0
10,6,8,5.3,400.0,400.0,10.0,-1,100.0,"[4, 3, 6, 5, 3, 4, 1, 0, 7, 1, 2, 3, 7, 4, 0, 6, 7, 4, 9, 8, 5, 0, 4, 3, 6]",0.11280298233032227,8,5,22.0,2,"[0, 1, 2, 8, 8, 9, 5, 2, 6, 3, 5, 8, 6, 1, 9, 5, 0, 2, 3, 1, 8, 9, 1, 7, 2]",1,8,3.1,-2,5.246053641968944,-0.7542686428484106,0.0
10,5,7,5.3,400.0,400.0,10.0,-1,100.0,"[9, 2, 6, 7, 8, 0, 1, 2, 9, 1, 2, 8, 1, 9, 5, 8, 2, 1, 6, 7, 9, 8, 2, 0, 4]",0.11236715316772461,8,5,22.0,2,"[4, 5, 1, 3, 9, 6, 4, 5, 2, 6, 6, 4, 3, 7, 0, 9, 3, 5, 4, 0, 3, 7, 6, 5, 1]",2,8,3.1,0,5.246053641968943,0.7542686428484122,0.0
10,7,9,5.3,400.0,400.0,10.0,0,100.0,"[8, 5, 4, 1, 2, 2, 1, 5, 6, 0, 4, 8, 6, 7, 9, 9, 4, 2, 6, 3, 3, 5, 6, 8, 1]",0.11260294914245605,8,5,22.0,1,"[7, 0, 6, 3, 9, 8, 7, 9, 4, 3, 2, 3, 0, 1, 5, 7, 5, 0, 1, 8, 4, 9, 2, 0, 7]",2,8,3.1,-1,4.8210495753789475,-2.2016995689099974,0.0
10,10,12,5.3,400.0,400.0,10.0,2,100.0,"[7, 5, 4, 0, 8, 1, 3, 5, 9, 4, 5, 7, 2, 2, 9, 5, 2, 9, 7, 6, 2, 4, 3, 1, 7]",0.11162495613098145,8,5,22.0,1,"[2, 9, 1, 3, 6, 7, 9, 8, 1, 0, 3, 6, 8, 5, 7, 8, 4, 1, 0, 3, 8, 0, 6, 5, 9]",2,8,3.1,0,1.4931825512595793,-5.085312760156835,0.0
10,3,5,5.3,400.0,400.0,10.0,-1,100.0,"[1, 0, 5, 6, 8, 7, 2, 6, 0, 4, 3, 2, 8, 1, 6, 0, 5, 1, 2, 6, 8, 1, 7, 3, 2]",0.11274981498718262,8,5,22.0,2,"[3, 2, 9, 1, 4, 3, 9, 3, 7, 1, 5, 7, 9, 4, 0, 7, 9, 4, 8, 3, 9, 0, 6, 5, 4]",2,8,3.1,-2,4.005472744077569,3.470761889910011,0.0
10,10,12,5.3,400.0,400.0,10.0,0,100.0,"[1, 3, 4, 8, 6, 7, 1, 5, 3, 2, 1, 6, 8, 0, 9, 5, 8, 3, 9, 2, 7, 8, 1, 2, 3]",0.11088395118713379,8,5,22.0,1,"[0, 5, 9, 2, 7, 3, 8, 6, 4, 0, 9, 7, 5, 1, 5, 6, 1, 0, 7, 4, 9, 0, 5, 6, 4]",2,8,3.1,1,1.4931825512595793,-5.085312760156835,0.0
10,3,5,5.3,400.0,400.0,10.0,-1,100.0,"[7, 0, 4, 7, 5, 6, 0, 8, 2, 9, 6, 2, 4, 3, 5, 4, 8, 0, 7, 5, 5, 3, 4, 1, 6]",0.1120450496673584,8,5,22.0,2,"[0, 3, 9, 1, 2, 8, 1, 3, 4, 5, 8, 7, 0, 9, 1, 2, 6, 9, 3, 1, 7, 9, 2, 0, 8]",2,8,3.1,1,4.005472744077569,3.470761889910011,0.0
10,12,14,5.3,400.0,400.0,10.0,0,100.0,"[6, 9, 3, 7, 2, 5, 9, 7, 0, 2, 1, 7, 0, 2, 8, 0, 2, 4, 5, 9, 6, 5, 3, 4, 8]",0.11090779304504395,8,5,22.0,1,"[0, 8, 4, 1, 5, 1, 8, 4, 6, 3, 9, 3, 4, 5, 6, 7, 6, 1, 8, 3, 1, 0, 9, 2, 7]",2,8,3.1,2,-1.4931825512595758,-5.085312760156836,0.0
10,15,17,5.3,400.0,400.0,10.0,1,100.0,"[4, 2, 5, 9, 3, 4, 8, 1, 3, 5, 5, 4, 8, 1, 6, 3, 4, 7, 4, 3, 0, 6, 3, 2, 8]",0.11258506774902344,8,5,22.0,2,"[7, 6, 8, 0, 1, 9, 2, 6, 0, 7, 0, 7, 1, 2, 5, 9, 0, 8, 5, 8, 5, 1, 9, 7, 4]",2,8,3.1,2,-4.821049575378945,-2.201699568910002,0.0
10,5,7,5.3,400.0,400.0,10.0,2,100.0,"[0, 5, 7, 4, 7, 8, 2, 0, 0, 7, 4, 3, 6, 7, 0, 3, 9, 2, 4, 0, 0, 2, 6, 7, 3]",0.11097598075866699,8,5,22.0,1,"[6, 2, 1, 1, 9, 5, 3, 6, 2, 3, 2, 1, 8, 9, 5, 1, 8, 6, 5, 7, 9, 8, 5, 4, 1]",1,8,3.1,0,5.246053641968943,0.7542686428484122,0.0
10,17,19,5.3,400.0,400.0,10.0,-1,100.0,"[6, 0, 9, 4, 5, 5, 6, 3, 4, 1, 4, 0, 3, 6, 7, 5, 7, 4, 1, 3, 0, 6, 1, 4, 9]",0.11149787902832031,8,5,22.0,1,"[1, 8, 2, 7, 3, 9, 8, 0, 7, 2, 1, 2, 5, 8, 9, 8, 9, 6, 2, 0, 2, 7, 8, 3, 5]",2,8,3.1,0,-5.246053641968944,0.7542686428484098,0.0
10,14,16,5.3,400.0,400.0,10.0,1,100.0,"[5, 7, 8, 4, 1, 2, 8, 9, 3, 6, 3, 4, 9, 5, 4, 6, 3, 5, 3, 8, 9, 3, 2, 1, 5]",0.11153292655944824,8,5,22.0,1,"[9, 2, 0, 6, 3, 5, 0, 1, 7, 4, 2, 0, 7, 8, 1, 2, 0, 9, 2, 7, 6, 7, 4, 0, 8]",2,8,3.1,-2,-4.005472744077568,-3.4707618899100114,0.0
10,3,5,5.3,400.0,400.0,10.0,1,100.0,"[8, 9, 0, 8, 6, 7, 5, 8, 4, 9, 2, 7, 1, 6, 3, 4, 0, 7, 6, 1, 8, 0, 9, 4, 1]",0.1115870475769043,8,5,22.0,1,"[9, 5, 4, 3, 1, 2, 6, 2, 3, 1, 0, 9, 5, 8, 4, 8, 2, 9, 3, 5, 6, 7, 3, 2, 5]",2,8,3.1,0,4.005472744077569,3.470761889910011,0.0
10,15,17,5.3,400.0,400.0,10.0,0,100.0,"[6, 0, 5, 8, 1, 3, 8, 1, 9, 2, 7, 8, 2, 8, 6, 7, 3, 5, 6, 9, 9, 6, 2, 7, 5]",0.11094212532043457,8,5,22.0,2,"[2, 7, 9, 4, 3, 0, 4, 6, 7, 5, 9, 6, 0, 2, 0, 1, 9, 4, 8, 3, 0, 8, 4, 3, 1]",1,8,3.1,0,-4.821049575378945,-2.201699568910002,0.0
10,15,17,5.3,400.0,400.0,10.0,-1,100.0,"[6, 4, 8, 2, 7, 8, 1, 2, 5, 9, 0, 6, 2, 4, 7, 6, 0, 5, 5, 2, 5, 0, 7, 6, 2]",0.1119389533996582,8,5,22.0,2,"[9, 3, 0, 1, 5, 3, 4, 0, 6, 7, 7, 5, 1, 9, 2, 3, 1, 8, 9, 7, 3, 1, 4, 9, 8]",2,8,3.1,0,-4.821049575378945,-2.201699568910002,0.0
10,2,4,5.3,400.0,400.0,10.0,-2,100.0,"[8, 5, 9, 4, 2, 2, 7, 6, 8, 0, 8, 3, 1, 7, 4, 4, 0, 6, 3, 7, 7, 8, 3, 2, 1]",0.11264681816101074,8,5,22.0,1,"[3, 6, 7, 0, 1, 9, 4, 5, 1, 3, 2, 9, 5, 0, 6, 9, 5, 8, 1, 2, 5, 0, 9, 4, 6]",2,8,3.1,0,2.865396332514667,4.4586437240052605,0.0
10,3,5,5.3,400.0,400.0,10.0,1,100.0,"[4, 9, 0, 3, 8, 6, 3, 8, 5, 6, 6, 5, 3, 0, 9, 9, 5, 2, 8, 6, 8, 1, 6, 0, 9]",0.11277604103088379,8,5,22.0,2,"[8, 1, 5, 4, 7, 2, 7, 9, 0, 2, 1, 8, 4, 7, 2, 0, 3, 7, 4, 1, 2, 7, 4, 3, 5]",1,8,3.1,-2,4.005472744077569,3.470761889910011,0.0
10,13,15,5.3,400.0,400.0,10.0,0,100.0,"[5, 9, 8, 0, 2, 7, 9, 6, 3, 0, 9, 9, 8, 7, 0, 1, 3, 5, 1, 4, 8, 6, 1, 7, 3]",0.11093592643737793,8,5,22.0,2,"[4, 7, 1, 3, 6, 1, 4, 8, 2, 5, 3, 5, 3, 2, 6, 4, 8, 2, 7, 6, 4, 9, 0, 2, 5]",2,8,3.1,-2,-2.865396332514667,-4.4586437240052605,0.0
10,16,18,5.3,400.0,400.0,10.0,2,100.0,"[1, 8, 0, 2, 4, 1, 4, 8, 3, 6, 2, 5, 4, 8, 6, 8, 1, 3, 7, 8, 3, 6, 9, 7, 5]",0.11276102066040039,8,5,22.0,1,"[9, 7, 3, 6, 5, 5, 2, 7, 9, 0, 3, 1, 0, 6, 2, 0, 9, 4, 5, 3, 4, 0, 8, 2, 1]",2,8,3.1,0,-5.246053641968943,-0.7542686428484117,0.0
10,1,3,5.3,400.0,400.0,10.0,2,100.0,"[7, 9, 2, 4, 3, 2, 9, 1, 6, 0, 3, 8, 1, 2, 6, 5, 8, 4, 1, 0, 0, 5, 4, 1, 7]",0.1109168529510498,8,5,22.0,1,"[8, 0, 6, 1, 5, 7, 3, 8, 5, 4, 7, 9, 4, 0, 5, 2, 7, 6, 9, 3, 5, 3, 8, 3, 9]",2,8,3.1,1,1.493182551259577,5.085312760156836,0.0
10,0,2,5.3,400.0,400.0,10.0,0,100.0,"[6, 9, 2, 3, 5, 8, 7, 5, 4, 2, 4, 8, 3, 7, 1, 8, 4, 6, 1, 0, 8, 0, 0, 1, 3]",0.11096787452697754,8,5,22.0,2,"[1, 5, 3, 8, 1, 3, 1, 9, 6, 0, 5, 6, 0, 2, 9, 9, 7, 2, 5, 3, 7, 4, 2, 8, 4]",2,8,3.1,1,0.0,5.3,0.0
10,9,11,5.3,400.0,400.0,10.0,0,100.0,"[1, 9, 3, 6, 7, 5, 0, 1, 0, 3, 2, 8, 1, 3, 2, 5, 9, 2, 4, 6, 5, 7, 9, 1, 0]",0.11264395713806152,8,5,22.0,1,"[5, 4, 8, 0, 2, 2, 7, 9, 7, 5, 6, 4, 8, 6, 9, 1, 0, 8, 7, 3, 8, 2, 6, 4, 3]",2,8,3.1,-2,2.8653963325146665,-4.4586437240052605,0.0
10,14,16,5.3,400.0,400.0,10.0,2,100.0,"[6, 3, 1, 8, 7, 3, 9, 6, 2, 8, 4, 6, 6, 1, 5, 0, 9, 1, 7, 0, 3, 0, 1, 4, 6]",0.1123659610748291,8,5,22.0,1,"[2, 5, 9, 0, 4, 5, 0, 1, 7, 4, 1, 5, 4, 8, 2, 7, 3, 9, 6, 8, 2, 7, 8, 9, 5]",2,8,3.1,0,-4.005472744077568,-3.4707618899100114,0.0
10,16,18,5.3,400.0,400.0,10.0,-2,100.0,"[6, 8, 5, 1, 2, 4, 3, 8, 5, 7, 4, 6, 7, 5, 1, 4, 2, 8, 0, 2, 9, 3, 0, 7, 1]",0.11153292655944824,8,5,22.0,1,"[0, 7, 3, 4, 9, 1, 0, 2, 6, 9, 0, 2, 8, 3, 9, 3, 5, 7, 6, 4, 4, 8, 6, 5, 2]",2,8,3.1,0,-5.246053641968943,-0.7542686428484117,0.0
10,16,18,5.3,400.0,400.0,10.0,0,100.0,"[5, 9, 7, 4, 8, 6, 1, 7, 2, 8, 7, 9, 6, 3, 9, 4, 0, 3, 8, 0, 8, 6, 7, 3, 2]",0.11092996597290039,8,5,22.0,2,"[1, 3, 0, 6, 2, 4, 9, 0, 5, 3, 2, 4, 8, 5, 7, 2, 6, 1, 5, 4, 0, 9, 5, 4, 1]",1,8,3.1,0,-5.246053641968943,-0.7542686428484117,0.0
10,2,4,5.3,400.0,400.0,10.0,1,100.0,"[5, 8, 3, 2, 0, 6, 0, 1, 5, 7, 4, 6, 8, 2, 7, 0, 2, 5, 1, 9, 5, 2, 7, 8, 1]",0.11102700233459473,8,5,22.0,2,"[7, 6, 9, 1, 4, 8, 2, 4, 9, 3, 5, 9, 1, 3, 0, 8, 7, 3, 6, 4, 9, 4, 6, 0, 3]",1,8,3.1,0,2.865396332514667,4.4586437240052605,0.0
10,0,2,5.3,400.0,400.0,10.0,0,100.0,"[3, 9, 8, 9, 0, 7, 0, 5, 9, 8, 0, 7, 3, 8, 2, 2, 5, 1, 8, 6, 0, 4, 1, 7, 2]",0.11090803146362305,8,5,22.0,1,"[2, 5, 6, 4, 1, 1, 6, 2, 3, 4, 4, 1, 5, 9, 6, 9, 3, 7, 4, 0, 1, 7, 0, 8, 5]",1,8,3.1,-2,0.0,5.3,0.0
10,17,19,5.3,400.0,400.0,10.0,0,100.0,"[6, 8, 7, 0, 2, 3, 2, 6, 4, 8, 4, 8, 2, 9, 5, 3, 8, 2, 6, 0, 6, 4, 0, 8, 9]",0.11236691474914551,8,5,22.0,1,"[5, 1, 3, 9, 4, 0, 7, 9, 5, 1, 6, 1, 3, 0, 7, 1, 7, 5, 9, 4, 7, 5, 1, 3, 2]",2,8,3.1,0,-5.246053641968944,0.7542686428484098,0.0
10,7,9,5.3,400.0,400.0,10.0,0,100.0,"[6, 9, 1, 7, 2, 3, 2, 8, 6, 9, 5, 2, 8, 6, 9, 3, 0, 1, 7, 8, 4, 9, 8, 5, 6]",0.11270999908447266,8,5,22.0,1,"[3, 0, 8, 4, 5, 0, 7, 5, 4, 1, 3, 0, 7, 4, 1, 4, 6, 2, 5, 9, 3, 2, 0, 1, 7]",2,8,3.1,0,4.8210495753789475,-2.2016995689099974,0.0
10,5,7,5.3,400.0,400.0,10.0,0,100.0,"[4, 3, 5, 8, 0, 5, 3, 7, 8, 2, 5, 0, 4, 8, 6, 1, 4, 7, 2, 0, 1, 4, 3, 5, 6]",0.11196279525756836,8,5,22.0,2,"[0, 2, 1, 1, 9, 6, 4, 2, 0, 5, 3, 1, 7, 9, 2, 8, 9, 3, 6, 5, 9, 2, 7, 8, 0]",1,8,3.1,2,5.246053641968943,0.7542686428484122,0.0
10,11,13,5.3,400.0,400.0,10.0,0,100.0,"[2, 5, 9, 3, 7, 6, 5, 2, 9, 7, 0, 2, 5, 6, 5, 8, 4, 6, 5, 7, 8, 1, 3, 9, 2]",0.11248421669006348,8,5,22.0,2,"[0, 1, 4, 6, 8, 0, 4, 1, 7, 8, 3, 9, 4, 1, 1, 0, 1, 9, 2, 3, 4, 7, 0, 5, 6]",1,8,3.1,0,6.490628035480972e-16,-5.3,0.0
10,12,14,5.3,400.0,400.0,10.0,0,100.0,"[7, 0, 5, 6, 2, 8, 9, 2, 0, 1, 6, 9, 2, 8, 1, 5, 6, 9, 7, 2, 1, 7, 4, 0, 2]",0.11205196380615234,8,5,22.0,2,"[3, 8, 9, 1, 4, 3, 5, 4, 7, 6, 0, 7, 5, 3, 4, 3, 1, 8, 4, 0, 5, 8, 9, 3, 6]",1,8,3.1,0,-1.4931825512595758,-5.085312760156836,0.0
10,17,19,5.3,400.0,400.0,10.0,2,100.0,"[7, 1, 4, 0, 5, 6, 1, 5, 2, 0, 1, 6, 7, 9, 0, 9, 3, 1, 7, 8, 0, 2, 3, 4, 8]",0.11093306541442871,8,5,22.0,1,"[9, 2, 8, 6, 3, 8, 7, 4, 9, 3, 2, 4, 8, 5, 3, 0, 4, 5, 2, 6, 9, 6, 5, 7, 1]",1,8,3.1,1,-5.246053641968944,0.7542686428484098,0.0
10,21,1,5.3,400.0,400.0,10.0,1,100.0,"[9, 7, 0, 9, 5, 1, 3, 7, 5, 8, 1, 5, 3, 9, 6, 7, 0, 2, 4, 8, 6, 5, 4, 7, 0]",0.11093282699584961,8,5,22.0,2,"[3, 4, 6, 4, 1, 6, 0, 2, 9, 4, 2, 7, 8, 4, 0, 3, 6, 9, 1, 2, 0, 1, 9, 1, 2]",2,8,3.1,0,-1.4931825512595778,5.085312760156836,0.0
10,14,16,5.3,400.0,400.0,10.0,1,100.0,"[2, 3, 9, 0, 1, 9, 7, 4, 2, 0, 9, 5, 2, 8, 7, 3, 0, 2, 0, 9, 8, 7, 2, 5, 3]",0.1109001636505127,8,5,22.0,2,"[4, 5, 8, 7, 6, 3, 5, 6, 8, 1, 1, 8, 5, 9, 1, 6, 4, 4, 3, 8, 1, 0, 4, 9, 6]",2,8,3.1,0,-4.005472744077568,-3.4707618899100114,0.0
10,1,3,5.3,400.0,400.0,10.0,0,100.0,"[6, 9, 0, 3, 4, 6, 9, 1, 0, 4, 6, 9, 8, 7, 3, 3, 0, 9, 1, 6, 6, 2, 1, 9, 3]",0.11093902587890625,8,5,22.0,2,"[8, 4, 1, 7, 6, 5, 8, 3, 7, 2, 4, 0, 5, 2, 1, 7, 4, 2, 8, 5, 8, 5, 0, 5, 7]",2,8,3.1,-2,1.493182551259577,5.085312760156836,0.0
10,21,1,5.3,400.0,400.0,10.0,0,100.0,"[7, 1, 2, 5, 3, 0, 9, 4, 1, 6, 8, 6, 1, 0, 9, 4, 0, 6, 9, 9, 8, 4, 4, 5, 8]",0.11096405982971191,8,5,22.0,1,"[3, 0, 8, 4, 7, 5, 8, 2, 7, 3, 2, 3, 5, 7, 4, 5, 1, 3, 7, 5, 6, 2, 2, 3, 1]",1,8,3.1,2,-1.4931825512595778,5.085312760156836,0.0
10,17,19,5.3,400.0,400.0,10.0,0,100.0,"[8, 1, 5, 0, 7, 8, 4, 2, 7, 6, 0, 9, 2, 6, 5, 2, 0, 7, 1, 8, 6, 7, 9, 0, 4]",0.11198306083679199,8,5,22.0,2,"[2, 9, 4, 6, 3, 0, 9, 3, 1, 5, 7, 3, 8, 1, 4, 4, 9, 6, 5, 3, 3, 5, 8, 2, 1]",1,8,3.1,0,-5.246053641968944,0.7542686428484098,0.0
10,10,12,5.3,400.0,400.0,10.0,-2,100.0,"[9, 3, 4, 1, 6, 6, 3, 5, 0, 4, 9, 6, 5, 9, 2, 8, 6, 5, 9, 7, 9, 8, 5, 3, 4]",0.11098408699035645,8,5,22.0,1,"[8, 2, 0, 7, 5, 7, 1, 9, 2, 3, 1, 8, 7, 4, 3, 2, 4, 0, 3, 1, 1, 0, 7, 2, 6]",2,8,3.1,0,1.4931825512595793,-5.085312760156835,0.0
10,6,8,5.3,400.0,400.0,10.0,0,100.0,"[1, 0, 9, 3, 4, 8, 1, 5, 9, 4, 4, 8, 3, 1, 2, 2, 8, 7, 4, 9, 9, 4, 7, 5, 3]",0.11264801025390625,8,5,22.0,1,"[4, 5, 7, 6, 3, 7, 6, 0, 2, 2, 5, 6, 7, 9, 0, 3, 5, 0, 1, 6, 2, 8, 6, 0, 1]",2,8,3.1,0,5.246053641968944,-0.7542686428484106,0.0
10,21,1,5.3,400.0,400.0,10.0,-2,100.0,"[3, 0, 8, 0, 4, 4, 1, 6, 0, 5, 2, 3, 1, 6, 0, 2, 5, 4, 6, 7, 2, 8, 0, 7, 3]",0.11258888244628906,8,5,22.0,1,"[1, 6, 5, 3, 7, 7, 2, 3, 8, 9, 9, 8, 4, 7, 5, 3, 1, 9, 7, 5, 9, 4, 1, 9, 2]",2,8,3.1,1,-1.4931825512595778,5.085312760156836,0.0
10,3,5,5.3,400.0,400.0,10.0,1,100.0,"[6, 5, 2, 1, 7, 0, 6, 4, 5, 8, 4, 1, 3, 7, 5, 6, 9, 3, 5, 4, 2, 4, 1, 7, 3]",0.11275792121887207,8,5,22.0,2,"[7, 4, 9, 3, 8, 6, 2, 3, 9, 0, 8, 6, 0, 2, 9, 7, 8, 1, 2, 0, 6, 9, 8, 0, 5]",1,8,3.1,1,4.005472744077569,3.470761889910011,0.0
10,21,1,5.3,400.0,400.0,10.0,0,100.0,"[3, 5, 4, 8, 2, 8, 2, 0, 7, 9, 6, 1, 0, 9, 7, 7, 8, 2, 3, 1, 9, 7, 7, 8, 0]",0.11099505424499512,8,5,22.0,2,"[4, 2, 6, 1, 5, 1, 5, 6, 4, 3, 8, 2, 5, 4, 3, 6, 0, 9, 5, 6, 0, 8, 2, 9, 5]",2,8,3.1,-1,-1.4931825512595778,5.085312760156836,0.0
10,12,14,5.3,400.0,400.0,10.0,1,100.0,"[8, 9, 4, 3, 1, 1, 3, 9, 4, 0, 7, 6, 0, 5, 9, 3, 1, 4, 6, 0, 2, 6, 1, 3, 9]",0.11094522476196289,8,5,22.0,2,"[7, 5, 0, 6, 2, 6, 7, 5, 8, 2, 4, 1, 2, 3, 8, 9, 5, 7, 2, 8, 8, 4, 0, 7, 5]",2,8,3.1,0,-1.4931825512595758,-5.085312760156836,0.0
10,19,21,5.3,400.0,400.0,10.0,-2,100.0,"[3, 1, 9, 5, 4, 3, 5, 1, 8, 0, 0, 6, 3, 2, 8, 5, 7, 7, 9, 0, 4, 5, 0, 8, 9]",0.11089515686035156,8,5,22.0,1,"[0, 7, 8, 6, 2, 9, 4, 6, 2, 7, 1, 4, 5, 7, 9, 8, 6, 6, 3, 8, 2, 1, 1, 3, 4]",1,8,3.1,1,-4.005472744077568,3.470761889910012,0.0
10,14,16,5.3,400.0,400.0,10.0,-1,100.0,"[5, 0, 9, 3, 4, 2, 8, 0, 3, 4, 1, 0, 2, 3, 7, 0, 8, 3, 7, 9, 2, 6, 5, 4, 3]",0.11089301109313965,8,5,22.0,1,"[2, 6, 8, 7, 1, 5, 7, 9, 6, 1, 4, 8, 5, 6, 9, 1, 4, 8, 5, 2, 1, 0, 8, 7, 9]",1,8,3.1,0,-4.005472744077568,-3.4707618899100114,0.0
10,18,20,5.3,400.0,400.0,10.0,0,100.0,"[2, 1, 7, 9, 5, 2, 5, 7, 3, 9, 2, 5, 6, 4, 8, 8, 4, 5, 6, 3, 9, 6, 8, 1, 0]",0.11218595504760742,8,5,22.0,1,"[6, 4, 0, 8, 3, 0, 8, 6, 1, 4, 9, 7, 0, 1, 3, 2, 0, 1, 8, 7, 2, 7, 5, 4, 9]",2,8,3.1,-1,-4.821049575378947,2.20169956891,0.0
10,17,19,5.3,400.0,400.0,10.0,0,100.0,"[9, 2, 8, 0, 7, 5, 8, 1, 0, 9, 9, 2, 5, 0, 1, 5, 2, 1, 0, 7, 4, 7, 1, 9, 3]",0.11239194869995117,8,5,22.0,2,"[3, 1, 4, 6, 5, 4, 2, 6, 3, 7, 3, 6, 7, 8, 4, 3, 4, 8, 6, 9, 8, 5, 2, 0, 6]",1,8,3.1,-2,-5.246053641968944,0.7542686428484098,0.0
10,10,12,5.3,400.0,400.0,10.0,-1,100.0,"[5, 1, 6, 9, 8, 1, 4, 7, 2, 6, 1, 3, 9, 8, 0, 7, 1, 5, 3, 4, 4, 0, 8, 1, 6]",0.11261487007141113,8,5,22.0,2,"[7, 3, 0, 4, 2, 2, 9, 6, 0, 5, 4, 8, 7, 3, 7, 8, 9, 0, 6, 2, 7, 5, 9, 3, 2]",2,8,3.1,0,1.4931825512595793,-5.085312760156835,0.0
10,14,16,5.3,400.0,400.0,10.0,-2,100.0,"[0, 2, 4, 8, 1, 2, 3, 6, 0, 4, 2, 3, 0, 8, 2, 5, 9, 3, 2, 5, 8, 3, 7, 0, 5]",0.11094808578491211,8,5,22.0,2,"[9, 7, 3, 6, 5, 7, 1, 5, 9, 8, 0, 5, 1, 3, 4, 7, 6, 9, 6, 4, 9, 6, 4, 2, 1]",2,8,3.1,0,-4.005472744077568,-3.4707618899100114,0.0
10,15,17,5.3,400.0,400.0,10.0,0,100.0,"[2, 1, 5, 4, 9, 4, 3, 8, 9, 2, 1, 8, 2, 1, 7, 4, 9, 5, 2, 4, 2, 7, 3, 6, 9]",0.11197304725646973,8,5,22.0,1,"[7, 0, 3, 6, 8, 1, 7, 0, 5, 6, 0, 9, 6, 6, 2, 0, 8, 3, 6, 3, 8, 1, 5, 4, 0]",1,8,3.1,-2,-4.821049575378945,-2.201699568910002,0.0
10,6,8,5.3,400.0,400.0,10.0,-2,100.0,"[4, 3, 5, 2, 4, 3, 7, 8, 5, 5, 2, 9, 3, 4, 5, 0, 6, 1, 5, 9, 0, 1, 8, 6, 4]",0.11097097396850586,8,5,22.0,1,"[8, 9, 7, 6, 1, 2, 0, 9, 6, 0, 0, 6, 7, 1, 8, 2, 8, 7, 3, 4, 7, 3, 2, 9, 5]",2,8,3.1,0,5.246053641968944,-0.7542686428484106,0.0
10,6,8,5.3,400.0,400.0,10.0,-1,100.0,"[4, 5, 0, 3, 5, 7, 1, 8, 9, 8, 2, 9, 0, 5, 3, 6, 2, 7, 0, 9, 8, 9, 0, 1, 7]",0.11247611045837402,8,5,22.0,2,"[6, 9, 2, 7, 2, 4, 3, 0, 6, 7, 6, 4, 7, 8, 1, 1, 8, 3, 4, 5, 6, 4, 5, 2, 3]",2,8,3.1,0,5.246053641968944,-0.7542686428484106,0.0
10,6,8,5.3,400.0,400.0,10.0,-1,100.0,"[9, 7, 6, 3, 4, 3, 0, 9, 8, 1, 2, 9, 6, 0, 1, 5, 3, 1, 0, 6, 2, 3, 0, 8, 6]",0.11205911636352539,8,5,22.0,1,"[0, 2, 4, 5, 7, 5, 2, 1, 6, 3, 3, 8, 5, 7, 4, 9, 7, 2, 4, 8, 1, 7, 5, 9, 4]",2,8,3.1,-1,5.246053641968944,-0.7542686428484106,0.0
10,9,11,5.3,400.0,400.0,10.0,0,100.0,"[9, 0, 2, 7, 4, 8, 4, 7, 5, 3, 2, 1, 8, 9, 5, 7, 4, 8, 3, 9, 1, 8, 6, 2, 3]",0.11142396926879883,8,5,22.0,1,"[5, 8, 6, 3, 1, 1, 6, 4, 8, 9, 0, 6, 4, 2, 1, 2, 0, 1, 5, 6, 0, 5, 4, 9, 7]",2,8,3.1,1,2.8653963325146665,-4.4586437240052605,0.0
10,5,7,5.3,400.0,400.0,10.0,2,100.0,"[8, 6, 0, 0, 9, 1, 3, 8, 2, 1, 5, 2, 3, 9, 0, 7, 9, 1, 8, 6, 3, 4, 7, 9, 0]",0.11263084411621094,8,5,22.0,1,"[2, 9, 7, 6, 5, 4, 2, 7, 0, 8, 4, 8, 1, 6, 7, 3, 5, 2, 4, 0, 6, 2, 5, 1, 8]",2,8,3.1,0,5.246053641968943,0.7542686428484122,0.0
10,2,4,5.3,400.0,400.0,10.0,2,100.0,"[8, 3, 4, 5, 6, 7, 0, 4, 5, 3, 2, 4, 5, 9, 0, 6, 3, 5, 4, 9, 1, 8, 9, 4, 5]",0.11154699325561523,8,5,22.0,2,"[2, 0, 1, 9, 7, 6, 8, 2, 9, 1, 8, 1, 3, 6, 7, 1, 0, 7, 2, 8, 6, 2, 0, 3, 7]",1,8,3.1,-1,2.865396332514667,4.4586437240052605,0.0
10,12,14,5.3,400.0,400.0,10.0,-1,100.0,"[9, 6, 3, 4, 2, 6, 4, 3, 7, 5, 6, 1, 3, 7, 5, 2, 5, 1, 0, 4, 9, 4, 7, 2, 1]",0.11198997497558594,8,5,22.0,1,"[5, 7, 1, 0, 8, 2, 1, 9, 8, 0, 0, 4, 2, 9, 8, 6, 9, 7, 8, 3, 5, 6, 3, 8, 0]",2,8,3.1,1,-1.4931825512595758,-5.085312760156836,0.0
10,3,5,5.3,400.0,400.0,10.0,-1,100.0,"[8, 0, 2, 5, 1, 4, 5, 6, 7, 0, 9, 0, 8, 7, 1, 8, 6, 5, 1, 9, 7, 4, 5, 6, 9]",0.11092209815979004,8,5,22.0,1,"[6, 7, 6, 3, 9, 8, 8, 3, 4, 1, 5, 3, 4, 6, 2, 4, 2, 0, 7, 3, 0, 8, 1, 2, 3]",2,8,3.1,0,4.005472744077569,3.470761889910011,0.0
10,6,8,5.3,400.0,400.0,10.0,0,100.0,"[5, 3, 6, 9, 6, 8, 1, 5, 7, 1, 5, 4, 2, 3, 9, 3, 6, 7, 0, 8, 0, 3, 5, 4, 8]",0.11193990707397461,8,5,22.0,1,"[1, 4, 0, 7, 2, 9, 0, 3, 4, 0, 7, 0, 6, 1, 8, 9, 2, 4, 5, 1, 2, 6, 1, 9, 7]",1,8,3.1,2,5.246053641968944,-0.7542686428484106,0.0
10,15,17,5.3,400.0,400.0,10.0,2,100.0,"[2, 6, 3, 5, 7, 8, 0, 7, 6, 1, 8, 9, 6, 3, 5, 9, 8, 6, 7, 4, 4, 9, 0, 8, 1]",0.11210107803344727,8,5,22.0,2,"[0, 8, 1, 9, 4, 9, 5, 4, 2, 3, 1, 7, 2, 0, 2, 4, 7, 1, 5, 6, 7, 6, 5, 3, 2]",1,8,3.1,0,-4.821049575378945,-2.201699568910002,0.0
10,6,8,5.3,400.0,400.0,10.0,1,100.0,"[8, 9, 2, 4, 4, 1, 7, 8, 6, 3, 7, 1, 4, 6, 5, 9, 8, 7, 2, 5, 4, 3, 6, 0, 9]",0.11195588111877441,8,5,22.0,1,"[0, 7, 5, 6, 5, 3, 9, 2, 0, 7, 0, 3, 9, 2, 8, 0, 6, 4, 1, 3, 1, 7, 5, 8, 2]",1,8,3.1,-1,5.246053641968944,-0.7542686428484106,0.0
10,12,14,5.3,400.0,400.0,10.0,-2,100.0,"[1, 7, 6, 5, 0, 0, 6, 4, 7, 3, 6, 3, 2, 7, 0, 0, 8, 7, 6, 1, 9, 6, 5, 1, 3]",0.11096715927124023,8,5,22.0,1,"[2, 8, 4, 3, 9, 8, 9, 2, 1, 5, 4, 1, 5, 9, 8, 3, 2, 4, 9, 5, 8, 2, 0, 4, 7]",2,8,3.1,0,-1.4931825512595758,-5.085312760156836,0.0
10,20,0,5.3,400.0,400.0,10.0,1,100.0,"[2, 7, 8, 0, 5, 9, 2, 8, 5, 3, 8, 4, 1, 2, 0, 4, 5, 2, 6, 5, 3, 7, 1, 8, 0]",0.11092305183410645,8,5,22.0,2,"[8, 2, 9, 4, 6, 0, 1, 7, 6, 4, 7, 9, 6, 5, 3, 7, 1, 9, 0, 1, 4, 9, 4, 6, 2]",2,8,3.1,-1,-2.8653963325146705,4.458643724005258,0.0
10,17,19,5.3,400.0,400.0,10.0,0,100.0,"[3, 9, 4, 1, 2, 8, 0, 9, 5, 2, 0, 4, 3, 9, 2, 4, 9, 7, 8, 1, 7, 4, 1, 8, 9]",0.1115260124206543,8,5,22.0,2,"[0, 5, 7, 6, 8, 3, 6, 7, 1, 4, 5, 8, 1, 7, 6, 5, 3, 2, 0, 6, 5, 0, 6, 3, 2]",1,8,3.1,-1,-5.246053641968944,0.7542686428484098,0.0
10,16,18,5.3,400.0,400.0,10.0,-2,100.0,"[7, 1, 5, 2, 6, 5, 9, 1, 4, 8, 9, 6, 0, 5, 9, 1, 2, 5, 6, 6, 6, 4, 2, 5, 1]",0.11246490478515625,8,5,22.0,2,"[0, 4, 9, 8, 3, 7, 0, 2, 3, 6, 2, 7, 1, 8, 0, 7, 4, 3, 8, 4, 7, 9, 0, 8, 3]",2,8,3.1,0,-5.246053641968943,-0.7542686428484117,0.0
10,6,8,5.3,400.0,400.0,10.0,-2,100.0,"[3, 1, 5, 9, 6, 4, 8, 9, 1, 8, 6, 5, 2, 1, 4, 9, 6, 4, 2, 1, 7, 2, 9, 0, 6]",0.11108613014221191,8,5,22.0,1,"[4, 7, 6, 0, 5, 7, 2, 3, 0, 2, 3, 8, 7, 9, 0, 5, 8, 0, 3, 7, 4, 5, 8, 3, 1]",2,8,3.1,1,5.246053641968944,-0.7542686428484106,0.0
10,8,10,5.3,400.0,400.0,10.0,0,100.0,"[1, 9, 8, 5, 4, 0, 1, 4, 9, 0, 5, 9, 2, 3, 4, 8, 5, 1, 3, 9, 7, 3, 8, 0, 9]",0.11273598670959473,8,5,22.0,2,"[3, 0, 7, 6, 2, 4, 8, 7, 2, 3, 6, 8, 7, 6, 5, 0, 4, 7, 6, 2, 6, 4, 2, 5, 1]",1,8,3.1,0,4.005472744077569,-3.47076188991001,0.0
10,0,2,5.3,400.0,400.0,10.0,-2,100.0,"[8, 1, 6, 0, 6, 9, 0, 2, 6, 4, 9, 5, 0, 3, 7, 2, 1, 5, 8, 7, 5, 9, 5, 6, 1]",0.11149787902832031,8,5,22.0,2,"[2, 7, 3, 9, 5, 3, 8, 5, 1, 7, 1, 6, 8, 2, 4, 0, 4, 9, 6, 3, 4, 0, 0, 2, 4]",1,8,3.1,0,0.0,5.3,0.0
10,17,19,5.3,400.0,400.0,10.0,0,100.0,"[7, 5, 9, 1, 2, 6, 0, 9, 1, 5, 9, 8, 1, 7, 3, 1, 6, 7, 4, 9, 1, 4, 8, 7, 3]",0.11153507232666016,8,5,22.0,2,"[8, 3, 0, 6, 4, 7, 2, 3, 8, 4, 4, 2, 5, 6, 0, 5, 8, 0, 3, 2, 9, 6, 2, 0, 5]",2,8,3.1,-2,-5.246053641968944,0.7542686428484098,0.0
10,11,13,5.3,400.0,400.0,10.0,-2,100.0,"[2, 8, 4, 9, 6, 2, 9, 1, 8, 0, 1, 9, 7, 4, 2, 3, 0, 8, 1, 4, 1, 2, 0, 9, 3]",0.11129903793334961,8,5,22.0,2,"[7, 3, 0, 1, 5, 4, 0, 5, 6, 8, 2, 3, 5, 6, 6, 6, 5, 9, 2, 7, 7, 5, 6, 8, 4]",2,8,3.1,0,6.490628035480972e-16,-5.3,0.0
10,15,17,5.3,400.0,400.0,10.0,-2,100.0,"[3, 1, 4, 7, 8, 7, 6, 9, 3, 5, 1, 9, 0, 6, 9, 4, 1, 5, 6, 1, 6, 0, 8, 4, 9]",0.11259818077087402,8,5,22.0,2,"[9, 6, 5, 2, 0, 4, 1, 2, 8, 0, 4, 7, 8, 7, 3, 2, 8, 0, 4, 9, 1, 5, 3, 7, 2]",1,8,3.1,0,-4.821049575378945,-2.201699568910002,0.0
10,13,15,5.3,400.0,400.0,10.0,-1,100.0,"[4, 2, 9, 5, 1, 1, 2, 9, 8, 4, 1, 6, 9, 0, 2, 3, 1, 9, 3, 4, 5, 3, 2, 4, 1]",0.1109628677368164,8,5,22.0,2,"[8, 7, 6, 0, 3, 0, 3, 6, 7, 5, 6, 1, 4, 8, 5, 7, 8, 0, 6, 7, 0, 9, 7, 6, 8]",1,8,3.1,-1,-2.865396332514667,-4.4586437240052605,0.0
10,11,13,5.3,400.0,400.0,10.0,-1,100.0,"[2, 4, 6, 8, 1, 6, 8, 7, 0, 9, 2, 0, 8, 1, 7, 4, 2, 6, 1, 9, 4, 8, 3, 9, 0]",0.11099815368652344,8,5,22.0,2,"[7, 9, 3, 5, 0, 5, 2, 3, 9, 5, 6, 4, 7, 3, 8, 8, 7, 3, 5, 0, 7, 1, 2, 5, 6]",2,8,3.1,0,6.490628035480972e-16,-5.3,0.0
10,19,21,5.3,400.0,400.0,10.0,0,100.0,"[2, 0, 9, 3, 7, 6, 2, 5, 3, 7, 7, 5, 8, 6, 3, 8, 9, 9, 6, 2, 0, 8, 2, 1, 9]",0.11101603507995605,8,5,22.0,2,"[8, 5, 1, 4, 6, 4, 0, 1, 9, 8, 9, 0, 2, 1, 4, 7, 2, 5, 1, 3, 7, 4, 5, 6, 8]",2,8,3.1,-2,-4.005472744077568,3.470761889910012,0.0
10,15,17,5.3,400.0,400.0,10.0,-1,100.0,"[9, 0, 7, 3, 5, 8, 1, 0, 2, 3, 6, 8, 9, 9, 5, 0, 2, 1, 6, 3, 9, 2, 0, 6, 8]",0.1122429370880127,8,5,22.0,1,"[8, 2, 6, 4, 1, 5, 9, 4, 6, 7, 2, 3, 0, 7, 3, 6, 8, 4, 7, 8, 5, 3, 7, 1, 4]",2,8,3.1,0,-4.821049575378945,-2.201699568910002,0.0
10,17,19,5.3,400.0,400.0,10.0,0,100.0,"[5, 8, 1, 9, 0, 7, 2, 8, 6, 4, 3, 8, 2, 4, 1, 0, 4, 9, 1, 3, 3, 6, 4, 8, 0]",0.11192703247070312,8,5,22.0,1,"[2, 4, 7, 3, 6, 9, 1, 0, 3, 5, 7, 5, 9, 6, 0, 6, 7, 2, 8, 5, 5, 9, 7, 2, 1]",2,8,3.1,-2,-5.246053641968944,0.7542686428484098,0.0
10,7,9,5.3,400.0,400.0,10.0,1,100.0,"[5, 1, 7, 3, 4, 6, 5, 3, 8, 1, 1, 7, 6, 9, 5, 3, 2, 6, 0, 5, 3, 9, 2, 6, 0]",0.11280083656311035,8,5,22.0,1,"[0, 8, 9, 6, 2, 9, 2, 7, 4, 0, 4, 0, 8, 2, 3, 9, 8, 1, 4, 7, 7, 4, 5, 1, 8]",1,8,3.1,0,4.8210495753789475,-2.2016995689099974,0.0
10,18,20,5.3,400.0,400.0,10.0,2,100.0,"[4, 2, 0, 8, 7, 2, 6, 8, 1, 3, 9, 2, 1, 5, 6, 6, 4, 7, 5, 9, 0, 8, 6, 7, 3]",0.1127009391784668,8,5,22.0,2,"[6, 9, 1, 5, 3, 5, 4, 7, 0, 9, 3, 4, 7, 0, 8, 5, 6, 1, 3, 2, 8, 1, 0, 4, 9]",2,8,3.1,0,-4.821049575378947,2.20169956891,0.0
10,2,4,5.3,400.0,400.0,10.0,2,100.0,"[0, 5, 7, 6, 3, 5, 2, 6, 9, 7, 4, 5, 6, 2, 3, 2, 9, 3, 5, 8, 3, 9, 5, 2, 6]",0.11151599884033203,8,5,22.0,2,"[9, 4, 2, 8, 1, 8, 3, 4, 0, 1, 0, 7, 9, 8, 1, 1, 6, 4, 0, 7, 1, 8, 4, 0, 7]",2,8,3.1,-1,2.865396332514667,4.4586437240052605,0.0
10,20,0,5.3,400.0,400.0,10.0,0,100.0,"[6, 9, 7, 1, 0, 9, 3, 1, 4, 7, 0, 8, 9, 1, 7, 6, 3, 5, 4, 1, 7, 2, 1, 7, 0]",0.11193513870239258,8,5,22.0,2,"[9, 8, 6, 4, 3, 8, 2, 6, 0, 5, 4, 3, 6, 2, 5, 4, 1, 2, 8, 5, 3, 0, 2, 5, 6]",2,8,3.1,-2,-2.8653963325146705,4.458643724005258,0.0
10,17,19,5.3,400.0,400.0,10.0,0,100.0,"[4, 2, 6, 7, 3, 3, 8, 6, 4, 7, 3, 0, 8, 1, 6, 8, 2, 4, 9, 7, 8, 9, 0, 2, 3]",0.1116628646850586,8,5,22.0,1,"[9, 1, 5, 0, 8, 9, 5, 1, 2, 0, 4, 5, 9, 2, 7, 0, 6, 5, 3, 1, 6, 1, 5, 4, 7]",1,8,3.1,-2,-5.246053641968944,0.7542686428484098,0.0
10,13,15,5.3,400.0,400.0,10.0,-2,100.0,"[5, 1, 4, 0, 2, 5, 0, 1, 4, 2, 3, 1, 5, 2, 8, 7, 1, 5, 3, 9, 8, 6, 5, 7, 3]",0.11190485954284668,8,5,22.0,2,"[6, 3, 8, 7, 9, 7, 3, 9, 8, 6, 6, 9, 4, 3, 6, 0, 0, 8, 7, 6, 2, 4, 1, 9, 0]",2,8,3.1,0,-2.865396332514667,-4.4586437240052605,0.0
10,5,7,5.3,400.0,400.0,10.0,0,100.0,"[3, 9, 1, 7, 1, 3, 0, 8, 5, 3, 8, 2, 7, 4, 1, 5, 7, 6, 8, 1, 9, 7, 2, 6, 1]",0.11094093322753906,8,5,22.0,1,"[2, 6, 7, 2, 6, 9, 5, 4, 1, 7, 5, 3, 6, 9, 0, 2, 4, 3, 0, 9, 5, 4, 0, 3, 8]",1,8,3.1,-1,5.246053641968943,0.7542686428484122,0.0
10,20,0,5.3,400.0,400.0,10.0,0,100.0,"[0, 0, 4, 2, 1, 1, 5, 4, 2, 0, 7, 6, 1, 2, 8, 7, 3, 1, 4, 7, 9, 8, 6, 5, 4]",0.11242103576660156,8,5,22.0,2,"[6, 3, 6, 8, 7, 9, 3, 7, 6, 8, 0, 4, 5, 3, 9, 2, 0, 4, 1, 2, 3, 5, 9, 0, 7]",1,8,3.1,-1,-2.8653963325146705,4.458643724005258,0.0
10,16,18,5.3,400.0,400.0,10.0,2,100.0,"[0, 9, 1, 7, 6, 1, 0, 3, 8, 4, 7, 8, 3, 6, 3, 4, 8, 0, 1, 9, 3, 6, 5, 8, 4]",0.1123650074005127,8,5,22.0,2,"[2, 5, 4, 3, 8, 9, 7, 6, 5, 2, 4, 2, 5, 0, 2, 9, 6, 7, 5, 7, 7, 2, 9, 1, 0]",2,8,3.1,0,-5.246053641968943,-0.7542686428484117,0.0
10,18,20,5.3,400.0,400.0,10.0,0,100.0,"[1, 2, 0, 4, 8, 7, 1, 0, 6, 8, 2, 3, 6, 4, 7, 3, 7, 1, 5, 3, 6, 4, 9, 2, 0]",0.11258602142333984,8,5,22.0,2,"[9, 5, 6, 7, 3, 9, 2, 5, 3, 4, 8, 5, 1, 0, 9, 1, 9, 0, 8, 2, 4, 5, 6, 8, 3]",1,8,3.1,-1,-4.821049575378947,2.20169956891,0.0
10,6,8,5.3,400.0,400.0,10.0,0,100.0,"[3, 0, 1, 7, 8, 2, 9, 6, 7, 6, 2, 8, 9, 1, 0, 7, 9, 1, 5, 8, 4, 8, 1, 6, 7]",0.11150407791137695,8,5,22.0,1,"[5, 6, 2, 9, 1, 0, 5, 4, 3, 0, 7, 4, 5, 3, 6, 6, 3, 2, 0, 4, 2, 0, 3, 5, 9]",2,8,3.1,0,5.246053641968944,-0.7542686428484106,0.0
10,6,8,5.3,400.0,400.0,10.0,0,100.0,"[6, 4, 7, 1, 1, 6, 2, 7, 3, 3, 3, 1, 4, 9, 5, 7, 4, 3, 2, 5, 1, 8, 6, 4, 3]",0.1126561164855957,8,5,22.0,1,"[3, 0, 5, 9, 8, 9, 5, 0, 4, 7, 7, 6, 8, 2, 0, 8, 6, 0, 1, 9, 9, 0, 2, 5, 7]",1,8,3.1,-1,5.246053641968944,-0.7542686428484106,0.0
10,19,21,5.3,400.0,400.0,10.0,-1,100.0,"[9, 1, 7, 6, 3, 5, 1, 8, 0, 3, 4, 3, 5, 0, 6, 5, 7, 7, 6, 9, 0, 3, 3, 4, 9]",0.11261606216430664,8,5,22.0,2,"[8, 4, 2, 5, 0, 7, 4, 6, 9, 2, 9, 7, 8, 2, 1, 1, 8, 5, 2, 1, 8, 4, 0, 6, 7]",1,8,3.1,-1,-4.005472744077568,3.470761889910012,0.0
10,10,12,5.3,400.0,400.0,10.0,0,100.0,"[0, 8, 5, 9, 2, 2, 6, 5, 9, 0, 2, 4, 1, 9, 0, 0, 5, 2, 1, 9, 4, 1, 7, 9, 8]",0.11205196380615234,8,5,22.0,2,"[6, 3, 4, 1, 7, 9, 3, 8, 3, 8, 7, 6, 5, 7, 1, 7, 3, 8, 6, 4, 5, 3, 0, 2, 6]",2,8,3.1,-1,1.4931825512595793,-5.085312760156835,0.0
10,13,15,5.3,400.0,400.0,10.0,0,100.0,"[2, 1, 8, 4, 3, 0, 2, 9, 3, 7, 3, 5, 4, 1, 6, 9, 9, 6, 4, 0, 1, 5, 8, 6, 3]",0.11191487312316895,8,5,22.0,1,"[7, 9, 5, 0, 6, 8, 4, 5, 1, 6, 4, 8, 3, 2, 7, 0, 8, 2, 7, 3, 9, 2, 4, 7, 0]",2,8,3.1,2,-2.865396332514667,-4.4586437240052605,0.0
10,13,15,5.3,400.0,400.0,10.0,2,100.0,"[1, 4, 7, 6, 9, 2, 8, 4, 0, 5, 1, 4, 7, 2, 3, 9, 1, 8, 0, 5, 2, 0, 8, 4, 7]",0.11102509498596191,8,5,22.0,2,"[5, 3, 0, 8, 2, 1, 6, 3, 9, 7, 4, 0, 5, 6, 8, 1, 3, 9, 4, 6, 1, 3, 9, 6, 5]",2,8,3.1,0,-2.865396332514667,-4.4586437240052605,0.0
10,14,16,5.3,400.0,400.0,10.0,2,100.0,"[2, 1, 3, 9, 7, 5, 2, 6, 7, 4, 5, 8, 7, 6, 3, 4, 8, 4, 0, 3, 9, 4, 5, 1, 0]",0.11217999458312988,8,5,22.0,1,"[0, 5, 6, 8, 4, 8, 3, 0, 9, 1, 7, 1, 1, 0, 2, 5, 9, 8, 7, 9, 2, 7, 3, 6, 8]",1,8,3.1,0,-4.005472744077568,-3.4707618899100114,0.0
10,10,12,5.3,400.0,400.0,10.0,0,100.0,"[4, 5, 0, 9, 8, 0, 8, 2, 8, 3, 6, 1, 2, 0, 8, 4, 1, 6, 2, 7, 9, 7, 3, 5, 4]",0.11099696159362793,8,5,22.0,1,"[3, 2, 1, 7, 6, 7, 4, 5, 5, 0, 4, 7, 9, 5, 1, 8, 3, 5, 0, 9, 1, 0, 8, 2, 6]",1,8,3.1,1,1.4931825512595793,-5.085312760156835,0.0
10,3,5,5.3,400.0,400.0,10.0,2,100.0,"[2, 8, 2, 4, 1, 9, 2, 3, 4, 8, 9, 5, 8, 6, 0, 2, 9, 0, 5, 6, 7, 6, 1, 0, 8]",0.11259198188781738,8,5,22.0,2,"[6, 7, 3, 6, 5, 0, 7, 9, 0, 1, 2, 1, 7, 3, 4, 3, 8, 1, 4, 7, 5, 4, 3, 2, 9]",1,8,3.1,1,4.005472744077569,3.470761889910011,0.0
10,1,3,5.3,400.0,400.0,10.0,2,100.0,"[5, 8, 2, 7, 5, 0, 4, 6, 2, 7, 9, 6, 3, 5, 0, 8, 1, 6, 4, 7, 8, 9, 6, 9, 1]",0.11273717880249023,8,5,22.0,2,"[6, 3, 1, 4, 0, 8, 9, 5, 1, 3, 7, 1, 4, 8, 2, 3, 5, 9, 0, 2, 3, 0, 4, 0, 5]",2,8,3.1,0,1.493182551259577,5.085312760156836,0.0
10,0,2,5.3,400.0,400.0,10.0,-1,100.0,"[5, 1, 7, 0, 5, 6, 7, 9, 1, 2, 9, 8, 4, 5, 7, 5, 7, 3, 9, 2, 4, 3, 6, 1, 0]",0.11142992973327637,8,5,22.0,1,"[0, 6, 2, 9, 2, 8, 0, 4, 5, 3, 2, 1, 6, 0, 3, 8, 0, 4, 6, 1, 8, 9, 9, 8, 2]",2,8,3.1,0,0.0,5.3,0.0
10,11,13,5.3,400.0,400.0,10.0,0,100.0,"[3, 2, 7, 4, 1, 1, 7, 8, 0, 1, 4, 6, 7, 0, 7, 1, 7, 8, 0, 3, 4, 3, 8, 6, 1]",0.11225581169128418,8,5,22.0,1,"[0, 6, 9, 8, 5, 5, 3, 9, 6, 2, 5, 8, 9, 3, 3, 2, 5, 6, 4, 9, 2, 7, 9, 5, 0]",2,8,3.1,-1,6.490628035480972e-16,-5.3,0.0
10,3,5,5.3,400.0,400.0,10.0,-2,100.0,"[9, 7, 5, 1, 0, 2, 1, 3, 5, 2, 7, 4, 0, 2, 9, 6, 5, 2, 0, 3, 2, 9, 8, 1, 4]",0.11173200607299805,8,5,22.0,2,"[1, 6, 3, 8, 4, 9, 4, 0, 7, 6, 8, 6, 1, 3, 5, 9, 4, 8, 1, 7, 6, 5, 3, 7, 0]",1,8,3.1,-2,4.005472744077569,3.470761889910011,0.0
10,10,12,5.3,400.0,400.0,10.0,2,100.0,"[3, 0, 2, 7, 9, 9, 3, 4, 7, 2, 4, 3, 8, 5, 2, 2, 8, 6, 4, 3, 9, 6, 4, 5, 7]",0.11245608329772949,8,5,22.0,2,"[4, 5, 8, 1, 6, 1, 0, 2, 9, 6, 1, 5, 0, 9, 3, 0, 9, 5, 7, 1, 0, 3, 8, 1, 2]",1,8,3.1,0,1.4931825512595793,-5.085312760156835,0.0
10,5,7,5.3,400.0,400.0,10.0,0,100.0,"[9, 4, 0, 3, 1, 6, 4, 9, 3, 2, 5, 6, 1, 7, 8, 8, 1, 9, 0, 5, 6, 4, 0, 5, 3]",0.11099100112915039,8,5,22.0,1,"[1, 5, 7, 5, 7, 2, 0, 8, 7, 5, 0, 4, 9, 2, 3, 4, 3, 6, 7, 2, 8, 1, 2, 7, 9]",2,8,3.1,2,5.246053641968943,0.7542686428484122,0.0
10,15,17,5.3,400.0,400.0,10.0,1,100.0,"[3, 7, 0, 1, 5, 3, 9, 1, 4, 7, 9, 4, 6, 8, 2, 4, 9, 5, 3, 5, 7, 2, 1, 6, 5]",0.11184215545654297,8,5,22.0,2,"[4, 8, 2, 9, 6, 6, 2, 5, 8, 0, 1, 3, 2, 0, 1, 7, 3, 6, 1, 2, 0, 9, 3, 4, 8]",2,8,3.1,-2,-4.821049575378945,-2.201699568910002,0.0
10,20,0,5.3,400.0,400.0,10.0,-2,100.0,"[3, 1, 6, 0, 7, 9, 2, 6, 3, 0, 4, 3, 2, 1, 7, 1, 0, 7, 2, 8, 0, 9, 8, 7, 3]",0.11268305778503418,8,5,22.0,2,"[6, 4, 5, 2, 3, 7, 5, 4, 8, 1, 9, 6, 0, 5, 8, 5, 8, 9, 5, 4, 1, 7, 6, 9, 1]",2,8,3.1,0,-2.8653963325146705,4.458643724005258,0.0
10,18,20,5.3,400.0,400.0,10.0,0,100.0,"[9, 0, 8, 7, 6, 0, 1, 3, 7, 6, 8, 4, 7, 6, 2, 5, 8, 7, 6, 3, 4, 3, 1, 8, 2]",0.11285805702209473,8,5,22.0,1,"[2, 3, 1, 5, 4, 9, 2, 4, 5, 8, 1, 3, 5, 0, 9, 0, 0, 9, 5, 1, 2, 7, 9, 4, 6]",1,8,3.1,1,-4.821049575378947,2.20169956891,0.0
10,15,17,5.3,400.0,400.0,10.0,0,100.0,"[0, 3, 6, 7, 1, 7, 8, 4, 6, 0, 9, 6, 5, 5, 3, 7, 9, 4, 6, 8, 1, 4, 8, 6, 9]",0.11211895942687988,8,5,22.0,2,"[4, 5, 8, 2, 9, 3, 1, 9, 5, 2, 3, 8, 7, 6, 1, 8, 0, 2, 1, 9, 7, 5, 3, 2, 0]",1,8,3.1,0,-4.821049575378945,-2.201699568910002,0.0
10,4,6,5.3,400.0,400.0,10.0,-1,100.0,"[0, 4, 6, 3, 4, 8, 2, 4, 5, 0, 1, 4, 7, 6, 0, 1, 4, 7, 5, 6, 1, 7, 5, 9, 2]",0.11101794242858887,8,5,22.0,1,"[9, 3, 9, 1, 5, 0, 7, 1, 2, 7, 2, 8, 9, 3, 5, 9, 0, 2, 8, 3, 6, 0, 4, 8, 3]",1,8,3.1,0,4.821049575378947,2.201699568909998,0.0
10,10,12,5.3,400.0,400.0,10.0,0,100.0,"[0, 2, 6, 9, 4, 4, 1, 9, 4, 2, 8, 9, 6, 2, 7, 6, 0, 4, 8, 9, 5, 2, 6, 4, 0]",0.11093997955322266,8,5,22.0,2,"[3, 8, 1, 7, 5, 8, 3, 0, 1, 7, 5, 3, 0, 9, 0, 3, 7, 5, 2, 1, 9, 1, 3, 8, 7]",1,8,3.1,0,1.4931825512595793,-5.085312760156835,0.0
10,14,16,5.3,400.0,400.0,10.0,-2,100.0,"[6, 3, 7, 1, 5, 6, 8, 0, 3, 4, 9, 6, 4, 7, 1, 9, 6, 5, 0, 4, 6, 3, 7, 8, 2]",0.11275100708007812,8,5,22.0,1,"[4, 8, 2, 9, 0, 9, 5, 7, 2, 1, 3, 0, 8, 3, 0, 2, 5, 3, 7, 9, 1, 5, 4, 9, 0]",1,8,3.1,1,-4.005472744077568,-3.4707618899100114,0.0
10,0,2,5.3,400.0,400.0,10.0,2,100.0,"[5, 6, 4, 2, 0, 6, 0, 1, 4, 3, 4, 1, 5, 8, 3, 6, 4, 1, 8, 2, 3, 8, 3, 0, 4]",0.11093592643737793,8,5,22.0,1,"[2, 9, 1, 8, 1, 5, 9, 2, 7, 8, 6, 0, 7, 9, 2, 0, 9, 7, 5, 3, 7, 0, 6, 2, 1]",2,8,3.1,0,0.0,5.3,0.0
10,19,21,5.3,400.0,400.0,10.0,1,100.0,"[4, 6, 0, 7, 2, 2, 7, 1, 3, 8, 8, 1, 5, 4, 9, 6, 9, 7, 2, 6, 4, 5, 1, 7, 2]",0.11261487007141113,8,5,22.0,2,"[1, 5, 9, 3, 8, 5, 9, 4, 0, 6, 3, 0, 7, 2, 6, 7, 2, 0, 3, 8, 1, 9, 8, 4, 5]",1,8,3.1,0,-4.005472744077568,3.470761889910012,0.0
10,0,2,5.3,400.0,400.0,10.0,2,100.0,"[7, 0, 4, 6, 2, 0, 6, 5, 2, 7, 6, 8, 0, 5, 2, 8, 5, 6, 1, 9, 1, 3, 0, 4, 7]",0.11262702941894531,8,5,22.0,1,"[9, 8, 2, 0, 9, 9, 8, 1, 3, 4, 7, 9, 4, 1, 3, 2, 0, 7, 3, 4, 6, 5, 1, 8, 5]",1,8,3.1,0,0.0,5.3,0.0
10,2,4,5.3,400.0,400.0,10.0,0,100.0,"[8, 4, 3, 9, 2, 0, 1, 4, 8, 2, 0, 6, 3, 4, 9, 6, 4, 0, 1, 8, 5, 6, 1, 3, 4]",0.11271405220031738,8,5,22.0,2,"[0, 6, 1, 7, 5, 3, 5, 7, 9, 6, 8, 2, 5, 1, 7, 9, 7, 3, 5, 2, 0, 2, 8, 9, 7]",2,8,3.1,-2,2.865396332514667,4.4586437240052605,0.0
10,6,8,5.3,400.0,400.0,10.0,-2,100.0,"[3, 1, 4, 8, 3, 6, 8, 5, 2, 1, 0, 6, 5, 2, 3, 5, 3, 6, 7, 4, 1, 8, 6, 2, 7]",0.11164188385009766,8,5,22.0,1,"[9, 2, 7, 0, 1, 4, 7, 0, 9, 0, 1, 4, 8, 7, 9, 0, 2, 9, 1, 8, 3, 0, 4, 9, 5]",2,8,3.1,0,5.246053641968944,-0.7542686428484106,0.0
10,4,6,5.3,400.0,400.0,10.0,0,100.0,"[4, 7, 7, 9, 5, 4, 6, 5, 7, 2, 9, 7, 2, 1, 8, 0, 3, 1, 8, 9, 0, 7, 4, 9, 3]",0.11201310157775879,8,5,22.0,2,"[8, 1, 1, 2, 3, 0, 8, 4, 0, 6, 6, 3, 4, 5, 0, 6, 2, 7, 4, 5, 2, 8, 1, 6, 5]",1,8,3.1,-2,4.821049575378947,2.201699568909998,0.0
10,19,21,5.3,400.0,400.0,10.0,-1,100.0,"[6, 7, 5, 2, 8, 7, 3, 0, 1, 6, 3, 2, 7, 4, 5, 3, 4, 7, 4, 0, 9, 3, 1, 8, 4]",0.11092996597290039,8,5,22.0,1,"[0, 3, 4, 1, 9, 2, 4, 5, 8, 9, 6, 1, 9, 0, 8, 7, 5, 6, 1, 8, 5, 2, 0, 3, 9]",1,8,3.1,0,-4.005472744077568,3.470761889910012,0.0
10,14,16,5.3,400.0,400.0,10.0,-2,100.0,"[7, 5, 3, 8, 1, 5, 4, 2, 6, 8, 0, 4, 2, 7, 1, 6, 0, 8, 0, 6, 3, 5, 9, 6, 8]",0.11205911636352539,8,5,22.0,1,"[0, 2, 4, 6, 9, 1, 7, 3, 9, 0, 7, 9, 4, 9, 5, 8, 3, 2, 9, 5, 4, 0, 2, 7, 1]",1,8,3.1,0,-4.005472744077568,-3.4707618899100114,0.0
10,16,18,5.3,400.0,400.0,10.0,0,100.0,"[8, 6, 2, 5, 3, 9, 0, 2, 5, 6, 4, 8, 5, 9, 6, 4, 2, 3, 7, 1, 7, 1, 8, 3, 4]",0.1126701831817627,8,5,22.0,1,"[7, 9, 1, 4, 0, 8, 3, 1, 7, 4, 2, 3, 7, 0, 9, 1, 5, 0, 8, 5, 6, 2, 5, 0, 9]",2,8,3.1,0,-5.246053641968943,-0.7542686428484117,0.0
10,8,10,5.3,400.0,400.0,10.0,1,100.0,"[8, 1, 9, 2, 6, 2, 6, 3, 4, 0, 7, 6, 4, 5, 1, 3, 8, 7, 4, 5, 5, 0, 1, 2, 4]",0.11152410507202148,8,5,22.0,2,"[7, 3, 4, 0, 5, 8, 9, 8, 1, 5, 2, 7, 0, 8, 9, 9, 6, 0, 1, 2, 9, 8, 3, 7, 6]",1,8,3.1,0,4.005472744077569,-3.47076188991001,0.0
10,2,4,5.3,400.0,400.0,10.0,1,100.0,"[4, 3, 8, 2, 0, 9, 6, 8, 0, 7, 8, 6, 0, 3, 7, 0, 6, 8, 1, 5, 7, 3, 6, 5, 9]",0.11099696159362793,8,5,22.0,2,"[5, 7, 1, 9, 6, 4, 3, 1, 2, 5, 5, 4, 9, 2, 1, 4, 2, 7, 9, 3, 2, 1, 0, 4, 8]",2,8,3.1,-2,2.865396332514667,4.4586437240052605,0.0
10,4,6,5.3,400.0,400.0,10.0,0,100.0,"[4, 9, 7, 5, 1, 9, 0, 1, 8, 7, 7, 8, 5, 2, 3, 5, 1, 6, 4, 2, 1, 0, 9, 8, 3]",0.11218810081481934,8,5,22.0,1,"[6, 0, 8, 2, 4, 6, 3, 2, 3, 5, 1, 0, 4, 6, 9, 8, 7, 0, 3, 9, 6, 5, 2, 7, 4]",2,8,3.1,2,4.821049575378947,2.201699568909998,0.0
10,9,11,5.3,400.0,400.0,10.0,0,100.0,"[1, 0, 4, 7, 9, 3, 5, 4, 8, 9, 2, 1, 4, 1, 5, 4, 8, 6, 0, 7, 9, 7, 4, 0, 5]",0.11099815368652344,8,5,22.0,1,"[2, 3, 8, 6, 5, 8, 6, 0, 3, 5, 7, 6, 8, 3, 0, 3, 1, 9, 2, 5, 6, 2, 3, 8, 1]",2,8,3.1,1,2.8653963325146665,-4.4586437240052605,0.0
10,14,16,5.3,400.0,400.0,10.0,1,100.0,"[2, 9, 4, 0, 1, 6, 2, 8, 7, 4, 6, 3, 3, 0, 8, 5, 6, 4, 7, 1, 5, 6, 0, 2, 1]",0.11246204376220703,8,5,22.0,1,"[3, 7, 5, 6, 8, 0, 5, 1, 3, 9, 7, 0, 7, 2, 1, 9, 4, 2, 8, 9, 4, 7, 9, 3, 8]",2,8,3.1,2,-4.005472744077568,-3.4707618899100114,0.0
10,10,12,5.3,400.0,400.0,10.0,0,100.0,"[1, 8, 2, 4, 5, 3, 4, 7, 0, 7, 4, 2, 8, 2, 0, 9, 3, 6, 8, 1, 9, 1, 5, 8, 4]",0.11276006698608398,8,5,22.0,2,"[6, 9, 3, 0, 7, 5, 0, 2, 5, 9, 1, 3, 6, 5, 7, 7, 0, 2, 4, 5, 3, 6, 0, 7, 2]",1,8,3.1,0,1.4931825512595793,-5.085312760156835,0.0
10,5,7,5.3,400.0,400.0,10.0,0,100.0,"[3, 1, 0, 0, 5, 2, 8, 9, 2, 0, 1, 8, 7, 9, 2, 7, 3, 9, 0, 8, 1, 2, 5, 4, 3]",0.11186790466308594,8,5,22.0,2,"[2, 4, 7, 7, 3, 6, 4, 1, 4, 6, 3, 6, 0, 5, 4, 5, 6, 1, 4, 2, 7, 8, 6, 0, 9]",1,8,3.1,-1,5.246053641968943,0.7542686428484122,0.0
10,5,7,5.3,400.0,400.0,10.0,1,100.0,"[8, 4, 3, 4, 9, 1, 7, 3, 1, 8, 2, 8, 9, 0, 3, 4, 8, 1, 6, 5, 8, 5, 2, 6, 4]",0.11159396171569824,8,5,22.0,1,"[1, 0, 9, 0, 8, 5, 2, 6, 4, 3, 4, 1, 6, 7, 5, 3, 9, 0, 2, 7, 0, 9, 7, 1, 3]",1,8,3.1,2,5.246053641968943,0.7542686428484122,0.0
10,5,7,5.3,400.0,400.0,10.0,1,100.0,"[1, 8, 6, 6, 3, 8, 1, 5, 1, 0, 4, 2, 5, 9, 6, 5, 3, 6, 4, 1, 4, 0, 5, 8, 1]",0.11170411109924316,8,5,22.0,2,"[0, 7, 4, 9, 4, 0, 2, 7, 4, 3, 7, 3, 8, 1, 0, 9, 0, 2, 8, 7, 6, 9, 3, 2, 7]",2,8,3.1,0,5.246053641968943,0.7542686428484122,0.0
10,19,21,5.3,400.0,400.0,10.0,0,100.0,"[2, 0, 6, 5, 4, 4, 3, 9, 5, 7, 5, 0, 2, 9, 1, 5, 8, 1, 3, 9, 4, 6, 3, 1, 4]",0.11248302459716797,8,5,22.0,1,"[8, 9, 1, 7, 3, 0, 8, 2, 1, 6, 6, 7, 3, 4, 8, 2, 0, 0, 7, 5, 8, 2, 6, 9, 8]",1,8,3.1,2,-4.005472744077568,3.470761889910012,0.0
10,4,6,5.3,400.0,400.0,10.0,2,100.0,"[6, 3, 2, 4, 6, 0, 1, 3, 1, 6, 7, 5, 3, 1, 9, 1, 8, 9, 2, 4, 8, 6, 5, 1, 9]",0.11099505424499512,8,5,22.0,2,"[2, 4, 5, 3, 8, 7, 9, 5, 9, 0, 6, 4, 2, 8, 0, 5, 6, 7, 0, 3, 0, 7, 4, 2, 3]",1,8,3.1,2,4.821049575378947,2.201699568909998,0.0
10,10,12,5.3,400.0,400.0,10.0,0,100.0,"[1, 2, 3, 8, 6, 9, 4, 0, 7, 9, 6, 4, 2, 3, 1, 7, 3, 4, 8, 6, 2, 6, 8, 1, 7]",0.1128239631652832,8,5,22.0,2,"[0, 5, 4, 9, 7, 2, 1, 6, 1, 3, 8, 5, 0, 2, 9, 9, 5, 0, 2, 1, 0, 3, 4, 9, 5]",1,8,3.1,0,1.4931825512595793,-5.085312760156835,0.0
10,6,8,5.3,400.0,400.0,10.0,1,100.0,"[6, 2, 0, 7, 9, 4, 7, 8, 0, 9, 2, 0, 1, 6, 3, 6, 5, 1, 2, 7, 0, 1, 2, 6, 7]",0.112030029296875,8,5,22.0,2,"[8, 1, 3, 4, 3, 5, 6, 2, 1, 1, 7, 5, 9, 4, 8, 4, 3, 9, 8, 0, 9, 8, 3, 5, 4]",2,8,3.1,0,5.246053641968944,-0.7542686428484106,0.0
